51075.364026 21.281 0.11 51075.365692 20.797 0.031 51075.362359 20.274 0.026 51075.363192 19.991 0.031 51075.364859 19.955 0.122 23.165616 -0.479695
52170.384701 20.935 0.094 52170.386367 20.675 0.027 52170.383034 20.128 0.022 52170.383867 20.358 0.036 52170.385534 19.763 0.087 23.165616 -0.479695
52196.383261 21.055 0.124 52196.384927 20.718 0.032 52196.381594 20.155 0.027 52196.382427 19.918 0.028 52196.384094 19.93 0.121 23.165616 -0.479695
52207.349985 21.146 0.124 52207.351651 20.779 0.032 52207.348318 20.204 0.025 52207.349151 19.961 0.026 52207.350818 19.772 0.085 23.165616 -0.479695
52225.227826 21.129 0.109 52225.229492 20.811 0.029 52225.226159 20.171 0.023 52225.226992 19.971 0.025 52225.228659 20.037 0.1 23.165616 -0.479695
52231.263609 21.197 0.124 52231.265275 20.761 0.028 52231.261942 20.144 0.023 52231.262775 19.93 0.025 52231.264442 19.877 0.086 23.165616 -0.479695
52234.234699 21.161 0.121 52234.236365 -99.99 0.03 52234.233032 20.162 0.025 52234.233865 19.982 0.026 52234.235532 19.849 0.076 23.165616 -0.479695
52282.124682 21.038 0.115 52282.126348 20.766 0.034 52282.123015 20.167 0.031 52282.123848 19.886 0.029 52282.125515 19.634 0.086 23.165616 -0.479695
52287.078546 21.183 0.118 52287.080212 20.84 0.033 52287.076879 20.113 0.028 52287.077712 19.887 0.028 52287.079379 19.735 0.081 23.165616 -0.479695
52552.39725 21.228 0.126 52552.398916 20.857 0.031 52552.395583 20.242 0.026 52552.396416 20.021 0.028 52552.398083 20.098 0.103 23.165616 -0.479695
52557.371608 21.433 0.169 52557.373274 20.849 0.033 52557.369941 20.223 0.031 52557.370774 20.032 0.032 52557.372441 19.951 0.119 23.165616 -0.479695
52578.267695 21.103 0.101 52578.269361 20.756 0.029 52578.266028 20.2 0.025 52578.266861 20.019 0.026 52578.268528 19.934 0.131 23.165616 -0.479695
52908.346173 21.156 0.116 52908.347839 20.7 0.026 52908.344506 20.107 0.023 52908.345339 19.951 0.027 52908.347006 19.92 0.089 23.165616 -0.479695
52912.325612 20.948 0.108 52912.327278 20.681 0.029 52912.323945 20.054 0.022 52912.324778 19.818 0.024 52912.326445 19.905 0.095 23.165616 -0.479695
52934.278077 21.058 0.121 52934.279743 20.597 0.03 52934.27641 20.099 0.028 52934.277243 19.852 0.03 52934.27891 19.764 0.115 23.165616 -0.479695
52936.274004 20.925 0.092 52936.27567 20.64 0.026 52936.272337 20.068 0.023 52936.27317 19.871 0.025 52936.274837 20.002 0.101 23.165616 -0.479695
53272.388005 21.146 0.155 53272.389671 20.629 0.032 53272.386338 20.109 0.027 53272.387171 19.83 0.028 53272.388838 19.746 0.089 23.165616 -0.479695
53286.356723 20.91 0.119 53286.358389 20.627 0.033 53286.355056 20.066 0.025 53286.355889 19.885 0.023 53286.357556 19.792 0.085 23.165616 -0.479695
53288.315215 21.02 0.111 53288.316881 20.649 0.026 53288.313548 20.055 0.022 53288.314381 19.872 0.025 53288.316048 19.869 0.084 23.165616 -0.479695
53294.362891 -99.99 0.131 53294.364557 20.624 0.031 53294.361224 20.084 0.028 53294.362057 19.845 0.03 53294.363724 19.978 0.125 23.165616 -0.479695
53296.310006 -99.99 0.173 53296.311672 20.593 0.037 53296.308339 20.103 0.043 53296.309172 19.881 0.041 53296.310839 19.74 0.108 23.165616 -0.479695
53298.359667 20.943 0.129 53298.361333 20.604 0.032 53298.358 20.079 0.03 53298.358833 19.845 0.033 53298.3605 19.948 0.142 23.165616 -0.479695
53302.310884 20.99 0.21 53302.31255 20.459 0.061 53302.309217 20.077 0.039 53302.31005 19.872 0.035 53302.311717 19.793 0.096 23.165616 -0.479695
53312.266421 20.516 0.129 53312.268087 20.521 0.048 53312.264754 19.998 0.033 53312.265587 19.818 0.036 53312.267254 19.781 0.121 23.165616 -0.479695
53314.267614 20.948 0.112 53314.26928 20.526 0.029 53314.265947 20.044 0.027 53314.26678 19.803 0.028 53314.268447 19.599 0.087 23.165616 -0.479695
53319.255412 21.073 0.165 53319.257078 20.513 0.035 53319.253745 19.974 0.031 53319.254578 19.787 0.035 53319.256245 19.747 0.121 23.165616 -0.479695
53616.371972 20.999 0.16 53616.373638 20.618 0.032 53616.370305 20.074 0.031 53616.371138 19.805 0.034 53616.372805 19.675 0.11 23.165616 -0.479695
53626.348398 20.901 0.142 53626.350064 20.581 0.033 53626.346731 -99.99 0.112 53626.347564 -99.99 0.061 53626.349231 -99.99 0.09 23.165616 -0.479695
53628.333263 20.742 0.172 53628.334929 20.599 0.061 53628.331596 20.002 0.037 53628.332429 19.862 0.033 53628.334096 19.704 0.091 23.165616 -0.479695
53637.334881 20.904 0.182 53637.336547 20.687 0.053 53637.333214 20.054 0.035 53637.334047 19.855 0.033 53637.335714 19.754 0.102 23.165616 -0.479695
53639.380257 20.886 0.108 53639.381923 20.65 0.031 53639.37859 20.053 0.022 53639.379423 19.843 0.024 53639.38109 19.915 0.083 23.165616 -0.479695
53641.379424 20.928 0.102 53641.38109 20.647 0.028 53641.377757 20.078 0.022 53641.37859 19.879 0.022 53641.380257 19.827 0.073 23.165616 -0.479695
53654.36195 20.839 0.109 53654.363616 20.647 0.027 53654.360283 20.045 0.024 53654.361116 19.813 0.026 53654.362783 19.811 0.103 23.165616 -0.479695
53663.322854 20.79 0.211 53663.32452 20.596 0.061 53663.321187 20.042 0.032 53663.32202 19.882 0.031 53663.323687 19.768 0.086 23.165616 -0.479695
53666.39295 20.981 0.215 53666.394616 20.543 0.05 53666.391283 20.031 0.031 53666.392116 19.853 0.028 53666.393783 19.694 0.086 23.165616 -0.479695
53668.312456 20.795 0.139 53668.314122 20.633 0.045 53668.310789 20.023 0.03 53668.311622 19.813 0.035 53668.313289 19.725 0.114 23.165616 -0.479695
53670.317308 20.911 0.117 53670.318974 20.564 0.029 53670.315641 20.036 0.028 53670.316474 19.771 0.031 53670.318141 19.765 0.091 23.165616 -0.479695
53673.285294 20.869 0.104 53673.28696 20.584 0.025 53673.283627 20.106 0.025 53673.28446 19.789 0.024 53673.286127 19.818 0.076 23.165616 -0.479695
53675.282182 20.942 0.099 53675.283848 20.593 0.025 53675.280515 20.07 0.024 53675.281348 19.814 0.025 53675.283015 19.686 0.08 23.165616 -0.479695
53677.303212 21.004 0.113 53677.304878 20.621 0.026 53677.301545 20.03 0.022 53677.302378 19.789 0.022 53677.304045 19.686 0.067 23.165616 -0.479695
53680.289879 20.876 0.096 53680.291545 20.548 0.026 53680.288212 20.031 0.023 53680.289045 19.785 0.021 53680.290712 19.696 0.069 23.165616 -0.479695
53686.289312 21.39 0.553 53686.290978 -99.99 0.094 53686.287645 20.045 0.06 53686.288478 19.788 0.044 53686.290145 20.187 0.207 23.165616 -0.479695
53693.291774 20.623 0.187 53693.29344 20.571 0.065 53693.290107 20.098 0.04 53693.29094 19.802 0.034 53693.292607 19.665 0.082 23.165616 -0.479695
53698.289162 21.028 0.121 53698.290828 20.561 0.028 53698.287495 20.008 0.023 53698.288328 19.788 0.024 53698.289995 19.793 0.083 23.165616 -0.479695
53704.275095 20.798 0.135 53704.276761 20.584 0.031 53704.273428 19.999 0.029 53704.274261 19.765 0.03 53704.275928 19.787 0.121 23.165616 -0.479695
53989.371193 -99.99 0.22 53989.37286 20.484 0.072 53989.369526 19.942 0.037 53989.37036 19.687 0.031 53989.372026 19.687 0.085 23.165616 -0.479695
53995.385793 20.968 0.08 53995.38746 20.547 0.025 53995.384126 19.935 0.017 53995.38496 19.747 0.026 53995.386626 19.689 0.058 23.165616 -0.479695
54000.346587 21.127 0.128 54000.348254 20.485 0.03 54000.344921 19.941 0.022 54000.345754 19.678 0.023 54000.347421 19.558 0.087 23.165616 -0.479695
54006.293414 -99.99 0.798 54006.295081 -99.99 0.152 54006.291747 20.053 0.175 54006.292581 -99.99 0.082 54006.294247 -99.99 2.484 23.165616 -0.479695
54007.396706 20.988 0.111 54007.398373 20.584 0.03 54007.395039 19.976 0.031 54007.395873 19.691 0.028 54007.397539 19.7 0.078 23.165616 -0.479695
54009.320504 20.933 0.087 54009.32217 20.517 0.028 54009.318837 19.973 0.023 54009.31967 19.717 0.021 54009.321337 19.63 0.062 23.165616 -0.479695
54011.384981 20.884 0.076 54011.386648 20.58 0.026 54011.383315 19.936 0.018 54011.384148 19.731 0.023 54011.385815 19.766 0.057 23.165616 -0.479695
54025.383991 21.065 0.136 54025.385658 20.554 0.028 54025.382324 19.934 0.027 54025.383158 19.711 0.05 54025.384824 19.88 0.118 23.165616 -0.479695
54029.31444 20.828 0.082 54029.316107 20.55 0.025 54029.312773 19.94 0.023 54029.313607 19.696 0.023 54029.315273 19.562 0.071 23.165616 -0.479695
54348.381718 20.736 0.107 54348.383385 20.479 0.031 54348.380051 19.942 0.026 54348.380885 19.701 0.028 54348.382551 19.647 0.069 23.165616 -0.479695
54358.337564 20.898 0.152 54358.339231 20.495 0.028 54358.335897 20.003 0.026 54358.336731 19.691 0.029 54358.338397 19.596 0.101 23.165616 -0.479695
54365.370611 20.77 0.069 54365.372277 20.473 0.024 54365.368944 19.933 0.024 54365.369777 19.68 0.024 54365.371444 19.677 0.06 23.165616 -0.479695
54381.3902 20.944 0.111 54381.391867 20.578 0.03 54381.388534 19.96 0.024 54381.389367 19.68 0.026 54381.391034 19.613 0.072 23.165616 -0.479695
54384.39692 20.915 0.11 54384.398587 20.629 0.027 54384.395253 19.935 0.02 54384.396087 19.752 0.023 54384.397753 19.747 0.076 23.165616 -0.479695
54386.382532 21.065 0.117 54386.384199 20.53 0.026 54386.380865 19.943 0.022 54386.381699 19.692 0.024 54386.383365 19.801 0.079 23.165616 -0.479695
54388.386755 20.689 0.099 54388.388422 20.534 0.032 54388.385088 20.022 0.034 54388.385922 19.784 0.025 54388.387588 19.741 0.079 23.165616 -0.479695
54392.384381 20.987 0.15 54392.386048 20.598 0.054 54392.382714 19.945 0.035 54392.383548 19.72 0.054 54392.385214 19.553 0.084 23.165616 -0.479695
54403.300552 20.44 0.198 54403.302218 20.587 0.199 54403.298885 19.928 0.052 54403.299718 19.788 0.06 54403.301385 19.816 0.268 23.165616 -0.479695
54405.356119 21.085 0.172 54405.357785 20.536 0.039 54405.354452 19.993 0.026 54405.355285 19.739 0.029 54405.356952 19.819 0.1 23.165616 -0.479695
54406.294414 20.961 0.101 54406.29608 20.555 0.033 54406.292747 19.966 0.021 54406.29358 19.688 0.022 54406.295247 19.602 0.058 23.165616 -0.479695
54412.320174 -99.99 0.12 54412.321841 20.537 0.031 54412.318507 19.924 0.026 54412.319341 19.696 0.034 54412.321007 19.573 0.085 23.165616 -0.479695
