51081.349599 19.22 0.027 51081.351265 18.941 0.01 51081.347932 18.883 0.011 51081.348765 18.841 0.014 51081.350432 18.694 0.048 23.789644 0.047754
51819.420597 19.254 0.031 51819.422263 18.939 0.01 51819.41893 18.877 0.011 51819.419763 18.844 0.013 51819.42143 18.812 0.05 23.789644 0.047754
52225.245275 19.067 0.025 52225.246941 18.794 0.009 52225.243608 18.768 0.01 52225.244441 18.76 0.013 52225.246108 18.725 0.042 23.789644 0.047754
52288.079695 19.156 0.026 52288.081361 18.858 0.009 52288.078028 18.829 0.01 52288.078861 18.807 0.013 52288.080528 18.742 0.041 23.789644 0.047754
52551.352989 19.102 0.029 52551.354655 18.854 0.01 52551.351322 18.825 0.012 52551.352155 18.814 0.015 52551.353822 18.738 0.05 23.789644 0.047754
52558.385863 19.117 0.025 52558.387529 18.854 0.009 52558.384196 18.827 0.01 52558.385029 18.809 0.012 52558.386696 18.795 0.039 23.789644 0.047754
52576.218914 19.171 0.026 52576.22058 18.846 0.009 52576.217247 18.809 0.01 52576.21808 18.81 0.013 52576.219747 18.766 0.043 23.789644 0.047754
52577.273369 19.082 0.026 52577.275035 18.844 0.009 52577.271702 18.822 0.01 52577.272535 18.786 0.012 52577.274202 18.742 0.042 23.789644 0.047754
52585.220448 -99.99 0.029 52585.222114 18.866 0.009 52585.218781 18.835 0.011 52585.219614 18.812 0.016 52585.221281 18.842 0.063 23.789644 0.047754
52910.357326 19.224 0.028 52910.358992 18.906 0.009 52910.355659 18.849 0.011 52910.356492 18.829 0.013 52910.358159 18.747 0.042 23.789644 0.047754
52935.284494 19.361 0.031 52935.28616 18.962 0.01 52935.282827 18.916 0.012 52935.28366 18.871 0.015 52935.285327 18.818 0.05 23.789644 0.047754
52963.207568 19.381 0.028 52963.209234 19.028 0.009 52963.205901 18.985 0.011 52963.206734 18.928 0.012 52963.208401 18.889 0.039 23.789644 0.047754
52971.198484 19.336 0.029 52971.20015 18.982 0.009 52971.196817 18.933 0.011 52971.19765 18.885 0.014 52971.199317 18.934 0.047 23.789644 0.047754
53351.129872 19.69 0.037 53351.131538 19.291 0.011 53351.128205 19.17 0.012 53351.129038 19.099 0.017 53351.130705 19.058 0.064 23.789644 0.047754
53352.178635 19.667 0.04 53352.180301 19.296 0.014 53352.176968 19.208 0.016 53352.177801 19.097 0.019 53352.179468 19.017 0.055 23.789644 0.047754
53622.386929 19.582 0.046 53622.388595 19.117 0.011 53622.385262 19.065 0.014 53622.386095 19.042 0.02 53622.387762 18.994 0.073 23.789644 0.047754
53634.3364 19.713 0.121 53634.338066 -99.99 0.039 53634.334733 19.064 0.03 53634.335566 -99.99 0.03 53634.337233 -99.99 0.082 23.789644 0.047754
53638.377735 19.551 0.041 53638.379401 19.155 0.012 53638.376068 19.126 0.013 53638.376901 19.053 0.016 53638.378568 19.022 0.054 23.789644 0.047754
53640.341771 19.56 0.041 53640.343437 19.196 0.011 53640.340104 19.149 0.014 53640.340937 19.033 0.017 53640.342604 18.933 0.056 23.789644 0.047754
53646.403181 19.493 0.058 53646.404847 -99.99 0.027 53646.401514 19.154 0.019 53646.402347 18.905 0.024 53646.404014 -99.99 0.124 23.789644 0.047754
53655.313944 19.672 0.051 53655.31561 19.208 0.011 53655.312277 19.114 0.015 53655.31311 19.039 0.019 53655.314777 -99.99 0.063 23.789644 0.047754
53664.3389 19.462 0.07 53664.340566 19.204 0.026 53664.337233 19.125 0.022 53664.338066 19.033 0.024 53664.339733 19.031 0.085 23.789644 0.047754
53669.298144 19.529 0.036 53669.29981 19.176 0.01 53669.296477 19.141 0.012 53669.29731 19.056 0.014 53669.298977 18.898 0.048 23.789644 0.047754
53671.382903 -99.99 0.052 53671.384569 19.188 0.013 53671.381236 19.115 0.015 53671.382069 18.992 0.018 53671.383736 19.046 0.069 23.789644 0.047754
53674.28238 19.509 0.05 53674.284046 19.151 0.012 53674.280713 19.08 0.017 53674.281546 18.998 0.02 53674.283213 18.995 0.081 23.789644 0.047754
53676.371846 19.549 0.044 53676.373512 19.197 0.012 53676.370179 19.097 0.013 53676.371012 19.03 0.015 53676.372679 19.058 0.056 23.789644 0.047754
53679.343743 19.605 0.055 53679.345409 19.212 0.013 53679.342076 19.121 0.016 53679.342909 19.036 0.019 53679.344576 18.927 0.084 23.789644 0.047754
53681.335257 19.536 0.042 53681.336923 19.181 0.011 53681.33359 19.12 0.013 53681.334423 19.086 0.015 53681.33609 18.894 0.055 23.789644 0.047754
53685.294312 19.495 0.052 53685.295978 19.188 0.018 53685.292645 19.115 0.018 53685.293478 19.035 0.018 53685.295145 18.991 0.052 23.789644 0.047754
53694.308192 19.386 0.102 53694.309858 19.252 0.03 53694.306525 19.151 0.03 53694.307358 -99.99 0.026 53694.309025 18.965 0.093 23.789644 0.047754
53697.292281 -99.99 0.049 53697.293947 19.146 0.015 53697.290614 19.106 0.016 53697.291447 19.059 0.017 53697.293114 18.906 0.056 23.789644 0.047754
53700.291238 19.459 0.047 53700.292904 19.179 0.012 53700.289571 19.104 0.015 53700.290404 19.046 0.02 53700.292071 -99.99 0.072 23.789644 0.047754
53705.277908 19.476 0.039 53705.279574 19.18 0.011 53705.276241 19.096 0.012 53705.277074 19.021 0.014 53705.278741 18.9 0.047 23.789644 0.047754
53975.362905 19.254 0.034 53975.364571 18.946 0.022 53975.361238 18.874 0.018 53975.362071 18.878 0.019 53975.363738 18.762 0.045 23.789644 0.047754
53990.375833 19.341 0.042 53990.3775 18.977 0.023 53990.374167 18.909 0.017 53990.375 18.857 0.016 53990.376667 18.864 0.044 23.789644 0.047754
53994.385924 19.312 0.031 53994.38759 18.988 0.021 53994.384257 18.901 0.023 53994.38509 18.853 0.028 53994.386757 18.763 0.048 23.789644 0.047754
53996.369689 19.359 0.035 53996.371356 18.987 0.016 53996.368022 18.891 0.018 53996.368856 18.856 0.017 53996.370522 18.822 0.049 23.789644 0.047754
54010.323775 19.274 0.029 54010.325442 18.989 0.012 54010.322109 18.922 0.015 54010.322942 18.867 0.016 54010.324609 18.875 0.038 23.789644 0.047754
54012.316611 19.31 0.04 54012.318278 18.979 0.027 54012.314944 18.937 0.016 54012.315778 18.892 0.02 54012.317444 18.782 0.049 23.789644 0.047754
54020.322681 19.319 0.036 54020.324348 18.985 0.018 54020.321015 18.917 0.018 54020.321848 18.888 0.018 54020.323515 18.813 0.048 23.789644 0.047754
54024.404195 -99.99 0.052 54024.405862 18.967 0.02 54024.402528 18.951 0.021 54024.403362 18.882 0.023 54024.405028 18.859 0.071 23.789644 0.047754
54028.392471 19.391 0.042 54028.394137 18.982 0.023 54028.390804 18.882 0.023 54028.391637 18.954 0.024 54028.393304 18.852 0.058 23.789644 0.047754
54030.316169 19.334 0.032 54030.317836 18.985 0.02 54030.314503 18.928 0.018 54030.315336 18.887 0.014 54030.317003 18.809 0.037 23.789644 0.047754
54035.391939 19.334 0.057 54035.393606 18.993 0.02 54035.390272 18.898 0.035 54035.391106 18.87 0.021 54035.392772 19.047 0.099 23.789644 0.047754
54037.297553 19.341 0.033 54037.29922 19.002 0.019 54037.295887 18.934 0.016 54037.29672 18.921 0.017 54037.298387 18.848 0.039 23.789644 0.047754
54040.311979 19.316 0.039 54040.313646 19.014 0.019 54040.310313 18.943 0.015 54040.311146 18.883 0.019 54040.312813 18.82 0.048 23.789644 0.047754
54047.342565 -99.99 0.341 54047.344232 -99.99 0.052 54047.340898 -99.99 0.056 54047.341732 19.105 0.067 54047.343398 -99.99 0.163 23.789644 0.047754
54049.338379 19.323 0.06 54049.340046 18.976 0.018 54049.336712 18.916 0.018 54049.337546 18.891 0.018 54049.339212 18.852 0.062 23.789644 0.047754
54053.302657 19.221 0.032 54053.304323 18.988 0.019 54053.30099 18.957 0.017 54053.301823 18.862 0.016 54053.30349 18.891 0.052 23.789644 0.047754
54056.304331 19.351 0.037 54056.305998 18.942 0.043 54056.302665 18.937 0.023 54056.303498 18.882 0.018 54056.305165 18.983 0.062 23.789644 0.047754
54059.298697 19.357 0.041 54059.300364 18.98 0.014 54059.297031 18.905 0.022 54059.297864 18.872 0.019 54059.299531 18.754 0.054 23.789644 0.047754
54061.309689 19.334 0.055 54061.311356 18.974 0.018 54061.308022 18.913 0.018 54061.308856 18.883 0.038 54061.310522 18.861 0.073 23.789644 0.047754
54062.303615 19.283 0.045 54062.305282 19.038 0.017 54062.301949 18.936 0.014 54062.302782 18.866 0.018 54062.304449 18.899 0.048 23.789644 0.047754
54068.284076 19.327 0.047 54068.285743 19 0.019 54068.282409 18.907 0.019 54068.283243 18.843 0.019 54068.284909 18.718 0.047 23.789644 0.047754
54357.341786 19.371 0.032 54357.343453 18.97 0.018 54357.340119 18.887 0.021 54357.340953 18.849 0.021 54357.342619 18.76 0.035 23.789644 0.047754
54359.373515 19.33 0.046 54359.375182 18.983 0.02 54359.371849 18.867 0.018 54359.372682 18.902 0.029 54359.374349 18.635 0.058 23.789644 0.047754
54362.39161 -99.99 0.027 54362.393277 18.993 0.022 54362.389944 18.9 0.018 54362.390777 18.867 0.015 54362.392444 18.807 0.041 23.789644 0.047754
54376.386697 19.274 0.032 54376.388364 18.957 0.015 54376.38503 18.901 0.015 54376.385864 18.848 0.013 54376.38753 18.779 0.041 23.789644 0.047754
54382.371827 19.261 0.039 54382.373494 18.969 0.016 54382.370161 18.888 0.018 54382.370994 18.789 0.02 54382.372661 18.687 0.058 23.789644 0.047754
54385.389655 19.241 0.031 54385.391322 18.947 0.01 54385.387988 18.884 0.015 54385.388822 18.845 0.024 54385.390488 18.768 0.038 23.789644 0.047754
54390.382598 19.212 0.035 54390.384265 18.969 0.013 54390.380932 18.857 0.016 54390.381765 -99.99 0.02 54390.383432 18.786 0.059 23.789644 0.047754
54391.391007 19.342 0.058 54391.392673 18.931 0.09 54391.38934 18.887 0.029 54391.390173 18.796 0.061 54391.39184 18.689 0.068 23.789644 0.047754
54402.383416 -99.99 0.074 54402.385083 -99.99 0.028 54402.381749 18.874 0.02 54402.382583 18.776 0.022 54402.384249 18.927 0.06 23.789644 0.047754
