51075.358206 19.31 0.026 51075.359872 18.729 0.008 51075.356539 18.695 0.009 51075.357372 18.638 0.012 51075.359039 18.419 0.033 21.064724 -0.555123
52196.377411 19.589 0.039 52196.379077 19.11 0.011 52196.375744 18.964 0.011 52196.376577 18.884 0.013 52196.378244 18.602 0.038 21.064724 -0.555123
52197.371829 19.632 0.04 52197.373495 19.046 0.01 52197.370162 -99.99 0.011 52197.370995 18.865 0.012 52197.372662 18.625 0.035 21.064724 -0.555123
52207.344184 19.633 0.038 52207.34585 19.036 0.01 52207.342517 18.931 0.011 52207.34335 18.841 0.012 52207.345017 18.54 0.03 21.064724 -0.555123
52225.222007 19.656 0.038 52225.223673 19.028 0.01 52225.22034 18.969 0.011 52225.221173 18.85 0.012 52225.22284 18.609 0.031 21.064724 -0.555123
52231.25779 19.606 0.036 52231.259456 19.036 0.01 52231.256123 18.98 0.011 52231.256956 18.855 0.012 52231.258623 18.564 0.03 21.064724 -0.555123
52234.22888 19.731 0.042 52234.230546 19.07 0.01 52234.227213 18.955 0.011 52234.228046 18.898 0.012 52234.229713 18.602 0.03 21.064724 -0.555123
52282.118864 19.715 0.041 52282.12053 19.138 0.011 52282.117197 18.985 0.012 52282.11803 18.878 0.013 52282.119697 18.597 0.036 21.064724 -0.555123
52557.36579 19.728 0.044 52557.367456 19.122 0.011 52557.364123 19.058 0.013 52557.364956 18.96 0.014 52557.366623 18.607 0.039 21.064724 -0.555123
52578.261877 19.728 0.038 52578.263543 19.111 0.01 52578.26021 19.039 0.011 52578.261043 18.92 0.013 52578.26271 18.638 0.034 21.064724 -0.555123
52908.340356 19.756 0.042 52908.342022 19.132 0.01 52908.338689 19.044 0.012 52908.339522 18.978 0.013 52908.341189 18.679 0.034 21.064724 -0.555123
52912.319795 19.819 0.045 52912.321461 19.143 0.011 52912.318128 19.048 0.012 52912.318961 18.957 0.013 52912.320628 18.7 0.034 21.064724 -0.555123
52934.272259 19.759 0.045 52934.273925 -99.99 0.011 52934.270592 19.08 0.013 52934.271425 18.99 0.015 52934.273092 18.632 0.038 21.064724 -0.555123
52936.268185 19.783 0.041 52936.269851 19.171 0.01 52936.266518 19.058 0.012 52936.267351 18.97 0.013 52936.269018 18.699 0.035 21.064724 -0.555123
53270.332251 -99.99 0.057 53270.333917 19.11 0.028 53270.330584 19.02 0.026 53270.331417 18.919 0.016 53270.333084 18.642 0.037 21.064724 -0.555123
53272.382187 19.741 0.045 53272.383853 19.095 0.011 53272.38052 19.019 0.011 53272.381353 18.955 0.013 53272.38302 18.606 0.034 21.064724 -0.555123
53286.350905 19.663 0.044 53286.352571 19.088 0.011 53286.349238 19.009 0.012 53286.350071 18.94 0.013 53286.351738 18.661 0.03 21.064724 -0.555123
53288.309397 19.703 0.039 53288.311063 19.092 0.01 53288.30773 19.003 0.012 53288.308563 18.856 0.012 53288.31023 18.614 0.031 21.064724 -0.555123
53294.357071 19.665 0.053 53294.358737 19.072 0.012 53294.355404 -99.99 0.012 53294.356237 18.869 0.015 53294.357904 -99.99 0.045 21.064724 -0.555123
53296.304081 19.703 0.064 53296.305748 19.101 0.019 53296.302414 19.006 0.02 53296.303248 18.994 0.025 53296.304914 18.613 0.05 21.064724 -0.555123
53298.353849 19.61 0.043 53298.355515 19.104 0.011 53298.352182 19.003 0.014 53298.353015 18.93 0.015 53298.354682 18.621 0.038 21.064724 -0.555123
53302.305065 19.743 0.075 53302.306731 19.168 0.022 53302.303398 19.029 0.017 53302.304231 18.912 0.016 53302.305898 18.596 0.038 21.064724 -0.555123
53312.260702 -99.99 0.059 53312.262368 19.087 0.023 53312.259035 19.058 0.03 53312.259868 19.003 0.026 53312.261535 18.634 0.047 21.064724 -0.555123
53314.261796 19.71 0.041 53314.263462 19.118 0.011 53314.260129 18.976 0.012 53314.260962 18.898 0.014 53314.262629 18.648 0.04 21.064724 -0.555123
53319.249592 19.63 0.045 53319.251258 19.049 0.011 53319.247925 19.02 0.013 53319.248758 18.924 0.015 53319.250425 18.726 0.044 21.064724 -0.555123
53616.366153 19.424 0.044 53616.367819 18.8 0.01 53616.364486 18.769 0.011 53616.365319 18.735 0.014 53616.366986 18.489 0.038 21.064724 -0.555123
53626.34258 -99.99 0.055 53626.344246 18.846 0.011 53626.340913 18.761 0.01 53626.341746 18.732 0.013 53626.343413 18.521 0.034 21.064724 -0.555123
53628.327445 19.228 0.053 53628.329111 18.797 0.015 53628.325778 18.813 0.015 53628.326611 18.714 0.014 53628.328278 18.599 0.039 21.064724 -0.555123
53637.329062 19.296 0.047 53637.330728 18.803 0.012 53637.327395 18.784 0.013 53637.328228 18.722 0.014 53637.329895 18.439 0.034 21.064724 -0.555123
53639.374439 19.322 0.033 53639.376105 18.811 0.009 53639.372772 18.75 0.01 53639.373605 18.721 0.011 53639.375272 18.485 0.025 21.064724 -0.555123
53641.373606 19.375 0.034 53641.375272 18.796 0.009 53641.371939 18.764 0.01 53641.372772 18.74 0.011 53641.374439 18.549 0.028 21.064724 -0.555123
53654.356131 19.359 0.034 53654.357797 18.802 0.009 53654.354464 18.75 0.01 53654.355297 18.72 0.012 53654.356964 18.498 0.034 21.064724 -0.555123
53663.317037 19.328 0.05 53663.318703 18.818 0.013 53663.31537 18.734 0.012 53663.316203 18.708 0.012 53663.31787 18.522 0.029 21.064724 -0.555123
53665.295007 19.264 0.151 53665.296673 18.82 0.037 53665.29334 18.701 0.051 53665.294173 19.037 0.136 53665.29584 -99.99 0.637 21.064724 -0.555123
53666.387132 19.454 0.057 53666.388798 18.817 0.012 53666.385465 18.764 0.012 53666.386298 18.711 0.012 53666.387965 18.483 0.031 21.064724 -0.555123
53668.306637 19.301 0.038 53668.308303 18.809 0.01 53668.30497 18.771 0.011 53668.305803 18.739 0.013 53668.30747 18.487 0.033 21.064724 -0.555123
53670.311489 19.397 0.041 53670.313155 18.807 0.01 53670.309822 18.786 0.011 53670.310655 18.785 0.014 53670.312322 18.53 0.042 21.064724 -0.555123
53673.279475 19.413 0.033 53673.281141 18.819 0.009 53673.277808 18.772 0.01 53673.278641 18.71 0.011 53673.280308 18.556 0.03 21.064724 -0.555123
53675.276363 19.352 0.032 53675.278029 18.823 0.009 53675.274696 18.798 0.011 53675.275529 18.697 0.012 53675.277196 18.494 0.034 21.064724 -0.555123
53677.297394 19.384 0.032 53677.29906 18.819 0.009 53677.295727 18.741 0.01 53677.29656 18.724 0.011 53677.298227 18.483 0.025 21.064724 -0.555123
53680.28406 19.331 0.032 53680.285726 18.811 0.009 53680.282393 18.755 0.01 53680.283226 18.707 0.011 53680.284893 18.523 0.028 21.064724 -0.555123
53686.283493 19.483 0.092 53686.285159 18.853 0.021 53686.281826 18.788 0.019 53686.282659 18.744 0.018 53686.284326 18.48 0.042 21.064724 -0.555123
53693.285955 19.406 0.067 53693.287621 18.824 0.016 53693.284288 18.793 0.013 53693.285121 18.702 0.013 53693.286788 18.521 0.033 21.064724 -0.555123
53698.283344 19.419 0.038 53698.28501 18.838 0.009 53698.281677 18.789 0.011 53698.28251 18.725 0.012 53698.284177 18.501 0.031 21.064724 -0.555123
53704.269276 19.325 0.036 53704.270942 18.82 0.009 53704.267609 18.771 0.01 53704.268442 18.72 0.012 53704.270109 18.508 0.036 21.064724 -0.555123
53989.365376 19.473 0.079 53989.367042 18.942 0.025 53989.363709 18.883 0.018 53989.364542 18.785 0.024 53989.366209 18.464 0.031 21.064724 -0.555123
53995.379943 19.531 0.035 53995.381609 18.943 0.013 53995.378276 18.84 0.015 53995.379109 18.778 0.019 53995.380776 18.555 0.028 21.064724 -0.555123
54000.340758 19.537 0.061 54000.342425 18.928 0.017 54000.339091 18.934 0.033 54000.339925 18.832 0.023 54000.341591 18.49 0.04 21.064724 -0.555123
54006.28751 19.486 0.037 54006.289177 -99.99 0.024 54006.285843 18.854 0.02 54006.286677 18.78 0.013 54006.288343 -99.99 0.032 21.064724 -0.555123
54007.390908 19.48 0.044 54007.392574 18.962 0.02 54007.389241 18.832 0.036 54007.390074 -99.99 0.036 54007.391741 18.507 0.034 21.064724 -0.555123
54009.314674 19.534 0.033 54009.316341 18.948 0.023 54009.313007 18.863 0.021 54009.313841 18.78 0.022 54009.315507 18.516 0.034 21.064724 -0.555123
54011.379173 19.486 0.031 54011.38084 18.946 0.025 54011.377506 18.886 0.02 54011.37834 18.776 0.024 54011.380006 18.573 0.027 21.064724 -0.555123
54025.378183 19.598 0.053 54025.37985 18.978 0.021 54025.376516 18.897 0.025 54025.37735 18.84 0.028 54025.379016 18.522 0.045 21.064724 -0.555123
54029.30851 19.528 0.042 54029.310177 18.946 0.014 54029.306844 18.865 0.022 54029.307677 18.784 0.04 54029.309344 18.527 0.035 21.064724 -0.555123
54348.375922 19.75 0.055 54348.377588 19.067 0.021 54348.374255 18.904 0.022 54348.375088 18.885 0.031 54348.376755 18.604 0.04 21.064724 -0.555123
54358.331768 19.584 0.042 54358.333435 19.072 0.022 54358.330101 18.91 0.025 54358.330935 18.804 0.02 54358.332601 18.573 0.042 21.064724 -0.555123
54359.325822 -99.99 0.105 54359.327488 18.96 0.029 54359.324155 18.913 0.023 54359.324988 18.914 0.036 54359.326655 18.376 0.087 21.064724 -0.555123
54365.364793 19.56 0.041 54365.36646 19.036 0.017 54365.363126 18.916 0.016 54365.36396 18.831 0.019 54365.365626 18.582 0.031 21.064724 -0.555123
54381.384372 19.656 0.041 54381.386039 18.996 0.021 54381.382705 18.899 0.033 54381.383539 18.807 0.027 54381.385205 18.584 0.041 21.064724 -0.555123
54384.391012 19.622 0.039 54384.392679 19.04 0.015 54384.389345 18.877 0.017 54384.390179 18.828 0.016 54384.391845 18.59 0.031 21.064724 -0.555123
54386.376675 19.585 0.097 54386.378341 19.005 0.024 54386.375008 18.964 0.024 54386.375841 18.831 0.024 54386.377508 18.581 0.043 21.064724 -0.555123
54388.380954 19.621 0.045 54388.38262 19.04 0.017 54388.379287 18.93 0.017 54388.38012 18.81 0.022 54388.381787 18.567 0.031 21.064724 -0.555123
54392.378505 19.593 0.058 54392.380171 19.039 0.015 54392.376838 18.931 0.025 54392.377671 18.835 0.032 54392.379338 18.532 0.044 21.064724 -0.555123
54403.294742 19.643 0.063 54403.296408 19.038 0.024 54403.293075 18.917 0.02 54403.293908 18.878 0.029 54403.295575 18.635 0.04 21.064724 -0.555123
54404.352299 19.574 0.085 54404.353966 19.087 0.024 54404.350633 18.933 0.021 54404.351466 18.895 0.023 54404.353133 18.573 0.044 21.064724 -0.555123
54405.350315 19.675 0.054 54405.351982 19.065 0.016 54405.348649 18.93 0.013 54405.349482 18.824 0.016 54405.351149 18.548 0.032 21.064724 -0.555123
54406.288567 19.604 0.039 54406.290234 19.043 0.018 54406.2869 18.931 0.014 54406.287734 18.845 0.018 54406.2894 18.547 0.027 21.064724 -0.555123
54412.314346 19.669 0.047 54412.316013 19.042 0.015 54412.312679 18.943 0.021 54412.313513 18.842 0.026 54412.315179 18.583 0.038 21.064724 -0.555123
