51075.2357 21.094 0.112 51075.237366 21.125 0.045 51075.234033 20.821 0.05 51075.234866 20.346 0.051 51075.236533 20.433 0.226 -23.159136 -0.510729
51464.22359 20.977 0.095 51464.225256 21.088 0.039 51464.221923 20.842 0.045 51464.222756 20.173 0.037 51464.224423 20.154 0.128 -23.159136 -0.510729
52197.249328 20.836 0.094 52197.250994 20.795 0.031 52197.247661 20.613 0.033 52197.248494 20.101 0.028 52197.250161 20.048 0.104 -23.159136 -0.510729
52231.135303 20.789 0.087 52231.136969 20.616 0.028 52231.133636 20.451 0.031 52231.134469 20 0.027 52231.136136 20.121 0.11 -23.159136 -0.510729
52557.243308 20.799 0.102 52557.244974 20.683 0.03 52557.241641 20.519 0.036 52557.242474 20.109 0.033 52557.244141 19.995 0.111 -23.159136 -0.510729
52578.139385 20.628 0.074 52578.141051 20.653 0.026 52578.137718 20.529 0.032 52578.138551 20.086 0.03 52578.140218 20.145 0.166 -23.159136 -0.510729
52929.169613 20.773 0.088 52929.171279 20.786 0.03 52929.167946 20.726 0.035 52929.168779 20.135 0.03 52929.170446 20.263 0.121 -23.159136 -0.510729
52934.149769 20.801 0.099 52934.151435 20.829 0.034 52934.148102 20.689 0.045 52934.148935 20.097 0.034 52934.150602 19.987 0.112 -23.159136 -0.510729
52936.145696 20.869 0.078 52936.147362 20.838 0.028 52936.144029 20.686 0.034 52936.144862 20.166 0.027 52936.146529 20.145 0.099 -23.159136 -0.510729
53270.209765 21.08 0.115 53270.211432 21.199 0.055 53270.208099 20.986 0.049 53270.208932 20.351 0.036 53270.210599 20.554 0.125 -23.159136 -0.510729
53272.259703 21.217 0.314 53272.261369 21.292 0.136 53272.258036 20.988 0.092 53272.258869 20.336 0.056 53272.260536 20.327 0.165 -23.159136 -0.510729
53288.18691 20.898 0.12 53288.188576 20.951 0.039 53288.185243 20.757 0.045 53288.186076 20.286 0.039 53288.187743 20.362 0.162 -23.159136 -0.510729
53294.214225 21.287 0.145 53294.215892 21.045 0.044 53294.212558 21.158 0.093 53294.213392 20.408 0.073 53294.215058 20.374 0.174 -23.159136 -0.510729
53302.182578 20.909 0.253 53302.184244 21.016 0.13 53302.180911 20.899 0.101 53302.181744 20.272 0.061 53302.183411 20.129 0.158 -23.159136 -0.510729
53312.138123 21.007 0.123 53312.13979 21.098 0.043 53312.136456 20.92 0.07 53312.13729 20.387 0.056 53312.138956 19.986 0.134 -23.159136 -0.510729
53314.139306 21.14 0.109 53314.140972 21.158 0.038 53314.137639 21.008 0.048 53314.138472 20.403 0.039 53314.140139 20.144 0.129 -23.159136 -0.510729
53616.243675 21.41 0.24 53616.245341 21.496 0.079 53616.242008 21.304 0.08 53616.242841 20.546 0.062 53616.244508 20.706 0.316 -23.159136 -0.510729
53623.233886 21.642 0.223 53623.235552 21.549 0.073 53623.232219 21.384 0.074 53623.233052 20.645 0.052 53623.234719 20.82 0.229 -23.159136 -0.510729
53626.220098 21.086 0.193 53626.221764 21.412 0.116 53626.218431 21.05 0.087 53626.219264 20.549 0.058 53626.220931 20.29 0.158 -23.159136 -0.510729
53628.204964 22.528 1.495 53628.20663 21.153 0.169 53628.203297 21.435 0.214 53628.20413 20.626 0.101 53628.205797 20.359 0.238 -23.159136 -0.510729
53637.206578 21.341 0.206 53637.208244 21.664 0.095 53637.204911 21.369 0.091 53637.205744 20.888 0.087 53637.207411 20.595 0.251 -23.159136 -0.510729
53644.199031 21.473 0.127 53644.200698 21.621 0.046 53644.197364 21.453 0.05 53644.198198 20.705 0.038 53644.199864 20.501 0.118 -23.159136 -0.510729
53654.233648 21.855 0.27 53654.235314 21.566 0.082 53654.231981 21.275 0.076 53654.232814 20.541 0.052 53654.234481 20.582 0.214 -23.159136 -0.510729
53663.19455 21.36 0.242 53663.196216 21.548 0.109 53663.192883 21.291 0.078 53663.193716 20.726 0.052 53663.195383 20.425 0.134 -23.159136 -0.510729
53668.18415 21.382 0.187 53668.185816 21.374 0.057 53668.182483 21.299 0.084 53668.183316 20.716 0.071 53668.184983 20.757 0.297 -23.159136 -0.510729
53673.156986 21.431 0.161 53673.158652 21.543 0.057 53673.155319 21.395 0.079 53673.156152 20.776 0.059 53673.157819 20.594 0.192 -23.159136 -0.510729
53677.174906 21.538 0.143 53677.176572 21.608 0.048 53677.173239 21.369 0.057 53677.174072 20.65 0.039 53677.175739 20.513 0.123 -23.159136 -0.510729
53680.161572 21.566 0.204 53680.163238 21.355 0.052 53680.159905 20.975 0.058 53680.160738 20.369 0.043 53680.162405 20.342 0.149 -23.159136 -0.510729
53686.228272 27.388 1.345 53686.229938 21.648 0.407 53686.226605 21.178 0.215 53686.227438 20.754 0.135 53686.229105 20.929 0.494 -23.159136 -0.510729
53693.163473 21.732 0.402 53693.165139 21.685 0.156 53693.161806 21.439 0.107 53693.162639 20.661 0.056 53693.164306 20.395 0.148 -23.159136 -0.510729
53704.146798 21.596 0.198 53704.148464 21.636 0.062 53704.145131 21.357 0.067 53704.145964 20.751 0.055 53704.147631 20.421 0.165 -23.159136 -0.510729
53989.242846 21.371 0.242 53989.244512 21.808 0.206 53989.241179 21.28 0.078 53989.242012 20.675 0.053 53989.243679 20.648 0.166 -23.159136 -0.510729
53995.232104 21.631 0.146 53995.233771 21.397 0.038 53995.230438 21.211 0.043 53995.231271 20.695 0.037 53995.232938 20.737 0.137 -23.159136 -0.510729
54000.218259 21.324 0.147 54000.219926 21.418 0.057 54000.216592 21.158 0.058 54000.217426 20.549 0.05 54000.219092 20.926 0.243 -23.159136 -0.510729
54007.268449 21.597 0.19 54007.270115 21.3 0.044 54007.266782 21.044 0.062 54007.267615 20.642 0.047 54007.269282 20.974 0.24 -23.159136 -0.510729
54009.192187 21.587 0.207 54009.193854 21.423 0.069 54009.190521 21.261 0.058 54009.191354 20.553 0.039 54009.193021 20.308 0.119 -23.159136 -0.510729
54011.256693 21.664 0.307 54011.25836 21.421 0.103 54011.255026 21.083 0.067 54011.25586 20.669 0.05 54011.257526 20.568 0.14 -23.159136 -0.510729
54019.206881 21.375 0.173 54019.208547 21.335 0.063 54019.205214 21.146 0.049 54019.206047 20.6 0.034 54019.207714 20.634 0.117 -23.159136 -0.510729
54025.255696 21.968 0.426 54025.257363 21.303 0.047 54025.254029 21.116 0.072 54025.254863 20.631 0.057 54025.256529 20.324 0.186 -23.159136 -0.510729
54029.186057 21.312 0.14 54029.187724 21.397 0.041 54029.18439 21.085 0.049 54029.185224 20.566 0.041 54029.18689 20.353 0.134 -23.159136 -0.510729
54356.264241 21.141 0.127 54356.265908 21.14 0.04 54356.262575 20.851 0.04 54356.263408 20.397 0.041 54356.265075 20.36 0.133 -23.159136 -0.510729
54358.209253 21.149 0.174 54358.21092 21.12 0.047 54358.207587 20.928 0.048 54358.20842 20.46 0.055 54358.210087 20.616 0.227 -23.159136 -0.510729
54373.316522 21.27 0.548 54373.318188 21.444 0.179 54373.314855 -99.99 0.142 54373.315688 20.471 0.08 54373.317355 20.184 0.177 -23.159136 -0.510729
54382.251476 21.24 0.191 54382.253143 21.061 0.051 54382.249809 20.957 0.059 54382.250643 20.392 0.053 54382.252309 20.094 0.154 -23.159136 -0.510729
54386.254201 21.208 0.131 54386.255868 20.985 0.04 54386.252535 20.874 0.038 54386.253368 20.399 0.037 54386.255035 20.5 0.147 -23.159136 -0.510729
54388.25846 21.105 0.136 54388.260127 21.126 0.039 54388.256793 20.842 0.045 54388.257627 20.47 0.043 54388.259293 20.291 0.149 -23.159136 -0.510729
54403.172289 21.471 0.224 54403.173956 21.061 0.09 54403.170623 20.937 0.065 54403.171456 20.415 0.046 54403.173123 20.607 0.219 -23.159136 -0.510729
54406.166092 21.116 0.114 54406.167759 21.045 0.034 54406.164426 20.9 0.041 54406.165259 20.416 0.04 54406.166926 20.268 0.131 -23.159136 -0.510729
54412.169022 20.955 0.179 54412.170689 20.942 0.047 54412.167356 20.835 0.052 54412.168189 20.407 0.058 54412.169856 20.071 0.158 -23.159136 -0.510729
