51467.313892 20.214 0.09 51467.315558 20.148 0.028 51467.312225 20.114 0.04 51467.313058 19.821 0.048 51467.314725 19.958 0.17 -23.399771 0.564554
51819.289903 20.526 0.073 51819.291569 20.322 0.025 51819.288236 20.265 0.03 51819.289069 20.022 0.037 51819.290736 19.888 0.106 -23.399771 0.564554
52172.305479 20.423 0.062 52172.307145 20.184 0.021 52172.303812 20.219 0.028 52172.304645 19.989 0.034 52172.306312 19.895 0.101 -23.399771 0.564554
52172.355643 20.335 0.066 52172.357309 20.256 0.023 52172.353976 20.262 0.029 52172.354809 20.004 0.035 52172.356476 19.859 0.098 -23.399771 0.564554
52558.25517 20.341 0.055 52558.256836 20.262 0.02 52558.253503 20.221 0.026 52558.254336 20.005 0.032 52558.256003 19.881 0.089 -23.399771 0.564554
52577.142665 20.28 0.052 52577.144331 20.265 0.022 52577.140998 20.275 0.031 52577.141831 19.935 0.037 52577.143498 19.992 0.133 -23.399771 0.564554
52586.146142 20.425 0.055 52586.147808 20.223 0.02 52586.144475 20.22 0.028 52586.145308 19.955 0.034 52586.146975 20.1 0.132 -23.399771 0.564554
52931.156826 20.444 0.056 52931.158492 20.228 0.02 52931.155159 20.186 0.023 52931.155992 20.009 0.03 52931.157659 20.076 0.111 -23.399771 0.564554
52935.15379 20.36 0.059 52935.155456 20.244 0.021 52935.152123 20.173 0.027 52935.152956 19.986 0.033 52935.154623 19.795 0.09 -23.399771 0.564554
53313.146992 20.169 0.064 53313.148658 20.09 0.023 53313.145325 20.137 0.035 53313.146158 19.863 0.041 53313.147825 19.909 0.131 -23.399771 0.564554
53622.256236 20.716 0.106 53622.257902 20.489 0.033 53622.254569 20.381 0.038 53622.255402 20.233 0.055 53622.257069 20.248 0.191 -23.399771 0.564554
53625.2522 20.689 0.066 53625.253866 20.465 0.025 53625.250533 20.443 0.029 53625.251366 20.205 0.034 53625.253033 20.338 0.108 -23.399771 0.564554
53634.205705 20.863 0.36 53634.207371 20.506 0.105 53634.204038 20.611 0.107 53634.204871 20.089 0.079 53634.206538 20.383 0.295 -23.399771 0.564554
53636.211238 20.64 0.091 53636.212904 20.519 0.04 53636.209571 20.441 0.034 53636.210404 20.179 0.038 53636.212071 19.988 0.11 -23.399771 0.564554
53655.183243 20.499 0.184 53655.184909 20.442 0.068 53655.181576 20.359 0.064 53655.182409 20.014 0.065 53655.184076 20.2 0.218 -23.399771 0.564554
53664.208201 20.857 0.205 53664.209867 20.521 0.058 53664.206534 20.442 0.062 53664.207367 20.265 0.061 53664.209034 20.278 0.182 -23.399771 0.564554
53666.171803 20.762 0.074 53666.173469 20.598 0.026 53666.170136 20.609 0.037 53666.170969 20.253 0.043 53666.172636 20.278 0.144 -23.399771 0.564554
53669.167441 20.697 0.068 53669.169107 20.617 0.025 53669.165774 20.532 0.033 53669.166607 20.235 0.04 53669.168274 20.216 0.129 -23.399771 0.564554
53671.252228 21.144 0.355 53671.253894 20.618 0.053 53671.250561 20.585 0.071 53671.251394 20.159 0.073 53671.253061 20.254 0.328 -23.399771 0.564554
53674.151676 20.746 0.09 53674.153342 20.547 0.028 53674.150009 20.487 0.037 53674.150842 20.19 0.045 53674.152509 20.42 0.157 -23.399771 0.564554
53676.241169 20.63 0.08 53676.242835 20.639 0.028 53676.239502 20.535 0.032 53676.240335 20.3 0.04 53676.242002 20.28 0.112 -23.399771 0.564554
53679.213054 20.52 0.094 53679.21472 20.549 0.035 53679.211387 20.482 0.048 53679.21222 20.183 0.055 53679.213887 20.141 0.162 -23.399771 0.564554
53681.204566 20.717 0.074 53681.206232 20.584 0.026 53681.202899 20.554 0.033 53681.203732 20.221 0.036 53681.205399 20.262 0.1 -23.399771 0.564554
53685.163612 20.856 0.241 53685.165278 20.542 0.089 53685.161945 20.424 0.074 53685.162778 20.083 0.063 53685.164445 20.301 0.176 -23.399771 0.564554
53694.177498 20.724 0.314 53694.179164 20.692 0.127 53694.175831 20.724 0.121 53694.176664 20.418 0.125 53694.178331 20.701 0.428 -23.399771 0.564554
53697.161589 20.917 0.152 53697.163255 20.617 0.046 53697.159922 20.571 0.09 53697.160755 20.247 0.077 53697.162422 20.155 0.17 -23.399771 0.564554
53700.16055 20.617 0.078 53700.162216 20.643 0.03 53700.158883 20.563 0.04 53700.159716 20.308 0.049 53700.161383 20.415 0.147 -23.399771 0.564554
53705.14722 20.752 0.101 53705.148886 20.603 0.03 53705.145553 20.571 0.043 53705.146386 20.281 0.045 53705.148053 20.264 0.139 -23.399771 0.564554
53975.232226 20.928 0.077 53975.233893 20.735 0.03 53975.23056 20.697 0.031 53975.231393 20.436 0.043 53975.23306 20.33 0.151 -23.399771 0.564554
53993.300019 20.904 0.08 53993.301686 20.792 0.034 53993.298352 20.667 0.034 53993.299186 20.412 0.041 53993.300852 20.205 0.095 -23.399771 0.564554
53996.238965 20.916 0.083 53996.240631 20.754 0.027 53996.237298 20.694 0.033 53996.238131 20.403 0.038 53996.239798 20.46 0.131 -23.399771 0.564554
53998.207589 21.253 0.102 53998.209256 20.72 0.031 53998.205922 20.762 0.031 53998.206756 20.416 0.04 53998.208422 20.639 0.148 -23.399771 0.564554
54005.237817 20.992 0.078 54005.239484 20.804 0.028 54005.236151 20.768 0.034 54005.236984 20.386 0.038 54005.238651 20.588 0.218 -23.399771 0.564554
54010.193064 20.846 0.111 54010.194731 20.771 0.051 54010.191398 20.772 0.047 54010.192231 20.404 0.044 54010.193898 20.553 0.143 -23.399771 0.564554
54012.185912 20.882 0.177 54012.187578 20.908 0.099 54012.184245 20.842 0.087 54012.185078 20.314 0.06 54012.186745 20.362 0.151 -23.399771 0.564554
54020.191885 20.863 0.082 54020.193552 20.828 0.036 54020.190219 20.684 0.04 54020.191052 20.339 0.046 54020.192719 20.491 0.155 -23.399771 0.564554
54022.241529 21.075 0.078 54022.243196 -99.99 0.024 54022.239862 -99.99 0.033 54022.240696 20.386 0.038 54022.242362 20.383 0.098 -23.399771 0.564554
54028.182263 21.046 0.092 54028.183929 20.751 0.027 54028.180596 20.782 0.043 54028.181429 20.423 0.049 54028.183096 20.312 0.135 -23.399771 0.564554
54030.18543 20.989 0.076 54030.187097 20.79 0.028 54030.183763 20.809 0.036 54030.184597 20.342 0.037 54030.186263 20.147 0.091 -23.399771 0.564554
54035.261226 20.936 0.166 54035.262893 20.771 0.048 54035.259559 20.634 0.073 54035.260393 20.369 0.074 54035.262059 20.395 0.235 -23.399771 0.564554
54037.166675 21.192 0.109 54037.168342 20.885 0.04 54037.165008 20.764 0.046 54037.165842 20.368 0.05 54037.167508 20.193 0.115 -23.399771 0.564554
54050.165787 21.132 0.156 54050.167454 20.901 0.05 54050.16412 20.985 0.095 54050.164954 20.398 0.079 54050.16662 20.877 0.371 -23.399771 0.564554
54053.171951 20.907 0.092 54053.173618 20.813 0.038 54053.170285 20.756 0.045 54053.171118 20.399 0.053 54053.172785 20.361 0.162 -23.399771 0.564554
54056.173658 20.427 0.117 54056.175324 20.887 0.048 54056.171991 20.854 0.098 54056.172824 20.46 0.091 54056.174491 20.551 0.244 -23.399771 0.564554
54057.142276 20.825 0.078 54057.143942 20.819 0.029 54057.140609 20.724 0.041 54057.141442 20.399 0.049 54057.143109 20.101 0.1 -23.399771 0.564554
54059.167902 20.911 0.104 54059.169568 20.839 0.039 54059.166235 20.679 0.043 54059.167068 20.381 0.048 54059.168735 20.261 0.16 -23.399771 0.564554
54061.178956 20.969 0.103 54061.180622 20.833 0.04 54061.177289 20.725 0.044 54061.178122 20.391 0.054 54061.179789 20.95 0.311 -23.399771 0.564554
54062.172792 20.8 0.108 54062.174458 20.794 0.042 54062.171125 20.782 0.059 54062.171958 20.444 0.066 54062.173625 20.092 0.148 -23.399771 0.564554
54068.16283 21.047 0.4 54068.164497 20.758 0.114 54068.161164 20.738 0.122 54068.161997 20.409 0.126 54068.163664 22.635 2.304 -23.399771 0.564554
54357.211115 20.655 0.077 54357.212782 20.639 0.028 54357.209449 20.619 0.036 54357.210282 20.296 0.038 54357.211949 20.4 0.126 -23.399771 0.564554
54365.208955 20.868 0.166 54365.210621 20.571 0.055 54365.207288 20.663 0.06 54365.208121 20.232 0.062 54365.209788 20.31 0.155 -23.399771 0.564554
54376.26959 20.732 0.104 54376.271257 20.665 0.038 54376.267924 20.473 0.041 54376.268757 20.362 0.056 54376.270424 20.352 0.155 -23.399771 0.564554
54385.258923 20.444 0.085 54385.260589 20.523 0.037 54385.257256 20.47 0.037 54385.258089 20.207 0.042 54385.259756 20.265 0.122 -23.399771 0.564554
54387.259424 20.658 0.101 54387.261091 20.491 0.03 54387.257758 20.472 0.037 54387.258591 20.246 0.045 54387.260258 20.236 0.131 -23.399771 0.564554
54392.254177 20.753 0.104 54392.255844 20.536 0.034 54392.252511 20.47 0.036 54392.253344 20.383 0.05 54392.255011 20.363 0.155 -23.399771 0.564554
54402.252654 20.735 0.246 54402.254321 20.41 0.072 54402.250988 20.42 0.059 54402.251821 20.264 0.062 54402.253488 20.411 0.191 -23.399771 0.564554
