51464.219511 20.106 0.043 51464.221177 19.842 0.016 51464.217844 19.686 0.018 51464.218677 19.557 0.024 51464.220344 19.332 0.064 -24.630366 0.748829
52197.245281 20.097 0.045 52197.246947 19.821 0.016 52197.243614 19.663 0.017 52197.244447 19.561 0.023 52197.246114 19.249 0.053 -24.630366 0.748829
52231.131228 20.198 0.047 52231.132894 19.852 0.016 52231.129561 19.698 0.017 52231.130394 19.546 0.022 52231.132061 19.217 0.048 -24.630366 0.748829
52557.239233 20.183 0.051 52557.240899 20.005 0.02 52557.237566 19.82 0.02 52557.238399 19.654 0.027 52557.240066 19.4 0.07 -24.630366 0.748829
52578.135311 20.193 0.043 52578.136977 19.956 0.016 52578.133644 19.772 0.018 52578.134477 19.674 0.025 52578.136144 19.351 0.057 -24.630366 0.748829
52929.165538 20.426 0.056 52929.167204 20.107 0.019 52929.163871 19.907 0.021 52929.164704 19.763 0.026 52929.166371 19.329 0.056 -24.630366 0.748829
52934.145695 20.377 0.059 52934.147361 20.137 0.021 52934.144028 19.958 0.024 52934.144861 19.748 0.029 52934.146528 19.533 0.078 -24.630366 0.748829
52936.141621 20.353 0.046 52936.143287 20.116 0.019 52936.139954 19.86 0.019 52936.140787 19.709 0.024 52936.142454 19.356 0.056 -24.630366 0.748829
53270.205733 20.091 0.047 53270.207399 19.846 0.021 53270.204066 19.678 0.019 53270.204899 19.569 0.024 53270.206566 19.334 0.055 -24.630366 0.748829
53272.255629 20.136 0.097 53272.257295 19.809 0.035 53272.253962 19.71 0.031 53272.254795 19.602 0.038 53272.256462 19.118 0.06 -24.630366 0.748829
53286.224346 20.1 0.051 53286.226012 19.855 0.019 53286.222679 19.7 0.02 53286.223512 19.54 0.023 53286.225179 19.238 0.053 -24.630366 0.748829
53288.182837 19.973 0.049 53288.184503 19.847 0.016 53288.18117 19.699 0.018 53288.182003 19.572 0.024 53288.18367 19.223 0.051 -24.630366 0.748829
53294.210159 20.05 0.056 53294.211826 19.853 0.028 53294.208492 19.692 0.027 53294.209326 19.601 0.035 53294.210992 19.307 0.094 -24.630366 0.748829
53302.178504 19.995 0.093 53302.18017 19.861 0.039 53302.176837 19.68 0.031 53302.17767 19.546 0.034 53302.179337 19.332 0.075 -24.630366 0.748829
53312.134051 20.097 0.053 53312.135718 19.906 0.022 53312.132384 19.665 0.025 53312.133218 19.556 0.034 53312.134884 19.395 0.079 -24.630366 0.748829
53314.135232 20.112 0.044 53314.136898 19.859 0.015 53314.133565 19.692 0.018 53314.134398 19.546 0.024 53314.136065 19.293 0.063 -24.630366 0.748829
53616.239602 19.923 0.054 53616.241268 19.677 0.018 53616.237935 19.557 0.02 53616.238768 19.477 0.03 53616.240435 19.174 0.066 -24.630366 0.748829
53623.229812 19.936 0.045 53623.231478 19.681 0.017 53623.228145 19.575 0.018 53623.228978 19.449 0.022 53623.230645 19.24 0.056 -24.630366 0.748829
53626.216025 19.985 0.067 53626.217691 19.658 0.025 53626.214358 19.539 0.023 53626.215191 19.514 0.033 53626.216858 19.182 0.064 -24.630366 0.748829
53628.20089 19.962 0.122 53628.202556 19.677 0.042 53628.199223 19.523 0.033 53628.200056 19.501 0.041 53628.201723 19.227 0.077 -24.630366 0.748829
53637.202503 19.921 0.058 53637.204169 19.704 0.019 53637.200836 19.58 0.019 53637.201669 19.461 0.03 53637.203336 19.21 0.079 -24.630366 0.748829
53644.194951 19.956 0.034 53644.196618 19.691 0.015 53644.193284 19.605 0.017 53644.194118 19.44 0.022 53644.195784 19.306 0.045 -24.630366 0.748829
53654.229573 20.034 0.05 53654.231239 19.72 0.018 53654.227906 19.587 0.019 53654.228739 19.453 0.023 53654.230406 19.301 0.064 -24.630366 0.748829
53656.177165 20.045 0.127 53656.178831 19.684 0.048 53656.175498 19.559 0.041 53656.176331 19.406 0.042 53656.177998 19.213 0.093 -24.630366 0.748829
53663.190475 19.952 0.061 53663.192141 19.741 0.023 53663.188808 19.6 0.02 53663.189641 19.51 0.023 53663.191308 19.176 0.045 -24.630366 0.748829
53668.180075 20.046 0.052 53668.181741 19.746 0.016 53668.178408 19.611 0.02 53668.179241 19.524 0.032 53668.180908 19.218 0.071 -24.630366 0.748829
53670.184928 19.975 0.041 53670.186594 19.743 0.016 53670.183261 19.598 0.017 53670.184094 19.466 0.023 53670.185761 19.147 0.051 -24.630366 0.748829
53673.152911 19.929 0.044 53673.154577 19.716 0.017 53673.151244 19.57 0.018 53673.152077 19.45 0.024 53673.153744 19.291 0.064 -24.630366 0.748829
53675.149799 19.913 0.041 53675.151465 19.746 0.015 53675.148132 19.548 0.018 53675.148965 19.521 0.025 53675.150632 19.238 0.058 -24.630366 0.748829
53677.170831 19.889 0.037 53677.172497 19.702 0.014 53677.169164 19.579 0.016 53677.169997 19.501 0.02 53677.171664 19.265 0.046 -24.630366 0.748829
53680.157497 19.854 0.04 53680.159163 19.697 0.015 53680.15583 19.595 0.018 53680.156663 19.469 0.022 53680.15833 19.17 0.046 -24.630366 0.748829
53686.224196 19.658 0.169 53686.225862 19.497 0.059 53686.222529 19.496 0.054 53686.223362 19.353 0.053 53686.225029 18.968 0.094 -24.630366 0.748829
53693.159399 19.848 0.07 53693.161065 19.719 0.027 53693.157732 19.598 0.026 53693.158565 19.494 0.026 53693.160232 19.149 0.047 -24.630366 0.748829
53702.155112 19.91 0.071 53702.156778 19.683 0.027 53702.153445 19.541 0.033 53702.154278 19.536 0.047 53702.155945 19.307 0.123 -24.630366 0.748829
53704.142724 19.85 0.042 53704.14439 19.694 0.015 53704.141057 19.601 0.019 53704.14189 19.452 0.023 53704.143557 19.23 0.056 -24.630366 0.748829
53989.238771 20.179 0.07 53989.240438 19.921 0.028 53989.237105 19.713 0.028 53989.237938 19.63 0.03 53989.239605 19.371 0.057 -24.630366 0.748829
53995.228031 20.101 0.038 53995.229697 19.927 0.019 53995.226364 19.793 0.03 53995.227197 19.609 0.022 53995.228864 19.447 0.051 -24.630366 0.748829
54000.214186 20.111 0.047 54000.215852 19.924 0.021 54000.212519 19.768 0.021 54000.213352 19.628 0.027 54000.215019 19.347 0.062 -24.630366 0.748829
54007.191 20.223 0.056 54007.192666 19.939 0.018 54007.189333 19.716 0.021 54007.190166 19.644 0.025 54007.191833 19.357 0.055 -24.630366 0.748829
54007.264392 20.086 0.044 54007.266059 19.986 0.019 54007.262725 19.782 0.021 54007.263559 19.625 0.023 54007.265225 19.394 0.056 -24.630366 0.748829
54009.188116 20.098 0.051 54009.189782 19.959 0.027 54009.186449 19.738 0.021 54009.187282 19.62 0.026 54009.188949 19.299 0.05 -24.630366 0.748829
54011.252607 20.131 0.067 54011.254274 19.937 0.029 54011.250941 19.748 0.027 54011.251774 19.639 0.032 54011.253441 19.31 0.053 -24.630366 0.748829
54019.202809 20.062 0.048 54019.204475 19.912 0.023 54019.201142 19.744 0.02 54019.201975 19.65 0.024 54019.203642 19.284 0.041 -24.630366 0.748829
54025.251612 20.004 0.05 54025.253279 19.926 0.023 54025.249946 19.743 0.022 54025.250779 19.651 0.032 54025.252446 19.448 0.079 -24.630366 0.748829
54029.181987 20.14 0.047 54029.183654 19.953 0.018 54029.18032 19.763 0.019 54029.181154 19.57 0.026 54029.18282 19.281 0.054 -24.630366 0.748829
54356.260117 20.447 0.06 54356.261783 20.168 0.021 54356.25845 19.966 0.023 54356.259283 19.79 0.029 54356.26095 19.496 0.061 -24.630366 0.748829
54358.205173 20.391 0.079 54358.206839 20.131 0.022 54358.203506 19.972 0.029 54358.204339 19.751 0.033 54358.206006 19.461 0.077 -24.630366 0.748829
54365.238245 20.36 0.071 54365.239911 20.154 0.029 54365.236578 19.967 0.028 54365.237411 19.758 0.031 54365.239078 19.421 0.061 -24.630366 0.748829
54373.312512 20.391 0.159 54373.314179 20.113 0.051 54373.310845 19.94 0.042 54373.311679 19.768 0.039 54373.313345 19.672 0.092 -24.630366 0.748829
54382.247437 20.256 0.074 54382.249104 20.092 0.024 54382.24577 19.934 0.028 54382.246604 19.737 0.035 54382.24827 19.469 0.082 -24.630366 0.748829
54386.250161 20.364 0.054 54386.251828 20.141 0.023 54386.248494 19.934 0.02 54386.249328 19.78 0.029 54386.250994 19.405 0.058 -24.630366 0.748829
54388.254397 20.158 0.065 54388.256064 20.082 0.02 54388.252731 19.965 0.027 54388.253564 19.801 0.035 54388.255231 19.369 0.061 -24.630366 0.748829
54403.168164 20.255 0.061 54403.169831 20.136 0.033 54403.166497 19.897 0.027 54403.167331 19.722 0.031 54403.168997 19.291 0.059 -24.630366 0.748829
54406.162021 20.278 0.046 54406.163688 20.079 0.019 54406.160355 19.905 0.021 54406.161188 19.785 0.031 54406.162855 19.51 0.066 -24.630366 0.748829
54412.164932 20.328 0.072 54412.166599 20.098 0.026 54412.163265 19.93 0.026 54412.164099 19.751 0.038 54412.165765 19.341 0.072 -24.630366 0.748829
