51075.243121 20.563 0.07 51075.244787 20.195 0.022 51075.241454 19.962 0.025 51075.242287 19.805 0.039 51075.243954 19.436 0.105 -20.481919 1.192572
51464.231001 20.443 0.058 51464.232667 19.969 0.02 51464.229334 19.825 0.022 51464.230167 19.682 0.027 51464.231834 19.413 0.073 -20.481919 1.192572
52197.256737 20.503 0.067 52197.258403 19.972 0.017 52197.25507 19.843 0.02 52197.255903 19.647 0.026 52197.25757 19.513 0.073 -20.481919 1.192572
52231.142716 20.441 0.065 52231.144382 19.952 0.017 52231.141049 19.758 0.021 52231.141882 19.623 0.027 52231.143549 19.549 0.082 -20.481919 1.192572
52557.250721 20.272 0.062 52557.252387 19.774 0.018 52557.249054 19.635 0.02 52557.249887 19.542 0.027 52557.251554 19.376 0.075 -20.481919 1.192572
52578.146801 20.168 0.048 52578.148467 19.784 0.014 52578.145134 19.672 0.017 52578.145967 19.576 0.026 52578.147634 19.432 0.068 -20.481919 1.192572
52929.17703 20.027 0.047 52929.178696 19.609 0.013 52929.175363 19.529 0.018 52929.176196 19.44 0.022 52929.177863 19.456 0.074 -20.481919 1.192572
52934.157186 19.94 0.047 52934.158852 19.681 0.015 52934.155519 19.539 0.019 52934.156352 19.412 0.023 52934.158019 19.233 0.065 -20.481919 1.192572
52936.153112 20.113 0.044 52936.154778 19.62 0.014 52936.151445 19.524 0.019 52936.152278 19.466 0.023 52936.153945 19.281 0.062 -20.481919 1.192572
53270.217184 20.107 0.051 53270.218851 19.76 0.024 53270.215518 19.595 0.024 53270.216351 19.486 0.028 53270.218018 19.307 0.06 -20.481919 1.192572
53272.267119 20.174 0.088 53272.268785 19.757 0.031 53272.265452 19.56 0.025 53272.266285 19.455 0.029 53272.267952 19.337 0.076 -20.481919 1.192572
53286.235837 20.073 0.059 53286.237503 19.628 0.015 53286.23417 19.525 0.02 53286.235003 19.421 0.025 53286.23667 19.396 0.068 -20.481919 1.192572
53288.194328 20.129 0.055 53288.195994 19.655 0.014 53288.192661 19.544 0.018 53288.193494 19.461 0.022 53288.195161 19.235 0.06 -20.481919 1.192572
53294.221663 19.901 0.081 53294.223329 19.697 0.024 53294.219996 19.534 0.028 53294.220829 19.487 0.04 53294.222496 19.445 0.098 -20.481919 1.192572
53302.189994 20.311 0.127 53302.19166 19.638 0.036 53302.188327 19.582 0.034 53302.18916 19.504 0.039 53302.190827 19.263 0.082 -20.481919 1.192572
53312.145528 20.064 0.051 53312.147195 19.664 0.017 53312.143861 19.508 0.023 53312.144695 19.453 0.03 53312.146361 19.281 0.075 -20.481919 1.192572
53314.146723 20.132 0.05 53314.148389 19.645 0.014 53314.145056 19.484 0.018 53314.145889 19.437 0.026 53314.147556 19.378 0.08 -20.481919 1.192572
53616.251094 20.469 0.124 53616.25276 19.846 0.02 53616.249427 19.698 0.023 53616.25026 19.574 0.031 53616.251927 19.338 0.095 -20.481919 1.192572
53623.241304 -99.99 0.094 53623.24297 -99.99 0.028 53623.239637 19.655 0.022 53623.24047 -99.99 0.03 53623.242137 -99.99 0.216 -20.481919 1.192572
53626.227515 20.401 0.087 53626.229181 19.88 0.026 53626.225848 -99.99 0.045 53626.226681 19.552 0.028 53626.228348 19.411 0.077 -20.481919 1.192572
53628.21238 20.253 0.139 53628.214046 19.82 0.039 53628.210713 19.552 0.033 53628.211546 19.444 0.035 53628.213213 19.391 0.089 -20.481919 1.192572
53637.213994 20.195 0.088 53637.21566 19.865 0.025 53637.212327 19.654 0.024 53637.21316 19.476 0.033 53637.214827 19.286 0.103 -20.481919 1.192572
53644.206435 20.293 0.046 53644.208102 19.847 0.015 53644.204768 19.616 0.015 53644.205602 19.535 0.02 53644.207268 19.619 0.065 -20.481919 1.192572
53654.241064 20.201 0.065 53654.24273 19.816 0.023 53654.239397 19.622 0.029 53654.24023 19.466 0.03 53654.241897 19.399 0.097 -20.481919 1.192572
53656.188657 20.293 0.157 53656.190323 19.771 0.043 53656.18699 19.516 0.036 53656.187823 19.524 0.044 53656.18949 19.374 0.103 -20.481919 1.192572
53663.201968 20.285 0.086 53663.203634 19.796 0.024 53663.200301 19.607 0.022 53663.201134 19.519 0.027 53663.202801 19.424 0.066 -20.481919 1.192572
53668.191567 20.184 0.066 53668.193233 19.778 0.016 53668.1899 19.635 0.021 53668.190733 19.539 0.031 53668.1924 19.239 0.08 -20.481919 1.192572
53670.196421 20.257 0.057 53670.198087 19.824 0.016 53670.194754 19.663 0.019 53670.195587 19.54 0.026 53670.197254 19.407 0.07 -20.481919 1.192572
53673.164403 20.218 0.061 53673.166069 19.806 0.016 53673.162736 19.65 0.02 53673.163569 19.519 0.026 53673.165236 19.509 0.083 -20.481919 1.192572
53675.161291 20.136 0.057 53675.162957 19.928 0.018 53675.159624 19.608 0.021 53675.160457 19.481 0.027 53675.162124 19.447 0.084 -20.481919 1.192572
53677.182322 20.147 0.049 53677.183988 19.799 0.014 53677.180655 19.613 0.019 53677.181488 19.578 0.026 53677.183155 19.379 0.057 -20.481919 1.192572
53680.168988 20.246 0.056 53680.170654 19.805 0.015 53680.167321 19.603 0.017 53680.168154 19.54 0.025 53680.169821 19.497 0.064 -20.481919 1.192572
53686.235684 20.67 0.427 53686.23735 19.656 0.07 53686.234017 19.525 0.051 53686.23485 19.511 0.058 53686.236517 19.35 0.144 -20.481919 1.192572
53693.170888 20.217 0.102 53693.172554 19.775 0.029 53693.169221 19.599 0.026 53693.170054 19.509 0.028 53693.171721 19.518 0.077 -20.481919 1.192572
53702.166551 20.055 0.112 53702.168218 19.781 0.034 53702.164885 19.617 0.036 53702.165718 19.484 0.051 53702.167385 19.461 0.166 -20.481919 1.192572
53704.154215 20.204 0.063 53704.155881 19.754 0.016 53704.152548 19.638 0.02 53704.153381 19.534 0.026 53704.155048 19.402 0.076 -20.481919 1.192572
53989.250289 20.317 0.104 53989.251955 19.826 0.03 53989.248622 19.677 0.028 53989.249455 19.532 0.031 53989.251122 19.442 0.076 -20.481919 1.192572
53995.239539 20.189 0.043 53995.241206 19.779 0.016 53995.237872 19.637 0.016 53995.238706 19.516 0.02 53995.240372 19.359 0.053 -20.481919 1.192572
54000.225682 20.33 0.067 54000.227349 19.789 0.018 54000.224016 19.631 0.018 54000.224849 19.506 0.029 54000.226516 19.395 0.076 -20.481919 1.192572
54007.275864 20.255 0.06 54007.277531 19.765 0.018 54007.274197 19.626 0.02 54007.275031 19.511 0.025 54007.276697 19.401 0.061 -20.481919 1.192572
54009.199596 20.222 0.063 54009.201263 19.838 0.022 54009.19793 19.64 0.019 54009.198763 19.612 0.028 54009.20043 19.554 0.08 -20.481919 1.192572
54011.264085 20.234 0.077 54011.265752 19.782 0.027 54011.262419 -99.99 0.028 54011.263252 19.512 0.03 54011.264919 19.47 0.067 -20.481919 1.192572
54019.214315 20.196 0.061 54019.215982 19.798 0.02 54019.212648 19.62 0.019 54019.213482 -99.99 0.025 54019.215148 -99.99 0.076 -20.481919 1.192572
54025.263101 20.46 0.096 54025.264768 19.822 0.024 54025.261434 19.607 0.025 54025.262268 19.527 0.031 54025.263934 19.603 0.1 -20.481919 1.192572
54029.193461 20.281 0.058 54029.195128 19.835 0.02 54029.191794 19.641 0.023 54029.192628 19.54 0.026 54029.194294 19.427 0.087 -20.481919 1.192572
54358.216676 20.012 0.072 54358.218343 19.695 0.032 54358.21501 19.569 0.025 54358.215843 19.512 0.034 54358.21751 19.25 0.07 -20.481919 1.192572
54365.249747 20.118 0.062 54365.251413 19.69 0.021 54365.24808 19.623 0.023 54365.248913 19.495 0.026 54365.25058 19.331 0.067 -20.481919 1.192572
54373.323945 20.093 0.146 54373.325612 -99.99 0.042 54373.322278 19.587 0.033 54373.323112 19.456 0.033 54373.324778 19.367 0.079 -20.481919 1.192572
54382.258892 20.217 0.072 54382.260558 19.752 0.025 54382.257225 19.566 0.028 54382.258058 19.541 0.029 54382.259725 19.425 0.087 -20.481919 1.192572
54386.261654 20.325 0.056 54386.26332 19.773 0.018 54386.259987 19.541 0.017 54386.26082 19.482 0.021 54386.262487 19.331 0.053 -20.481919 1.192572
54388.265913 20.125 0.058 54388.267579 19.754 0.02 54388.264246 19.577 0.022 54388.265079 19.483 0.026 54388.266746 19.455 0.07 -20.481919 1.192572
54403.179664 20.265 0.082 54403.18133 19.758 0.025 54403.177997 19.613 0.027 54403.17883 19.519 0.031 54403.180497 19.358 0.075 -20.481919 1.192572
54404.186286 20.211 0.05 54404.187952 19.742 0.017 54404.184619 19.585 0.019 54404.185452 19.579 0.023 54404.187119 19.404 0.06 -20.481919 1.192572
54406.173496 20.252 0.058 54406.175162 19.791 0.028 54406.171829 19.577 0.021 54406.172662 19.549 0.027 54406.174329 19.433 0.069 -20.481919 1.192572
54412.176519 20.24 0.064 54412.178186 19.803 0.019 54412.174853 19.636 0.026 54412.175686 -99.99 0.028 54412.177353 -99.99 0.057 -20.481919 1.192572
