51075.235881 20.273 0.054 51075.237547 19.785 0.016 51075.234214 19.676 0.021 51075.235047 19.602 0.03 51075.236714 19.392 0.088 -23.094767 0.788402
51464.223765 20.538 0.055 51464.225431 20.066 0.018 51464.222098 19.914 0.022 51464.222931 19.932 0.032 51464.224598 19.725 0.081 -23.094767 0.788402
52197.249544 20.365 0.055 52197.25121 19.886 0.016 52197.247877 19.716 0.017 52197.24871 19.747 0.026 52197.250377 19.659 0.07 -23.094767 0.788402
52231.135481 20.346 0.051 52231.137147 19.835 0.016 52231.133814 19.708 0.018 52231.134647 19.732 0.026 52231.136314 19.486 0.061 -23.094767 0.788402
52557.243486 20.543 0.067 52557.245152 19.937 0.018 52557.241819 19.743 0.02 52557.242652 19.804 0.032 52557.244319 19.454 0.068 -23.094767 0.788402
52578.139563 20.481 0.054 52578.141229 19.941 0.016 52578.137896 19.846 0.019 52578.138729 19.765 0.027 52578.140396 19.564 0.069 -23.094767 0.788402
52929.169792 20.624 0.065 52929.171458 19.839 0.015 52929.168125 19.807 0.018 52929.168958 19.805 0.027 52929.170625 19.649 0.072 -23.094767 0.788402
52934.149948 20.707 0.074 52934.151614 19.984 0.018 52934.148281 19.893 0.023 52934.149114 19.828 0.031 52934.150781 19.786 0.093 -23.094767 0.788402
52936.145875 20.537 0.052 52936.147541 19.943 0.016 52936.144208 19.822 0.018 52936.145041 19.87 0.026 52936.146708 19.729 0.073 -23.094767 0.788402
53270.209998 20.686 0.071 53270.211664 19.922 0.021 53270.208331 19.779 0.024 53270.209164 19.818 0.027 53270.210831 19.593 0.06 -23.094767 0.788402
53272.259882 20.222 0.116 53272.261548 19.88 0.039 53272.258215 19.783 0.031 53272.259048 19.741 0.04 53272.260715 19.487 0.083 -23.094767 0.788402
53286.228599 20.429 0.074 53286.230265 19.924 0.019 53286.226932 19.79 0.022 53286.227765 19.783 0.032 53286.229432 19.561 0.082 -23.094767 0.788402
53288.18709 20.477 0.068 53288.188756 19.931 0.017 53288.185423 19.786 0.021 53288.186256 19.873 0.029 53288.187923 19.536 0.068 -23.094767 0.788402
53294.214476 20.51 0.062 53294.216142 19.913 0.024 53294.212809 19.813 0.031 53294.213642 19.806 0.042 53294.215309 19.678 0.094 -23.094767 0.788402
53302.182757 20.299 0.131 53302.184423 19.895 0.046 53302.18109 19.783 0.04 53302.181923 19.743 0.047 53302.18359 19.369 0.084 -23.094767 0.788402
53312.138323 20.538 0.069 53312.13999 19.97 0.025 53312.136657 19.781 0.031 53312.13749 19.771 0.037 53312.139157 19.55 0.09 -23.094767 0.788402
53314.139485 20.482 0.056 53314.141151 19.947 0.016 53314.137818 19.786 0.02 53314.138651 19.769 0.029 53314.140318 19.612 0.083 -23.094767 0.788402
53616.243854 20.665 0.102 53616.24552 19.857 0.02 53616.242187 19.765 0.022 53616.24302 19.81 0.037 53616.244687 19.7 0.127 -23.094767 0.788402
53623.234064 20.485 0.07 53623.23573 19.918 0.023 53623.232397 19.752 0.021 53623.23323 19.807 0.03 53623.234897 19.638 0.082 -23.094767 0.788402
53626.220277 20.418 0.094 53626.221943 19.913 0.03 53626.21861 19.714 0.026 53626.219443 19.768 0.032 53626.22111 19.541 0.077 -23.094767 0.788402
53628.205143 20.745 0.235 53628.206809 19.99 0.051 53628.203476 19.867 0.045 53628.204309 19.824 0.053 53628.205976 19.598 0.1 -23.094767 0.788402
53637.206757 20.579 0.094 53637.208423 19.863 0.022 53637.20509 19.764 0.025 53637.205923 19.749 0.038 53637.20759 19.711 0.117 -23.094767 0.788402
53644.199201 20.377 0.045 53644.200868 19.923 0.016 53644.197535 19.758 0.015 53644.198368 19.784 0.026 53644.200035 19.632 0.058 -23.094767 0.788402
53654.233826 20.424 0.067 53654.235492 19.893 0.021 53654.232159 19.749 0.023 53654.232992 19.8 0.033 53654.234659 19.613 0.084 -23.094767 0.788402
53656.181419 20.421 0.193 53656.183085 19.955 0.062 53656.179752 19.646 0.039 53656.180585 19.742 0.063 53656.182252 19.495 0.144 -23.094767 0.788402
53663.194728 20.425 0.086 53663.196394 19.89 0.025 53663.193061 19.766 0.023 53663.193894 19.788 0.029 53663.195561 19.631 0.065 -23.094767 0.788402
53668.184329 20.384 0.067 53668.185995 19.915 0.018 53668.182662 19.737 0.025 53668.183495 19.789 0.038 53668.185162 19.737 0.116 -23.094767 0.788402
53670.189181 20.464 0.064 53670.190847 19.913 0.018 53670.187514 19.781 0.022 53670.188347 19.775 0.031 53670.190014 19.473 0.071 -23.094767 0.788402
53673.157165 20.469 0.065 53673.158831 19.946 0.018 53673.155498 19.826 0.024 53673.156331 19.768 0.031 53673.157998 19.68 0.091 -23.094767 0.788402
53675.154053 20.507 0.061 53675.155719 19.934 0.017 53675.152386 19.814 0.021 53675.153219 19.753 0.03 53675.154886 19.61 0.078 -23.094767 0.788402
53677.175085 20.51 0.054 53677.176751 19.914 0.015 53677.173418 19.806 0.019 53677.174251 19.81 0.025 53677.175918 19.664 0.059 -23.094767 0.788402
53680.161751 20.565 0.062 53680.163417 19.947 0.017 53680.160084 19.817 0.02 53680.160917 19.812 0.026 53680.162584 19.587 0.059 -23.094767 0.788402
53686.228448 20.361 0.336 53686.230114 20.13 0.11 53686.226781 19.628 0.058 53686.227614 19.813 0.08 53686.229281 19.589 0.161 -23.094767 0.788402
53693.163651 20.63 0.133 53693.165317 19.983 0.033 53693.161984 19.81 0.028 53693.162817 19.815 0.033 53693.164484 19.576 0.07 -23.094767 0.788402
53702.159356 20.388 0.105 53702.161023 20.01 0.03 53702.157689 19.744 0.039 53702.158523 19.76 0.064 53702.160189 19.688 0.176 -23.094767 0.788402
53704.146977 20.685 0.074 53704.148643 20.054 0.019 53704.14531 19.894 0.022 53704.146143 19.805 0.031 53704.14781 19.664 0.076 -23.094767 0.788402
53989.243022 20.623 0.111 53989.244689 20.083 0.034 53989.241355 19.882 0.031 53989.242189 19.917 0.035 53989.243855 19.683 0.076 -23.094767 0.788402
53995.232291 20.661 0.057 53995.233958 20.068 0.016 53995.230625 19.902 0.019 53995.231458 19.868 0.025 53995.233125 19.516 0.052 -23.094767 0.788402
54000.218443 20.556 0.066 54000.220109 20.043 0.023 54000.216776 19.943 0.028 54000.217609 19.866 0.033 54000.219276 19.663 0.084 -23.094767 0.788402
54007.268622 20.723 0.079 54007.270288 20.091 0.02 54007.266955 19.889 0.022 54007.267788 19.897 0.032 54007.269455 19.69 0.075 -23.094767 0.788402
54009.192373 20.664 0.081 54009.194039 20.028 0.026 54009.190706 19.913 0.025 54009.191539 19.879 0.033 54009.193206 19.529 0.065 -23.094767 0.788402
54011.256924 20.715 0.11 54011.258591 20.064 0.033 54011.255257 19.93 0.03 54011.256091 19.824 0.034 54011.257757 19.581 0.061 -23.094767 0.788402
54019.20707 20.787 0.088 54019.208737 20.051 0.025 54019.205404 19.894 0.022 54019.206237 19.884 0.026 54019.207904 19.71 0.058 -23.094767 0.788402
54025.255869 20.68 0.115 54025.257536 20.07 0.025 54025.254202 19.94 0.028 54025.255036 19.924 0.039 54025.256702 19.631 0.097 -23.094767 0.788402
54029.186216 20.678 0.071 54029.187883 20.071 0.02 54029.184549 19.882 0.02 54029.185383 19.829 0.029 54029.187049 19.741 0.082 -23.094767 0.788402
54356.264386 20.36 0.056 54356.266053 19.951 0.017 54356.26272 19.76 0.02 54356.263553 19.749 0.028 54356.26522 19.539 0.064 -23.094767 0.788402
54358.209497 20.319 0.073 54358.211164 19.905 0.026 54358.207831 19.769 0.026 54358.208664 19.721 0.034 54358.210331 19.69 0.099 -23.094767 0.788402
54365.242528 20.362 0.073 54365.244194 19.93 0.025 54365.240861 19.747 0.024 54365.241694 19.695 0.034 54365.243361 19.545 0.07 -23.094767 0.788402
54373.316733 20.709 0.324 54373.3184 19.914 0.045 54373.315067 19.815 0.045 54373.3159 19.812 0.051 54373.317567 -99.99 0.094 -23.094767 0.788402
54382.251657 20.42 0.082 54382.253324 19.967 0.027 54382.249991 19.749 0.028 54382.250824 19.782 0.039 54382.252491 19.593 0.095 -23.094767 0.788402
54386.25439 20.446 0.06 54386.256056 19.979 0.019 54386.252723 19.797 0.019 54386.253556 19.776 0.027 54386.255223 19.543 0.059 -23.094767 0.788402
54388.258639 20.666 0.077 54388.260306 19.964 0.022 54388.256972 19.767 0.022 54388.257806 19.84 0.031 54388.259472 19.508 0.066 -23.094767 0.788402
54403.172461 20.437 0.079 54403.174128 19.964 0.035 54403.170795 19.826 0.027 54403.171628 19.782 0.034 54403.173295 19.467 0.074 -23.094767 0.788402
54406.16625 20.65 0.058 54406.167917 19.943 0.018 54406.164584 19.812 0.021 54406.165417 19.761 0.03 54406.167084 19.49 0.067 -23.094767 0.788402
54412.169204 20.586 0.092 54412.170871 19.97 0.025 54412.167537 19.801 0.028 54412.168371 19.773 0.039 54412.170037 19.473 0.114 -23.094767 0.788402
