51467.309476 19.742 0.061 51467.311142 19.739 0.021 51467.307809 19.468 0.022 51467.308642 19.384 0.028 51467.310309 19.34 0.112 -24.994539 0.06368
51819.285482 -99.99 0.042 51819.287148 19.656 0.015 51819.283815 19.479 0.017 51819.284648 19.399 0.02 51819.286315 19.559 0.086 -24.994539 0.06368
52172.30106 19.608 0.037 52172.302726 19.526 0.013 52172.299393 19.362 0.014 52172.300226 19.283 0.018 52172.301893 19.291 0.073 -24.994539 0.06368
52172.351224 19.71 0.044 52172.35289 19.546 0.014 52172.349557 19.389 0.015 52172.35039 19.33 0.019 52172.352057 19.308 0.079 -24.994539 0.06368
52558.250754 19.746 0.04 52558.25242 19.689 0.014 52558.249087 19.496 0.015 52558.24992 19.392 0.019 52558.251587 19.311 0.071 -24.994539 0.06368
52577.138248 19.796 0.042 52577.139914 19.699 0.015 52577.136581 19.497 0.019 52577.137414 19.348 0.023 52577.139081 19.343 0.09 -24.994539 0.06368
52586.141726 19.834 0.038 52586.143392 19.727 0.015 52586.140059 19.525 0.017 52586.140892 19.403 0.02 52586.142559 19.484 0.087 -24.994539 0.06368
52931.152409 19.574 0.035 52931.154075 19.47 0.013 52931.150742 19.368 0.014 52931.151575 19.358 0.019 52931.153242 19.467 0.079 -24.994539 0.06368
52935.149373 19.507 0.034 52935.151039 19.506 0.013 52935.147706 19.343 0.014 52935.148539 19.282 0.018 52935.150206 19.406 0.077 -24.994539 0.06368
53313.142575 19.506 0.043 53313.144241 19.4 0.013 53313.140908 19.302 0.018 53313.141741 19.226 0.023 53313.143408 19.15 0.089 -24.994539 0.06368
53622.251818 19.859 0.057 53622.253484 19.638 0.018 53622.250151 19.437 0.019 53622.250984 19.339 0.025 53622.252651 19.306 0.105 -24.994539 0.06368
53625.247783 -99.99 0.04 53625.249449 19.605 0.014 53625.246116 19.436 0.015 53625.246949 19.304 0.016 53625.248616 19.416 0.063 -24.994539 0.06368
53634.201287 19.9 0.15 53634.202953 19.548 0.04 53634.19962 19.412 0.04 53634.200453 19.332 0.04 53634.20212 19.341 0.148 -24.994539 0.06368
53636.20682 19.669 0.046 53636.208486 19.595 0.017 53636.205153 19.407 0.017 53636.205986 19.352 0.021 53636.207653 19.546 0.088 -24.994539 0.06368
53655.178825 19.617 0.077 53655.180491 19.568 0.031 53655.177158 19.38 0.029 53655.177991 19.279 0.025 53655.179658 19.472 0.118 -24.994539 0.06368
53664.203784 19.638 0.077 53664.20545 19.598 0.029 53664.202117 19.359 0.022 53664.20295 19.29 0.025 53664.204617 19.512 0.122 -24.994539 0.06368
53666.167385 19.704 0.04 53666.169051 19.598 0.013 53666.165718 19.42 0.015 53666.166551 19.315 0.019 53666.168218 19.506 0.09 -24.994539 0.06368
53669.163024 19.672 0.036 53669.16469 19.59 0.013 53669.161357 19.416 0.014 53669.16219 19.351 0.017 53669.163857 19.329 0.072 -24.994539 0.06368
53671.247812 -99.99 0.126 53671.249478 -99.99 0.026 53671.246145 19.402 0.025 53671.246978 19.374 0.033 53671.248645 -99.99 0.155 -24.994539 0.06368
53674.147259 19.647 0.039 53674.148925 19.604 0.013 53674.145592 19.413 0.015 53674.146425 19.313 0.017 53674.148092 19.512 0.076 -24.994539 0.06368
53676.236753 19.725 0.042 53676.238419 19.592 0.013 53676.235086 19.377 0.014 53676.235919 19.301 0.016 53676.237586 19.317 0.058 -24.994539 0.06368
53679.208638 19.63 0.053 53679.210304 19.622 0.016 53679.206971 19.402 0.018 53679.207804 19.37 0.024 53679.209471 19.458 0.114 -24.994539 0.06368
53681.200149 19.709 0.04 53681.201815 19.615 0.013 53681.198482 19.409 0.016 53681.199315 19.352 0.017 53681.200982 19.281 0.057 -24.994539 0.06368
53685.159195 19.672 0.082 53685.160861 19.626 0.035 53685.157528 19.425 0.028 53685.158361 19.319 0.026 53685.160028 19.29 0.078 -24.994539 0.06368
53687.19754 19.764 0.113 53687.199206 19.675 0.039 53687.195873 19.352 0.027 53687.196706 19.327 0.025 53687.198373 19.277 0.078 -24.994539 0.06368
53694.173082 19.521 0.105 53694.174748 19.599 0.046 53694.171415 19.483 0.043 53694.172248 19.286 0.044 53694.173915 19.421 0.183 -24.994539 0.06368
53697.157172 19.647 0.078 53697.158838 19.622 0.027 53697.155505 19.352 0.065 53697.156338 -99.99 0.052 53697.158005 19.112 0.109 -24.994539 0.06368
53700.156132 19.705 0.047 53700.157798 19.588 0.014 53700.154465 19.396 0.016 53700.155298 19.336 0.019 53700.156965 19.379 0.083 -24.994539 0.06368
53705.142803 19.738 0.05 53705.144469 19.596 0.015 53705.141136 19.402 0.017 53705.141969 19.316 0.02 53705.143636 19.321 0.08 -24.994539 0.06368
53975.22785 19.49 0.035 53975.229517 19.4 0.016 53975.226184 19.29 0.018 53975.227017 19.265 0.019 53975.228684 19.29 0.067 -24.994539 0.06368
53993.295606 19.539 0.044 53993.297273 19.451 0.017 53993.29394 19.286 0.019 53993.294773 19.242 0.025 53993.29644 19.45 0.07 -24.994539 0.06368
53996.234543 19.575 0.034 53996.23621 19.452 0.015 53996.232877 19.259 0.019 53996.23371 19.218 0.018 53996.235377 19.203 0.05 -24.994539 0.06368
53998.203169 19.539 0.034 53998.204836 19.467 0.017 53998.201502 19.286 0.016 53998.202336 19.21 0.02 53998.204002 19.247 0.052 -24.994539 0.06368
54010.188643 19.599 0.041 54010.19031 19.483 0.019 54010.186976 19.307 0.017 54010.18781 19.265 0.02 54010.189476 19.207 0.051 -24.994539 0.06368
54012.181478 19.637 0.061 54012.183145 19.498 0.028 54012.179812 19.304 0.028 54012.180645 19.241 0.021 54012.182312 19.265 0.063 -24.994539 0.06368
54020.18748 19.641 0.038 54020.189147 19.483 0.02 54020.185814 19.326 0.015 54020.186647 19.264 0.017 54020.188314 19.374 0.068 -24.994539 0.06368
54022.236741 19.642 0.035 54022.238407 19.478 0.017 54022.235074 19.328 0.015 54022.235907 19.274 0.017 54022.237574 19.271 0.054 -24.994539 0.06368
54028.177874 19.568 0.041 54028.179541 19.457 0.021 54028.176208 19.326 0.02 54028.177041 19.254 0.02 54028.178708 19.229 0.065 -24.994539 0.06368
54030.181014 19.622 0.036 54030.182681 19.518 0.017 54030.179347 19.316 0.013 54030.180181 19.242 0.016 54030.181847 19.301 0.053 -24.994539 0.06368
54035.256796 19.563 0.062 54035.258462 19.519 0.022 54035.255129 19.348 0.028 54035.255962 19.277 0.034 54035.257629 19.285 0.101 -24.994539 0.06368
54037.162268 19.649 0.042 54037.163934 19.468 0.017 54037.160601 19.32 0.018 54037.161434 19.263 0.021 54037.163101 19.288 0.066 -24.994539 0.06368
54040.176785 19.651 0.072 54040.178452 19.506 0.039 54040.175119 19.321 0.026 54040.175952 19.23 0.025 54040.177619 19.181 0.077 -24.994539 0.06368
54050.161398 19.616 0.064 54050.163065 19.467 0.024 54050.159731 19.283 0.022 54050.160565 19.272 0.033 54050.162231 19.173 0.103 -24.994539 0.06368
54053.167548 19.596 0.042 54053.169214 19.455 0.023 54053.165881 19.309 0.019 54053.166714 19.279 0.022 54053.168381 19.225 0.079 -24.994539 0.06368
54056.169211 19.63 0.063 54056.170877 19.506 0.042 54056.167544 19.314 0.034 54056.168377 19.207 0.044 54056.170044 19.345 0.118 -24.994539 0.06368
54057.137856 19.429 0.034 54057.139523 -99.99 0.017 54057.136189 -99.99 0.015 54057.137023 19.208 0.017 54057.138689 19.251 0.065 -24.994539 0.06368
54059.163514 19.545 0.046 54059.165181 19.44 0.018 54059.161848 19.32 0.019 54059.162681 19.212 0.021 54059.164348 19.249 0.077 -24.994539 0.06368
54061.174629 -99.99 0.048 54061.176296 -99.99 0.031 54061.172962 19.311 0.019 54061.173796 19.264 0.025 54061.175462 19.248 0.087 -24.994539 0.06368
54062.168443 19.579 0.048 54062.17011 19.448 0.019 54062.166777 19.302 0.022 54062.16761 19.263 0.025 54062.169277 19.381 0.094 -24.994539 0.06368
54068.158354 19.534 0.105 54068.16002 19.453 0.046 54068.156687 19.35 0.039 54068.15752 19.216 0.035 54068.159187 19.266 0.123 -24.994539 0.06368
54357.206691 19.614 0.043 54357.208357 19.444 0.031 54357.205024 19.306 0.024 54357.205857 19.308 0.027 54357.207524 19.199 0.076 -24.994539 0.06368
54365.204574 -99.99 0.053 54365.20624 19.489 0.029 54365.202907 19.323 0.022 54365.20374 19.251 0.026 54365.205407 19.403 0.095 -24.994539 0.06368
54376.265202 19.591 0.049 54376.266868 19.499 0.018 54376.263535 19.344 0.021 54376.264368 19.264 0.028 54376.266035 19.312 0.079 -24.994539 0.06368
54385.254535 19.737 0.051 54385.256201 19.549 0.021 54385.252868 19.337 0.018 54385.253701 19.313 0.025 54385.255368 19.251 0.071 -24.994539 0.06368
54387.255011 19.628 0.052 54387.256678 19.525 0.018 54387.253344 19.362 0.021 54387.254178 19.311 0.025 54387.255844 19.219 0.078 -24.994539 0.06368
54392.249755 19.704 0.054 54392.251422 19.572 0.023 54392.248089 19.33 0.02 54392.248922 19.261 0.021 54392.250589 19.475 0.103 -24.994539 0.06368
54402.248178 19.6 0.103 54402.249844 19.594 0.035 54402.246511 19.343 0.031 54402.247344 19.319 0.03 54402.249011 19.263 0.08 -24.994539 0.06368
