51819.289603 20.722 0.086 51819.291269 20.327 0.027 51819.287936 20.168 0.026 51819.288769 19.822 0.029 51819.290436 19.878 0.113 -23.50463 -1.067016
52172.305185 20.478 0.061 52172.306851 20.284 0.025 52172.303518 20.074 0.024 52172.304351 19.823 0.028 52172.306018 19.888 0.103 -23.50463 -1.067016
52172.355358 20.307 0.063 52172.357024 20.287 0.027 52172.353691 20.056 0.023 52172.354524 19.83 0.027 52172.356191 19.791 0.1 -23.50463 -1.067016
52558.254881 20.578 0.067 52558.256547 20.316 0.024 52558.253214 20.099 0.023 52558.254047 19.861 0.027 52558.255714 19.941 0.096 -23.50463 -1.067016
52577.142374 20.778 0.078 52577.14404 20.287 0.029 52577.140707 20.094 0.029 52577.14154 19.752 0.031 52577.143207 20.053 0.144 -23.50463 -1.067016
52586.145852 20.517 0.058 52586.147518 20.353 0.024 52586.144185 20.116 0.026 52586.145018 19.831 0.029 52586.146685 19.966 0.119 -23.50463 -1.067016
52931.156534 20.352 0.051 52931.1582 19.992 0.021 52931.154867 19.869 0.019 52931.1557 19.587 0.022 52931.157367 19.597 0.071 -23.50463 -1.067016
52935.153498 20.403 0.061 52935.155164 20.003 0.02 52935.151831 19.883 0.021 52935.152664 19.624 0.023 52935.154331 19.628 0.077 -23.50463 -1.067016
53313.1467 20.014 0.053 53313.148366 19.829 0.021 53313.145033 19.733 0.023 53313.145866 19.511 0.027 53313.147533 19.428 0.082 -23.50463 -1.067016
53622.255943 20.698 0.101 53622.257609 20.27 0.031 53622.254276 19.982 0.027 53622.255109 19.757 0.034 53622.256776 19.798 0.13 -23.50463 -1.067016
53625.251908 20.537 0.06 53625.253574 20.231 0.023 53625.250241 20.002 0.021 53625.251074 19.726 0.023 53625.252741 19.769 0.069 -23.50463 -1.067016
53634.205413 20.322 0.209 53634.207079 20.079 0.077 53634.203746 20.088 0.066 53634.204579 19.655 0.048 53634.206246 -99.99 0.138 -23.50463 -1.067016
53636.210946 20.355 0.075 53636.212612 20.228 0.035 53636.209279 19.992 0.029 53636.210112 19.688 0.03 53636.211779 19.76 0.093 -23.50463 -1.067016
53655.182952 20.139 0.127 53655.184618 -99.99 0.048 53655.181285 19.978 0.043 53655.182118 19.706 0.041 53655.183785 19.552 0.114 -23.50463 -1.067016
53664.207909 20.258 0.107 53664.209575 20.132 0.04 53664.206242 19.979 0.041 53664.207075 19.749 0.042 53664.208742 19.648 0.121 -23.50463 -1.067016
53666.171512 20.268 0.053 53666.173178 20.11 0.02 53666.169845 19.941 0.021 53666.170678 19.658 0.026 53666.172345 19.588 0.086 -23.50463 -1.067016
53669.167149 20.326 0.053 53669.168815 20.12 0.021 53669.165482 19.91 0.021 53669.166315 19.589 0.024 53669.167982 19.56 0.081 -23.50463 -1.067016
53671.251938 -99.99 0.184 53671.253604 20.166 0.043 53671.250271 19.885 0.039 53671.251104 19.713 0.048 53671.252771 -99.99 0.244 -23.50463 -1.067016
53674.151385 20.37 0.063 53674.153051 20.159 0.023 53674.149718 19.97 0.023 53674.150551 19.673 0.026 53674.152218 19.702 0.087 -23.50463 -1.067016
53676.240879 20.5 0.072 53676.242545 20.144 0.021 53676.239212 19.965 0.021 53676.240045 19.723 0.024 53676.241712 19.737 0.08 -23.50463 -1.067016
53679.212763 20.309 0.073 53679.214429 20.129 0.027 53679.211096 19.92 0.028 53679.211929 19.633 0.03 53679.213596 19.769 0.11 -23.50463 -1.067016
53681.204275 20.384 0.058 53681.205941 20.152 0.021 53681.202608 19.937 0.019 53681.203441 19.694 0.022 53681.205108 19.549 0.059 -23.50463 -1.067016
53685.163321 20.414 0.173 53685.164987 20.136 0.067 53685.161654 19.898 0.048 53685.162487 19.665 0.044 53685.164154 19.567 0.1 -23.50463 -1.067016
53687.201667 20.077 0.171 53687.203333 20.187 0.072 53687.2 19.943 0.041 53687.200833 19.649 0.036 53687.2025 19.759 0.119 -23.50463 -1.067016
53694.177209 20.672 0.317 53694.178875 20.174 0.089 53694.175542 19.955 0.062 53694.176375 19.788 0.071 53694.178042 19.667 0.197 -23.50463 -1.067016
53697.161298 20.431 0.097 53697.162964 20.057 0.036 53697.159631 20.009 0.052 53697.160464 19.706 0.044 53697.162131 19.713 0.126 -23.50463 -1.067016
53700.160259 20.297 0.059 53700.161925 20.129 0.024 53700.158592 19.912 0.023 53700.159425 19.649 0.027 53700.161092 19.885 0.101 -23.50463 -1.067016
53705.146928 20.182 0.061 53705.148594 20.195 0.026 53705.145261 19.884 0.025 53705.146094 19.704 0.028 53705.147761 19.733 0.1 -23.50463 -1.067016
53975.231928 20.151 0.048 53975.233595 19.892 0.022 53975.230261 19.738 0.021 53975.231095 19.553 0.023 53975.232761 19.366 0.062 -23.50463 -1.067016
53993.299738 20.104 0.049 53993.301405 19.912 0.03 53993.298071 19.753 0.018 53993.298905 19.543 0.02 53993.300571 19.541 0.054 -23.50463 -1.067016
53996.238663 20.141 0.046 53996.240329 19.86 0.02 53996.236996 19.74 0.019 53996.237829 19.538 0.022 53996.239496 19.454 0.059 -23.50463 -1.067016
53998.207279 20.126 0.042 53998.208946 19.857 0.024 53998.205612 19.748 0.022 53998.206446 19.504 0.023 53998.208112 19.583 0.058 -23.50463 -1.067016
54005.237531 20.197 0.046 54005.239197 19.88 0.018 54005.235864 19.733 0.018 54005.236697 19.557 0.02 54005.238364 19.457 0.054 -23.50463 -1.067016
54010.192762 20.187 0.064 54010.194429 19.905 0.03 54010.191095 19.782 0.022 54010.191929 19.521 0.022 54010.193595 19.563 0.059 -23.50463 -1.067016
54012.185607 20.207 0.104 54012.187273 19.937 0.046 54012.18394 19.745 0.031 54012.184773 19.547 0.029 54012.18644 19.604 0.074 -23.50463 -1.067016
54020.191585 20.068 0.052 54020.193251 19.923 0.024 54020.189918 19.796 0.021 54020.190751 19.554 0.025 54020.192418 19.635 0.074 -23.50463 -1.067016
54022.240862 20.232 0.045 54022.242529 19.937 0.024 54022.239195 19.755 0.018 54022.240029 19.552 0.023 54022.241695 19.509 0.055 -23.50463 -1.067016
54028.181966 20.142 0.051 54028.183632 19.894 0.027 54028.180299 19.769 0.024 54028.181132 19.573 0.026 54028.182799 19.695 0.082 -23.50463 -1.067016
54030.185148 20.165 0.045 54030.186815 19.914 0.029 54030.183482 19.761 0.018 54030.184315 19.527 0.021 54030.185982 19.552 0.057 -23.50463 -1.067016
54035.260917 20.343 0.101 54035.262584 19.917 0.027 54035.25925 19.81 0.039 54035.260084 19.578 0.035 54035.26175 19.485 0.106 -23.50463 -1.067016
54037.166409 20.17 0.05 54037.168076 19.9 0.028 54037.164743 19.819 0.022 54037.165576 19.521 0.024 54037.167243 19.7 0.075 -23.50463 -1.067016
54040.180866 20.047 0.101 54040.182533 19.883 0.052 54040.179199 19.789 0.042 54040.180033 19.573 0.039 54040.181699 19.42 0.09 -23.50463 -1.067016
54050.165521 20.323 0.08 54050.167188 19.916 0.032 54050.163855 19.79 0.034 54050.164688 19.638 0.043 54050.166355 19.346 0.095 -23.50463 -1.067016
54053.17169 20.178 0.051 54053.173357 19.924 0.039 54053.170023 19.781 0.024 54053.170857 19.492 0.027 54053.172523 19.646 0.092 -23.50463 -1.067016
54056.173331 20.101 0.086 54056.174998 19.934 0.029 54056.171665 19.711 0.032 54056.172498 19.585 0.046 54056.174165 19.315 0.094 -23.50463 -1.067016
54057.141981 20.233 0.05 54057.143647 19.953 0.022 54057.140314 19.772 0.023 54057.141147 19.562 0.027 54057.142814 19.555 0.072 -23.50463 -1.067016
54059.167608 20.353 0.07 54059.169275 19.947 0.026 54059.165941 19.764 0.025 54059.166775 19.552 0.024 54059.168441 19.606 0.092 -23.50463 -1.067016
54061.178655 20.186 0.07 54061.180321 19.966 0.028 54061.176988 19.715 0.025 54061.177821 19.551 0.041 54061.179488 19.53 0.091 -23.50463 -1.067016
54062.172506 20.229 0.068 54062.174172 19.929 0.026 54062.170839 19.819 0.027 54062.171673 19.55 0.033 54062.173339 19.5 0.092 -23.50463 -1.067016
54068.162591 19.896 0.138 54068.164257 19.914 0.06 54068.160924 19.708 0.05 54068.161757 19.574 0.054 54068.163424 19.558 0.148 -23.50463 -1.067016
54357.210799 20.01 0.046 54357.212465 19.801 0.019 54357.209132 19.708 0.024 54357.209965 19.46 0.026 54357.211632 19.559 0.069 -23.50463 -1.067016
54365.208679 20.039 0.078 54365.210346 19.835 0.03 54365.207012 19.766 0.03 54365.207846 19.458 0.032 54365.209512 19.431 0.08 -23.50463 -1.067016
54376.269284 20.148 0.066 54376.27095 19.871 0.026 54376.267617 19.724 0.024 54376.26845 19.492 0.034 54376.270117 19.472 0.083 -23.50463 -1.067016
54385.258629 20.051 0.061 54385.260295 19.886 0.023 54385.256962 19.698 0.022 54385.257795 19.482 0.025 54385.259462 19.547 0.073 -23.50463 -1.067016
54387.259133 20.106 0.064 54387.260799 19.855 0.022 54387.257466 19.771 0.022 54387.258299 19.512 0.026 54387.259966 19.579 0.087 -23.50463 -1.067016
54392.253856 20.068 0.066 54392.255523 19.822 0.027 54392.252189 19.722 0.02 54392.253023 19.508 0.026 54392.254689 19.487 0.08 -23.50463 -1.067016
54402.252306 20.021 0.143 54402.253972 19.731 0.042 54402.250639 19.707 0.036 54402.251472 19.495 0.033 54402.253139 19.469 0.086 -23.50463 -1.067016
