51467.312715 20.768 0.158 51467.314381 20.52 0.037 51467.311048 20.535 0.055 51467.311881 20.097 0.054 51467.313548 20.338 0.316 -23.844246 0.112455
51819.288774 20.924 0.101 51819.29044 20.73 0.032 51819.287107 20.577 0.033 51819.28794 20.173 0.035 51819.289607 20.374 0.201 -23.844246 0.112455
52172.304271 20.897 0.095 52172.305937 20.655 0.028 52172.302604 20.523 0.032 52172.303437 20.176 0.034 52172.305104 20.214 0.16 -23.844246 0.112455
52172.354399 20.916 0.107 52172.356065 20.696 0.03 52172.352732 20.579 0.036 52172.353565 20.201 0.035 52172.355232 20.227 0.169 -23.844246 0.112455
52558.253939 21.176 0.118 52558.255605 20.871 0.031 52558.252272 20.685 0.038 52558.253105 20.343 0.038 52558.254772 20.23 0.152 -23.844246 0.112455
52577.141434 21.075 0.115 52577.1431 20.89 0.033 52577.139767 20.704 0.045 52577.1406 20.314 0.051 52577.142267 19.976 0.163 -23.844246 0.112455
52586.144912 21.055 0.093 52586.146578 20.907 0.031 52586.143245 20.833 0.042 52586.144078 20.329 0.04 52586.145745 20.806 0.273 -23.844246 0.112455
52935.152559 21.219 0.12 52935.154225 20.987 0.033 52935.150892 20.781 0.042 52935.151725 20.401 0.044 52935.153392 20.618 0.238 -23.844246 0.112455
53313.145761 21.34 0.168 53313.147427 20.912 0.039 53313.144094 20.865 0.057 53313.144927 20.357 0.056 53313.146594 20.456 0.288 -23.844246 0.112455
53622.255004 20.846 0.132 53622.25667 20.956 0.047 53622.253337 20.889 0.063 53622.25417 20.276 0.057 53622.255837 20.143 0.221 -23.844246 0.112455
53625.250969 21.693 0.155 53625.252635 21.076 0.037 53625.249302 20.794 0.037 53625.250135 20.442 0.039 53625.251802 20.243 0.131 -23.844246 0.112455
53634.204474 20.724 0.31 53634.20614 21.051 0.17 53634.202807 20.617 0.103 53634.20364 20.208 0.093 53634.205307 20.755 0.602 -23.844246 0.112455
53636.210005 21.338 0.171 53636.211671 21.046 0.057 53636.208338 20.758 0.047 53636.209171 20.408 0.044 53636.210838 20.129 0.149 -23.844246 0.112455
53655.182011 21.339 0.367 53655.183677 20.833 0.095 53655.180344 20.603 0.082 53655.181177 20.295 0.073 53655.182844 19.892 0.21 -23.844246 0.112455
53664.20697 21.007 0.277 53664.208636 21.045 0.105 53664.205303 20.865 0.093 53664.206136 20.381 0.074 53664.207803 20.187 0.202 -23.844246 0.112455
53666.170572 21.469 0.143 53666.172238 21.037 0.033 53666.168905 20.843 0.042 53666.169738 20.401 0.044 53666.171405 20.208 0.166 -23.844246 0.112455
53669.166211 21.214 0.112 53669.167877 21.043 0.032 53669.164544 20.865 0.04 53669.165377 20.36 0.04 53669.167044 20.576 0.209 -23.844246 0.112455
53674.150446 21.418 0.165 53674.152112 21.03 0.039 53674.148779 20.741 0.039 53674.149612 20.391 0.043 53674.151279 20.343 0.189 -23.844246 0.112455
53676.239939 21.097 0.13 53676.241605 21.038 0.036 53676.238272 20.802 0.037 53676.239105 20.365 0.036 53676.240772 20.158 0.128 -23.844246 0.112455
53679.211823 20.983 0.161 53679.213489 20.96 0.045 53679.210156 20.666 0.056 53679.210989 20.28 0.054 53679.212656 21.242 0.519 -23.844246 0.112455
53681.203335 21.362 0.151 53681.205001 21.007 0.033 53681.201668 20.824 0.039 53681.202501 20.355 0.034 53681.204168 20.418 0.148 -23.844246 0.112455
53685.162381 21.625 0.461 53685.164047 20.934 0.121 53685.160714 20.751 0.095 53685.161547 20.355 0.073 53685.163214 20.215 0.197 -23.844246 0.112455
53687.200726 21.14 0.437 53687.202392 20.896 0.142 53687.199059 20.808 0.1 53687.199892 20.324 0.064 53687.201559 20.28 0.229 -23.844246 0.112455
53697.160358 21.18 0.251 53697.162024 21.005 0.059 53697.158691 20.726 0.097 53697.159524 20.358 0.094 53697.161191 20.477 0.295 -23.844246 0.112455
53700.159317 21.544 0.218 53700.160983 20.889 0.035 53700.15765 20.655 0.045 53700.158483 20.295 0.046 53700.16015 19.885 0.135 -23.844246 0.112455
53705.145988 21.399 0.174 53705.147654 20.955 0.043 53705.144321 20.82 0.053 53705.145154 20.33 0.045 53705.146821 20.384 0.2 -23.844246 0.112455
53975.230989 20.716 0.07 53975.232656 20.503 0.022 53975.229322 20.411 0.025 53975.230156 20.12 0.032 53975.231822 19.79 0.099 -23.844246 0.112455
53993.298815 -99.99 0.086 53993.300482 20.482 0.025 53993.297148 20.4 0.027 53993.297982 20.136 0.028 53993.299648 20.314 0.134 -23.844246 0.112455
53996.237707 20.908 0.083 53996.239374 20.523 0.024 53996.236041 20.353 0.024 53996.236874 20.09 0.028 53996.238541 19.938 0.103 -23.844246 0.112455
53998.206353 20.787 0.078 53998.208019 20.497 0.023 53998.204686 20.407 0.026 53998.205519 20.057 0.025 53998.207186 20.07 0.102 -23.844246 0.112455
54005.236588 20.833 0.082 54005.238255 20.519 0.022 54005.234921 20.378 0.025 54005.235755 19.997 0.024 54005.237421 20.049 0.105 -23.844246 0.112455
54010.191934 20.821 0.105 54010.193601 20.415 0.035 54010.190267 20.353 0.031 54010.191101 20.067 0.029 54010.192767 19.912 0.091 -23.844246 0.112455
54012.184734 20.725 0.153 54012.186401 20.484 0.057 54012.183068 20.257 0.045 54012.183901 20.086 0.046 54012.185568 20.048 0.117 -23.844246 0.112455
54020.190654 20.572 0.075 54020.192321 20.454 0.024 54020.188987 20.348 0.027 54020.189821 20.112 0.032 54020.191487 20.158 0.134 -23.844246 0.112455
54022.23993 20.802 0.072 54022.241597 20.469 0.022 54022.238264 20.342 0.022 54022.239097 20.122 0.026 54022.240764 20.022 0.092 -23.844246 0.112455
54028.181014 20.723 0.08 54028.182681 20.483 0.024 54028.179347 20.503 0.036 54028.180181 20.027 0.034 54028.181847 19.888 0.113 -23.844246 0.112455
54030.184202 20.78 0.072 54030.185868 20.513 0.022 54030.182535 20.33 0.025 54030.183368 20.06 0.028 54030.185035 20.169 0.106 -23.844246 0.112455
54035.260001 20.674 0.163 54035.261667 20.479 0.037 54035.258334 20.387 0.048 54035.259167 -99.99 0.068 54035.260834 20.144 0.228 -23.844246 0.112455
54037.165464 20.804 0.095 54037.16713 20.448 0.029 54037.163797 20.351 0.031 54037.16463 20.119 0.033 54037.166297 19.854 0.099 -23.844246 0.112455
54050.164557 20.89 0.194 54050.166223 20.396 0.035 54050.16289 20.32 0.045 54050.163723 19.997 0.057 54050.16539 20.084 0.223 -23.844246 0.112455
54053.170755 20.636 0.088 54053.172422 20.434 0.027 54053.169089 20.292 0.032 54053.169922 20 0.034 54053.171589 20.145 0.161 -23.844246 0.112455
54056.172387 20.65 0.166 54056.174054 20.328 0.034 54056.170721 20.279 0.049 54056.171554 19.99 0.049 54056.173221 19.921 0.209 -23.844246 0.112455
54057.141147 20.772 0.083 54057.142813 -99.99 0.022 54057.13948 -99.99 0.031 54057.140313 20.026 0.032 54057.14198 19.801 0.104 -23.844246 0.112455
54059.166688 20.655 0.088 54059.168354 20.356 0.026 54059.165021 20.317 0.036 54059.165854 19.951 0.036 54059.167521 20.044 0.145 -23.844246 0.112455
54061.177751 20.706 0.096 54061.179417 20.412 0.031 54061.176084 20.226 0.035 54061.176917 19.935 0.039 54061.178584 19.944 0.128 -23.844246 0.112455
54062.171565 20.898 0.139 54062.173231 20.387 0.026 54062.169898 20.276 0.034 54062.170731 20.008 0.042 54062.172398 19.9 0.154 -23.844246 0.112455
54068.16162 20.554 0.259 54068.163287 20.252 0.083 54068.159954 20.374 0.089 54068.160787 19.98 0.066 54068.162454 19.689 0.191 -23.844246 0.112455
54357.209871 20.659 0.089 54357.211538 20.333 0.024 54357.208205 20.327 0.038 54357.209038 19.925 0.032 54357.210705 20.028 0.118 -23.844246 0.112455
54365.20774 -99.99 0.144 54365.209406 20.388 0.043 54365.206073 20.236 0.044 54365.206906 19.855 0.043 54365.208573 19.909 0.145 -23.844246 0.112455
54376.268343 -99.99 0.093 54376.270009 20.402 0.031 54376.266676 20.219 0.034 54376.267509 19.952 0.037 54376.269176 19.72 0.136 -23.844246 0.112455
54385.257713 20.5 0.098 54385.259379 20.37 0.025 54385.256046 20.294 0.032 54385.256879 19.997 0.035 54385.258546 20.058 0.15 -23.844246 0.112455
54387.258208 20.52 0.094 54387.259875 20.357 0.028 54387.256542 20.226 0.03 54387.257375 19.954 0.033 54387.259042 19.973 0.144 -23.844246 0.112455
54392.252935 20.648 0.093 54392.254602 20.351 0.027 54392.251269 20.271 0.043 54392.252102 19.944 0.034 54392.253769 19.709 0.117 -23.844246 0.112455
54402.25146 20.813 0.257 54402.253127 20.329 0.062 54402.249793 20.23 0.049 54402.250627 19.976 0.044 54402.252293 19.775 0.131 -23.844246 0.112455
