51075.243981 18.627 0.019 51075.245647 18.452 0.008 51075.242314 18.332 0.008 51075.243147 18.139 0.009 51075.244814 18.165 0.033 -20.16934 -0.138345
51464.231903 18.667 0.018 51464.233569 18.428 0.007 51464.230236 18.321 0.008 51464.231069 18.122 0.009 51464.232736 18.155 0.03 -20.16934 -0.138345
52197.25762 18.445 0.017 52197.259286 18.322 0.007 52197.255953 18.233 0.008 52197.256786 18.056 0.008 52197.258453 18.108 0.024 -20.16934 -0.138345
52231.143584 18.513 0.018 52231.14525 18.362 0.007 52231.141917 18.247 0.008 52231.14275 18.065 0.009 52231.144417 18.069 0.024 -20.16934 -0.138345
52557.251589 18.761 0.024 52557.253255 18.557 0.008 52557.249922 18.39 0.008 52557.250755 18.192 0.01 52557.252422 18.222 0.032 -20.16934 -0.138345
52578.147667 18.795 0.02 52578.149333 18.558 0.008 52578.146 18.387 0.008 52578.146833 18.176 0.009 52578.1485 18.208 0.025 -20.16934 -0.138345
52929.177894 18.521 0.017 52929.17956 18.345 0.007 52929.176227 18.249 0.008 52929.17706 18.077 0.008 52929.178727 18.088 0.023 -20.16934 -0.138345
52934.158051 18.532 0.018 52934.159717 -99.99 0.007 52934.156384 18.247 0.008 52934.157217 18.067 0.009 52934.158884 18.162 0.026 -20.16934 -0.138345
52936.153977 18.597 0.017 52936.155643 18.346 0.007 52936.15231 18.242 0.008 52936.153143 18.071 0.009 52936.15481 18.069 0.022 -20.16934 -0.138345
53270.218037 18.617 0.021 53270.219704 18.476 0.023 53270.21637 18.329 0.016 53270.217204 18.122 0.014 53270.21887 18.095 0.028 -20.16934 -0.138345
53272.267985 18.706 0.028 53272.269651 18.454 0.011 53272.266318 18.321 0.009 53272.267151 18.116 0.009 53272.268818 18.113 0.027 -20.16934 -0.138345
53286.236702 18.625 0.02 53286.238368 18.448 0.007 53286.235035 18.326 0.008 53286.235868 18.134 0.009 53286.237535 18.138 0.025 -20.16934 -0.138345
53288.195193 18.642 0.02 53288.196859 18.437 0.007 53288.193526 18.32 0.008 53288.194359 18.146 0.009 53288.196026 18.18 0.025 -20.16934 -0.138345
53294.222515 18.665 0.039 53294.224181 18.468 0.022 53294.220848 18.311 0.033 53294.221681 -99.99 0.034 53294.223348 18.228 0.037 -20.16934 -0.138345
53302.190859 18.643 0.03 53302.192525 18.462 0.013 53302.189192 18.333 0.012 53302.190025 18.157 0.011 53302.191692 18.192 0.032 -20.16934 -0.138345
53312.146431 18.64 0.019 53312.148097 18.468 0.019 53312.144764 18.315 0.013 53312.145597 18.136 0.013 53312.147264 18.223 0.028 -20.16934 -0.138345
53314.147589 18.678 0.02 53314.149255 18.469 0.007 53314.145922 18.328 0.008 53314.146755 18.158 0.009 53314.148422 18.209 0.029 -20.16934 -0.138345
53616.251957 18.685 0.025 53616.253623 18.49 0.008 53616.25029 18.359 0.009 53616.251123 18.189 0.012 53616.25279 18.099 0.038 -20.16934 -0.138345
53623.242168 -99.99 0.04 53623.243834 -99.99 0.012 53623.240501 18.365 0.009 53623.241334 18.14 0.012 53623.243001 -99.99 0.04 -20.16934 -0.138345
53626.22838 18.663 0.024 53626.230046 18.491 0.01 53626.226713 18.355 0.009 53626.227546 18.168 0.01 53626.229213 18.178 0.026 -20.16934 -0.138345
53628.213247 18.685 0.035 53628.214913 18.493 0.015 53628.21158 18.335 0.012 53628.212413 18.151 0.011 53628.21408 18.19 0.03 -20.16934 -0.138345
53637.214861 18.683 0.026 53637.216527 18.481 0.009 53637.213194 18.332 0.009 53637.214027 18.168 0.011 53637.215694 18.256 0.041 -20.16934 -0.138345
53644.20731 18.668 0.019 53644.208976 18.46 0.016 53644.205643 18.352 0.01 53644.206476 18.163 0.017 53644.208143 18.208 0.027 -20.16934 -0.138345
53654.241931 18.668 0.023 53654.243597 18.468 0.009 53654.240264 18.333 0.009 53654.241097 18.146 0.01 53654.242764 18.178 0.031 -20.16934 -0.138345
53656.189523 18.7 0.037 53656.191189 18.466 0.015 53656.187856 18.346 0.013 53656.188689 18.146 0.013 53656.190356 18.171 0.035 -20.16934 -0.138345
53663.202833 18.687 0.025 53663.204499 18.479 0.01 53663.201166 18.332 0.009 53663.201999 18.131 0.009 53663.203666 18.181 0.023 -20.16934 -0.138345
53668.192431 18.65 0.021 53668.194097 18.449 0.007 53668.190764 18.33 0.009 53668.191597 18.126 0.01 53668.193264 18.168 0.031 -20.16934 -0.138345
53670.197285 18.723 0.02 53670.198951 18.479 0.007 53670.195618 18.342 0.008 53670.196451 18.15 0.009 53670.198118 18.213 0.027 -20.16934 -0.138345
53673.165268 18.687 0.022 53673.166934 18.485 0.008 53673.163601 18.327 0.008 53673.164434 18.173 0.009 53673.166101 18.154 0.026 -20.16934 -0.138345
53675.162156 18.726 0.021 53675.163822 18.469 0.007 53675.160489 18.351 0.009 53675.161322 18.141 0.009 53675.162989 18.194 0.027 -20.16934 -0.138345
53677.183189 18.738 0.02 53677.184855 18.477 0.007 53677.181522 18.354 0.008 53677.182355 18.154 0.009 53677.184022 18.189 0.022 -20.16934 -0.138345
53680.169854 18.719 0.02 53680.17152 18.478 0.007 53680.168187 18.342 0.008 53680.16902 18.155 0.009 53680.170687 18.18 0.022 -20.16934 -0.138345
53686.236552 18.757 0.081 53686.238218 18.512 0.024 53686.234885 18.335 0.017 53686.235718 18.177 0.017 53686.237385 18.072 0.048 -20.16934 -0.138345
53693.171755 18.721 0.031 53693.173421 18.487 0.011 53693.170088 18.337 0.01 53693.170921 18.15 0.01 53693.172588 18.208 0.026 -20.16934 -0.138345
53702.167428 18.682 0.029 53702.169094 18.504 0.017 53702.165761 18.322 0.015 53702.166594 18.143 0.018 53702.168261 18.237 0.063 -20.16934 -0.138345
53704.15508 18.656 0.022 53704.156746 18.498 0.008 53704.153413 18.33 0.008 53704.154246 18.136 0.009 53704.155913 18.171 0.028 -20.16934 -0.138345
53989.251155 18.764 0.029 53989.252822 18.531 0.02 53989.249488 18.346 0.017 53989.250322 18.175 0.019 53989.251988 18.139 0.028 -20.16934 -0.138345
53995.240383 18.696 0.023 53995.242049 18.522 0.021 53995.238716 18.379 0.014 53995.239549 18.145 0.014 53995.241216 18.173 0.027 -20.16934 -0.138345
54000.226591 18.752 0.021 54000.228258 18.52 0.016 54000.224925 18.396 0.014 54000.225758 18.163 0.015 54000.227425 18.262 0.03 -20.16934 -0.138345
54007.27671 18.753 0.021 54007.278376 18.558 0.017 54007.275043 18.346 0.014 54007.275876 18.163 0.017 54007.277543 18.169 0.03 -20.16934 -0.138345
54009.200471 18.754 0.021 54009.202138 18.548 0.019 54009.198804 18.366 0.016 54009.199638 18.166 0.014 54009.201304 18.214 0.028 -20.16934 -0.138345
54011.264966 18.82 0.036 54011.266633 18.559 0.017 54011.263299 18.365 0.018 54011.264133 18.172 0.019 54011.265799 18.172 0.023 -20.16934 -0.138345
54019.215192 18.755 0.021 54019.216859 18.564 0.017 54019.213526 18.377 0.011 54019.214359 18.164 0.014 54019.216026 18.173 0.026 -20.16934 -0.138345
54025.263969 18.714 0.03 54025.265636 18.54 0.015 54025.262302 18.39 0.018 54025.263136 18.186 0.016 54025.264802 18.216 0.032 -20.16934 -0.138345
54029.194305 18.736 0.027 54029.195972 18.556 0.02 54029.192639 18.377 0.017 54029.193472 18.186 0.018 54029.195139 18.153 0.029 -20.16934 -0.138345
54358.21753 18.32 0.032 54358.219197 18.182 0.039 54358.215863 18.085 0.017 54358.216697 17.932 0.017 54358.218363 17.996 0.032 -20.16934 -0.138345
54365.250628 18.299 0.019 54365.252294 18.154 0.019 54365.248961 18.058 0.015 54365.249794 17.945 0.026 54365.251461 17.964 0.025 -20.16934 -0.138345
54373.324877 18.271 0.032 54373.326544 18.128 0.02 54373.323211 18.059 0.014 54373.324044 17.896 0.02 54373.325711 17.944 0.033 -20.16934 -0.138345
54382.259737 -99.99 0.024 54382.261404 18.092 0.028 54382.25807 18.029 0.012 54382.258904 17.883 0.016 54382.26057 17.916 0.029 -20.16934 -0.138345
54386.262478 18.254 0.02 54386.264145 18.131 0.014 54386.260812 18.019 0.013 54386.261645 17.89 0.014 54386.263312 17.939 0.023 -20.16934 -0.138345
54388.266772 18.276 0.021 54388.268438 18.089 0.019 54388.265105 18.031 0.015 54388.265938 17.883 0.018 54388.267605 17.915 0.025 -20.16934 -0.138345
54403.180579 18.239 0.033 54403.182246 18.082 0.017 54403.178912 18.006 0.012 54403.179746 17.874 0.014 54403.181412 17.929 0.025 -20.16934 -0.138345
54404.187177 18.259 0.016 54404.188843 18.067 0.018 54404.18551 17.99 0.013 54404.186343 17.883 0.017 54404.18801 17.953 0.026 -20.16934 -0.138345
54406.17436 -99.99 0.017 54406.176027 18.072 0.019 54406.172693 17.999 0.015 54406.173527 17.871 0.017 54406.175193 17.939 0.028 -20.16934 -0.138345
54412.177312 18.219 0.019 54412.178979 18.051 0.017 54412.175645 17.997 0.013 54412.176479 17.871 0.011 54412.178145 17.895 0.025 -20.16934 -0.138345
