51467.319582 -99.99 0.071 51467.321248 19.951 0.028 51467.317915 19.614 0.025 51467.318748 19.495 0.031 51467.320415 19.238 0.091 -21.35317 -1.23784
51819.29559 19.853 0.045 51819.297256 19.844 0.019 51819.293923 19.571 0.017 51819.294756 19.528 0.023 51819.296423 19.521 0.086 -21.35317 -1.23784
52172.311158 20.187 0.05 52172.312824 20.194 0.023 52172.309491 19.833 0.021 52172.310324 19.741 0.027 52172.311991 19.674 0.094 -21.35317 -1.23784
52172.361296 20.271 0.062 52172.362962 20.132 0.024 52172.359629 19.803 0.02 52172.360462 19.705 0.026 52172.362129 19.651 0.089 -21.35317 -1.23784
52558.26084 19.829 0.038 52558.262506 19.748 0.017 52558.259173 19.507 0.015 52558.260006 19.433 0.02 52558.261673 19.477 0.068 -21.35317 -1.23784
52577.148332 19.857 0.039 52577.149998 19.839 0.018 52577.146665 19.598 0.018 52577.147498 19.467 0.025 52577.149165 19.621 0.103 -21.35317 -1.23784
52586.151811 19.953 0.041 52586.153477 19.875 0.019 52586.150144 19.592 0.018 52586.150977 19.474 0.024 52586.152644 19.654 0.096 -21.35317 -1.23784
52931.162494 20.114 0.043 52931.16416 20.045 0.019 52931.160827 19.687 0.017 52931.16166 19.562 0.022 52931.163327 19.718 0.076 -21.35317 -1.23784
52935.159457 20.112 0.046 52935.161123 20.052 0.02 52935.15779 19.714 0.019 52935.158623 19.566 0.023 52935.16029 19.72 0.087 -21.35317 -1.23784
53313.15266 20.226 0.06 53313.154326 20.104 0.024 53313.150993 19.746 0.022 53313.151826 19.682 0.031 53313.153493 19.6 0.101 -21.35317 -1.23784
53622.261902 20.502 0.097 53622.263568 20.348 0.035 53622.260235 20.007 0.033 53622.261068 19.921 0.051 53622.262735 19.86 0.167 -21.35317 -1.23784
53625.257867 20.41 0.055 53625.259533 20.415 0.026 53625.2562 19.987 0.02 53625.257033 19.847 0.025 53625.2587 19.868 0.081 -21.35317 -1.23784
53634.211372 -99.99 0.209 53634.213038 20.516 0.123 53634.209705 -99.99 0.067 53634.210538 -99.99 0.073 53634.212205 -99.99 0.237 -21.35317 -1.23784
53636.216905 20.489 0.084 53636.218571 20.389 0.038 53636.215238 19.935 0.026 53636.216071 19.812 0.03 53636.217738 19.905 0.102 -21.35317 -1.23784
53655.188911 20.251 0.125 53655.190577 20.407 0.066 53655.187244 19.999 0.042 53655.188077 19.882 0.044 53655.189744 19.952 0.146 -21.35317 -1.23784
53664.213869 20.387 0.152 53664.215535 20.169 0.052 53664.212202 20.102 0.046 53664.213035 19.842 0.049 53664.214702 20.108 0.183 -21.35317 -1.23784
53666.177471 20.361 0.056 53666.179137 20.35 0.025 53666.175804 19.925 0.022 53666.176637 19.826 0.031 53666.178304 19.615 0.088 -21.35317 -1.23784
53669.173109 20.433 0.058 53669.174775 20.372 0.022 53669.171442 19.967 0.021 53669.172275 19.89 0.03 53669.173942 19.924 0.096 -21.35317 -1.23784
53671.257896 20.287 0.134 53671.259562 20.23 0.047 53671.256229 -99.99 0.045 53671.257062 -99.99 0.057 53671.258729 -99.99 0.167 -21.35317 -1.23784
53674.157344 20.339 0.058 53674.15901 20.318 0.027 53674.155677 19.963 0.022 53674.15651 19.801 0.027 53674.158177 19.753 0.084 -21.35317 -1.23784
53676.246838 20.542 0.075 53676.248504 20.383 0.027 53676.245171 19.926 0.02 53676.246004 19.87 0.026 53676.247671 19.867 0.087 -21.35317 -1.23784
53679.218722 20.396 0.082 53679.220388 20.31 0.033 53679.217055 19.918 0.03 53679.217888 19.773 0.036 53679.219555 19.646 0.107 -21.35317 -1.23784
53681.210234 20.396 0.063 53681.2119 20.362 0.025 53681.208567 19.983 0.021 53681.2094 19.801 0.025 53681.211067 19.851 0.086 -21.35317 -1.23784
53685.16928 20.532 0.195 53685.170946 20.37 0.08 53685.167613 20.02 0.055 53685.168446 19.846 0.055 53685.170113 20.211 0.184 -21.35317 -1.23784
53687.207625 21.707 0.826 53687.209291 20.175 0.075 53687.205958 19.982 0.047 53687.206791 19.779 0.044 53687.208458 19.685 0.107 -21.35317 -1.23784
53694.183167 20.868 0.388 53694.184833 20.374 0.106 53694.1815 20.011 0.071 53694.182333 19.971 0.094 53694.184 19.749 0.216 -21.35317 -1.23784
53697.167257 20.452 0.097 53697.168923 20.26 0.037 53697.16559 19.988 0.037 53697.166423 19.733 0.039 53697.16809 19.59 0.103 -21.35317 -1.23784
53700.166217 20.514 0.071 53700.167883 20.359 0.028 53700.16455 19.924 0.022 53700.165383 19.804 0.029 53700.16705 19.912 0.109 -21.35317 -1.23784
53705.152887 20.35 0.066 53705.154553 20.331 0.03 53705.15122 19.962 0.025 53705.152053 19.718 0.03 53705.15372 19.826 0.097 -21.35317 -1.23784
53975.23789 20.12 0.048 53975.239557 20.089 0.024 53975.236224 19.836 0.02 53975.237057 19.671 0.027 53975.238724 19.579 0.083 -21.35317 -1.23784
53993.305708 20.161 0.054 53993.307375 20.119 0.029 53993.304041 19.79 0.024 53993.304875 19.73 0.025 53993.306541 19.792 0.076 -21.35317 -1.23784
53996.244662 20.086 0.049 53996.246328 20.11 0.024 53996.242995 19.817 0.02 53996.243828 19.667 0.026 53996.245495 19.766 0.084 -21.35317 -1.23784
53998.213241 20.222 0.05 53998.214907 20.107 0.024 53998.211574 19.825 0.018 53998.212407 19.652 0.024 53998.214074 19.556 0.064 -21.35317 -1.23784
54005.243488 20.199 0.046 54005.245155 20.125 0.03 54005.241821 19.814 0.018 54005.242655 19.607 0.021 54005.244321 19.747 0.072 -21.35317 -1.23784
54010.198788 20.249 0.071 54010.200455 20.037 0.034 54010.197121 19.818 0.026 54010.197955 19.734 0.028 54010.199621 19.651 0.067 -21.35317 -1.23784
54012.191631 20.196 0.105 54012.193298 20.134 0.051 54012.189965 19.77 0.034 54012.190798 19.68 0.037 54012.192465 19.744 0.088 -21.35317 -1.23784
54020.197544 20.181 0.054 54020.199211 20.07 0.028 54020.195877 19.8 0.02 54020.196711 19.68 0.027 54020.198377 19.602 0.08 -21.35317 -1.23784
54022.246823 20.179 0.045 54022.24849 20.11 0.028 54022.245156 19.802 0.019 54022.24599 19.642 0.024 54022.247656 19.615 0.061 -21.35317 -1.23784
54028.187912 20.144 0.055 54028.189579 20.097 0.034 54028.186246 19.838 0.023 54028.187079 19.667 0.03 54028.188746 19.607 0.079 -21.35317 -1.23784
54030.191098 20.123 0.043 54030.192764 20.1 0.024 54030.189431 19.807 0.018 54030.190264 19.653 0.021 54030.191931 19.628 0.063 -21.35317 -1.23784
54035.266956 20.09 0.08 54035.268623 20.075 0.031 54035.26529 19.754 0.033 54035.266123 19.648 0.032 54035.26779 19.711 0.116 -21.35317 -1.23784
54037.172388 20.161 0.056 54037.174055 20.083 0.033 54037.170721 19.768 0.025 54037.171555 19.65 0.026 54037.173221 19.846 0.12 -21.35317 -1.23784
54040.186836 20.02 0.095 54040.188503 20.108 0.057 54040.18517 19.782 0.04 54040.186003 19.617 0.04 54040.18767 19.549 0.1 -21.35317 -1.23784
54050.171456 19.929 0.067 54050.173123 20.07 0.044 54050.16979 19.789 0.035 54050.170623 19.672 0.051 54050.17229 19.631 0.136 -21.35317 -1.23784
54053.177608 20.013 0.052 54053.179274 20.068 0.027 54053.175941 19.799 0.025 54053.176774 19.631 0.03 54053.178441 19.698 0.102 -21.35317 -1.23784
54056.179412 -99.99 0.105 54056.181079 20.064 0.05 54056.177746 19.803 0.044 54056.178579 19.708 0.095 54056.180246 19.533 0.13 -21.35317 -1.23784
54057.148001 20.106 0.051 54057.149667 20.027 0.032 54057.146334 19.792 0.02 54057.147167 19.669 0.026 54057.148834 19.42 0.07 -21.35317 -1.23784
54059.173562 20.115 0.058 54059.175229 20.069 0.027 54059.171895 19.787 0.021 54059.172729 19.626 0.026 54059.174395 19.557 0.086 -21.35317 -1.23784
54061.184615 20.102 0.059 54061.186282 20.017 0.035 54061.182948 19.766 0.024 54061.183782 19.614 0.03 54061.185448 19.517 0.088 -21.35317 -1.23784
54062.178475 20.035 0.063 54062.180141 20.02 0.036 54062.176808 19.72 0.038 54062.177641 19.68 0.036 54062.179308 19.615 0.109 -21.35317 -1.23784
54068.168546 20.043 0.154 54068.170213 19.965 0.066 54068.16688 19.656 0.05 54068.167713 19.637 0.054 54068.16938 19.643 0.156 -21.35317 -1.23784
54357.21676 20.089 0.045 54357.218427 20.064 0.021 54357.215094 19.737 0.019 54357.215927 19.585 0.023 54357.217594 19.794 0.078 -21.35317 -1.23784
54365.214614 20.108 0.085 54365.216281 20.109 0.036 54365.212947 19.713 0.03 54365.213781 19.633 0.031 54365.215447 19.903 0.13 -21.35317 -1.23784
54376.275237 20.235 0.064 54376.276903 20.095 0.028 54376.27357 19.752 0.03 54376.274403 19.683 0.028 54376.27607 19.647 0.094 -21.35317 -1.23784
54385.264583 20.289 0.063 54385.266249 20.117 0.029 54385.262916 19.768 0.021 54385.263749 19.646 0.026 54385.265416 19.727 0.081 -21.35317 -1.23784
54387.265114 20.12 0.063 54387.26678 20.079 0.037 54387.263447 19.78 0.024 54387.26428 19.642 0.029 54387.265947 19.526 0.089 -21.35317 -1.23784
54392.259917 20.315 0.074 54392.261583 20.149 0.026 54392.25825 19.782 0.024 54392.259083 19.629 0.029 54392.26075 19.695 0.106 -21.35317 -1.23784
54402.258369 20.533 0.234 54402.260035 20.23 0.066 54402.256702 19.818 0.036 54402.257535 19.624 0.035 54402.259202 19.8 0.122 -21.35317 -1.23784
