51075.235343 20.47 0.065 51075.237009 20.004 0.019 51075.233676 19.73 0.021 51075.234509 19.596 0.027 51075.236176 19.296 0.082 -23.287775 -0.454641
51464.223227 20.73 0.08 51464.224893 20.167 0.02 51464.22156 19.901 0.021 51464.222393 19.737 0.027 51464.22406 19.504 0.067 -23.287775 -0.454641
52197.249004 20.254 0.059 52197.25067 19.889 0.017 52197.247337 19.597 0.016 52197.24817 19.454 0.018 52197.249837 19.265 0.053 -23.287775 -0.454641
52231.134947 20.282 0.059 52231.136613 19.949 0.017 52231.13328 19.63 0.017 52231.134113 19.485 0.018 52231.13578 19.284 0.053 -23.287775 -0.454641
52557.242951 20.123 0.06 52557.244617 19.737 0.015 52557.241284 19.427 0.016 52557.242117 19.37 0.019 52557.243784 19.079 0.05 -23.287775 -0.454641
52578.139029 20.099 0.049 52578.140695 19.695 0.014 52578.137362 19.396 0.014 52578.138195 19.304 0.016 52578.139862 19.168 0.05 -23.287775 -0.454641
52929.169256 20.286 0.059 52929.170922 19.888 0.016 52929.167589 19.578 0.016 52929.168422 19.468 0.018 52929.170089 19.27 0.053 -23.287775 -0.454641
52934.149413 20.277 0.067 52934.151079 19.913 0.018 52934.147746 19.613 0.019 52934.148579 19.545 0.021 52934.150246 19.229 0.055 -23.287775 -0.454641
52936.145339 20.353 0.054 52936.147005 19.919 0.015 52936.143672 19.55 0.015 52936.144505 19.44 0.016 52936.146172 19.275 0.049 -23.287775 -0.454641
53270.209399 20.587 0.076 53270.211065 20.013 0.024 53270.207732 19.686 0.022 53270.208565 19.541 0.02 53270.210232 19.307 0.045 -23.287775 -0.454641
53272.259347 20.37 0.141 53272.261013 19.922 0.037 53272.25768 19.696 0.03 53272.258513 19.555 0.029 53272.26018 19.228 0.066 -23.287775 -0.454641
53286.228064 20.526 0.1 53286.22973 20.09 0.023 53286.226397 19.678 0.02 53286.22723 19.597 0.022 53286.228897 19.391 0.063 -23.287775 -0.454641
53288.186553 20.486 0.079 53288.188219 20.015 0.018 53288.184886 19.709 0.018 53288.185719 19.575 0.021 53288.187386 19.355 0.061 -23.287775 -0.454641
53294.213876 20.387 0.071 53294.215543 19.983 0.03 53294.21221 19.639 0.027 53294.213043 19.535 0.064 53294.21471 19.256 0.062 -23.287775 -0.454641
53302.182221 20.162 0.124 53302.183887 19.95 0.05 53302.180554 19.784 0.036 53302.181387 19.528 0.031 53302.183054 19.318 0.074 -23.287775 -0.454641
53312.13775 20.428 0.078 53312.139417 19.959 0.021 53312.136084 19.667 0.027 53312.136917 19.526 0.031 53312.138584 19.442 0.081 -23.287775 -0.454641
53314.13895 20.534 0.067 53314.140616 19.988 0.017 53314.137283 19.682 0.018 53314.138116 19.587 0.021 53314.139783 19.287 0.06 -23.287775 -0.454641
53616.243319 20.457 0.102 53616.244985 19.946 0.023 53616.241652 19.595 0.02 53616.242485 19.514 0.025 53616.244152 19.189 0.075 -23.287775 -0.454641
53623.233529 20.404 0.08 53623.235195 20.002 0.022 53623.231862 19.649 0.019 53623.232695 19.53 0.021 53623.234362 19.171 0.056 -23.287775 -0.454641
53626.219741 20.453 0.097 53626.221407 19.942 0.029 53626.218074 19.64 0.024 53626.218907 19.529 0.024 53626.220574 19.245 0.06 -23.287775 -0.454641
53628.204608 20.254 0.164 53628.206274 19.98 0.053 53628.202941 19.62 0.037 53628.203774 19.503 0.033 53628.205441 19.399 0.094 -23.287775 -0.454641
53637.206221 20.283 0.086 53637.207887 19.991 0.024 53637.204554 19.602 0.022 53637.205387 19.519 0.026 53637.207054 19.387 0.086 -23.287775 -0.454641
53644.198674 20.419 0.056 53644.200341 19.996 0.022 53644.197008 19.613 0.017 53644.197841 19.578 0.021 53644.199508 19.262 0.045 -23.287775 -0.454641
53654.233291 20.278 0.071 53654.234957 20 0.023 53654.231624 19.626 0.02 53654.232457 19.557 0.022 53654.234124 19.162 0.059 -23.287775 -0.454641
53656.180885 20.518 0.233 53656.182551 -99.99 0.082 53656.179218 19.641 0.041 53656.180051 19.629 0.042 53656.181718 19.093 0.091 -23.287775 -0.454641
53663.194193 20.385 0.103 53663.195859 19.936 0.026 53663.192526 19.625 0.02 53663.193359 19.55 0.02 53663.195026 19.334 0.052 -23.287775 -0.454641
53668.183793 20.209 0.072 53668.185459 19.89 0.018 53668.182126 19.593 0.02 53668.182959 19.499 0.029 53668.184626 19.19 0.071 -23.287775 -0.454641
53670.188646 20.269 0.065 53670.190312 19.896 0.017 53670.186979 19.587 0.019 53670.187812 19.494 0.021 53670.189479 19.323 0.064 -23.287775 -0.454641
53673.15663 20.18 0.061 53673.158296 19.898 0.017 53673.154963 19.633 0.02 53673.155796 19.486 0.021 53673.157463 19.26 0.06 -23.287775 -0.454641
53675.153518 20.286 0.062 53675.155184 19.904 0.016 53675.151851 19.626 0.018 53675.152684 19.506 0.02 53675.154351 19.288 0.059 -23.287775 -0.454641
53677.17455 20.388 0.06 53677.176216 19.901 0.015 53677.172883 19.567 0.016 53677.173716 19.494 0.017 53677.175383 19.201 0.043 -23.287775 -0.454641
53680.161216 20.296 0.062 53680.162882 19.933 0.016 53680.159549 19.616 0.017 53680.160382 19.515 0.018 53680.162049 19.2 0.044 -23.287775 -0.454641
53686.227916 19.723 0.194 53686.229582 19.844 0.08 53686.226249 19.529 0.054 53686.227082 19.417 0.046 53686.228749 19.356 0.134 -23.287775 -0.454641
53693.163117 20.471 0.138 53693.164783 19.933 0.033 53693.16145 19.57 0.022 53693.162283 19.553 0.022 53693.16395 19.231 0.052 -23.287775 -0.454641
53702.158798 20.247 0.112 53702.160465 19.952 0.031 53702.157131 19.595 0.037 53702.157965 19.5 0.043 53702.159631 19.419 0.15 -23.287775 -0.454641
53704.146443 20.418 0.077 53704.148109 19.934 0.019 53704.144776 19.587 0.017 53704.145609 19.45 0.02 53704.147276 19.173 0.057 -23.287775 -0.454641
53989.242494 20.522 0.104 53989.244161 20.141 0.036 53989.240827 19.799 0.025 53989.241661 19.731 0.027 53989.243327 19.379 0.057 -23.287775 -0.454641
53995.23177 20.423 0.054 53995.233436 20.096 0.025 53995.230103 19.774 0.029 53995.230936 19.689 0.021 53995.232603 19.334 0.044 -23.287775 -0.454641
54000.217914 20.528 0.077 54000.219581 20.054 0.025 54000.216247 19.791 0.025 54000.217081 19.596 0.026 54000.218747 19.349 0.06 -23.287775 -0.454641
54007.268106 20.324 0.064 54007.269773 20.131 0.026 54007.266439 19.75 0.02 54007.267273 19.658 0.023 54007.268939 19.374 0.06 -23.287775 -0.454641
54009.191827 20.543 0.074 54009.193493 20.061 0.028 54009.19016 19.772 0.022 54009.190993 19.645 0.024 54009.19266 19.419 0.057 -23.287775 -0.454641
54011.256327 20.401 0.097 54011.257994 20.045 0.032 54011.254661 19.778 0.025 54011.255494 19.65 0.025 54011.257161 19.444 0.053 -23.287775 -0.454641
54019.206548 20.475 0.083 54019.208215 20.078 0.024 54019.204881 19.737 0.018 54019.205715 19.639 0.023 54019.207381 19.331 0.043 -23.287775 -0.454641
54025.255345 20.393 0.116 54025.257012 20.083 0.028 54025.253679 19.797 0.025 54025.254512 19.657 0.026 54025.256179 19.335 0.088 -23.287775 -0.454641
54029.185701 20.561 0.074 54029.187367 20.051 0.02 54029.184034 19.739 0.018 54029.184867 19.621 0.021 54029.186534 19.344 0.056 -23.287775 -0.454641
54356.263832 20.305 0.07 54356.265498 20.062 0.019 54356.262165 19.698 0.02 54356.262998 19.595 0.024 54356.264665 19.323 0.054 -23.287775 -0.454641
54358.208968 20.392 0.09 54358.210634 20.097 0.023 54358.207301 19.675 0.025 54358.208134 19.587 0.029 54358.209801 19.412 0.077 -23.287775 -0.454641
54365.241955 20.37 0.089 54365.243622 20.04 0.029 54365.240289 19.672 0.022 54365.241122 19.572 0.026 54365.242789 19.336 0.061 -23.287775 -0.454641
54373.316161 20.157 0.176 54373.317828 20.098 0.062 54373.314494 19.638 0.035 54373.315328 19.548 0.038 54373.316994 19.229 0.091 -23.287775 -0.454641
54382.251103 20.396 0.092 54382.252769 19.894 0.029 54382.249436 19.656 0.024 54382.250269 19.53 0.025 54382.251936 19.324 0.079 -23.287775 -0.454641
54386.253845 20.262 0.055 54386.255512 19.935 0.019 54386.252178 19.647 0.022 54386.253012 19.518 0.023 54386.254678 19.171 0.049 -23.287775 -0.454641
54388.258122 20.418 0.077 54388.259789 19.955 0.02 54388.256456 19.657 0.02 54388.257289 19.458 0.022 54388.258956 19.253 0.059 -23.287775 -0.454641
54403.171883 20.291 0.083 54403.173549 19.886 0.035 54403.170216 19.618 0.028 54403.171049 19.486 0.025 54403.172716 19.251 0.062 -23.287775 -0.454641
54406.165736 20.297 0.058 54406.167403 19.93 0.022 54406.164069 19.588 0.019 54406.164903 19.532 0.024 54406.166569 19.225 0.056 -23.287775 -0.454641
54412.168647 20.205 0.096 54412.170313 -99.99 0.032 54412.16698 19.633 0.021 54412.167813 19.528 0.028 54412.16948 19.28 0.073 -23.287775 -0.454641
