51467.313062 21.554 0.381 51467.314728 20.47 0.041 51467.311395 20.081 0.042 51467.312228 19.593 0.036 51467.313895 19.534 0.126 -23.705047 -0.715725
51819.289043 20.994 0.13 51819.290709 20.488 0.029 51819.287376 20.078 0.026 51819.288209 19.662 0.026 51819.289876 19.341 0.077 -23.705047 -0.715725
52172.304638 20.793 0.099 52172.306304 20.407 0.025 52172.302971 20.086 0.025 52172.303804 19.626 0.023 52172.305471 19.477 0.075 -23.705047 -0.715725
52558.254326 21.113 0.127 52558.255992 20.477 0.026 52558.252659 20.154 0.027 52558.253492 19.657 0.022 52558.255159 19.535 0.073 -23.705047 -0.715725
52577.141819 20.899 0.105 52577.143485 20.449 0.026 52577.140152 20.119 0.029 52577.140985 19.583 0.027 52577.142652 19.756 0.116 -23.705047 -0.715725
52586.145297 20.991 0.103 52586.146963 20.403 0.024 52586.14363 20.062 0.026 52586.144463 19.693 0.024 52586.14613 19.487 0.079 -23.705047 -0.715725
52931.15598 21.028 0.115 52931.157646 20.61 0.03 52931.154313 20.208 0.029 52931.155146 19.72 0.024 52931.156813 19.53 0.076 -23.705047 -0.715725
52935.152944 21.169 0.131 52935.15461 20.629 0.03 52935.151277 20.204 0.029 52935.15211 19.733 0.025 52935.153777 19.555 0.082 -23.705047 -0.715725
53313.146145 21.017 0.142 53313.147811 20.675 0.033 53313.144478 20.292 0.035 53313.145311 19.678 0.032 53313.146978 19.335 0.091 -23.705047 -0.715725
53622.255389 21.203 0.188 53622.257055 20.745 0.042 53622.253722 20.32 0.04 53622.254555 19.778 0.034 53622.256222 19.706 0.128 -23.705047 -0.715725
53664.207355 21.348 0.338 53664.209021 20.757 0.08 53664.205688 20.193 0.054 53664.206521 19.729 0.038 53664.208188 19.758 0.127 -23.705047 -0.715725
53669.166595 21.289 0.141 53669.168261 20.621 0.028 53669.164928 20.196 0.03 53669.165761 19.74 0.027 53669.167428 19.561 0.088 -23.705047 -0.715725
53676.240325 21.225 0.164 53676.241991 20.648 0.03 53676.238658 20.324 0.028 53676.239491 19.851 0.023 53676.241158 19.738 0.079 -23.705047 -0.715725
53679.212209 21.173 0.199 53679.213875 20.572 0.035 53679.210542 20.25 0.038 53679.211375 19.728 0.032 53679.213042 19.471 0.088 -23.705047 -0.715725
53681.203721 20.963 0.12 53681.205387 20.609 0.027 53681.202054 20.22 0.027 53681.202887 19.731 0.022 53681.204554 19.54 0.064 -23.705047 -0.715725
53687.201113 21.956 1.081 53687.202779 20.566 0.108 53687.199446 20.165 0.055 53687.200279 19.797 0.037 53687.201946 19.594 0.095 -23.705047 -0.715725
53694.176653 20.421 0.282 53694.178319 20.683 0.141 53694.174986 20.295 0.089 53694.175819 19.622 0.056 53694.177486 -99.99 0.137 -23.705047 -0.715725
53697.160744 21.243 0.251 53697.16241 20.667 0.05 53697.159077 20.326 0.074 53697.15991 19.797 0.047 53697.161577 19.505 0.099 -23.705047 -0.715725
53705.146373 21.379 0.186 53705.148039 20.654 0.035 53705.144706 20.259 0.034 53705.145539 19.766 0.028 53705.147206 19.552 0.089 -23.705047 -0.715725
53996.238093 21.142 0.145 53996.239759 20.722 0.029 53996.236426 20.444 0.028 53996.237259 19.963 0.022 53996.238926 19.562 0.06 -23.705047 -0.715725
54020.191063 21.27 0.142 54020.192729 20.764 0.035 54020.189396 20.407 0.031 54020.190229 19.914 0.028 54020.191896 19.7 0.079 -23.705047 -0.715725
54028.181435 21.114 0.125 54028.183101 20.76 0.034 54028.179768 20.41 0.032 54028.180601 19.868 0.028 54028.182268 19.803 0.088 -23.705047 -0.715725
54035.260414 21.282 0.394 54035.262081 20.785 0.05 54035.258747 20.334 0.051 54035.259581 19.72 0.044 54035.261247 19.284 0.084 -23.705047 -0.715725
54037.165846 20.952 0.114 54037.167513 20.696 0.037 54037.16418 20.417 0.034 54037.165013 19.952 0.027 54037.16668 19.743 0.074 -23.705047 -0.715725
54050.164988 20.92 0.163 54050.166655 20.536 0.032 54050.163321 20.17 0.041 54050.164155 19.691 0.045 54050.165821 19.915 0.154 -23.705047 -0.715725
54053.171092 21.136 0.138 54053.172759 20.649 0.035 54053.169425 20.249 0.031 54053.170259 19.784 0.028 54053.171925 19.603 0.086 -23.705047 -0.715725
54057.141429 21.23 0.133 54057.143095 20.616 0.027 54057.139762 20.305 0.029 54057.140595 19.868 0.028 54057.142262 19.62 0.079 -23.705047 -0.715725
54059.167075 20.979 0.131 54059.168741 20.638 0.032 54059.165408 20.27 0.033 54059.166241 19.766 0.029 54059.167908 19.546 0.083 -23.705047 -0.715725
54061.178128 21.154 0.164 54061.179795 20.654 0.035 54061.176462 20.285 0.036 54061.177295 19.784 0.031 54061.178962 19.517 0.084 -23.705047 -0.715725
54062.171961 21.108 0.175 54062.173628 20.741 0.036 54062.170294 20.288 0.035 54062.171128 19.799 0.037 54062.172794 19.627 0.106 -23.705047 -0.715725
54357.210244 21.527 0.166 54357.211911 20.837 0.033 54357.208578 20.467 0.036 54357.209411 19.86 0.03 54357.211078 19.595 0.071 -23.705047 -0.715725
54385.258096 21.55 0.231 54385.259763 20.981 0.042 54385.25643 20.394 0.034 54385.257263 19.831 0.031 54385.25893 19.576 0.081 -23.705047 -0.715725
54387.25857 21.792 0.259 54387.260237 20.84 0.045 54387.256904 20.357 0.035 54387.257737 19.887 0.03 54387.259404 19.707 0.099 -23.705047 -0.715725
54392.253298 21.812 0.27 54392.254965 20.992 0.044 54392.251632 20.387 0.042 54392.252465 19.856 0.028 54392.254132 19.648 0.097 -23.705047 -0.715725
54402.251797 21.134 0.415 54402.253464 20.998 0.128 54402.250131 20.474 0.066 54402.250964 20.028 0.043 54402.252631 19.611 0.096 -23.705047 -0.715725
