51467.310082 22.095 0.45 51467.311748 20.525 0.038 51467.308415 19.846 0.03 51467.309248 19.71 0.04 51467.310915 19.483 0.113 -24.789185 0.996838
51819.28604 22.022 0.241 51819.287706 20.815 0.033 51819.284373 19.997 0.026 51819.285206 19.74 0.031 51819.286873 19.6 0.089 -24.789185 0.996838
52172.301629 21.392 0.141 52172.303295 20.803 0.032 52172.299962 19.988 0.023 52172.300795 19.676 0.027 52172.302462 19.422 0.073 -24.789185 0.996838
52172.35181 22.114 0.319 52172.353476 20.765 0.032 52172.350143 19.917 0.024 52172.350976 19.669 0.029 52172.352643 19.508 0.083 -24.789185 0.996838
52558.251322 21.716 0.191 52558.252988 20.777 0.029 52558.249655 19.943 0.021 52558.250488 19.665 0.026 52558.252155 19.436 0.072 -24.789185 0.996838
52577.138816 22.376 0.344 52577.140482 20.732 0.031 52577.137149 19.919 0.025 52577.137982 19.637 0.033 52577.139649 19.417 0.097 -24.789185 0.996838
52586.142295 21.732 0.18 52586.143961 20.762 0.029 52586.140628 19.948 0.024 52586.141461 19.688 0.03 52586.143128 19.56 0.091 -24.789185 0.996838
52931.152978 21.706 0.191 52931.154644 20.718 0.031 52931.151311 19.909 0.023 52931.152144 19.625 0.028 52931.153811 19.252 0.069 -24.789185 0.996838
52935.149942 22.011 0.239 52935.151608 20.743 0.03 52935.148275 19.9 0.022 52935.149108 19.663 0.028 52935.150775 19.504 0.085 -24.789185 0.996838
53313.143145 22.035 0.379 53313.144811 20.784 0.034 53313.141478 19.917 0.028 53313.142311 19.741 0.042 53313.143978 19.551 0.107 -24.789185 0.996838
53622.252389 21.843 0.326 53622.254055 20.701 0.038 53622.250722 19.784 0.024 53622.251555 19.613 0.034 53622.253222 19.422 0.103 -24.789185 0.996838
53625.248354 21.545 0.151 53625.25002 20.608 0.033 53625.246687 19.752 0.024 53625.24752 19.547 0.028 53625.249187 19.337 0.061 -24.789185 0.996838
53634.201858 21.809 0.773 53634.203524 -99.99 0.109 53634.200191 19.879 0.058 53634.201024 19.712 0.062 53634.202691 19.562 0.142 -24.789185 0.996838
53636.20739 21.759 0.251 53636.209056 20.613 0.038 53636.205723 19.777 0.025 53636.206556 19.598 0.028 53636.208223 19.572 0.084 -24.789185 0.996838
53655.179395 21.58 0.421 53655.181061 20.491 0.066 53655.177728 19.755 0.035 53655.178561 19.581 0.041 53655.180228 19.253 0.093 -24.789185 0.996838
53664.204354 22.19 0.771 53664.20602 20.678 0.081 53664.202687 19.793 0.035 53664.20352 19.592 0.038 53664.205187 19.423 0.104 -24.789185 0.996838
53666.167956 21.59 0.168 53666.169622 20.542 0.024 53666.166289 19.77 0.02 53666.167122 19.553 0.028 53666.168789 19.4 0.081 -24.789185 0.996838
53669.163594 21.465 0.136 53669.16526 20.596 0.024 53669.161927 19.805 0.019 53669.16276 19.534 0.026 53669.164427 19.372 0.07 -24.789185 0.996838
53671.24838 22.257 0.802 53671.250046 20.564 0.049 53671.246713 19.775 0.037 53671.247546 19.568 0.047 53671.249213 -99.99 0.189 -24.789185 0.996838
53674.14783 21.697 0.174 53674.149496 20.624 0.027 53674.146163 19.799 0.023 53674.146996 19.567 0.028 53674.148663 19.425 0.067 -24.789185 0.996838
53676.237321 21.608 0.196 53676.238987 20.543 0.027 53676.235654 19.742 0.02 53676.236487 19.51 0.024 53676.238154 19.288 0.059 -24.789185 0.996838
53679.209207 21.201 0.188 53679.210873 20.675 0.035 53679.20754 19.881 0.027 53679.208373 19.58 0.031 53679.21004 19.538 0.101 -24.789185 0.996838
53681.200718 21.445 0.147 53681.202384 20.589 0.024 53681.199051 19.771 0.021 53681.199884 19.685 0.026 53681.201551 19.438 0.058 -24.789185 0.996838
53685.159764 22.132 0.696 53685.16143 20.615 0.091 53685.158097 19.797 0.043 53685.15893 19.542 0.041 53685.160597 19.56 0.105 -24.789185 0.996838
53687.198109 22.461 1.359 53687.199775 20.541 0.087 53687.196442 19.757 0.04 53687.197275 19.564 0.038 53687.198942 19.362 0.083 -24.789185 0.996838
53694.173651 21.965 0.902 53694.175317 20.627 0.113 53694.171984 19.781 0.052 53694.172817 19.662 0.063 53694.174484 -99.99 0.189 -24.789185 0.996838
53697.157743 21.965 0.541 53697.159409 20.581 0.065 53697.156076 19.719 0.089 53697.156909 -99.99 0.057 53697.158576 19.183 0.109 -24.789185 0.996838
53700.156704 21.709 0.223 53700.15837 20.602 0.029 53700.155037 19.764 0.021 53700.15587 19.613 0.03 53700.157537 19.287 0.067 -24.789185 0.996838
53705.143372 21.65 0.234 53705.145038 20.612 0.031 53705.141705 19.773 0.022 53705.142538 19.62 0.03 53705.144205 19.414 0.074 -24.789185 0.996838
53975.228393 21.453 0.143 53975.230059 20.543 0.022 53975.226726 19.824 0.023 53975.227559 19.555 0.026 53975.229226 19.328 0.069 -24.789185 0.996838
53993.296177 21.651 0.203 53993.297843 20.54 0.026 53993.29451 19.781 0.023 53993.295343 19.554 0.027 53993.29701 19.454 0.065 -24.789185 0.996838
53996.235097 21.662 0.161 53996.236763 20.574 0.024 53996.23343 19.818 0.021 53996.234263 19.592 0.026 53996.23593 19.451 0.062 -24.789185 0.996838
53998.203723 21.791 0.172 53998.205389 20.545 0.025 53998.202056 19.779 0.017 53998.202889 19.583 0.023 53998.204556 19.274 0.058 -24.789185 0.996838
54005.233964 21.677 0.161 54005.23563 20.496 0.024 54005.232297 19.76 0.019 54005.23313 19.572 0.023 54005.234797 19.428 0.063 -24.789185 0.996838
54010.189208 21.635 0.23 54010.190875 20.587 0.042 54010.187542 19.735 0.023 54010.188375 19.627 0.027 54010.190042 19.715 0.145 -24.789185 0.996838
54012.182046 21.967 0.493 54012.183713 20.634 0.078 54012.18038 19.763 0.037 54012.181213 19.61 0.04 54012.18288 -99.99 0.078 -24.789185 0.996838
54020.188034 21.729 0.186 54020.189701 20.463 0.027 54020.186367 19.766 0.02 54020.187201 19.55 0.026 54020.188867 19.384 0.075 -24.789185 0.996838
54022.23731 21.484 0.134 54022.238976 20.54 0.022 54022.235643 19.783 0.021 54022.236476 19.57 0.023 54022.238143 19.482 0.059 -24.789185 0.996838
54028.178408 21.641 0.18 54028.180075 20.506 0.026 54028.176741 19.743 0.025 54028.177575 19.582 0.029 54028.179241 19.34 0.072 -24.789185 0.996838
54030.181602 21.541 0.137 54030.183268 20.548 0.024 54030.179935 19.764 0.019 54030.180768 19.578 0.025 54030.182435 19.311 0.055 -24.789185 0.996838
54035.25737 21.239 0.215 54035.259037 20.54 0.048 54035.255703 19.746 0.033 54035.256537 19.519 0.036 54035.258203 19.285 0.09 -24.789185 0.996838
54037.162842 21.638 0.205 54037.164509 20.513 0.031 54037.161175 19.728 0.027 54037.162009 19.608 0.034 54037.163675 19.45 0.077 -24.789185 0.996838
54040.177341 20.999 0.241 54040.179008 20.534 0.084 54040.175675 19.75 0.043 54040.176508 19.562 0.046 54040.178175 19.517 0.123 -24.789185 0.996838
54050.16194 21.629 0.312 54050.163607 20.482 0.036 54050.160274 19.755 0.033 54050.161107 19.662 0.046 54050.162774 19.374 0.109 -24.789185 0.996838
54053.16809 21.751 0.245 54053.169757 20.537 0.03 54053.166423 19.711 0.024 54053.167257 19.553 0.032 54053.168923 19.579 0.095 -24.789185 0.996838
54056.169771 21.193 0.238 54056.171438 20.57 0.043 54056.168105 19.778 0.035 54056.168938 19.66 0.04 54056.170605 -99.99 0.082 -24.789185 0.996838
54057.13844 21.283 0.125 54057.140107 20.603 0.026 54057.136773 19.785 0.023 54057.137607 19.559 0.028 54057.139273 19.387 0.07 -24.789185 0.996838
54059.164047 21.229 0.161 54059.165714 20.548 0.03 54059.162381 19.779 0.022 54059.163214 19.572 0.028 54059.164881 19.481 0.086 -24.789185 0.996838
54061.175123 21.349 0.173 54061.176789 20.551 0.031 54061.173456 19.794 0.026 54061.174289 19.614 0.034 54061.175956 19.529 0.09 -24.789185 0.996838
54062.168974 21.793 0.257 54062.170641 20.567 0.033 54062.167307 19.747 0.025 54062.168141 19.597 0.034 54062.169807 19.41 0.084 -24.789185 0.996838
54357.20725 21.505 0.201 54357.208917 20.585 0.033 54357.205584 19.768 0.024 54357.206417 19.623 0.03 54357.208084 19.333 0.063 -24.789185 0.996838
54365.205101 21.749 0.376 54365.206768 20.551 0.06 54365.203435 19.782 0.033 54365.204268 19.522 0.032 54365.205935 19.249 0.082 -24.789185 0.996838
54376.265736 22.076 0.344 54376.267402 20.58 0.038 54376.264069 19.808 0.028 54376.264902 19.607 0.029 54376.266569 19.621 0.101 -24.789185 0.996838
54385.255067 21.367 0.196 54385.256734 20.689 0.034 54385.253401 19.766 0.03 54385.254234 19.586 0.03 54385.255901 19.485 0.073 -24.789185 0.996838
54387.255581 21.843 0.294 54387.257248 20.581 0.028 54387.253914 19.785 0.024 54387.254748 19.598 0.03 54387.256414 19.346 0.069 -24.789185 0.996838
54392.25031 21.885 0.34 54392.251977 20.629 0.033 54392.248644 19.803 0.024 54392.249477 19.574 0.032 54392.251144 19.473 0.091 -24.789185 0.996838
54402.248752 21.854 0.484 54402.250419 20.585 0.081 54402.247085 19.847 0.043 54402.247919 19.679 0.041 54402.249585 19.319 0.119 -24.789185 0.996838
