51467.315246 20.326 0.098 51467.316912 19.753 0.021 51467.313579 19.55 0.024 51467.314412 19.345 0.026 51467.316079 19.176 0.098 -22.937763 0.15479
51819.291179 20.221 0.061 51819.292845 19.742 0.015 51819.289512 19.545 0.017 51819.290345 19.35 0.02 51819.292012 19.126 0.067 -22.937763 0.15479
52172.306747 20.613 0.076 52172.308413 19.999 0.018 52172.30508 19.711 0.018 52172.305913 19.477 0.02 52172.30758 19.118 0.063 -22.937763 0.15479
52172.356909 20.565 0.085 52172.358575 19.934 0.019 52172.355242 19.706 0.019 52172.356075 19.447 0.021 52172.357742 19.371 0.082 -22.937763 0.15479
52558.25645 20.368 0.062 52558.258116 19.961 0.016 52558.254783 19.749 0.018 52558.255616 19.529 0.02 52558.257283 19.243 0.062 -22.937763 0.15479
52577.143944 20.575 0.075 52577.14561 20.002 0.018 52577.142277 19.774 0.021 52577.14311 19.547 0.025 52577.144777 19.285 0.085 -22.937763 0.15479
52586.147422 20.579 0.068 52586.149088 20.05 0.017 52586.145755 19.828 0.021 52586.146588 19.576 0.024 52586.148255 19.464 0.084 -22.937763 0.15479
52931.158106 20.948 0.093 52931.159772 20.239 0.02 52931.156439 20.001 0.02 52931.157272 19.79 0.024 52931.158939 19.525 0.08 -22.937763 0.15479
52935.15507 20.911 0.097 52935.156736 20.188 0.019 52935.153403 20.025 0.024 52935.154236 19.757 0.024 52935.155903 19.639 0.091 -22.937763 0.15479
53313.148271 21.097 0.142 53313.149937 20.275 0.022 53313.146604 20.049 0.03 53313.147437 19.808 0.033 53313.149104 19.446 0.113 -22.937763 0.15479
53622.257515 20.745 0.123 53622.259181 20.183 0.026 53622.255848 19.995 0.027 53622.256681 19.704 0.033 53622.258348 19.48 0.115 -22.937763 0.15479
53625.253479 20.765 0.077 53625.255145 20.19 0.02 53625.251812 19.974 0.02 53625.252645 19.763 0.022 53625.254312 19.367 0.063 -22.937763 0.15479
53634.206984 -99.99 0.323 53634.20865 20.284 0.087 53634.205317 19.839 0.061 53634.20615 -99.99 0.054 53634.207817 -99.99 0.152 -22.937763 0.15479
53636.212516 20.643 0.107 53636.214182 20.217 0.03 53636.210849 19.954 0.026 53636.211682 19.694 0.027 53636.213349 19.508 0.097 -22.937763 0.15479
53655.184522 20.456 0.144 53655.186188 20.39 0.051 53655.182855 19.853 0.043 53655.183688 19.723 0.04 53655.185355 19.496 0.116 -22.937763 0.15479
53664.209481 20.639 0.159 53664.211147 20.211 0.049 53664.207814 19.987 0.036 53664.208647 19.601 0.037 53664.210314 19.284 0.103 -22.937763 0.15479
53666.173083 20.949 0.098 53666.174749 20.239 0.019 53666.171416 20.004 0.023 53666.172249 19.767 0.027 53666.173916 19.605 0.098 -22.937763 0.15479
53669.168721 20.914 0.091 53669.170387 20.238 0.019 53669.167054 20.005 0.022 53669.167887 19.777 0.026 53669.169554 19.318 0.072 -22.937763 0.15479
53674.152956 20.794 0.097 53674.154622 20.225 0.02 53674.151289 20.021 0.026 53674.152122 19.76 0.03 53674.153789 19.595 0.096 -22.937763 0.15479
53676.242449 20.835 0.1 53676.244115 20.256 0.021 53676.240782 20.014 0.023 53676.241615 19.759 0.024 53676.243282 19.598 0.078 -22.937763 0.15479
53679.214334 20.78 0.133 53679.216 20.188 0.024 53679.212667 19.959 0.029 53679.2135 19.7 0.032 53679.215167 19.383 0.102 -22.937763 0.15479
53681.205845 20.784 0.088 53681.207511 20.241 0.019 53681.204178 20.014 0.021 53681.205011 19.757 0.022 53681.206678 19.435 0.065 -22.937763 0.15479
53685.164891 20.648 0.226 53685.166557 20.182 0.066 53685.163224 19.992 0.055 53685.164057 19.737 0.047 53685.165724 19.509 0.115 -22.937763 0.15479
53687.203236 21.105 0.412 53687.204902 20.285 0.065 53687.201569 20.121 0.06 53687.202402 19.797 0.045 53687.204069 19.425 0.086 -22.937763 0.15479
53694.178778 20.946 0.418 53694.180444 20.195 0.077 53694.177111 20.014 0.077 53694.177944 -99.99 0.063 53694.179611 -99.99 0.195 -22.937763 0.15479
53697.162868 20.831 0.173 53697.164534 20.275 0.032 53697.161201 20.069 0.044 53697.162034 19.811 0.043 53697.163701 19.553 0.139 -22.937763 0.15479
53700.161828 21.012 0.115 53700.163494 20.25 0.021 53700.160161 20.042 0.026 53700.160994 19.762 0.026 53700.162661 19.618 0.095 -22.937763 0.15479
53705.148499 20.924 0.119 53705.150165 20.293 0.024 53705.146832 20.047 0.026 53705.147665 19.791 0.031 53705.149332 19.482 0.087 -22.937763 0.15479
53975.233496 20.7 0.086 53975.235162 20.13 0.025 53975.231829 19.929 0.02 53975.232662 19.7 0.027 53975.234329 19.505 0.091 -22.937763 0.15479
53993.30132 20.823 0.087 53993.302986 20.163 0.02 53993.299653 19.919 0.02 53993.300486 19.67 0.022 53993.302153 19.525 0.066 -22.937763 0.15479
53996.240225 20.724 0.08 53996.241892 20.16 0.02 53996.238559 19.932 0.022 53996.239392 19.705 0.023 53996.241059 19.567 0.076 -22.937763 0.15479
53998.208871 20.72 0.077 53998.210537 20.173 0.021 53998.207204 19.898 0.02 53998.208037 19.691 0.021 53998.209704 19.351 0.059 -22.937763 0.15479
54005.239093 20.642 0.067 54005.24076 20.175 0.021 54005.237426 19.974 0.021 54005.23826 19.784 0.022 54005.239926 19.369 0.059 -22.937763 0.15479
54010.194339 20.665 0.097 54010.196006 20.184 0.03 54010.192672 19.978 0.025 54010.193506 19.737 0.027 54010.195172 19.571 0.067 -22.937763 0.15479
54012.18719 20.71 0.156 54012.188857 20.254 0.046 54012.185524 19.988 0.037 54012.186357 19.702 0.031 54012.188024 19.533 0.075 -22.937763 0.15479
54020.193155 20.721 0.082 54020.194822 20.219 0.024 54020.191489 19.969 0.024 54020.192322 19.739 0.025 54020.193989 19.56 0.081 -22.937763 0.15479
54022.242437 20.804 0.073 54022.244104 20.181 0.019 54022.240771 19.946 0.019 54022.241604 19.744 0.022 54022.243271 19.46 0.061 -22.937763 0.15479
54028.183541 20.74 0.083 54028.185208 20.221 0.022 54028.181874 19.989 0.027 54028.182708 19.737 0.025 54028.184374 19.455 0.072 -22.937763 0.15479
54030.186712 20.722 0.07 54030.188378 20.143 0.018 54030.185045 19.929 0.019 54030.185878 19.71 0.021 54030.187545 19.393 0.06 -22.937763 0.15479
54035.262485 20.625 0.144 54035.264152 20.214 0.028 54035.260818 19.931 0.036 54035.261652 19.736 0.04 54035.263318 19.789 0.184 -22.937763 0.15479
54037.167988 20.81 0.092 54037.169654 20.207 0.026 54037.166321 19.938 0.025 54037.167154 19.744 0.026 54037.168821 19.543 0.072 -22.937763 0.15479
54040.182437 21.018 0.262 54040.184103 20.223 0.063 54040.18077 19.945 0.046 54040.181603 19.673 0.043 54040.18327 -99.99 0.115 -22.937763 0.15479
54050.16708 20.944 0.173 54050.168747 20.147 0.033 54050.165413 19.93 0.034 54050.166247 19.684 0.037 54050.167913 19.673 0.16 -22.937763 0.15479
54053.17324 20.502 0.091 54053.174907 20.137 0.024 54053.171573 19.941 0.026 54053.172407 19.717 0.03 54053.174073 19.45 0.109 -22.937763 0.15479
54056.174905 20.995 0.169 54056.176572 -99.99 0.035 54056.173238 19.898 0.04 54056.174072 19.638 0.038 54056.175738 19.325 0.102 -22.937763 0.15479
54057.143552 20.776 0.077 54057.145218 -99.99 0.024 54057.141885 -99.99 0.024 54057.142718 19.728 0.026 54057.144385 19.477 0.073 -22.937763 0.15479
54059.169187 20.642 0.11 54059.170854 20.114 0.023 54059.167521 19.915 0.032 54059.168354 19.685 0.033 54059.170021 19.422 0.091 -22.937763 0.15479
54061.180225 20.682 0.099 54061.181891 20.148 0.026 54061.178558 19.841 0.026 54061.179391 19.725 0.034 54061.181058 19.388 0.093 -22.937763 0.15479
54062.17408 20.726 0.133 54062.175747 20.139 0.038 54062.172414 19.879 0.03 54062.173247 19.686 0.035 54062.174914 19.478 0.111 -22.937763 0.15479
54068.164173 21.112 0.399 54068.16584 20.15 0.068 54068.162507 19.826 0.058 54068.16334 19.669 0.059 54068.165007 19.399 0.127 -22.937763 0.15479
54357.212375 20.558 0.074 54357.214042 20 0.023 54357.210709 19.748 0.022 54357.211542 19.509 0.025 54357.213209 19.271 0.065 -22.937763 0.15479
54365.210241 20.638 0.13 54365.211907 20.017 0.037 54365.208574 19.745 0.03 54365.209407 19.522 0.029 54365.211074 19.374 0.089 -22.937763 0.15479
54376.270876 20.399 0.081 54376.272543 20.01 0.028 54376.26921 19.719 0.027 54376.270043 19.551 0.026 54376.27171 19.3 0.078 -22.937763 0.15479
54385.260202 20.441 0.075 54385.261869 19.991 0.025 54385.258536 19.733 0.03 54385.259369 19.477 0.025 54385.261036 19.387 0.072 -22.937763 0.15479
54387.260713 20.581 0.106 54387.26238 20.011 0.022 54387.259047 19.768 0.023 54387.25988 19.507 0.025 54387.261547 19.398 0.091 -22.937763 0.15479
54392.255439 20.638 0.11 54392.257106 20.045 0.022 54392.253773 19.773 0.025 54392.254606 19.547 0.029 54392.256273 19.296 0.078 -22.937763 0.15479
54402.253996 20.263 0.18 54402.255663 19.92 0.044 54402.25233 19.848 0.041 54402.253163 19.499 0.03 54402.25483 19.249 0.078 -22.937763 0.15479
