51464.219021 20.839 0.074 51464.220687 20.473 0.026 51464.217354 20.427 0.029 51464.218187 20.153 0.036 51464.219854 20.01 0.149 -24.81718 0.398401
51467.310034 20.452 0.11 51467.3117 20.433 0.038 51467.308367 20.35 0.048 51467.3092 20.044 0.056 51467.310867 19.785 0.156 -24.81718 0.398401
51819.285984 20.486 0.065 51819.28765 20.305 0.024 51819.284317 20.313 0.03 51819.28515 20.013 0.035 51819.286817 20.094 0.119 -24.81718 0.398401
52197.244736 20.71 0.083 52197.246402 20.422 0.023 52197.243069 20.405 0.028 52197.243902 20.157 0.033 52197.245569 20.2 0.149 -24.81718 0.398401
52231.13071 20.714 0.073 52231.132376 20.427 0.022 52231.129043 20.428 0.028 52231.129876 20.226 0.033 52231.131543 20.054 0.12 -24.81718 0.398401
52557.238715 20.712 0.09 52557.240381 20.385 0.024 52557.237048 20.378 0.032 52557.237881 20.158 0.036 52557.239548 20.193 0.173 -24.81718 0.398401
52578.134793 20.708 0.073 52578.136459 20.488 0.022 52578.133126 20.523 0.031 52578.133959 20.216 0.034 52578.135626 20.023 0.124 -24.81718 0.398401
52929.16502 20.953 0.097 52929.166686 20.57 0.024 52929.163353 20.537 0.032 52929.164186 20.326 0.039 52929.165853 20.037 0.131 -24.81718 0.398401
52934.145177 20.962 0.111 52934.146843 20.565 0.028 52934.14351 20.582 0.04 52934.144343 20.345 0.045 52934.14601 20.151 0.166 -24.81718 0.398401
52936.141104 21.187 0.152 52936.14277 20.554 0.023 52936.139437 20.545 0.031 52936.14027 20.275 0.032 52936.141937 20.176 0.132 -24.81718 0.398401
53270.205165 20.963 0.107 53270.206831 20.592 0.032 53270.203498 20.608 0.035 53270.204331 20.396 0.039 53270.205998 20.031 0.119 -24.81718 0.398401
53272.255112 21.055 0.283 53272.256778 20.589 0.069 53272.253445 20.677 0.078 53272.254278 20.236 0.058 53272.255945 20 0.16 -24.81718 0.398401
53286.223827 21.008 0.115 53286.225493 20.653 0.03 53286.22216 20.731 0.044 53286.222993 20.353 0.039 53286.22466 20.314 0.158 -24.81718 0.398401
53288.182318 20.893 0.111 53288.183984 20.646 0.027 53288.180651 20.594 0.035 53288.181484 20.342 0.039 53288.183151 19.93 0.122 -24.81718 0.398401
53294.209642 20.792 0.106 53294.211309 20.687 0.044 53294.207975 20.628 0.055 53294.208809 20.446 0.063 53294.210475 19.914 0.174 -24.81718 0.398401
53302.177987 21.405 0.355 53302.179653 20.51 0.07 53302.17632 20.478 0.065 53302.177153 20.387 0.066 53302.17882 20.376 0.236 -24.81718 0.398401
53312.133612 20.935 0.125 53312.135279 20.602 0.029 53312.131945 20.598 0.05 53312.132779 20.479 0.074 53312.134445 20.03 0.178 -24.81718 0.398401
53314.134713 20.768 0.083 53314.136379 20.562 0.024 53314.133046 20.636 0.038 53314.133879 20.27 0.043 53314.135546 19.907 0.13 -24.81718 0.398401
53616.239084 21.059 0.188 53616.24075 20.72 0.034 53616.237417 20.629 0.046 53616.23825 20.407 0.062 53616.239917 19.969 0.182 -24.81718 0.398401
53623.229293 21.2 0.139 53623.230959 20.799 0.035 53623.227626 20.798 0.043 53623.228459 20.424 0.043 53623.230126 19.987 0.133 -24.81718 0.398401
53626.215507 21.161 0.211 53626.217173 20.757 0.055 53626.21384 20.557 0.053 53626.214673 20.35 0.055 53626.21634 20.16 0.201 -24.81718 0.398401
53644.194447 20.976 0.08 53644.196114 20.786 0.026 53644.19278 20.805 0.031 53644.193614 20.487 0.035 53644.19528 20.439 0.139 -24.81718 0.398401
53656.176648 21.03 0.335 53656.178314 20.674 0.107 53656.174981 20.535 0.089 53656.175814 20.367 0.095 53656.177481 19.909 0.198 -24.81718 0.398401
53663.189957 20.752 0.134 53663.191623 20.57 0.042 53663.18829 20.559 0.043 53663.189123 20.346 0.04 53663.19079 20.141 0.128 -24.81718 0.398401
53668.179558 20.994 0.141 53668.181224 20.603 0.031 53668.177891 20.545 0.046 53668.178724 20.221 0.056 53668.180391 20.065 0.223 -24.81718 0.398401
53670.18441 20.756 0.089 53670.186076 20.627 0.027 53670.182743 20.631 0.038 53670.183576 20.314 0.042 53670.185243 19.977 0.133 -24.81718 0.398401
53673.152394 20.958 0.112 53673.15406 20.685 0.029 53673.150727 20.611 0.038 53673.15156 20.369 0.045 53673.153227 20.143 0.169 -24.81718 0.398401
53675.149282 20.955 0.1 53675.150948 20.641 0.026 53675.147615 20.647 0.04 53675.148448 20.307 0.044 53675.150115 20.303 0.183 -24.81718 0.398401
53677.170314 21.107 0.097 53677.17198 20.704 0.025 53677.168647 20.683 0.035 53677.16948 20.444 0.036 53677.171147 20.198 0.124 -24.81718 0.398401
53680.15698 21.279 0.147 53680.158646 20.789 0.032 53680.155313 20.63 0.043 53680.156146 20.344 0.042 53680.157813 20.447 0.189 -24.81718 0.398401
53702.154599 21.236 0.274 53702.156265 20.912 0.065 53702.152932 20.624 0.074 53702.153765 20.302 0.084 53702.155432 20.11 0.319 -24.81718 0.398401
53704.142206 21.134 0.131 53704.143872 20.763 0.03 53704.140539 20.694 0.042 53704.141372 20.37 0.045 53704.143039 19.944 0.14 -24.81718 0.398401
53989.238247 20.91 0.138 53989.239914 20.594 0.047 53989.23658 20.7 0.049 53989.237414 20.379 0.044 53989.23908 20.248 0.135 -24.81718 0.398401
53995.227528 20.891 0.076 53995.229195 20.69 0.024 53995.225862 20.718 0.03 53995.226695 20.349 0.03 53995.228362 20.292 0.125 -24.81718 0.398401
54000.213666 21.084 0.125 54000.215332 20.659 0.026 54000.211999 20.614 0.041 54000.212832 20.398 0.045 54000.214499 20.291 0.184 -24.81718 0.398401
54007.190497 20.822 0.089 54007.192163 20.685 0.026 54007.18883 20.744 0.035 54007.189663 20.505 0.037 54007.19133 20.294 0.152 -24.81718 0.398401
54007.263825 20.967 0.098 54007.265492 20.722 0.031 54007.262158 20.693 0.034 54007.262992 20.416 0.035 54007.264658 20.189 0.128 -24.81718 0.398401
54011.252091 20.76 0.122 54011.253758 20.874 0.056 54011.250425 20.771 0.056 54011.251258 20.456 0.044 54011.252925 20.287 0.125 -24.81718 0.398401
54019.202308 21.129 0.126 54019.203974 20.768 0.036 54019.200641 20.752 0.038 54019.201474 20.461 0.035 54019.203141 20.121 0.094 -24.81718 0.398401
54025.251111 21.036 0.133 54025.252777 20.842 0.037 54025.249444 20.733 0.046 54025.250277 20.34 0.05 54025.251944 20.092 0.169 -24.81718 0.398401
54029.181508 21.094 0.106 54029.183174 20.778 0.026 54029.179841 20.669 0.034 54029.180674 20.392 0.037 54029.182341 19.97 0.112 -24.81718 0.398401
54356.259623 21.374 0.155 54356.26129 21.003 0.032 54356.257956 20.84 0.04 54356.25879 20.652 0.049 54356.260456 20.296 0.166 -24.81718 0.398401
54358.204659 20.95 0.166 54358.206326 21.062 0.042 54358.202992 20.896 0.05 54358.203826 20.539 0.053 54358.205492 20.15 0.189 -24.81718 0.398401
54365.237765 21.175 0.153 54365.239432 20.936 0.052 54365.236098 20.805 0.049 54365.236932 20.57 0.049 54365.238598 20.092 0.127 -24.81718 0.398401
54373.311932 20.693 0.23 54373.313599 21 0.106 54373.310265 20.826 0.086 54373.311099 20.491 0.064 54373.312765 20.072 0.155 -24.81718 0.398401
54382.246852 20.757 0.118 54382.248518 20.913 0.072 54382.245185 20.639 0.044 54382.246018 20.492 0.061 54382.247685 20.35 0.248 -24.81718 0.398401
54386.249681 21.207 0.133 54386.251348 20.79 0.032 54386.248014 20.727 0.036 54386.248848 20.404 0.04 54386.250514 20.432 0.164 -24.81718 0.398401
54388.253876 21.031 0.158 54388.255542 20.721 0.029 54388.252209 20.744 0.049 54388.253042 20.314 0.048 54388.254709 20.315 0.196 -24.81718 0.398401
54403.167654 21.268 0.16 54403.169321 20.748 0.047 54403.165987 20.712 0.045 54403.166821 20.407 0.045 54403.168487 20.093 0.137 -24.81718 0.398401
54406.161542 21.121 0.104 54406.163209 20.704 0.024 54406.159875 20.692 0.04 54406.160709 20.42 0.043 54406.162375 20.177 0.138 -24.81718 0.398401
54412.164492 20.95 0.145 54412.166159 20.817 0.038 54412.162825 20.689 0.044 54412.163659 20.484 0.053 54412.165325 20.483 0.25 -24.81718 0.398401
