51075.240537 19.957 0.043 51075.242203 19.626 0.017 51075.23887 19.492 0.02 51075.239703 19.161 0.022 51075.24137 19.016 0.075 -21.412845 -0.857398
51464.228433 19.948 0.038 51464.230099 19.656 0.016 51464.226766 19.576 0.018 51464.227599 19.228 0.018 51464.229266 19.017 0.05 -21.412845 -0.857398
51467.31943 20.252 0.109 51467.321096 19.669 0.022 51467.317763 19.534 0.025 51467.318596 19.15 0.023 51467.320263 19.106 0.086 -21.412845 -0.857398
52934.154605 20.486 0.078 52934.156271 20.054 0.025 52934.152938 19.889 0.026 52934.153771 19.411 0.025 52934.155438 19.124 0.064 -21.412845 -0.857398
53272.264539 20.275 0.111 53272.266205 19.704 0.03 53272.262872 19.686 0.03 53272.263705 19.319 0.027 53272.265372 19.211 0.063 -21.412845 -0.857398
53286.233257 20.224 0.066 53286.234923 19.813 0.02 53286.23159 19.679 0.02 53286.232423 19.325 0.02 53286.23409 19.17 0.058 -21.412845 -0.857398
53288.191746 20.128 0.053 53288.193412 19.707 0.018 53288.190079 19.625 0.019 53288.190912 19.307 0.022 53288.192579 19.022 0.051 -21.412845 -0.857398
53294.219073 20.306 0.067 53294.22074 19.79 0.028 53294.217407 19.757 0.029 53294.21824 19.359 0.025 53294.219907 19.252 0.089 -21.412845 -0.857398
53312.142974 20.315 0.076 53312.14464 19.828 0.023 53312.141307 19.688 0.025 53312.14214 19.275 0.029 53312.143807 19.017 0.06 -21.412845 -0.857398
53616.248512 20.374 0.087 53616.250178 19.858 0.025 53616.246845 19.711 0.024 53616.247678 19.231 0.026 53616.249345 18.95 0.071 -21.412845 -0.857398
53628.209799 20.103 0.13 53628.211465 19.902 0.053 53628.208132 19.759 0.041 53628.208965 19.386 0.034 53628.210632 19.173 0.077 -21.412845 -0.857398
53637.211414 20.321 0.087 53637.21308 19.936 0.03 53637.209747 19.734 0.027 53637.21058 19.325 0.029 53637.212247 19.067 0.079 -21.412845 -0.857398
53644.203886 20.524 0.051 53644.205553 20.056 0.02 53644.20222 19.978 0.024 53644.203053 19.647 0.023 53644.20472 19.359 0.048 -21.412845 -0.857398
53668.188985 20.246 0.066 53668.190651 19.661 0.018 53668.187318 19.583 0.024 53668.188151 19.16 0.024 53668.189818 18.975 0.068 -21.412845 -0.857398
53670.193839 20.184 0.052 53670.195505 19.733 0.018 53670.192172 19.644 0.019 53670.193005 19.263 0.021 53670.194672 19.103 0.058 -21.412845 -0.857398
53673.161823 20.059 0.049 53673.163489 19.747 0.018 53673.160156 19.664 0.019 53673.160989 19.339 0.021 53673.162656 19.169 0.06 -21.412845 -0.857398
53675.158711 20.034 0.047 53675.160377 19.748 0.017 53675.157044 19.671 0.021 53675.157877 19.317 0.022 53675.159544 19.073 0.06 -21.412845 -0.857398
53686.233107 20.006 0.231 53686.234773 19.745 0.075 53686.23144 19.643 0.057 53686.232273 19.235 0.044 53686.23394 18.989 0.097 -21.412845 -0.857398
53989.247704 20.569 0.111 53989.249371 20.097 0.04 53989.246037 20.056 0.032 53989.246871 19.569 0.025 53989.248537 19.294 0.06 -21.412845 -0.857398
54025.260559 20.624 0.097 54025.262225 20.058 0.028 54025.258892 19.926 0.031 54025.259725 19.488 0.028 54025.261392 19.238 0.072 -21.412845 -0.857398
54356.269021 20.052 0.046 54356.270688 19.763 0.021 54356.267355 19.652 0.022 54356.268188 19.349 0.025 54356.269855 19.17 0.055 -21.412845 -0.857398
54358.2141 20.128 0.062 54358.215766 19.649 0.023 54358.212433 19.633 0.03 54358.213266 19.239 0.024 54358.214933 19.037 0.059 -21.412845 -0.857398
54373.321347 19.871 0.125 54373.323013 19.592 0.037 54373.31968 19.603 0.03 54373.320513 19.291 0.035 54373.32218 19.089 0.064 -21.412845 -0.857398
54382.256272 -99.99 0.055 54382.257938 19.65 0.02 54382.254605 19.558 0.025 54382.255438 19.21 0.03 54382.257105 19.084 0.064 -21.412845 -0.857398
54386.259033 19.934 0.04 54386.2607 19.636 0.021 54386.257366 19.587 0.021 54386.2582 19.313 0.022 54386.259866 19.084 0.045 -21.412845 -0.857398
54388.263327 19.941 0.046 54388.264994 19.66 0.02 54388.261661 19.602 0.021 54388.262494 19.326 0.021 54388.264161 18.992 0.046 -21.412845 -0.857398
54403.177146 20.055 0.066 54403.178813 19.736 0.027 54403.175479 19.64 0.032 54403.176313 19.414 0.029 54403.177979 19.088 0.053 -21.412845 -0.857398
54404.18369 20.041 0.039 54404.185357 19.676 0.022 54404.182023 19.686 0.018 54404.182857 19.347 0.018 54404.184523 19.203 0.046 -21.412845 -0.857398
54406.17092 19.993 0.04 54406.172587 19.696 0.024 54406.169253 19.667 0.02 54406.170087 19.339 0.024 54406.171753 19.114 0.054 -21.412845 -0.857398
54412.173857 19.921 0.053 54412.175524 19.677 0.023 54412.172191 19.613 0.023 54412.173024 19.27 0.025 54412.174691 19.087 0.063 -21.412845 -0.857398
