51467.321186 19.718 0.058 51467.322852 19.373 0.016 51467.319519 19.183 0.017 51467.320352 19.042 0.022 51467.322019 18.829 0.077 -20.778887 0.142221
51819.297149 19.97 0.046 51819.298815 19.584 0.014 51819.295482 19.378 0.016 51819.296315 19.211 0.02 51819.297982 19.11 0.063 -20.778887 0.142221
52172.312759 19.974 0.047 52172.314425 19.616 0.014 52172.311092 19.425 0.015 52172.311925 19.278 0.018 52172.313592 19.032 0.059 -20.778887 0.142221
52172.362895 19.904 0.051 52172.364561 19.621 0.015 52172.361228 19.409 0.016 52172.362061 19.255 0.018 52172.363728 19.262 0.074 -20.778887 0.142221
52558.26243 19.586 0.036 52558.264096 19.291 0.011 52558.260763 19.12 0.012 52558.261596 18.976 0.014 52558.263263 18.844 0.047 -20.778887 0.142221
52577.149924 19.525 0.035 52577.15159 19.282 0.011 52577.148257 19.095 0.013 52577.14909 18.992 0.017 52577.150757 18.867 0.057 -20.778887 0.142221
52586.153402 19.563 0.035 52586.155068 19.286 0.011 52586.151735 19.096 0.013 52586.152568 18.977 0.016 52586.154235 18.791 0.056 -20.778887 0.142221
52931.164086 19.734 0.036 52931.165752 19.39 0.011 52931.162419 19.18 0.012 52931.163252 19.071 0.014 52931.164919 18.972 0.047 -20.778887 0.142221
52935.16105 19.738 0.042 52935.162716 19.408 0.012 52935.159383 19.196 0.013 52935.160216 19.084 0.016 52935.161883 18.901 0.049 -20.778887 0.142221
53313.15425 19.789 0.048 53313.155916 19.381 0.012 53313.152583 19.155 0.014 53313.153416 19.097 0.019 53313.155083 18.795 0.06 -20.778887 0.142221
53622.263494 19.791 0.057 53622.26516 19.42 0.016 53622.261827 19.211 0.017 53622.26266 19.109 0.024 53622.264327 18.881 0.075 -20.778887 0.142221
53625.259459 19.792 0.04 53625.261125 19.438 0.012 53625.257792 19.226 0.013 53625.258625 19.111 0.014 53625.260292 18.909 0.043 -20.778887 0.142221
53634.212964 19.764 0.151 53634.21463 19.41 0.037 53634.211297 19.208 0.033 53634.21213 19.105 0.035 53634.213797 18.928 0.105 -20.778887 0.142221
53636.218496 19.67 0.05 53636.220162 19.387 0.016 53636.216829 19.223 0.015 53636.217662 19.06 0.016 53636.219329 18.901 0.053 -20.778887 0.142221
53655.190502 19.759 0.085 53655.192168 19.429 0.026 53655.188835 19.134 0.021 53655.189668 18.989 0.021 53655.191335 18.867 0.072 -20.778887 0.142221
53664.215461 19.518 0.072 53664.217127 19.285 0.021 53664.213794 19.133 0.021 53664.214627 18.987 0.021 53664.216294 19.038 0.093 -20.778887 0.142221
53666.179062 19.571 0.036 53666.180728 19.299 0.011 53666.177395 19.122 0.013 53666.178228 19.029 0.015 53666.179895 18.909 0.052 -20.778887 0.142221
53669.174701 19.486 0.032 53669.176367 19.284 0.011 53669.173034 19.123 0.013 53669.173867 18.987 0.014 53669.175534 18.816 0.044 -20.778887 0.142221
53671.259487 19.699 0.082 53671.261153 19.291 0.016 53671.25782 19.097 0.019 53671.258653 18.968 0.027 53671.26032 18.816 0.086 -20.778887 0.142221
53674.158936 19.625 0.041 53674.160602 19.336 0.012 53674.157269 19.086 0.013 53674.158102 19.004 0.015 53674.159769 18.888 0.054 -20.778887 0.142221
53676.248427 19.625 0.043 53676.250093 19.318 0.011 53676.24676 19.123 0.013 53676.247593 18.991 0.014 53676.24926 18.826 0.042 -20.778887 0.142221
53679.220312 19.572 0.049 53679.221978 19.258 0.013 53679.218645 19.058 0.015 53679.219478 18.965 0.018 53679.221145 18.786 0.06 -20.778887 0.142221
53681.211824 19.643 0.039 53681.21349 19.299 0.011 53681.210157 19.094 0.012 53681.21099 19.015 0.014 53681.212657 18.929 0.042 -20.778887 0.142221
53685.170871 -99.99 0.076 53685.172537 19.305 0.031 53685.169204 19.132 0.027 53685.170037 19.031 0.024 53685.171704 18.92 0.07 -20.778887 0.142221
53687.209215 19.767 0.126 53687.210881 19.323 0.032 53687.207548 19.083 0.027 53687.208381 18.995 0.022 53687.210048 18.911 0.062 -20.778887 0.142221
53694.184757 19.366 0.092 53694.186423 19.289 0.035 53694.18309 19.112 0.031 53694.183923 19.013 0.032 53694.18559 18.865 0.109 -20.778887 0.142221
53697.168848 19.578 0.054 53697.170514 19.333 0.016 53697.167181 19.155 0.019 53697.168014 19 0.02 53697.169681 18.842 0.064 -20.778887 0.142221
53700.167807 19.678 0.045 53700.169473 19.32 0.012 53700.16614 19.109 0.013 53700.166973 19.024 0.016 53700.16864 18.922 0.055 -20.778887 0.142221
53705.154478 19.723 0.045 53705.156144 19.367 0.013 53705.152811 19.167 0.014 53705.153644 19.026 0.015 53705.155311 18.817 0.047 -20.778887 0.142221
53975.239505 19.595 0.039 53975.241172 19.274 0.017 53975.237838 19.072 0.015 53975.238672 18.942 0.021 53975.240338 18.732 0.048 -20.778887 0.142221
53993.307277 19.568 0.036 53993.308944 19.316 0.017 53993.305611 19.1 0.019 53993.306444 18.992 0.019 53993.308111 18.768 0.039 -20.778887 0.142221
53996.246227 19.618 0.04 53996.247894 19.325 0.015 53996.244561 19.07 0.016 53996.245394 18.988 0.018 53996.247061 18.76 0.045 -20.778887 0.142221
53998.214841 19.72 0.038 53998.216508 19.336 0.02 53998.213175 19.099 0.014 53998.214008 18.944 0.017 53998.215675 18.796 0.038 -20.778887 0.142221
54005.245088 19.723 0.038 54005.246755 19.331 0.017 54005.243421 19.108 0.021 54005.244255 19.01 0.021 54005.245921 18.867 0.041 -20.778887 0.142221
54010.200313 19.586 0.04 54010.201979 19.358 0.019 54010.198646 19.099 0.022 54010.199479 18.967 0.019 54010.201146 18.866 0.041 -20.778887 0.142221
54012.193156 19.582 0.057 54012.194822 19.305 0.023 54012.191489 19.128 0.022 54012.192322 18.997 0.028 54012.193989 18.904 0.046 -20.778887 0.142221
54020.199148 19.655 0.039 54020.200815 19.305 0.014 54020.197481 19.068 0.016 54020.198315 18.933 0.017 54020.199981 18.812 0.047 -20.778887 0.142221
54022.24844 19.637 0.036 54022.250107 19.335 0.02 54022.246773 19.116 0.017 54022.247607 18.975 0.016 54022.249273 18.862 0.039 -20.778887 0.142221
54028.189544 19.644 0.039 54028.191211 19.36 0.02 54028.187877 19.097 0.021 54028.188711 18.978 0.02 54028.190377 18.959 0.053 -20.778887 0.142221
54030.192689 19.642 0.033 54030.194355 19.329 0.018 54030.191022 19.105 0.016 54030.191855 18.978 0.016 54030.193522 18.889 0.039 -20.778887 0.142221
54035.268467 19.605 0.055 54035.270134 19.314 0.018 54035.266801 19.122 0.02 54035.267634 18.96 0.022 54035.269301 18.818 0.062 -20.778887 0.142221
54037.173979 19.618 0.04 54037.175646 19.345 0.019 54037.172312 19.127 0.019 54037.173146 18.993 0.022 54037.174812 18.861 0.059 -20.778887 0.142221
54040.188461 19.797 0.084 54040.190127 19.257 0.026 54040.186794 19.135 0.028 54040.187627 18.974 0.026 54040.189294 18.865 0.059 -20.778887 0.142221
54050.173076 19.653 0.059 54050.174742 19.357 0.017 54050.171409 19.093 0.02 54050.172242 18.961 0.024 54050.173909 18.816 0.081 -20.778887 0.142221
54053.179216 19.746 0.049 54053.180882 19.33 0.017 54053.177549 19.127 0.022 54053.178382 18.989 0.023 54053.180049 18.931 0.065 -20.778887 0.142221
54056.180893 19.757 0.069 54056.18256 19.361 0.026 54056.179227 19.133 0.038 54056.18006 18.901 0.027 54056.181727 18.744 0.068 -20.778887 0.142221
54057.149546 19.622 0.039 54057.151213 -99.99 0.018 54057.14788 -99.99 0.019 54057.148713 19.015 0.019 54057.15038 18.78 0.047 -20.778887 0.142221
54059.17518 19.732 0.048 54059.176846 19.33 0.022 54059.173513 19.095 0.019 54059.174346 18.996 0.021 54059.176013 18.883 0.057 -20.778887 0.142221
54061.186202 19.742 0.057 54061.187869 19.375 0.026 54061.184535 19.095 0.023 54061.185369 19.003 0.021 54061.187035 18.844 0.056 -20.778887 0.142221
54062.180065 19.693 0.057 54062.181731 19.329 0.022 54062.178398 19.096 0.024 54062.179231 18.991 0.023 54062.180898 18.796 0.065 -20.778887 0.142221
54068.170027 19.48 0.093 54068.171694 19.387 0.033 54068.16836 19.091 0.031 54068.169194 18.922 0.03 54068.17086 18.826 0.078 -20.778887 0.142221
54357.218366 19.717 0.04 54357.220033 19.353 0.018 54357.216699 19.151 0.019 54357.217533 19.004 0.021 54357.219199 18.861 0.046 -20.778887 0.142221
54365.216233 19.595 0.052 54365.2179 19.369 0.024 54365.214567 19.132 0.02 54365.2154 19.033 0.024 54365.217067 18.816 0.05 -20.778887 0.142221
54376.276869 19.752 0.05 54376.278536 19.41 0.02 54376.275202 19.118 0.019 54376.276036 19.008 0.019 54376.277702 18.851 0.051 -20.778887 0.142221
54385.266202 19.852 0.057 54385.267868 19.468 0.029 54385.264535 19.215 0.018 54385.265368 19.042 0.02 54385.267035 18.889 0.047 -20.778887 0.142221
54387.266676 19.877 0.063 54387.268342 19.452 0.021 54387.265009 19.159 0.02 54387.265842 18.982 0.021 54387.267509 18.851 0.058 -20.778887 0.142221
54392.26143 19.953 0.062 54392.263096 19.45 0.023 54392.259763 19.223 0.022 54392.260596 19.057 0.027 54392.262263 18.89 0.054 -20.778887 0.142221
54402.259857 19.68 0.106 54402.261524 19.423 0.033 54402.25819 19.211 0.025 54402.259024 19.071 0.026 54402.26069 18.872 0.059 -20.778887 0.142221
