51075.300396 23.068 0.609 51075.302062 21.463 0.057 51075.298729 19.956 0.026 51075.299562 19.698 0.034 51075.301229 19.315 0.085 0.193424 1.239123
52196.300914 25.945 0.67 52196.30258 21.431 0.048 52196.299247 20.017 0.023 52196.30008 19.833 0.03 52196.301747 19.427 0.07 0.193424 1.239123
52197.314021 26.044 0.65 52197.315687 21.432 0.047 52197.312354 20.006 0.024 52197.313187 19.759 0.03 52197.314854 19.425 0.079 0.193424 1.239123
52225.164199 24.034 1.055 52225.165865 21.34 0.046 52225.162532 20.053 0.024 52225.163365 19.725 0.03 52225.165032 19.467 0.078 0.193424 1.239123
52231.199982 23.91 0.839 52231.201648 21.363 0.043 52231.198315 20.007 0.026 52231.199148 19.786 0.028 52231.200815 19.614 0.075 0.193424 1.239123
52253.186153 25.451 1.898 52253.187819 21.521 0.091 52253.184486 20.057 0.035 52253.185319 19.673 0.037 52253.186986 19.577 0.12 0.193424 1.239123
52557.307984 24.023 1.394 52557.30965 21.463 0.059 52557.306317 20.04 0.028 52557.30715 19.788 0.037 52557.308817 19.494 0.094 0.193424 1.239123
52578.204068 25.017 1.288 52578.205734 21.412 0.049 52578.202401 20.032 0.024 52578.203234 19.762 0.031 52578.204901 19.384 0.079 0.193424 1.239123
52908.282552 23.7 1.012 52908.284218 21.571 0.06 52908.280885 20.075 0.026 52908.281718 19.763 0.032 52908.283385 19.491 0.087 0.193424 1.239123
52911.296339 24.158 1.647 52911.298005 21.59 0.082 52911.294672 20.12 0.029 52911.295505 19.846 0.041 52911.297172 19.461 0.101 0.193424 1.239123
52930.173711 23.2 0.704 52930.175377 21.516 0.061 52930.172044 20.05 0.025 52930.172877 19.771 0.033 52930.174544 19.353 0.078 0.193424 1.239123
52934.214453 24.178 1.478 52934.216119 21.513 0.065 52934.212786 20.086 0.031 52934.213619 19.777 0.033 52934.215286 19.382 0.085 0.193424 1.239123
52936.210379 25.316 0.968 52936.212045 21.419 0.047 52936.208712 20.059 0.023 52936.209545 19.754 0.028 52936.211212 -99.99 0.064 0.193424 1.239123
52962.1359 25.357 1.205 52962.137566 21.38 0.051 52962.134233 20.034 0.029 52962.135066 19.795 0.035 52962.136733 19.5 0.082 0.193424 1.239123
53270.274483 26.629 99.999 53270.276149 -99.99 0.057 53270.272816 20.075 0.034 53270.273649 19.868 0.031 53270.275316 19.445 0.062 0.193424 1.239123
53272.324382 23.815 1.287 53272.326048 21.572 0.101 53272.322715 20.058 0.032 53272.323548 19.812 0.037 53272.325215 19.302 0.068 0.193424 1.239123
53286.293101 23.852 1.223 53286.294767 21.534 0.061 53286.291434 20.114 0.027 53286.292267 19.76 0.031 53286.293934 19.445 0.078 0.193424 1.239123
53288.251594 22.453 0.41 53288.25326 21.509 0.051 53288.249927 20.11 0.024 53288.25076 19.8 0.028 53288.252427 19.376 0.065 0.193424 1.239123
53294.299267 24.588 1.508 53294.300933 21.54 0.066 53294.2976 20.156 0.032 53294.298433 19.761 0.033 53294.3001 19.55 0.088 0.193424 1.239123
53302.24726 25.005 2.867 53302.248926 21.464 0.147 53302.245593 20.036 0.044 53302.246426 19.767 0.044 53302.248093 19.3 0.079 0.193424 1.239123
53312.202813 23.051 0.79 53312.204479 21.471 0.086 53312.201146 20.098 0.034 53312.201979 19.813 0.045 53312.203646 19.484 0.097 0.193424 1.239123
53314.203988 22.68 0.462 53314.205654 21.534 0.055 53314.202321 20.05 0.027 53314.203154 19.773 0.035 53314.204821 19.458 0.084 0.193424 1.239123
53623.298565 24.161 1.442 53623.300231 -99.99 0.083 53623.296898 20.028 0.028 53623.297731 19.741 0.039 53623.299398 19.331 0.079 0.193424 1.239123
53626.284778 25.419 0.96 53626.286444 21.493 0.079 53626.283111 20.053 0.029 53626.283944 19.728 0.032 53626.285611 19.374 0.069 0.193424 1.239123
53628.269643 25.001 3.539 53628.271309 21.309 0.135 53628.267976 20.076 0.044 53628.268809 19.781 0.042 53628.270476 19.439 0.09 0.193424 1.239123
53637.271259 22.476 0.667 53637.272925 -99.99 0.098 53637.269592 19.999 0.039 53637.270425 19.784 0.051 53637.272092 19.271 0.103 0.193424 1.239123
53639.316637 23.05 0.668 53639.318303 21.541 0.067 53639.31497 20.081 0.027 53639.315803 19.754 0.028 53639.31747 19.469 0.094 0.193424 1.239123
53644.263706 99.995 99.999 53644.265372 21.462 0.052 53644.262039 20.022 0.031 53644.262872 19.805 0.029 53644.264539 19.537 0.068 0.193424 1.239123
53654.298328 23.509 0.856 53654.299994 21.447 0.05 53654.296661 20.071 0.026 53654.297494 19.756 0.029 53654.299161 19.376 0.076 0.193424 1.239123
53656.245923 23.689 2.438 53656.247589 21.348 0.147 53656.244256 20.032 0.046 53656.245089 19.847 0.048 53656.246756 19.532 0.102 0.193424 1.239123
53663.259233 23.645 1.663 53663.260899 21.466 0.105 53663.257566 19.998 0.03 53663.258399 19.974 0.08 53663.260066 19.288 0.06 0.193424 1.239123
53665.237201 -99.99 0.654 53665.238867 -99.99 1.834 53665.235534 -99.99 0.129 53665.236367 -99.99 1.215 53665.238034 -99.99 0.91 0.193424 1.239123
53668.248833 25.196 2.036 53668.250499 21.52 0.08 53668.247166 20.132 0.036 53668.247999 19.824 0.046 53668.249666 19.28 0.098 0.193424 1.239123
53670.253684 23.614 0.896 53670.25535 21.451 0.049 53670.252017 20.006 0.025 53670.25285 19.749 0.03 53670.254517 19.399 0.073 0.193424 1.239123
53673.221669 23.779 1.043 53673.223335 21.448 0.052 53673.220002 20.004 0.026 53673.220835 19.737 0.031 53673.222502 19.472 0.079 0.193424 1.239123
53675.218558 23.145 0.737 53675.220224 21.461 0.053 53675.216891 20.031 0.03 53675.217724 19.689 0.035 53675.219391 19.353 0.084 0.193424 1.239123
53677.239588 24.116 0.958 53677.241254 21.48 0.046 53677.237921 20.069 0.025 53677.238754 19.773 0.025 53677.240421 19.335 0.053 0.193424 1.239123
53680.226254 23.818 1.039 53680.22792 21.538 0.053 53680.224587 20.057 0.026 53680.22542 19.769 0.028 53680.227087 19.382 0.063 0.193424 1.239123
53693.228151 23.699 2.354 53693.229817 21.597 0.145 53693.226484 20.082 0.039 53693.227317 19.739 0.036 53693.228984 19.425 0.073 0.193424 1.239123
53698.225542 25.424 0.533 53698.227208 21.612 0.119 53698.223875 20.084 0.041 53698.224708 -99.99 0.038 53698.226375 -99.99 0.102 0.193424 1.239123
53704.211476 23.331 0.841 53704.213142 21.441 0.056 53704.209809 20.059 0.026 53704.210642 19.729 0.033 53704.212309 19.384 0.077 0.193424 1.239123
53974.30413 27.739 99.999 53974.305797 21.526 0.049 53974.302463 20.083 0.02 53974.303297 19.744 0.027 53974.304963 -99.99 0.058 0.193424 1.239123
53989.30752 22.841 0.965 53989.309187 21.323 0.134 53989.305854 20.084 0.04 53989.306687 19.785 0.038 53989.308354 19.362 0.074 0.193424 1.239123
53997.403178 23.895 1.527 53997.404844 21.561 0.062 53997.401511 20.106 0.029 53997.402344 -99.99 0.03 53997.404011 -99.99 0.071 0.193424 1.239123
54000.282939 23.023 0.71 54000.284605 21.592 0.07 54000.281272 20.053 0.029 54000.282105 19.836 0.038 54000.283772 19.616 0.103 0.193424 1.239123
54007.33309 24.434 2.458 54007.334756 21.586 0.054 54007.331423 20.077 0.028 54007.332256 19.756 0.034 54007.333923 19.455 0.075 0.193424 1.239123
54009.256889 -99.99 1.813 54009.258555 21.532 0.064 54009.255222 20.049 0.029 54009.256055 19.738 0.033 54009.257722 19.407 0.075 0.193424 1.239123
54011.321347 23.64 1.222 54011.323014 21.428 0.083 54011.31968 20.142 0.038 54011.320514 19.762 0.036 54011.32218 19.468 0.067 0.193424 1.239123
54019.271572 24.132 2.15 54019.273239 21.576 0.088 54019.269905 20.061 0.033 54019.270739 19.795 0.033 54019.272405 -99.99 0.065 0.193424 1.239123
54025.320359 23.387 0.984 54025.322026 21.578 0.061 54025.318693 20.09 0.029 54025.319526 19.788 0.034 54025.321193 19.427 0.082 0.193424 1.239123
54029.250743 -99.99 99.999 54029.25241 21.48 0.053 54029.249076 20.068 0.032 54029.24991 19.759 0.036 54029.251576 19.554 0.104 0.193424 1.239123
54348.318112 99.978 99.999 54348.319779 21.494 0.062 54348.316446 20.031 0.023 54348.317279 19.701 0.03 54348.318946 19.38 0.072 0.193424 1.239123
54358.273958 99.957 99.999 54358.275625 21.523 0.075 54358.272291 20.043 0.033 54358.273125 19.719 0.044 54358.274791 19.217 0.073 0.193424 1.239123
54359.268021 22.072 0.476 54359.269688 21.399 0.077 54359.266354 19.982 0.035 54359.267188 19.693 0.043 54359.268854 19.246 0.12 0.193424 1.239123
54365.307 99.992 99.999 54365.308666 21.359 0.064 54365.305333 20.02 0.028 54365.306166 19.738 0.032 54365.307833 19.421 0.068 0.193424 1.239123
54373.381228 99.937 99.999 54373.382895 21.32 0.176 54373.379561 20.071 0.058 54373.380395 19.817 0.049 54373.382061 19.56 0.112 0.193424 1.239123
54381.326586 26.087 9.143 54381.328252 21.409 0.047 54381.324919 20.026 0.025 54381.325752 19.753 0.028 54381.327419 19.288 0.059 0.193424 1.239123
54386.318908 23.542 1.181 54386.320575 21.554 0.055 54386.317241 20.066 0.028 54386.318075 19.704 0.035 54386.319741 19.332 0.065 0.193424 1.239123
54388.323141 27.53 99.999 54388.324807 21.458 0.047 54388.321474 20.025 0.028 54388.322307 19.717 0.029 54388.323974 19.295 0.081 0.193424 1.239123
54403.236959 99.988 99.999 54403.238625 21.253 0.105 54403.235292 19.996 0.034 54403.236125 19.7 0.035 54403.237792 -99.99 0.087 0.193424 1.239123
54404.294486 22.741 0.729 54404.296153 21.51 0.085 54404.29282 20.019 0.029 54404.293653 19.705 0.028 54404.29532 19.263 0.055 0.193424 1.239123
54405.292489 22.717 0.653 54405.294155 21.416 0.07 54405.290822 20.046 0.028 54405.291655 19.746 0.031 54405.293322 19.334 0.064 0.193424 1.239123
54406.230754 23.214 0.571 54406.232421 21.384 0.037 54406.229087 20.056 0.025 54406.229921 19.794 0.029 54406.231587 19.385 0.058 0.193424 1.239123
54412.233691 -99.99 99.999 54412.235357 21.418 0.075 54412.232024 20.048 0.031 54412.232857 -99.99 0.036 54412.234524 -99.99 0.096 0.193424 1.239123
