51075.235639 19.96 0.043 51075.237305 19.818 0.017 51075.233972 19.472 0.018 51075.234805 19.294 0.024 51075.236472 19.401 0.087 -23.181918 0.676331
51464.223535 19.683 0.035 51464.225201 19.598 0.014 51464.221868 19.322 0.014 51464.222701 19.183 0.018 51464.224368 19.132 0.047 -23.181918 0.676331
52197.249303 19.948 0.041 52197.250969 19.813 0.016 52197.247636 19.433 0.014 52197.248469 19.286 0.018 52197.250136 19.264 0.051 -23.181918 0.676331
52231.13524 19.958 0.041 52231.136906 19.817 0.016 52231.133573 19.454 0.015 52231.134406 19.294 0.018 52231.136073 19.161 0.047 -23.181918 0.676331
52557.243244 20.081 0.049 52557.24491 19.895 0.017 52557.241577 19.528 0.017 52557.24241 19.407 0.022 52557.244077 19.405 0.065 -23.181918 0.676331
52578.139323 20 0.041 52578.140989 19.814 0.015 52578.137656 19.518 0.015 52578.138489 19.292 0.02 52578.140156 19.294 0.058 -23.181918 0.676331
52929.16955 20.043 0.042 52929.171216 19.858 0.015 52929.167883 19.515 0.015 52929.168716 19.372 0.018 52929.170383 19.399 0.058 -23.181918 0.676331
52934.149706 19.974 0.044 52934.151372 19.824 0.017 52934.148039 19.523 0.018 52934.148872 19.389 0.022 52934.150539 19.352 0.063 -23.181918 0.676331
52936.145633 19.999 0.038 52936.147299 19.787 0.014 52936.143966 19.504 0.014 52936.144799 19.383 0.018 52936.146466 19.351 0.051 -23.181918 0.676331
53270.209756 20.002 0.043 53270.211423 19.889 0.02 53270.20809 19.56 0.022 53270.208923 19.424 0.021 53270.21059 19.387 0.05 -23.181918 0.676331
53272.25964 19.909 0.086 53272.261306 19.822 0.035 53272.257973 19.544 0.025 53272.258806 19.415 0.03 53272.260473 19.404 0.077 -23.181918 0.676331
53286.228357 20.097 0.058 53286.230023 19.935 0.02 53286.22669 19.588 0.018 53286.227523 19.411 0.024 53286.22919 19.434 0.068 -23.181918 0.676331
53288.186849 20.074 0.049 53288.188515 19.93 0.018 53288.185182 19.612 0.017 53288.186015 19.449 0.022 53288.187682 19.388 0.061 -23.181918 0.676331
53294.214234 20.23 0.05 53294.215901 19.915 0.024 53294.212568 19.658 0.026 53294.213401 19.528 0.038 53294.215068 19.41 0.072 -23.181918 0.676331
53302.182515 20.076 0.101 53302.184181 19.958 0.049 53302.180848 19.568 0.03 53302.181681 19.458 0.036 53302.183348 19.391 0.078 -23.181918 0.676331
53312.138062 20.236 0.055 53312.139728 20.027 0.024 53312.136395 19.597 0.026 53312.137228 19.426 0.03 53312.138895 19.356 0.075 -23.181918 0.676331
53314.139243 20.096 0.043 53314.140909 19.999 0.017 53314.137576 19.629 0.017 53314.138409 19.463 0.022 53314.140076 19.499 0.072 -23.181918 0.676331
53616.243613 20.257 0.074 53616.245279 20.223 0.026 53616.241946 19.776 0.022 53616.242779 19.627 0.031 53616.244446 19.617 0.111 -23.181918 0.676331
53623.233823 20.32 0.062 53623.235489 20.173 0.024 53623.232156 19.795 0.021 53623.232989 19.584 0.026 53623.234656 19.538 0.076 -23.181918 0.676331
53626.220036 20.452 0.089 53626.221702 20.192 0.035 53626.218369 19.76 0.026 53626.219202 19.662 0.029 53626.220869 19.509 0.076 -23.181918 0.676331
53628.204901 20.555 0.213 53628.206567 20.092 0.059 53628.203234 19.69 0.04 53628.204067 19.612 0.046 53628.205734 19.641 0.111 -23.181918 0.676331
53637.206516 20.359 0.079 53637.208182 20.144 0.027 53637.204849 19.789 0.024 53637.205682 19.642 0.035 53637.207349 19.508 0.098 -23.181918 0.676331
53644.198964 20.273 0.045 53644.20063 20.136 0.018 53644.197297 19.753 0.016 53644.19813 19.578 0.026 53644.199797 19.576 0.055 -23.181918 0.676331
53654.233585 20.421 0.066 53654.235251 20.064 0.023 53654.231918 19.733 0.021 53654.232751 19.553 0.026 53654.234418 19.577 0.077 -23.181918 0.676331
53656.181178 20.28 0.163 53656.182844 20.217 0.08 53656.179511 19.833 0.045 53656.180344 19.532 0.048 53656.182011 19.412 0.128 -23.181918 0.676331
53663.194486 20.504 0.094 53663.196152 20.115 0.03 53663.192819 19.718 0.021 53663.193652 19.619 0.025 53663.195319 19.529 0.059 -23.181918 0.676331
53668.184087 20.326 0.065 53668.185753 20.052 0.02 53668.18242 19.724 0.022 53668.183253 19.571 0.03 53668.18492 19.719 0.13 -23.181918 0.676331
53670.18894 20.422 0.061 53670.190606 20.071 0.019 53670.187273 19.74 0.021 53670.188106 19.604 0.026 53670.189773 19.624 0.077 -23.181918 0.676331
53673.156923 20.25 0.055 53673.158589 20.026 0.019 53673.155256 19.732 0.021 53673.156089 19.597 0.028 53673.157756 19.459 0.073 -23.181918 0.676331
53675.153812 20.239 0.051 53675.155478 20.078 0.018 53675.152145 19.708 0.019 53675.152978 19.562 0.025 53675.154645 19.505 0.068 -23.181918 0.676331
53677.174843 20.225 0.046 53677.176509 20.076 0.017 53677.173176 19.688 0.016 53677.174009 19.515 0.02 53677.175676 19.446 0.049 -23.181918 0.676331
53680.161509 20.191 0.047 53680.163175 20.061 0.018 53680.159842 19.738 0.018 53680.160675 19.576 0.022 53680.162342 19.516 0.054 -23.181918 0.676331
53686.228208 20.247 0.278 53686.229874 20.089 0.093 53686.226541 19.697 0.055 53686.227374 19.522 0.051 53686.229041 19.358 0.115 -23.181918 0.676331
53693.16341 20.242 0.095 53693.165076 20.065 0.035 53693.161743 19.694 0.025 53693.162576 19.52 0.026 53693.164243 19.523 0.064 -23.181918 0.676331
53702.159115 20.29 0.093 53702.160781 20.075 0.031 53702.157448 19.74 0.039 53702.158281 19.676 0.059 53702.159948 19.497 0.15 -23.181918 0.676331
53704.146736 20.385 0.061 53704.148402 20.076 0.019 53704.145069 19.735 0.019 53704.145902 19.527 0.024 53704.147569 19.531 0.066 -23.181918 0.676331
53989.242781 20.33 0.082 53989.244447 20.002 0.031 53989.241114 19.635 0.027 53989.241947 19.502 0.026 53989.243614 19.592 0.068 -23.181918 0.676331
53995.23205 20.224 0.041 53995.233716 19.956 0.015 53995.230383 19.616 0.017 53995.231216 19.468 0.019 53995.232883 19.447 0.048 -23.181918 0.676331
54000.218201 20.14 0.048 54000.219868 19.995 0.022 54000.216535 19.597 0.023 54000.217368 19.504 0.024 54000.219035 19.443 0.066 -23.181918 0.676331
54007.268348 20.168 0.048 54007.270015 19.95 0.021 54007.266682 19.621 0.019 54007.267515 19.484 0.023 54007.269182 19.455 0.063 -23.181918 0.676331
54009.192131 20.082 0.052 54009.193798 19.983 0.025 54009.190464 19.621 0.022 54009.191298 19.437 0.027 54009.192964 19.443 0.059 -23.181918 0.676331
54011.256683 20.199 0.07 54011.258349 19.954 0.029 54011.255016 19.598 0.023 54011.255849 19.438 0.026 54011.257516 19.376 0.05 -23.181918 0.676331
54019.206829 20.23 0.057 54019.208496 19.98 0.023 54019.205162 19.596 0.017 54019.205996 19.481 0.019 54019.207662 19.457 0.045 -23.181918 0.676331
54025.255628 20.047 0.067 54025.257294 19.934 0.024 54025.253961 19.576 0.023 54025.254794 19.493 0.027 54025.256461 19.459 0.088 -23.181918 0.676331
54029.185964 20.194 0.048 54029.187631 19.933 0.023 54029.184297 19.599 0.016 54029.185131 19.432 0.022 54029.186797 19.454 0.063 -23.181918 0.676331
54356.264158 20.119 0.05 54356.265824 19.96 0.018 54356.262491 19.579 0.017 54356.263324 19.459 0.025 54356.264991 19.402 0.055 -23.181918 0.676331
54358.209208 20.155 0.064 54358.210875 19.896 0.024 54358.207542 19.578 0.022 54358.208375 19.495 0.029 54358.210042 19.471 0.081 -23.181918 0.676331
54365.242263 20.078 0.057 54365.24393 19.889 0.023 54365.240596 19.578 0.022 54365.24143 19.426 0.029 54365.243096 19.47 0.063 -23.181918 0.676331
54373.316492 19.959 0.165 54373.318158 19.923 0.047 54373.314825 19.575 0.037 54373.315658 19.494 0.041 54373.317325 -99.99 0.093 -23.181918 0.676331
54382.251375 19.964 0.058 54382.253042 19.871 0.025 54382.249708 19.573 0.023 54382.250542 19.446 0.028 54382.252208 19.516 0.086 -23.181918 0.676331
54386.254137 20.028 0.043 54386.255804 19.86 0.019 54386.25247 19.533 0.017 54386.253304 19.435 0.022 54386.25497 19.422 0.053 -23.181918 0.676331
54388.258398 19.958 0.046 54388.260064 19.874 0.021 54388.256731 19.543 0.019 54388.257564 19.42 0.025 54388.259231 19.372 0.061 -23.181918 0.676331
54403.172187 20.052 0.058 54403.173853 19.884 0.032 54403.17052 19.545 0.023 54403.171353 19.359 0.025 54403.17302 19.4 0.069 -23.181918 0.676331
54406.166012 20.05 0.042 54406.167678 19.855 0.016 54406.164345 19.523 0.019 54406.165178 19.384 0.022 54406.166845 19.512 0.065 -23.181918 0.676331
54412.168942 19.986 0.057 54412.170609 19.869 0.032 54412.167276 19.574 0.023 54412.168109 19.408 0.032 54412.169776 19.361 0.084 -23.181918 0.676331
