51464.219348 21.342 0.113 51464.221014 20.37 0.025 51464.217681 20.088 0.023 51464.218514 19.723 0.026 51464.220181 19.467 0.084 -24.697008 -0.204891
52172.301887 21.492 0.139 52172.303553 20.421 0.024 52172.30022 20.14 0.025 52172.301053 19.792 0.025 52172.30272 19.77 0.092 -24.697008 -0.204891
52197.245061 21.521 0.146 52197.246727 20.438 0.024 52197.243394 20.169 0.024 52197.244227 19.823 0.026 52197.245894 19.699 0.084 -24.697008 -0.204891
52231.131044 21.378 0.11 52231.13271 20.414 0.022 52231.129377 20.18 0.024 52231.13021 19.765 0.023 52231.131877 19.534 0.067 -24.697008 -0.204891
52557.239048 21.254 0.125 52557.240714 20.383 0.026 52557.237381 20.13 0.025 52557.238214 19.766 0.026 52557.239881 19.861 0.114 -24.697008 -0.204891
52578.135126 21.474 0.12 52578.136792 20.384 0.022 52578.133459 20.192 0.024 52578.134292 19.787 0.024 52578.135959 19.753 0.086 -24.697008 -0.204891
52929.165353 21.148 0.104 52929.167019 20.279 0.02 52929.163686 20.033 0.024 52929.164519 19.71 0.023 52929.166186 19.595 0.075 -24.697008 -0.204891
52934.14551 21.117 0.112 52934.147176 20.276 0.023 52934.143843 20.057 0.026 52934.144676 19.8 0.028 52934.146343 19.618 0.09 -24.697008 -0.204891
52936.141436 21.115 0.082 52936.143102 20.258 0.019 52936.139769 20.061 0.02 52936.140602 19.747 0.021 52936.142269 19.481 0.061 -24.697008 -0.204891
53270.205512 21.408 0.149 53270.207179 20.296 0.031 53270.203846 20.081 0.025 53270.204679 19.778 0.026 53270.206346 19.548 0.067 -24.697008 -0.204891
53272.255444 21.519 0.392 53272.25711 20.216 0.047 53272.253777 20.158 0.049 53272.25461 19.77 0.038 53272.256277 19.757 0.11 -24.697008 -0.204891
53286.224162 21.109 0.119 53286.225828 20.348 0.026 53286.222495 20.148 0.029 53286.223328 19.796 0.025 53286.224995 19.468 0.066 -24.697008 -0.204891
53288.18265 21.124 0.122 53288.184316 20.321 0.022 53288.180983 20.127 0.025 53288.181816 19.766 0.025 53288.183483 19.924 0.095 -24.697008 -0.204891
53294.209975 21.467 0.141 53294.211642 20.308 0.033 53294.208308 20.061 0.034 53294.209142 19.791 0.039 53294.210808 19.529 0.118 -24.697008 -0.204891
53302.178319 21.359 0.318 53302.179985 20.365 0.059 53302.176652 20.089 0.042 53302.177485 19.843 0.037 53302.179152 19.58 0.097 -24.697008 -0.204891
53312.133875 21.298 0.145 53312.135542 20.311 0.024 53312.132209 20.093 0.035 53312.133042 19.716 0.034 53312.134709 19.532 0.096 -24.697008 -0.204891
53314.135047 21.293 0.112 53314.136713 20.326 0.021 53314.13338 20.117 0.025 53314.134213 19.751 0.026 53314.13588 19.703 0.094 -24.697008 -0.204891
53616.239418 21.063 0.159 53616.241084 20.3 0.026 53616.237751 20.119 0.031 53616.238584 19.798 0.036 53616.240251 20.024 0.156 -24.697008 -0.204891
53623.229628 21.582 0.171 53623.231294 20.322 0.026 53623.227961 20.089 0.026 53623.228794 19.7 0.025 53623.230461 19.547 0.076 -24.697008 -0.204891
53626.21584 21.176 0.195 53626.217506 20.316 0.041 53626.214173 20.073 0.035 53626.215006 19.787 0.036 53626.216673 19.723 0.11 -24.697008 -0.204891
53628.200706 21.087 0.321 53628.202372 20.223 0.067 53628.199039 20.052 0.053 53628.199872 19.781 0.047 53628.201539 19.587 0.112 -24.697008 -0.204891
53634.202114 21.093 0.396 53634.20378 20.346 0.088 53634.200447 20.102 0.067 53634.20128 19.703 0.055 53634.202947 19.628 0.151 -24.697008 -0.204891
53637.20232 21.152 0.163 53637.203986 20.331 0.029 53637.200653 20.084 0.029 53637.201486 19.769 0.035 53637.203153 19.715 0.131 -24.697008 -0.204891
53644.194784 21.226 0.088 53644.196451 20.324 0.024 53644.193117 20.11 0.022 53644.193951 19.737 0.025 53644.195617 19.516 0.058 -24.697008 -0.204891
53654.229391 21.304 0.141 53654.231057 20.303 0.028 53654.227724 20.105 0.027 53654.228557 19.693 0.026 53654.230224 19.504 0.082 -24.697008 -0.204891
53655.179651 20.961 0.242 53655.181317 20.316 0.058 53655.177984 20.022 0.04 53655.178817 19.771 0.041 53655.180484 19.752 0.136 -24.697008 -0.204891
53656.176982 21.538 0.473 53656.178648 20.362 0.08 53656.175315 20.086 0.058 53656.176148 19.764 0.051 53656.177815 19.724 0.142 -24.697008 -0.204891
53663.190291 21.019 0.155 53663.191957 20.309 0.034 53663.188624 20.06 0.027 53663.189457 19.787 0.025 53663.191124 19.684 0.071 -24.697008 -0.204891
53668.179891 21.017 0.115 53668.181557 20.37 0.025 53668.178224 20.053 0.029 53668.179057 19.814 0.038 53668.180724 19.409 0.094 -24.697008 -0.204891
53670.184745 21.245 0.117 53670.186411 20.237 0.021 53670.183078 20.084 0.025 53670.183911 19.735 0.027 53670.185578 19.656 0.092 -24.697008 -0.204891
53673.152727 21.164 0.121 53673.154393 20.306 0.023 53673.15106 20.07 0.024 53673.151893 19.806 0.028 53673.15356 19.491 0.082 -24.697008 -0.204891
53675.149615 20.996 0.094 53675.151281 20.243 0.021 53675.147948 20.054 0.026 53675.148781 19.729 0.028 53675.150448 19.532 0.085 -24.697008 -0.204891
53677.170648 21.194 0.09 53677.172314 20.297 0.019 53677.168981 20.084 0.022 53677.169814 19.757 0.022 53677.171481 19.682 0.07 -24.697008 -0.204891
53680.157313 21.321 0.129 53680.158979 20.292 0.022 53680.155646 20.062 0.025 53680.156479 19.707 0.024 53680.158146 19.647 0.078 -24.697008 -0.204891
53686.224013 -99.99 0.389 53686.225679 19.992 0.089 53686.222346 20.194 0.1 53686.223179 19.895 0.074 53686.224846 19.546 0.162 -24.697008 -0.204891
53693.159215 21.542 0.323 53693.160881 20.367 0.048 53693.157548 20.066 0.034 53693.158381 19.771 0.029 53693.160048 19.643 0.08 -24.697008 -0.204891
53694.173907 21.361 0.538 53694.175573 20.188 0.075 53694.17224 20.139 0.072 53694.173073 19.837 0.063 53694.17474 19.366 0.145 -24.697008 -0.204891
53697.157997 21.093 0.202 53697.159663 20.411 0.047 53697.15633 20.04 0.083 53697.157163 19.82 0.052 53697.15883 19.408 0.13 -24.697008 -0.204891
53702.154902 21.849 0.425 53702.156568 20.33 0.037 53702.153235 20.05 0.043 53702.154068 19.835 0.058 53702.155735 19.679 0.194 -24.697008 -0.204891
53704.142541 21.189 0.121 53704.144207 20.354 0.023 53704.140874 20.066 0.024 53704.141707 19.825 0.029 53704.143374 19.642 0.09 -24.697008 -0.204891
53975.228634 21.26 0.102 53975.230301 99.986 99.999 53975.226967 20.073 0.023 53975.227801 19.794 0.027 53975.229467 19.653 0.074 -24.697008 -0.204891
53989.23859 21.255 0.195 53989.240257 20.333 0.038 53989.236923 20.126 0.031 53989.237757 19.816 0.028 53989.239423 19.697 0.074 -24.697008 -0.204891
53993.296434 21.153 0.117 53993.298101 20.38 0.031 53993.294767 20.08 0.026 53993.295601 19.797 0.026 53993.297267 19.59 0.06 -24.697008 -0.204891
53995.227847 21.282 0.097 53995.229514 20.335 0.025 53995.226181 20.135 0.02 53995.227014 19.81 0.024 53995.228681 19.657 0.066 -24.697008 -0.204891
53996.235345 21.241 0.105 53996.237012 20.324 0.023 53996.233678 20.137 0.022 53996.234512 19.773 0.022 53996.236178 19.632 0.063 -24.697008 -0.204891
54000.214016 21.535 0.156 54000.215683 20.345 0.026 54000.212349 20.106 0.027 54000.213183 19.781 0.03 54000.214849 19.666 0.086 -24.697008 -0.204891
54005.234224 21.2 0.1 54005.23589 20.388 0.021 54005.232557 20.124 0.021 54005.23339 19.737 0.02 54005.235057 19.638 0.064 -24.697008 -0.204891
54007.190832 21.971 0.224 54007.192498 20.364 0.028 54007.189165 20.098 0.024 54007.189998 19.737 0.023 54007.191665 19.559 0.065 -24.697008 -0.204891
54007.264148 21.175 0.103 54007.265815 20.385 0.023 54007.262482 20.137 0.028 54007.263315 19.759 0.02 54007.264982 19.62 0.069 -24.697008 -0.204891
54009.187921 20.897 0.096 54009.189587 20.361 0.029 54009.186254 20.163 0.026 54009.187087 19.777 0.026 54009.188754 19.686 0.07 -24.697008 -0.204891
54011.252435 21.334 0.198 54011.254102 20.342 0.039 54011.250768 20.171 0.03 54011.251602 19.75 0.026 54011.253268 19.765 0.073 -24.697008 -0.204891
54019.202625 21.176 0.121 54019.204291 20.35 0.03 54019.200958 20.102 0.024 54019.201791 19.772 0.025 54019.203458 19.634 0.054 -24.697008 -0.204891
54020.188281 21.392 0.13 54020.189948 20.402 0.027 54020.186614 20.107 0.023 54020.187448 19.765 0.025 54020.189114 19.496 0.07 -24.697008 -0.204891
54022.237569 99.991 99.999 54022.239236 -99.99 99.999 54022.235903 20.164 0.021 54022.236736 19.797 0.022 54022.238403 19.541 0.055 -24.697008 -0.204891
54025.251447 21.492 0.177 54025.253114 20.405 0.029 54025.249781 20.11 0.031 54025.250614 19.813 0.031 54025.252281 19.817 0.125 -24.697008 -0.204891
54028.178659 21.126 0.111 54028.180326 20.377 0.024 54028.176992 20.109 0.027 54028.177826 19.824 0.033 54028.179492 19.739 0.089 -24.697008 -0.204891
54029.18177 21.261 0.121 54029.183437 20.363 0.024 54029.180103 20.132 0.025 54029.180937 19.783 0.025 54029.182603 19.562 0.067 -24.697008 -0.204891
54035.25766 21.175 0.199 54035.259326 20.382 0.044 54035.255993 20.067 0.042 54035.256826 19.705 0.042 54035.258493 19.691 0.133 -24.697008 -0.204891
54040.17772 20.998 0.24 54040.179387 20.364 0.068 54040.176053 20.055 0.048 54040.176887 19.795 0.044 54040.178553 19.476 0.122 -24.697008 -0.204891
54057.138754 21.215 0.108 54057.14042 20.396 0.026 54057.137087 20.18 0.025 54057.13792 19.749 0.025 54057.139587 19.634 0.079 -24.697008 -0.204891
54059.164306 21.174 0.138 54059.165973 20.37 0.028 54059.162639 20.115 0.029 54059.163473 19.825 0.033 54059.165139 19.7 0.102 -24.697008 -0.204891
54061.175364 21.336 0.161 54061.177031 20.336 0.028 54061.173697 20.102 0.028 54061.174531 19.774 0.03 54061.176197 19.767 0.102 -24.697008 -0.204891
54356.259943 21.471 0.151 54356.26161 20.408 0.024 54356.258276 20.107 0.026 54356.25911 19.811 0.029 54356.260776 19.739 0.081 -24.697008 -0.204891
54357.207517 21.208 0.131 54357.209184 20.369 0.028 54357.20585 20.202 0.03 54357.206684 19.725 0.038 54357.20835 19.723 0.088 -24.697008 -0.204891
54358.205009 21.183 0.177 54358.206675 20.358 0.029 54358.203342 20.118 0.033 54358.204175 19.797 0.033 54358.205842 19.783 0.114 -24.697008 -0.204891
54365.205354 21.031 0.185 54365.207021 20.448 0.055 54365.203687 20.148 0.04 54365.204521 19.757 0.037 54365.206187 19.518 0.093 -24.697008 -0.204891
54365.238064 21.638 0.224 54365.239731 20.33 0.034 54365.236397 20.197 0.031 54365.237231 19.855 0.033 54365.238897 19.957 0.099 -24.697008 -0.204891
54373.312256 21.103 0.321 54373.313922 20.405 0.069 54373.310589 20.114 0.048 54373.311422 19.803 0.037 54373.313089 19.765 0.11 -24.697008 -0.204891
54376.265983 99.991 99.999 54376.26765 99.987 99.999 54376.264316 20.202 0.031 54376.26515 19.843 0.033 54376.266816 99.993 99.999 -24.697008 -0.204891
54382.247175 21.605 0.232 54382.248842 20.4 0.026 54382.245508 20.236 0.033 54382.246342 19.748 0.032 54382.248008 19.794 0.125 -24.697008 -0.204891
54386.249949 21.316 0.12 54386.251616 20.42 0.028 54386.248283 20.181 0.024 54386.249116 19.823 0.029 54386.250783 19.746 0.078 -24.697008 -0.204891
54387.255862 21.21 0.156 54387.257528 20.361 0.025 54387.254195 20.169 0.03 54387.255028 19.788 0.032 54387.256695 19.655 0.092 -24.697008 -0.204891
54388.254218 21.063 0.147 54388.255885 20.339 0.024 54388.252551 20.161 0.032 54388.253385 19.78 0.033 54388.255051 19.703 0.096 -24.697008 -0.204891
54402.249158 -99.99 0.608 54402.250824 20.229 0.057 54402.247491 20.109 0.048 54402.248324 19.746 0.038 54402.249991 19.7 0.102 -24.697008 -0.204891
54403.167989 21.383 0.162 54403.169656 20.44 0.041 54403.166323 20.131 0.028 54403.167156 19.782 0.032 54403.168823 19.753 0.095 -24.697008 -0.204891
54406.161809 21.096 0.091 54406.163476 20.392 0.022 54406.160143 20.176 0.026 54406.160976 19.809 0.029 54406.162643 19.8 0.093 -24.697008 -0.204891
54412.164756 21.476 0.199 54412.166423 20.378 0.033 54412.16309 20.136 0.029 54412.163923 19.873 0.034 54412.16559 19.765 0.115 -24.697008 -0.204891
