52910.37237 20.039 0.054 52910.374036 19.523 0.014 52910.370703 19.548 0.018 52910.371536 19.28 0.018 52910.373203 19.157 0.056 29.221524 -0.773135
52935.299538 19.803 0.05 52935.301204 19.444 0.014 52935.297871 19.463 0.02 52935.298704 19.249 0.021 52935.300371 19.041 0.065 29.221524 -0.773135
52963.222614 19.769 0.037 52963.22428 19.392 0.012 52963.220947 19.515 0.014 52963.22178 19.339 0.015 52963.223447 19.327 0.046 29.221524 -0.773135
52971.213529 19.79 0.044 52971.215195 19.34 0.013 52971.211862 19.421 0.016 52971.212695 19.217 0.016 52971.214362 19.221 0.052 29.221524 -0.773135
53351.144918 19.855 0.046 53351.146584 -99.99 0.013 53351.143251 19.479 0.017 53351.144084 19.317 0.02 53351.145751 19.08 0.063 29.221524 -0.773135
53622.401972 20.251 0.078 53622.403638 19.689 0.016 53622.400305 19.706 0.022 53622.401138 19.36 0.023 53622.402805 19.285 0.068 29.221524 -0.773135
53638.392779 20.157 0.071 53638.394445 19.693 0.018 53638.391112 19.804 0.023 53638.391945 19.436 0.02 53638.393612 19.272 0.063 29.221524 -0.773135
53646.418224 20.321 0.078 53646.41989 19.751 0.018 53646.416557 -99.99 0.081 53646.41739 19.587 0.031 53646.419057 -99.99 0.086 29.221524 -0.773135
53655.328987 20.225 0.068 53655.330653 19.67 0.016 53655.32732 19.725 0.021 53655.328153 19.443 0.022 53655.32982 19.422 0.081 29.221524 -0.773135
53671.397945 20.026 0.094 53671.399611 19.653 0.019 53671.396278 19.612 0.03 53671.397111 19.331 0.029 53671.398778 19.197 0.073 29.221524 -0.773135
53679.358786 20.045 0.098 53679.360452 19.554 0.02 53679.357119 -99.99 0.028 53679.357952 19.196 0.027 53679.359619 -99.99 0.133 29.221524 -0.773135
53700.306281 20.081 0.078 53700.307947 19.679 0.018 53700.304614 19.658 0.023 53700.305447 19.434 0.027 53700.307114 19.353 0.09 29.221524 -0.773135
53705.292951 19.991 0.074 53705.294617 19.58 0.017 53705.291284 19.621 0.02 53705.292117 19.33 0.021 53705.293784 19.215 0.077 29.221524 -0.773135
53996.3847 20.418 0.073 53996.386366 19.818 0.023 53996.383033 19.899 0.024 53996.383866 19.529 0.03 53996.385533 19.474 0.066 29.221524 -0.773135
54005.397859 -99.99 0.07 54005.399526 19.899 0.02 54005.396192 20.042 0.019 54005.397026 19.751 0.019 54005.398692 19.594 0.055 29.221524 -0.773135
54020.33767 20.666 0.136 54020.339337 20.021 0.033 54020.336004 20.037 0.032 54020.336837 19.751 0.03 54020.338504 19.557 0.085 29.221524 -0.773135
54061.324969 20.43 0.119 54061.326636 19.868 0.024 54061.323303 19.929 0.06 54061.324136 19.513 0.046 54061.325803 19.303 0.1 29.221524 -0.773135
54068.299129 20.361 0.118 54068.300796 19.829 0.042 54068.297463 19.937 0.033 54068.298296 19.587 0.036 54068.299963 19.35 0.082 29.221524 -0.773135
54362.406642 20.201 0.051 54362.408309 19.682 0.024 54362.404976 19.831 0.025 54362.405809 19.551 0.02 54362.407476 19.578 0.066 29.221524 -0.773135
54376.401731 20.112 0.064 54376.403398 19.651 0.023 54376.400064 19.827 0.019 54376.400898 19.628 0.026 54376.402564 19.527 0.065 29.221524 -0.773135
54385.404708 20.006 0.053 54385.406375 19.671 0.025 54385.403041 19.795 0.02 54385.403875 19.561 0.023 54385.405541 19.583 0.056 29.221524 -0.773135
54390.397581 -99.99 0.094 54390.399247 -99.99 0.037 54390.395914 -99.99 0.44 54390.396747 -99.99 0.098 54390.398414 -99.99 2.038 29.221524 -0.773135
