51075.306476 20.658 0.07 51075.308142 20.201 0.022 51075.304809 19.963 0.024 51075.305642 19.901 0.038 51075.307309 19.635 0.101 2.388907 0.737427
52196.307022 20.716 0.072 52196.308688 20.31 0.021 52196.305355 19.963 0.021 52196.306188 19.915 0.031 52196.307855 19.834 0.09 2.388907 0.737427
52197.32013 20.679 0.065 52197.321796 20.316 0.021 52197.318463 20.009 0.022 52197.319296 20.016 0.031 52197.320963 19.869 0.089 2.388907 0.737427
52225.17028 20.699 0.071 52225.171946 20.42 0.022 52225.168613 20.048 0.024 52225.169446 20.018 0.035 52225.171113 19.786 0.094 2.388907 0.737427
52231.206063 20.74 0.067 52231.207729 20.353 0.023 52231.204396 20.049 0.021 52231.205229 20.042 0.031 52231.206896 20.048 0.089 2.388907 0.737427
52253.192234 20.725 0.129 52253.1939 20.325 0.036 52253.190567 20.001 0.033 52253.1914 19.982 0.051 52253.193067 19.731 0.123 2.388907 0.737427
52557.314065 21.002 0.11 52557.315731 20.481 0.028 52557.312398 20.207 0.028 52557.313231 20.197 0.044 52557.314898 19.892 0.111 2.388907 0.737427
52578.210149 20.747 0.07 52578.211815 20.452 0.024 52578.208482 20.142 0.024 52578.209315 20.052 0.034 52578.210982 20.016 0.104 2.388907 0.737427
52908.288632 20.77 0.084 52908.290298 20.181 0.022 52908.286965 19.899 0.022 52908.287798 19.893 0.034 52908.289465 19.567 0.084 2.388907 0.737427
52911.302419 20.551 0.068 52911.304085 20.182 0.024 52911.300752 19.903 0.024 52911.301585 19.874 0.036 52911.303252 19.763 0.11 2.388907 0.737427
52930.179792 20.684 0.083 52930.181458 20.25 0.024 52930.178125 19.91 0.022 52930.178958 19.842 0.034 52930.180625 19.769 0.1 2.388907 0.737427
52934.220533 20.478 0.079 52934.222199 20.137 0.022 52934.218866 19.909 0.026 52934.219699 19.808 0.039 52934.221366 19.723 0.109 2.388907 0.737427
52936.21646 20.471 0.059 52936.218126 20.22 0.021 52936.214793 19.946 0.019 52936.215626 19.854 0.027 52936.217293 19.841 0.082 2.388907 0.737427
52962.141982 20.596 0.064 52962.143648 20.202 0.022 52962.140315 19.913 0.022 52962.141148 19.898 0.033 52962.142815 19.759 0.085 2.388907 0.737427
53270.28059 20.556 0.059 53270.282257 20.28 0.022 53270.278923 -99.99 0.027 53270.279757 19.998 0.03 53270.281423 19.83 0.068 2.388907 0.737427
53272.330463 20.725 0.088 53272.332129 20.261 0.031 53272.328796 20.021 0.028 53272.329629 19.933 0.034 53272.331296 19.837 0.091 2.388907 0.737427
53286.299181 20.692 0.105 53286.300847 20.272 0.025 53286.297514 20.009 0.028 53286.298347 19.874 0.034 53286.300014 19.882 0.105 2.388907 0.737427
53288.257673 20.679 0.077 53288.259339 20.279 0.022 53288.256006 19.972 0.022 53288.256839 19.984 0.032 53288.258506 19.743 0.082 2.388907 0.737427
53294.305348 20.583 0.074 53294.307014 20.3 0.025 53294.303681 20.039 0.026 53294.304514 20.004 0.039 53294.306181 19.924 0.101 2.388907 0.737427
53302.253341 20.515 0.123 53302.255007 20.318 0.05 53302.251674 19.907 0.035 53302.252507 20.026 0.046 53302.254174 19.736 0.091 2.388907 0.737427
53312.208873 20.835 0.088 53312.210539 20.235 0.032 53312.207206 19.99 0.028 53312.208039 20.051 0.045 53312.209706 19.699 0.102 2.388907 0.737427
53314.21007 20.594 0.072 53314.211736 20.194 0.021 53314.208403 19.928 0.024 53314.209236 19.899 0.037 53314.210903 19.98 0.119 2.388907 0.737427
53616.314432 -99.99 0.423 53616.316098 -99.99 0.176 53616.312765 20.07 0.093 53616.313598 -99.99 0.11 53616.315265 -99.99 0.564 2.388907 0.737427
53623.304645 -99.99 0.109 53623.306311 20.416 0.027 53623.302978 20.189 0.027 53623.303811 20.1 0.041 53623.305478 20.161 0.13 2.388907 0.737427
53626.290857 20.772 0.088 53626.292523 20.42 0.033 53626.28919 20.147 0.029 53626.290023 20.092 0.039 53626.29169 19.926 0.104 2.388907 0.737427
53628.275722 20.817 0.182 53628.277388 20.356 0.059 53628.274055 20.131 0.042 53628.274888 20.214 0.056 53628.276555 19.926 0.122 2.388907 0.737427
53637.277339 20.439 0.12 53637.279005 20.453 0.049 53637.275672 20.073 0.038 53637.276505 19.998 0.052 53637.278172 19.925 0.152 2.388907 0.737427
53639.322715 20.966 0.1 53639.324381 20.45 0.029 53639.321048 20.173 0.027 53639.321881 20.11 0.036 53639.323548 19.957 0.089 2.388907 0.737427
53644.269798 20.839 0.077 53644.271465 20.419 0.039 53644.268132 20.154 0.032 53644.268965 20.171 0.044 53644.270632 19.985 0.084 2.388907 0.737427
53654.304408 20.918 0.093 53654.306074 20.391 0.024 53654.302741 20.109 0.026 53654.303574 20.046 0.036 53654.305241 20.074 0.116 2.388907 0.737427
53656.252003 20.493 0.198 53656.253669 20.335 0.067 53656.250336 20.082 0.054 53656.251169 20.049 0.066 53656.252836 19.708 0.124 2.388907 0.737427
53663.265311 20.884 0.139 53663.266977 20.457 0.042 53663.263644 20.147 0.031 53663.264477 20.108 0.035 53663.266144 20.122 0.094 2.388907 0.737427
53666.335413 20.78 0.178 53666.337079 20.529 0.05 53666.333746 20.129 0.036 53666.334579 20.192 0.046 53666.336246 19.895 0.11 2.388907 0.737427
53668.254911 20.591 0.103 53668.256577 20.465 0.036 53668.253244 20.167 0.036 53668.254077 20.05 0.053 53668.255744 19.667 0.137 2.388907 0.737427
53670.259764 20.73 0.074 53670.26143 20.406 0.025 53670.258097 20.146 0.025 53670.25893 20.047 0.036 53670.260597 19.912 0.098 2.388907 0.737427
53673.227749 20.669 0.069 53673.229415 20.391 0.023 53673.226082 20.155 0.025 53673.226915 20.063 0.033 53673.228582 19.959 0.09 2.388907 0.737427
53675.224637 20.775 0.081 53675.226303 20.342 0.023 53675.22297 20.091 0.032 53675.223803 20.091 0.043 53675.22547 19.87 0.1 2.388907 0.737427
53677.245668 20.824 0.072 53677.247334 20.405 0.022 53677.244001 20.11 0.022 53677.244834 20.069 0.031 53677.246501 19.958 0.076 2.388907 0.737427
53680.232334 20.743 0.078 53680.234 20.401 0.023 53680.230667 20.041 0.026 53680.2315 20.079 0.034 53680.233167 19.984 0.095 2.388907 0.737427
53693.234231 20.875 0.213 53693.235897 20.349 0.053 53693.232564 19.996 0.036 53693.233397 20.02 0.044 53693.235064 19.793 0.091 2.388907 0.737427
53698.231621 -99.99 0.152 53698.233287 -99.99 0.057 53698.229954 20.107 0.05 53698.230787 -99.99 0.126 53698.232454 19.79 0.101 2.388907 0.737427
53704.217555 20.693 0.083 53704.219221 20.436 0.026 53704.215888 20.089 0.027 53704.216721 20.071 0.043 53704.218388 19.803 0.094 2.388907 0.737427
53974.310216 20.724 0.065 53974.311883 20.286 0.022 53974.308549 20.073 0.023 53974.309383 20.025 0.028 53974.311049 19.963 0.083 2.388907 0.737427
53989.313631 20.524 0.134 53989.315297 20.269 0.049 53989.311964 20.091 0.042 53989.312797 20.077 0.049 53989.314464 19.798 0.093 2.388907 0.737427
54000.289049 -99.99 0.078 54000.290716 20.274 0.024 54000.287383 20.029 0.027 54000.288216 20.063 0.042 54000.289883 19.909 0.1 2.388907 0.737427
54007.339171 20.525 0.062 54007.340838 20.232 0.025 54007.337505 20.019 0.023 54007.338338 19.996 0.031 54007.340005 19.96 0.084 2.388907 0.737427
54009.262965 20.63 0.069 54009.264632 20.249 0.027 54009.261299 20.002 0.023 54009.262132 19.987 0.031 54009.263799 19.741 0.074 2.388907 0.737427
54011.327513 20.399 0.066 54011.32918 20.272 0.033 54011.325846 20.072 0.035 54011.32668 19.951 0.033 54011.328346 19.761 0.071 2.388907 0.737427
54019.277686 20.454 0.081 54019.279353 20.292 0.034 54019.27602 20.05 0.025 54019.276853 20.04 0.033 54019.27852 19.934 0.108 2.388907 0.737427
54025.326526 20.498 0.077 54025.328193 20.236 0.026 54025.324859 20.023 0.025 54025.325693 20.01 0.038 54025.327359 19.979 0.117 2.388907 0.737427
54029.256803 20.638 0.103 54029.25847 20.257 0.031 54029.255136 19.975 0.029 54029.25597 19.949 0.057 54029.257636 20.31 0.22 2.388907 0.737427
54348.324184 21.115 0.116 54348.32585 20.615 0.033 54348.322517 20.401 0.036 54348.32335 20.368 0.047 54348.325017 20.259 0.124 2.388907 0.737427
54358.28003 20.904 0.114 54358.281697 20.597 0.058 54358.278364 20.363 0.033 54358.279197 20.306 0.055 54358.280864 20.118 0.151 2.388907 0.737427
54359.274104 20.705 0.141 54359.275771 20.639 0.053 54359.272438 20.343 0.051 54359.273271 20.216 0.082 54359.274938 19.947 0.237 2.388907 0.737427
54365.313094 21.163 0.1 54365.314761 20.729 0.033 54365.311427 20.406 0.033 54365.312261 20.457 0.043 54365.313927 20.077 0.088 2.388907 0.737427
54381.332667 21.007 0.086 54381.334333 20.684 0.03 54381.331 20.389 0.033 54381.331833 20.35 0.047 54381.3335 20.177 0.108 2.388907 0.737427
54386.324951 20.796 0.084 54386.326618 20.705 0.028 54386.323284 20.414 0.044 54386.324118 20.435 0.053 54386.325784 20.372 0.129 2.388907 0.737427
54388.329222 21.211 0.1 54388.330888 20.765 0.027 54388.327555 20.443 0.031 54388.328388 20.402 0.04 54388.330055 20.226 0.097 2.388907 0.737427
54403.24302 22.266 0.703 54403.244686 20.646 0.064 54403.241353 20.493 0.059 54403.242186 20.392 0.085 54403.243853 20.603 0.244 2.388907 0.737427
54404.300603 21.264 0.183 54404.30227 20.753 0.045 54404.298936 20.51 0.037 54404.29977 20.454 0.046 54404.301436 20.243 0.106 2.388907 0.737427
54405.298535 20.879 0.109 54405.300202 20.695 0.038 54405.296869 20.441 0.036 54405.297702 20.532 0.051 54405.299369 20.288 0.112 2.388907 0.737427
54406.236833 21.135 0.079 54406.2385 20.713 0.027 54406.235166 20.483 0.027 54406.236 20.473 0.037 54406.237666 20.26 0.094 2.388907 0.737427
54412.239757 20.935 0.125 54412.241424 20.755 0.041 54412.23809 20.434 0.041 54412.238924 20.321 0.058 54412.24059 20.337 0.175 2.388907 0.737427
