51081.358791 19.535 0.034 51081.360457 19.363 0.012 51081.357124 19.409 0.016 51081.357957 19.275 0.019 51081.359624 19.412 0.086 27.167085 0.20677
51818.344755 19.4 0.032 51818.346421 19.293 0.012 51818.343088 19.353 0.014 51818.343921 19.244 0.018 51818.345588 19.352 0.078 27.167085 0.20677
52170.395756 19.668 0.035 52170.397422 19.506 0.012 52170.394089 19.563 0.015 52170.394922 19.409 0.018 52170.396589 19.444 0.074 27.167085 0.20677
52196.394279 19.689 0.038 52196.395945 19.611 0.013 52196.392612 19.583 0.018 52196.393445 19.438 0.021 52196.395112 19.535 0.093 27.167085 0.20677
52207.361085 19.674 0.04 52207.362751 19.573 0.013 52207.359418 19.543 0.017 52207.360251 19.428 0.02 52207.361918 19.484 0.079 27.167085 0.20677
52224.2893 19.746 0.038 52224.290966 19.578 0.013 52224.287633 19.586 0.016 52224.288466 19.417 0.018 52224.290133 19.401 0.068 27.167085 0.20677
52225.254629 19.769 0.039 52225.256295 19.588 0.013 52225.252962 19.59 0.016 52225.253795 19.382 0.019 52225.255462 19.609 0.088 27.167085 0.20677
52231.274692 19.683 0.037 52231.276358 19.583 0.013 52231.273025 19.559 0.016 52231.273858 19.361 0.018 52231.275525 19.462 0.07 27.167085 0.20677
52234.245782 19.698 0.037 52234.247448 19.576 0.012 52234.244115 19.536 0.015 52234.244948 19.375 0.017 52234.246615 19.461 0.065 27.167085 0.20677
52261.209137 19.68 0.041 52261.210803 19.52 0.013 52261.20747 19.529 0.017 52261.208303 19.365 0.018 52261.20997 19.356 0.076 27.167085 0.20677
52282.135766 19.608 0.04 52282.137432 19.481 0.013 52282.134099 19.443 0.019 52282.134932 19.34 0.022 52282.136599 19.363 0.087 27.167085 0.20677
52287.089629 19.559 0.034 52287.091295 19.45 0.013 52287.087962 19.481 0.016 52287.088795 19.363 0.018 52287.090462 19.433 0.076 27.167085 0.20677
52288.08905 19.439 0.032 52288.090716 19.473 0.012 52288.087383 19.497 0.017 52288.088216 19.367 0.018 52288.089883 19.408 0.069 27.167085 0.20677
52551.362342 19.749 0.041 52551.364008 19.622 0.014 52551.360675 19.647 0.019 52551.361508 19.502 0.022 52551.363175 19.516 0.084 27.167085 0.20677
52552.408333 19.661 0.04 52552.409999 19.7 0.014 52552.406666 19.647 0.017 52552.407499 19.456 0.02 52552.409166 19.528 0.087 27.167085 0.20677
52557.382691 19.734 0.042 52557.384357 19.639 0.014 52557.381024 19.608 0.018 52557.381857 19.45 0.022 52557.383524 19.654 0.1 27.167085 0.20677
52558.395218 19.761 0.038 52558.396884 19.724 0.013 52558.393551 19.627 0.016 52558.394384 19.495 0.018 52558.396051 19.47 0.062 27.167085 0.20677
52576.228268 19.855 0.04 52576.229934 19.668 0.014 52576.226601 19.658 0.016 52576.227434 19.494 0.02 52576.229101 19.448 0.071 27.167085 0.20677
52577.282724 19.839 0.041 52577.28439 19.664 0.014 52577.281057 19.661 0.018 52577.28189 19.489 0.02 52577.283557 19.589 0.085 27.167085 0.20677
52585.229801 19.912 0.043 52585.231467 19.683 0.014 52585.228134 19.676 0.021 52585.228967 19.515 0.025 52585.230634 19.605 0.112 27.167085 0.20677
52908.357257 19.913 0.046 52908.358923 19.818 0.015 52908.35559 19.756 0.018 52908.356423 19.598 0.022 52908.35809 19.582 0.097 27.167085 0.20677
52910.366679 19.936 0.052 52910.368345 19.812 0.016 52910.365012 19.784 0.02 52910.365845 19.573 0.023 52910.367512 19.653 0.093 27.167085 0.20677
52934.289161 19.959 0.049 52934.290827 19.925 0.017 52934.287494 19.83 0.021 52934.288327 19.6 0.025 52934.289994 19.696 0.138 27.167085 0.20677
52935.293848 20.021 0.051 52935.295514 19.888 0.016 52935.292181 19.841 0.023 52935.293014 19.666 0.026 52935.294681 19.687 0.105 27.167085 0.20677
52936.285087 19.867 0.04 52936.286753 19.861 0.015 52936.28342 19.774 0.018 52936.284253 19.584 0.021 52936.28592 19.62 0.082 27.167085 0.20677
52963.216923 20.005 0.041 52963.218589 19.89 0.015 52963.215256 19.811 0.017 52963.216089 19.662 0.02 52963.217756 19.671 0.071 27.167085 0.20677
52971.207839 20.046 0.049 52971.209505 19.877 0.017 52971.206172 19.818 0.02 52971.207005 19.687 0.023 52971.208672 19.759 0.102 27.167085 0.20677
53270.349154 20.062 0.048 53270.35082 19.969 0.025 53270.347487 19.867 0.021 53270.34832 19.667 0.022 53270.349987 19.846 0.108 27.167085 0.20677
53272.399089 20.094 0.064 53272.400755 19.921 0.017 53272.397422 19.862 0.022 53272.398255 19.732 0.028 53272.399922 19.793 0.127 27.167085 0.20677
53286.367806 19.984 0.053 53286.369472 19.894 0.017 53286.366139 19.807 0.021 53286.366972 19.655 0.022 53286.368639 19.714 0.093 27.167085 0.20677
53288.326299 19.942 0.044 53288.327965 19.85 0.015 53288.324632 19.791 0.018 53288.325465 19.603 0.021 53288.327132 19.707 0.088 27.167085 0.20677
53294.373973 19.936 0.052 53294.375639 19.81 0.016 53294.372306 19.804 0.022 53294.373139 19.603 0.026 53294.374806 19.802 0.125 27.167085 0.20677
53298.370751 19.998 0.049 53298.372417 19.85 0.016 53298.369084 19.774 0.021 53298.369917 19.616 0.025 53298.371584 19.675 0.106 27.167085 0.20677
53302.321968 19.889 0.073 53302.323634 19.868 0.032 53302.320301 19.703 0.025 53302.321134 19.649 0.027 53302.322801 19.6 0.1 27.167085 0.20677
53312.277499 -99.99 0.15 53312.279166 19.803 0.026 53312.275833 19.815 0.037 53312.276666 19.622 0.057 53312.278333 19.595 0.135 27.167085 0.20677
53314.278698 19.942 0.048 53314.280364 19.831 0.016 53314.277031 19.773 0.02 53314.277864 19.611 0.024 53314.279531 19.802 0.124 27.167085 0.20677
53319.266493 19.89 0.055 53319.268159 19.802 0.019 53319.264826 19.79 0.026 53319.265659 19.63 0.03 53319.267326 19.745 0.148 27.167085 0.20677
53351.139228 19.948 0.045 53351.140894 19.738 0.014 53351.137561 19.764 0.019 53351.138394 19.552 0.022 53351.140061 19.796 0.117 27.167085 0.20677
53616.383054 19.894 0.063 53616.38472 19.79 0.018 53616.381387 19.744 0.024 53616.38222 19.795 0.04 53616.383887 19.845 0.154 27.167085 0.20677
53622.396282 19.96 0.055 53622.397948 -99.99 0.016 53622.394615 19.852 0.022 53622.395448 19.642 0.028 53622.397115 19.7 0.138 27.167085 0.20677
53626.359482 -99.99 0.08 53626.361148 -99.99 0.022 53626.357815 -99.99 0.031 53626.358648 -99.99 0.135 53626.360315 -99.99 0.171 27.167085 0.20677
53628.344346 19.763 0.069 53628.346012 19.854 0.03 53628.342679 19.8 0.031 53628.343512 19.696 0.032 53628.345179 19.728 0.111 27.167085 0.20677
53634.345754 20.296 0.239 53634.34742 19.86 0.051 53634.344087 19.904 0.058 53634.34492 19.799 0.058 53634.346587 19.949 0.186 27.167085 0.20677
53637.345963 19.965 0.074 53637.347629 19.789 0.026 53637.344296 19.793 0.027 53637.345129 19.687 0.032 53637.346796 19.49 0.103 27.167085 0.20677
53638.387089 19.98 0.058 53638.388755 19.768 0.018 53638.385422 19.849 0.02 53638.386255 19.643 0.023 53638.387922 19.931 0.125 27.167085 0.20677
53639.39134 19.978 0.048 53639.393006 19.855 0.017 53639.389673 19.803 0.019 53639.390506 19.667 0.022 53639.392173 19.784 0.09 27.167085 0.20677
53640.351125 20.021 0.053 53640.352791 19.816 0.016 53640.349458 19.864 0.02 53640.350291 19.733 0.024 53640.351958 19.875 0.113 27.167085 0.20677
53641.390506 19.943 0.051 53641.392172 19.874 0.017 53641.388839 19.845 0.019 53641.389672 19.649 0.022 53641.391339 19.886 0.107 27.167085 0.20677
53646.412535 -99.99 0.113 53646.414201 19.803 0.019 53646.410868 19.876 0.037 53646.411701 -99.99 0.035 53646.413368 -99.99 0.159 27.167085 0.20677
53655.323297 20.023 0.055 53655.324963 19.885 0.017 53655.32163 19.84 0.021 53655.322463 19.701 0.027 53655.32413 19.72 0.116 27.167085 0.20677
53657.34939 19.838 0.113 53657.351056 19.884 0.058 53657.347723 19.853 0.053 53657.348556 19.671 0.05 53657.350223 19.668 0.172 27.167085 0.20677
53663.333937 20.028 0.088 53663.335603 19.916 0.03 53663.33227 19.864 0.027 53663.333103 19.753 0.026 53663.33477 19.782 0.099 27.167085 0.20677
53664.348253 -99.99 0.118 53664.349919 19.898 0.048 53664.346586 20.056 0.091 53664.347419 19.743 0.071 53664.349086 -99.99 0.187 27.167085 0.20677
53665.412891 20.126 0.109 53665.414557 19.875 0.029 53665.411224 19.904 0.031 53665.412057 19.724 0.03 53665.413724 19.75 0.114 27.167085 0.20677
53666.40403 20.131 0.105 53666.405696 19.923 0.028 53666.402363 19.855 0.026 53666.403196 19.656 0.027 53666.404863 19.714 0.112 27.167085 0.20677
53668.323538 20.097 0.079 53668.325204 19.912 0.022 53668.321871 19.875 0.027 53668.322704 19.686 0.032 53668.324371 19.622 0.121 27.167085 0.20677
53669.307498 20.018 0.046 53669.309164 19.847 0.016 53669.305831 19.831 0.02 53669.306664 19.728 0.023 53669.308331 19.724 0.084 27.167085 0.20677
53669.411162 19.816 0.086 53669.412828 19.887 0.026 53669.409495 19.839 0.029 53669.410328 19.826 0.036 53669.411995 20.031 0.175 27.167085 0.20677
53670.32839 20.044 0.056 53670.330056 19.874 0.021 53670.326723 19.876 0.024 53670.327556 19.713 0.028 53670.329223 19.768 0.157 27.167085 0.20677
53671.392256 19.993 0.08 53671.393922 19.93 0.02 53671.390589 19.847 0.026 53671.391422 19.653 0.028 53671.393089 19.558 0.108 27.167085 0.20677
53673.296377 19.968 0.046 53673.298043 19.913 0.015 53673.29471 19.816 0.019 53673.295543 19.687 0.02 53673.29721 19.602 0.078 27.167085 0.20677
53674.291734 20.195 0.074 53674.2934 19.943 0.02 53674.290067 19.867 0.024 53674.2909 19.7 0.029 53674.292567 19.73 0.133 27.167085 0.20677
53675.293265 20.057 0.052 53675.294931 19.926 0.016 53675.291598 19.919 0.023 53675.292431 19.622 0.025 53675.294098 19.695 0.094 27.167085 0.20677
53676.381199 20.158 0.077 53676.382865 19.921 0.018 53676.379532 19.898 0.023 53676.380365 19.722 0.025 53676.382032 19.818 0.128 27.167085 0.20677
53677.314295 20.019 0.046 53677.315961 19.932 0.016 53677.312628 19.834 0.018 53677.313461 19.75 0.021 53677.315128 19.823 0.089 27.167085 0.20677
53679.353096 19.992 0.07 53679.354762 19.962 0.022 53679.351429 19.926 0.029 53679.352262 19.627 0.033 53679.353929 19.722 0.148 27.167085 0.20677
53680.300963 20.049 0.05 53680.302629 19.925 0.016 53680.299296 19.868 0.02 53680.300129 19.674 0.022 53680.301796 19.789 0.09 27.167085 0.20677
53681.34461 20.107 0.057 53681.346276 19.981 0.017 53681.342943 19.88 0.023 53681.343776 19.731 0.025 53681.345443 20.028 0.12 27.167085 0.20677
53684.306104 -99.99 0.073 53684.30777 19.963 0.02 53684.304437 19.963 0.034 53684.30527 19.702 0.03 53684.306937 19.903 0.127 27.167085 0.20677
53685.303666 20.199 0.078 53685.305332 19.965 0.03 53685.301999 19.93 0.032 53685.302832 19.792 0.03 53685.304499 19.79 0.098 27.167085 0.20677
53686.300394 20.681 0.291 53686.30206 19.982 0.063 53686.298727 20.051 0.054 53686.29956 19.72 0.047 53686.301227 20.062 0.222 27.167085 0.20677
53693.302856 20.157 0.141 53693.304522 20.016 0.04 53693.301189 19.922 0.036 53693.302022 19.763 0.032 53693.303689 19.88 0.136 27.167085 0.20677
53694.317548 20.231 0.269 53694.319214 20.036 0.071 53694.315881 19.979 0.057 53694.316714 19.764 0.057 53694.318381 19.584 0.176 27.167085 0.20677
53697.301635 20.136 0.069 53697.303301 20.001 0.023 53697.299968 19.882 0.026 53697.300801 19.712 0.027 53697.302468 19.922 0.111 27.167085 0.20677
53698.300243 20.138 0.065 53698.301909 20.029 0.02 53698.298576 19.902 0.022 53698.299409 19.717 0.026 53698.301076 19.881 0.12 27.167085 0.20677
53700.300591 20.172 0.085 53700.302257 20.024 0.023 53700.298924 19.988 0.03 53700.299757 19.829 0.035 53700.301424 19.695 0.155 27.167085 0.20677
53704.286176 20.16 0.068 53704.287842 20.01 0.019 53704.284509 19.955 0.025 53704.285342 19.694 0.03 53704.287009 19.859 0.152 27.167085 0.20677
53705.287262 20.229 0.069 53705.288928 20.049 0.018 53705.285595 19.978 0.022 53705.286428 19.821 0.025 53705.288095 19.859 0.114 27.167085 0.20677
53975.372298 20 0.048 53975.373964 20.011 0.018 53975.370631 19.97 0.023 53975.371464 19.8 0.029 53975.373131 19.762 0.089 27.167085 0.20677
53989.382278 20.116 0.11 53989.383945 20.057 0.039 53989.380611 19.947 0.044 53989.381445 19.751 0.034 53989.383111 19.76 0.092 27.167085 0.20677
53990.385155 -99.99 0.113 53990.386822 20.111 0.054 53990.383489 19.867 0.038 53990.384322 19.808 0.034 53990.385989 19.865 0.146 27.167085 0.20677
53993.384436 20.043 0.089 53993.386102 -99.99 0.047 53993.382769 20.017 0.023 53993.383602 19.851 0.026 53993.385269 -99.99 0.268 27.167085 0.20677
53994.395295 20.059 0.05 53994.396962 20.063 0.019 53994.393629 19.914 0.023 53994.394462 19.771 0.028 53994.396129 20.02 0.117 27.167085 0.20677
53995.420959 20.054 0.042 53995.422625 20.02 0.02 53995.419292 19.926 0.019 53995.420125 19.767 0.025 53995.421792 19.891 0.083 27.167085 0.20677
53996.378999 20.043 0.063 53996.380666 -99.99 0.028 53996.377333 19.977 0.026 53996.378166 19.797 0.032 53996.379833 19.719 0.107 27.167085 0.20677
54000.357676 20.09 0.054 54000.359343 20.038 0.023 54000.356009 19.937 0.023 54000.356843 19.784 0.03 54000.358509 19.884 0.123 27.167085 0.20677
54005.392154 -99.99 0.045 54005.39382 20.015 0.022 54005.390487 19.962 0.02 54005.39132 19.803 0.022 54005.392987 19.785 0.079 27.167085 0.20677
54007.40785 -99.99 0.077 54007.409517 20.038 0.023 54007.406183 19.918 0.036 54007.407017 19.831 0.036 54007.408683 19.964 0.131 27.167085 0.20677
54009.331594 20.118 0.045 54009.33326 20.071 0.023 54009.329927 19.97 0.022 54009.33076 19.787 0.022 54009.332427 20.183 0.116 27.167085 0.20677
54010.333134 20.18 0.049 54010.3348 19.965 0.018 54010.331467 19.992 0.02 54010.3323 19.794 0.023 54010.333967 19.954 0.096 27.167085 0.20677
54011.396076 19.995 0.042 54011.397743 20.055 0.025 54011.39441 19.94 0.02 54011.395243 19.8 0.022 54011.39691 19.982 0.083 27.167085 0.20677
54012.326114 -99.99 0.094 54012.32778 -99.99 0.032 54012.324447 20.029 0.033 54012.32528 19.82 0.034 54012.326947 19.897 0.105 27.167085 0.20677
54020.332003 20.224 0.084 54020.333669 20.034 0.047 54020.330336 19.976 0.028 54020.331169 19.799 0.03 54020.332836 19.657 0.113 27.167085 0.20677
54024.413575 20.059 0.094 54024.415241 20.019 0.03 54024.411908 20.049 0.042 54024.412741 19.814 0.039 54024.414408 20.403 0.325 27.167085 0.20677
54025.395082 20.189 0.063 54025.396749 20.024 0.022 54025.393416 19.955 0.024 54025.394249 19.881 0.032 54025.395916 19.867 0.114 27.167085 0.20677
54028.401969 20.264 0.079 54028.403636 20.089 0.028 54028.400303 20.01 0.026 54028.401136 19.776 0.032 54028.402803 19.802 0.152 27.167085 0.20677
54029.32544 20.242 0.062 54029.327106 19.991 0.036 54029.323773 19.986 0.024 54029.324606 -99.99 0.046 54029.326273 19.753 0.1 27.167085 0.20677
54030.325497 20.144 0.047 54030.327163 20.04 0.016 54030.32383 20.02 0.024 54030.324663 19.752 0.026 54030.32633 19.872 0.086 27.167085 0.20677
54035.401261 20.218 0.106 54035.402928 20.026 0.03 54035.399595 20.027 0.036 54035.400428 19.757 0.039 54035.402095 -99.99 0.167 27.167085 0.20677
54037.306746 20.154 0.046 54037.308413 19.987 0.023 54037.30508 20.026 0.019 54037.305913 19.802 0.024 54037.30758 19.895 0.079 27.167085 0.20677
54040.321261 20.127 0.075 54040.322928 20.005 0.029 54040.319595 19.973 0.031 54040.320428 19.774 0.03 54040.322095 19.707 0.094 27.167085 0.20677
54049.347697 20.289 0.143 54049.349363 19.978 0.032 54049.34603 20.026 0.039 54049.346863 19.843 0.039 54049.34853 19.933 0.164 27.167085 0.20677
54053.312024 19.985 0.056 54053.31369 19.96 0.025 54053.310357 19.934 0.032 54053.31119 19.755 0.027 54053.312857 20.06 0.157 27.167085 0.20677
54056.313716 20.111 0.066 54056.315383 20.044 0.025 54056.312049 20.021 0.03 54056.312883 19.804 0.032 54056.314549 19.876 0.13 27.167085 0.20677
54059.308018 20.033 0.066 54059.309685 20.08 0.02 54059.306351 20.035 0.031 54059.307185 19.841 0.033 54059.308851 19.675 0.107 27.167085 0.20677
54061.319051 20.369 0.123 54061.320718 20.057 0.047 54061.317384 19.963 0.031 54061.318218 19.743 0.035 54061.319884 -99.99 0.409 27.167085 0.20677
54062.312936 -99.99 0.056 54062.314603 20.012 0.022 54062.311269 19.959 0.027 54062.312103 19.789 0.032 54062.313769 19.823 0.103 27.167085 0.20677
54068.293459 20.057 0.088 54068.295126 20.03 0.055 54068.291793 19.862 0.037 54068.292626 19.683 0.037 54068.294293 19.935 0.14 27.167085 0.20677
54348.392846 20.143 0.064 54348.394513 20.01 0.029 54348.39118 19.901 0.024 54348.392013 19.786 0.03 54348.39368 19.786 0.1 27.167085 0.20677
54357.351166 -99.99 0.046 54357.352833 20.014 0.022 54357.3495 19.998 0.028 54357.350333 19.809 0.024 54357.352 19.97 0.095 27.167085 0.20677
54358.348633 20.023 0.064 54358.350299 20.062 0.028 54358.346966 19.956 0.028 54358.347799 19.674 0.037 54358.349466 19.719 0.117 27.167085 0.20677
54359.382881 20.235 0.065 54359.384547 19.959 0.027 54359.381214 19.985 0.031 54359.382047 19.806 0.036 54359.383714 19.857 0.134 27.167085 0.20677
54362.401049 20.077 0.048 54362.402716 19.965 0.024 54362.399383 19.997 0.024 54362.400216 19.821 0.025 54362.401883 19.656 0.085 27.167085 0.20677
54376.396134 -99.99 0.06 54376.397801 20.077 0.023 54376.394468 20.011 0.023 54376.395301 19.839 0.026 54376.396968 19.791 0.093 27.167085 0.20677
54381.401297 20.093 0.066 54381.402963 20.031 0.028 54381.39963 20.002 0.031 54381.400463 19.834 0.036 54381.40213 19.781 0.11 27.167085 0.20677
54382.381179 20.244 0.074 54382.382846 20.093 0.044 54382.379513 -99.99 0.037 54382.380346 19.906 0.039 54382.382013 19.964 0.174 27.167085 0.20677
54384.407916 20.081 0.054 54384.409583 20.054 0.027 54384.40625 19.921 0.022 54384.407083 19.852 0.026 54384.40875 20.005 0.118 27.167085 0.20677
54385.399011 20.145 0.05 54385.400677 20.072 0.021 54385.397344 20.023 0.02 54385.398177 19.831 0.025 54385.399844 19.866 0.08 27.167085 0.20677
54386.393595 19.965 0.053 54386.395261 19.927 0.024 54386.391928 20.002 0.025 54386.392761 19.849 0.026 54386.394428 19.935 0.132 27.167085 0.20677
54387.399478 -99.99 0.09 54387.401145 -99.99 0.034 54387.397812 20.06 0.058 54387.398645 19.794 0.053 54387.400312 19.925 0.242 27.167085 0.20677
54388.397851 -99.99 0.052 54388.399518 20.06 0.017 54388.396184 19.989 0.022 54388.397018 19.785 0.022 54388.398684 20.092 0.112 27.167085 0.20677
54390.391894 19.917 0.062 54390.393561 20.049 0.024 54390.390227 19.981 0.034 54390.391061 19.838 0.049 54390.392727 19.741 0.144 27.167085 0.20677
54391.400327 20.163 0.101 54391.401994 20.066 0.031 54391.39866 20.001 0.038 54391.399494 19.792 0.05 54391.40116 19.566 0.186 27.167085 0.20677
54392.395474 -99.99 0.078 54392.39714 -99.99 0.057 54392.393807 19.965 0.033 54392.39464 19.726 0.045 54392.396307 19.672 0.148 27.167085 0.20677
54402.392878 20.309 0.175 54402.394545 20.019 0.045 54402.391211 19.911 0.035 54402.392045 19.897 0.039 54402.393711 19.76 0.115 27.167085 0.20677
54403.311644 19.974 0.122 54403.313311 20.09 0.075 54403.309977 19.913 0.072 54403.310811 19.814 0.06 54403.312477 -99.99 99.999 27.167085 0.20677
54404.369309 20.099 0.091 54404.370976 19.981 0.03 54404.367643 19.925 0.026 54404.368476 19.732 0.029 54404.370143 19.868 0.122 27.167085 0.20677
54406.305476 20.034 0.046 54406.307143 19.994 0.019 54406.303809 19.951 0.022 54406.304643 19.799 0.023 54406.306309 19.944 0.081 27.167085 0.20677
54412.331239 20.032 0.059 54412.332906 19.96 0.017 54412.329572 19.931 0.028 54412.330406 19.768 0.029 54412.332072 19.81 0.11 27.167085 0.20677
