51075.369974 21.15 0.097 51075.37164 20.645 0.028 51075.368307 20.449 0.03 51075.36914 20.172 0.037 51075.370807 19.982 0.126 25.312783 -0.511534
52170.390759 20.922 0.093 52170.392425 20.558 0.025 52170.389092 20.269 0.025 52170.389925 20.033 0.027 52170.391592 19.79 0.086 25.312783 -0.511534
52224.284161 20.962 0.092 52224.285827 20.681 0.026 52224.282494 20.359 0.026 52224.283327 20.089 0.025 52224.284994 19.814 0.074 25.312783 -0.511534
52234.240645 21.109 0.112 52234.242311 20.688 0.027 52234.238978 20.327 0.027 52234.239811 20.072 0.026 52234.241478 19.872 0.073 25.312783 -0.511534
52287.084493 21.022 0.109 52287.086159 20.665 0.029 52287.082826 20.261 0.028 52287.083659 20.085 0.032 52287.085326 19.712 0.084 25.312783 -0.511534
52557.377555 20.853 0.095 52557.379221 20.457 0.025 52557.375888 20.198 0.026 52557.376721 19.963 0.028 52557.378388 19.869 0.102 25.312783 -0.511534
52908.35212 21.284 0.13 52908.353786 20.798 0.029 52908.350453 20.521 0.033 52908.351286 20.27 0.033 52908.352953 20.091 0.104 25.312783 -0.511534
52912.331559 21.13 0.134 52912.333225 20.757 0.03 52912.329892 20.46 0.032 52912.330725 20.256 0.036 52912.332392 19.796 0.09 25.312783 -0.511534
52934.284025 21.072 0.132 52934.285691 20.714 0.031 52934.282358 20.445 0.037 52934.283191 20.122 0.038 52934.284858 20.12 0.139 25.312783 -0.511534
52936.27995 20.997 0.096 52936.281616 20.756 0.027 52936.278283 20.462 0.029 52936.279116 20.227 0.031 52936.280783 19.908 0.09 25.312783 -0.511534
53272.393953 21.003 0.136 53272.395619 20.604 0.03 53272.392286 20.299 0.031 53272.393119 20.032 0.034 53272.394786 19.661 0.088 25.312783 -0.511534
53286.362671 20.864 0.119 53286.364337 20.589 0.033 53286.361004 20.33 0.031 53286.361837 20.045 0.03 53286.363504 19.805 0.083 25.312783 -0.511534
53288.321162 21.117 0.112 53288.322828 20.597 0.026 53288.319495 20.215 0.024 53288.320328 20.006 0.026 53288.321995 19.87 0.086 25.312783 -0.511534
53296.315887 21.18 0.187 53296.317553 20.575 0.037 53296.31422 20.297 0.044 53296.315053 19.996 0.045 53296.31672 19.849 0.124 25.312783 -0.511534
53302.316832 20.761 0.179 53302.318498 20.727 0.067 53302.315165 20.358 0.049 53302.315998 20.109 0.04 53302.317665 19.845 0.098 25.312783 -0.511534
53314.273561 20.965 0.115 53314.275227 20.592 0.03 53314.271894 20.363 0.035 53314.272727 20.145 0.036 53314.274394 19.74 0.094 25.312783 -0.511534
53319.261359 20.808 0.123 53319.263025 20.546 0.037 53319.259692 20.309 0.039 53319.260525 20.099 0.044 53319.262192 19.826 0.13 25.312783 -0.511534
53626.354345 21.368 0.165 53626.356011 20.897 0.047 53626.352678 20.485 0.036 53626.353511 20.397 0.052 53626.355178 19.964 0.111 25.312783 -0.511534
53628.33921 21.157 0.237 53628.340876 20.723 0.075 53628.337543 20.55 0.058 53628.338376 20.203 0.047 53628.340043 19.99 0.12 25.312783 -0.511534
53637.340827 20.955 0.179 53637.342493 20.898 0.059 53637.33916 20.429 0.046 53637.339993 20.191 0.045 53637.34166 19.836 0.108 25.312783 -0.511534
53639.386204 21.415 0.168 53639.38787 20.881 0.037 53639.384537 20.565 0.033 53639.38537 20.218 0.031 53639.387037 19.989 0.088 25.312783 -0.511534
53641.38537 21.152 0.131 53641.387036 20.833 0.035 53641.383703 20.481 0.029 53641.384536 20.187 0.029 53641.386203 19.916 0.088 25.312783 -0.511534
53657.344254 21.053 0.539 53657.34592 21.197 0.252 53657.342587 20.324 0.108 53657.34342 20.082 0.094 53657.345087 20.529 0.418 25.312783 -0.511534
53663.328802 21.328 0.283 53663.330468 20.949 0.082 53663.327135 20.517 0.048 53663.327968 20.177 0.038 53663.329635 20.092 0.112 25.312783 -0.511534
53666.398896 21.074 0.233 53666.400562 20.97 0.069 53666.397229 20.477 0.045 53666.398062 20.272 0.041 53666.399729 19.886 0.101 25.312783 -0.511534
53668.318402 21.317 0.209 53668.320068 20.924 0.049 53668.316735 20.605 0.047 53668.317568 20.254 0.044 53668.319235 20.023 0.123 25.312783 -0.511534
53669.406028 21.309 0.315 53669.407694 20.791 0.061 53669.404361 20.628 0.059 53669.405194 20.318 0.052 53669.406861 19.889 0.133 25.312783 -0.511534
53670.323254 21.42 0.218 53670.32492 20.853 0.042 53670.321587 20.579 0.038 53670.32242 20.296 0.039 53670.324087 19.982 0.119 25.312783 -0.511534
53673.29124 21.227 0.127 53673.292906 20.876 0.032 53673.289573 20.513 0.03 53673.290406 20.282 0.033 53673.292073 20.187 0.102 25.312783 -0.511534
53675.288129 21.157 0.123 53675.289795 20.898 0.033 53675.286462 20.533 0.038 53675.287295 20.316 0.04 53675.288962 20.034 0.119 25.312783 -0.511534
53677.30916 21.238 0.129 53677.310826 20.861 0.031 53677.307493 20.504 0.031 53677.308326 20.342 0.034 53677.309993 19.955 0.084 25.312783 -0.511534
53680.295826 21.296 0.127 53680.297492 20.999 0.033 53680.294159 20.654 0.034 53680.294992 20.3 0.031 53680.296659 20.039 0.087 25.312783 -0.511534
53693.29772 21.377 0.355 53693.299386 20.839 0.093 53693.296053 20.628 0.057 53693.296886 20.304 0.043 53693.298553 19.893 0.105 25.312783 -0.511534
53698.295109 21.167 0.132 53698.296775 20.982 0.04 53698.293442 20.547 0.033 53698.294275 20.235 0.034 53698.295942 20.084 0.107 25.312783 -0.511534
53704.28104 21.528 0.214 53704.282706 20.969 0.046 53704.279373 20.639 0.04 53704.280206 20.228 0.041 53704.281873 19.927 0.152 25.312783 -0.511534
53989.37714 20.97 0.243 53989.378806 20.878 0.101 53989.375473 20.472 0.067 53989.376306 20.27 0.055 53989.377973 19.953 0.103 25.312783 -0.511534
53995.391789 21.191 0.095 53995.393455 20.916 0.031 53995.390122 20.613 0.029 53995.390955 20.327 0.03 53995.392622 20.087 0.085 25.312783 -0.511534
54007.402712 20.952 0.141 54007.404378 20.836 0.053 54007.401045 20.595 0.039 54007.401878 20.377 0.047 54007.403545 20.178 0.137 25.312783 -0.511534
54009.32644 21.003 0.1 54009.328107 20.897 0.036 54009.324773 20.644 0.031 54009.325607 20.325 0.036 54009.327273 20.05 0.08 25.312783 -0.511534
54011.39094 21.324 0.101 54011.392606 20.98 0.034 54011.389273 20.676 0.027 54011.390106 20.365 0.032 54011.391773 20.158 0.078 25.312783 -0.511534
54029.320332 21.267 0.145 54029.321999 -99.99 0.035 54029.318665 20.772 0.041 54029.319499 20.358 0.039 54029.321165 19.888 0.115 25.312783 -0.511534
54348.387725 21.533 0.25 54348.389391 21.094 0.05 54348.386058 20.788 0.043 54348.386891 20.451 0.042 54348.388558 20.038 0.092 25.312783 -0.511534
54359.337558 21.507 0.437 54359.339225 21.246 0.081 54359.335891 20.957 0.239 54359.336725 21.225 0.318 54359.338391 20.014 0.246 25.312783 -0.511534
54384.402811 21.444 0.158 54384.404478 21.117 0.036 54384.401145 20.76 0.036 54384.401978 20.411 0.033 54384.403645 20.347 0.126 25.312783 -0.511534
54388.392762 21.562 0.192 54388.394428 21.12 0.037 54388.391095 20.77 0.039 54388.391928 20.442 0.035 54388.393595 20.063 0.093 25.312783 -0.511534
54405.362115 21.04 0.159 54405.363782 21.046 0.056 54405.360448 20.82 0.051 54405.361282 20.516 0.041 54405.362948 19.909 0.104 25.312783 -0.511534
54406.300368 21.314 0.114 54406.302035 21.025 0.038 54406.298701 20.747 0.036 54406.299535 20.463 0.031 54406.301201 20.208 0.086 25.312783 -0.511534
