51081.361999 18.148 0.015 51081.363665 17.827 0.005 51081.360332 17.766 0.006 51081.361165 17.866 0.008 51081.362832 17.724 0.021 28.325795 0.153183
51819.433162 18.172 0.016 51819.434828 17.823 0.006 51819.431495 17.777 0.006 51819.432328 17.881 0.008 51819.433995 17.791 0.023 28.325795 0.153183
52225.257839 18.172 0.015 52225.259505 17.79 0.005 52225.256172 17.734 0.006 52225.257005 17.858 0.007 52225.258672 17.751 0.021 28.325795 0.153183
52288.092259 18.134 0.014 52288.093925 17.778 0.005 52288.090592 17.741 0.006 52288.091425 17.85 0.007 52288.093092 17.706 0.019 28.325795 0.153183
52551.365551 18.272 0.016 52551.367217 17.877 0.006 52551.363884 17.831 0.006 52551.364717 17.949 0.008 52551.366384 17.848 0.024 28.325795 0.153183
52558.398427 18.293 0.016 52558.400093 17.89 0.006 52558.39676 17.839 0.007 52558.397593 17.971 0.008 52558.39926 17.877 0.02 28.325795 0.153183
52576.231478 18.349 0.016 52576.233144 17.903 0.006 52576.229811 17.856 0.007 52576.230644 17.961 0.008 52576.232311 17.86 0.022 28.325795 0.153183
52577.285933 18.321 0.016 52577.287599 17.9 0.006 52577.284266 17.819 0.006 52577.285099 17.962 0.008 52577.286766 17.857 0.021 28.325795 0.153183
52585.23301 18.389 0.016 52585.234676 17.926 0.006 52585.231343 17.857 0.007 52585.232176 17.979 0.009 52585.233843 17.913 0.026 28.325795 0.153183
52910.369889 18.233 0.017 52910.371555 17.829 0.006 52910.368222 17.779 0.006 52910.369055 17.897 0.008 52910.370722 17.798 0.022 28.325795 0.153183
52935.297057 18.308 0.016 52935.298723 17.852 0.006 52935.29539 17.824 0.007 52935.296223 17.95 0.008 52935.29789 17.804 0.024 28.325795 0.153183
52963.220133 18.242 0.015 52963.221799 17.838 0.006 52963.218466 17.814 0.007 52963.219299 17.919 0.008 52963.220966 17.805 0.018 28.325795 0.153183
52971.211048 -99.99 0.016 52971.212714 17.857 0.005 52971.209381 17.812 0.006 52971.210214 17.942 0.008 52971.211881 17.818 0.021 28.325795 0.153183
53351.142438 18.072 0.014 53351.144104 17.771 0.005 53351.140771 17.706 0.006 53351.141604 17.811 0.008 53351.143271 17.762 0.022 28.325795 0.153183
53622.399491 18.06 0.015 53622.401157 17.682 0.005 53622.397824 17.657 0.006 53622.398657 17.785 0.007 53622.400324 17.755 0.023 28.325795 0.153183
53634.348963 -99.99 0.027 53634.350629 17.717 0.011 53634.347296 17.658 0.009 53634.348129 17.802 0.01 53634.349796 17.771 0.028 28.325795 0.153183
53638.390298 18.042 0.016 53638.391964 17.724 0.006 53638.388631 17.652 0.006 53638.389464 17.818 0.008 53638.391131 17.672 0.019 28.325795 0.153183
53640.354334 18.081 0.015 53640.356 17.722 0.006 53640.352667 17.67 0.006 53640.3535 17.806 0.007 53640.355167 17.694 0.02 28.325795 0.153183
53646.415744 18.092 0.018 53646.41741 -99.99 0.007 53646.414077 -99.99 0.008 53646.41491 17.787 0.009 53646.416577 -99.99 0.04 28.325795 0.153183
53655.326507 18.104 0.015 53655.328173 17.725 0.005 53655.32484 17.666 0.006 53655.325673 17.808 0.008 53655.32734 17.709 0.022 28.325795 0.153183
53664.351462 18.124 0.03 53664.353128 17.736 0.01 53664.349795 17.697 0.01 53664.350628 17.844 0.015 53664.352295 17.732 0.034 28.325795 0.153183
53665.416099 18.044 0.028 53665.417765 17.739 0.007 53665.414432 17.688 0.007 53665.415265 17.829 0.009 53665.416932 17.731 0.026 28.325795 0.153183
53669.310707 18.083 0.015 53669.312373 17.746 0.006 53669.30904 17.674 0.006 53669.309873 17.819 0.008 53669.31154 17.756 0.019 28.325795 0.153183
53671.395464 18.124 0.021 53671.39713 17.76 0.006 53671.393797 17.703 0.007 53671.39463 17.816 0.008 53671.396297 17.82 0.032 28.325795 0.153183
53674.294944 18.172 0.018 53674.29661 17.739 0.005 53674.293277 17.693 0.006 53674.29411 17.808 0.008 53674.295777 17.736 0.025 28.325795 0.153183
53676.384407 18.096 0.017 53676.386073 17.743 0.006 53676.38274 17.703 0.006 53676.383573 17.819 0.008 53676.38524 17.717 0.02 28.325795 0.153183
53679.356305 18.132 0.021 53679.357971 17.745 0.006 53679.354638 17.69 0.007 53679.355471 17.828 0.009 53679.357138 17.77 0.029 28.325795 0.153183
53681.347819 18.096 0.019 53681.349485 17.757 0.011 53681.346152 17.692 0.012 53681.346985 17.826 0.014 53681.348652 17.695 0.025 28.325795 0.153183
53684.309312 18.145 0.017 53684.310978 17.77 0.006 53684.307645 17.684 0.006 53684.308478 17.818 0.008 53684.310145 17.69 0.023 28.325795 0.153183
53694.320758 -99.99 0.036 53694.322424 -99.99 0.01 53694.319091 17.631 0.01 53694.319924 -99.99 0.011 53694.321591 -99.99 0.032 28.325795 0.153183
53697.304844 18.131 0.018 53697.30651 17.782 0.006 53697.303177 17.716 0.007 53697.30401 17.859 0.008 53697.305677 17.743 0.02 28.325795 0.153183
53700.3038 18.172 0.02 53700.305466 17.751 0.006 53700.302133 17.716 0.007 53700.302966 17.842 0.009 53700.304633 17.763 0.026 28.325795 0.153183
53705.29047 18.132 0.019 53705.292136 17.755 0.005 53705.288803 17.715 0.006 53705.289636 17.851 0.008 53705.291303 17.741 0.022 28.325795 0.153183
53975.375466 18.332 0.024 53975.377133 17.924 0.017 53975.3738 17.87 0.013 53975.374633 17.996 0.015 53975.3763 17.897 0.025 28.325795 0.153183
53993.387604 -99.99 0.032 53993.38927 -99.99 0.022 53993.385937 -99.99 0.016 53993.38677 17.916 0.014 53993.388437 17.843 0.031 28.325795 0.153183
53994.398464 18.281 0.024 53994.400131 17.908 0.018 53994.396798 17.835 0.013 53994.397631 17.937 0.012 53994.399298 17.816 0.026 28.325795 0.153183
53996.382237 -99.99 0.079 53996.383904 17.903 0.021 53996.380571 17.839 0.021 53996.381404 17.964 0.071 53996.383071 17.778 0.029 28.325795 0.153183
54005.395368 -99.99 0.022 54005.397034 17.918 0.023 54005.393701 17.847 0.011 54005.394534 17.981 0.011 54005.396201 17.855 0.021 28.325795 0.153183
54010.336341 18.295 0.021 54010.338008 17.889 0.022 54010.334675 17.855 0.012 54010.335508 17.993 0.02 54010.337175 17.879 0.022 28.325795 0.153183
54012.329156 18.37 0.022 54012.330822 17.901 0.017 54012.327489 17.87 0.014 54012.328322 17.973 0.013 54012.329989 17.908 0.027 28.325795 0.153183
54020.335183 18.252 0.023 54020.336849 17.881 0.015 54020.333516 17.833 0.016 54020.334349 17.989 0.022 54020.336016 17.84 0.028 28.325795 0.153183
54024.416811 18.306 0.023 54024.418478 17.87 0.02 54024.415145 17.842 0.019 54024.415978 17.95 0.018 54024.417645 17.818 0.034 28.325795 0.153183
54028.405037 18.269 0.026 54028.406704 17.906 0.019 54028.403371 17.862 0.019 54028.404204 17.948 0.02 54028.405871 17.862 0.024 28.325795 0.153183
54030.328714 18.278 0.016 54030.33038 17.89 0.017 54030.327047 17.852 0.018 54030.32788 17.972 0.016 54030.329547 17.847 0.026 28.325795 0.153183
54035.40446 18.289 0.024 54035.406126 17.88 0.018 54035.402793 17.836 0.011 54035.403626 17.948 0.023 54035.405293 17.796 0.034 28.325795 0.153183
54037.309944 18.267 0.023 54037.311611 17.89 0.015 54037.308278 17.841 0.012 54037.309111 17.958 0.014 54037.310778 17.823 0.023 28.325795 0.153183
54040.324431 18.287 0.019 54040.326098 17.886 0.017 54040.322765 17.827 0.01 54040.323598 17.977 0.012 54040.325265 17.869 0.025 28.325795 0.153183
54049.350878 18.313 0.031 54049.352544 17.87 0.013 54049.349211 17.821 0.012 54049.350044 17.934 0.02 54049.351711 17.865 0.029 28.325795 0.153183
54053.315276 18.272 0.018 54053.316942 17.846 0.016 54053.313609 17.847 0.019 54053.314442 17.959 0.02 54053.316109 17.857 0.026 28.325795 0.153183
54056.316896 -99.99 0.045 54056.318562 17.887 0.017 54056.315229 17.842 0.019 54056.316062 17.943 0.02 54056.317729 17.88 0.032 28.325795 0.153183
54059.311197 18.2 0.04 54059.312863 17.862 0.024 54059.30953 17.807 0.014 54059.310363 17.946 0.021 54059.31203 17.791 0.025 28.325795 0.153183
54061.32231 18.197 0.026 54061.323977 17.863 0.02 54061.320643 17.823 0.03 54061.321477 17.893 0.04 54061.323143 17.869 0.039 28.325795 0.153183
54062.316116 18.282 0.025 54062.317783 17.911 0.03 54062.314449 17.815 0.013 54062.315283 17.95 0.017 54062.316949 17.843 0.029 28.325795 0.153183
54064.312484 18.252 0.029 54064.31415 17.897 0.027 54064.310817 17.813 0.013 54064.31165 17.953 0.019 54064.313317 17.832 0.026 28.325795 0.153183
54068.296639 18.23 0.02 54068.298306 17.883 0.029 54068.294972 17.824 0.018 54068.295806 17.955 0.015 54068.297472 17.85 0.028 28.325795 0.153183
54357.354358 -99.99 0.016 54357.356025 17.865 0.021 54357.352691 17.778 0.012 54357.353525 17.929 0.023 54357.355191 17.789 0.022 28.325795 0.153183
54359.386101 18.227 0.017 54359.387767 17.839 0.021 54359.384434 17.773 0.011 54359.385267 17.907 0.015 54359.386934 17.863 0.031 28.325795 0.153183
54362.404156 18.238 0.021 54362.405823 17.855 0.019 54362.402489 17.767 0.018 54362.403323 17.937 0.013 54362.404989 17.795 0.025 28.325795 0.153183
54376.399254 18.222 0.02 54376.400921 17.833 0.02 54376.397588 17.772 0.014 54376.398421 17.907 0.014 54376.400088 17.825 0.025 28.325795 0.153183
54382.384439 18.226 0.026 54382.386106 17.8 0.028 54382.382773 17.743 0.015 54382.383606 17.904 0.013 54382.385273 17.865 0.029 28.325795 0.153183
54385.402219 18.259 0.029 54385.403886 17.846 0.018 54385.400553 17.776 0.013 54385.401386 17.909 0.018 54385.403053 17.826 0.021 28.325795 0.153183
54390.395077 18.256 0.021 54390.396744 -99.99 0.014 54390.39341 17.761 0.016 54390.394244 -99.99 0.026 54390.39591 -99.99 0.456 28.325795 0.153183
54391.403506 18.223 0.021 54391.405173 17.832 0.021 54391.40184 17.771 0.027 54391.402673 17.892 0.015 54391.40434 17.888 0.05 28.325795 0.153183
54402.395936 -99.99 0.058 54402.397602 17.851 0.019 54402.394269 17.737 0.014 54402.395102 17.864 0.017 54402.396769 17.793 0.025 28.325795 0.153183
