51081.364843 19.575 0.037 51081.366509 19.457 0.014 51081.363176 19.33 0.015 51081.364009 19.393 0.02 51081.365676 19.269 0.059 29.345078 -0.715091
51819.435965 19.903 0.055 51819.437631 19.626 0.016 51819.434298 19.481 0.017 51819.435131 19.503 0.02 51819.436798 19.312 0.063 29.345078 -0.715091
52225.260662 19.808 0.043 52225.262328 19.584 0.014 52225.258995 19.476 0.016 52225.259828 19.478 0.019 52225.261495 19.358 0.06 29.345078 -0.715091
52288.095081 -99.99 0.048 52288.096747 19.573 0.015 52288.093414 19.471 0.018 52288.094247 19.398 0.019 52288.095914 19.343 0.059 29.345078 -0.715091
52551.368374 19.848 0.046 52551.37004 19.551 0.015 52551.366707 19.445 0.017 52551.36754 19.44 0.021 52551.369207 19.361 0.06 29.345078 -0.715091
52558.401249 19.801 0.042 52558.402915 19.546 0.013 52558.399582 19.415 0.014 52558.400415 19.43 0.016 52558.402082 19.32 0.048 29.345078 -0.715091
52576.2343 19.711 0.041 52576.235966 19.517 0.013 52576.232633 19.411 0.015 52576.233466 19.425 0.019 52576.235133 19.271 0.055 29.345078 -0.715091
52577.288756 19.755 0.04 52577.290422 19.544 0.013 52577.287089 19.379 0.015 52577.287922 19.411 0.018 52577.289589 19.179 0.051 29.345078 -0.715091
52585.235834 19.808 0.04 52585.2375 19.494 0.013 52585.234167 19.395 0.016 52585.235 19.394 0.022 52585.236667 19.341 0.078 29.345078 -0.715091
52909.40247 19.914 0.047 52909.404136 19.659 0.014 52909.400803 19.48 0.015 52909.401636 19.505 0.018 52909.403303 19.254 0.05 29.345078 -0.715091
52910.372712 19.972 0.05 52910.374378 19.668 0.016 52910.371045 19.496 0.018 52910.371878 19.525 0.022 52910.373545 19.424 0.063 29.345078 -0.715091
52935.29988 20.021 0.054 52935.301546 19.685 0.015 52935.298213 19.484 0.018 52935.299046 19.485 0.022 52935.300713 19.322 0.073 29.345078 -0.715091
52963.222955 19.932 0.043 52963.224621 19.685 0.014 52963.221288 19.632 0.016 52963.222121 19.454 0.016 52963.223788 19.352 0.05 29.345078 -0.715091
52971.213871 19.947 0.049 52971.215537 19.669 0.016 52971.212204 19.484 0.018 52971.213037 19.481 0.021 52971.214704 19.391 0.059 29.345078 -0.715091
53351.145261 19.76 0.045 53351.146927 19.579 0.015 53351.143594 19.459 0.018 53351.144427 19.464 0.023 53351.146094 19.241 0.07 29.345078 -0.715091
53622.402313 19.789 0.047 53622.403979 19.519 0.014 53622.400646 19.368 0.015 53622.401479 19.341 0.022 53622.403146 19.279 0.063 29.345078 -0.715091
53634.351784 19.728 0.139 53634.35345 -99.99 0.041 53634.350117 -99.99 0.036 53634.35095 -99.99 0.036 53634.352617 19.239 0.073 29.345078 -0.715091
53638.393121 19.811 0.052 53638.394787 19.528 0.016 53638.391454 19.372 0.015 53638.392287 19.446 0.018 53638.393954 19.21 0.056 29.345078 -0.715091
53640.357156 19.772 0.049 53640.358822 19.517 0.017 53640.355489 19.37 0.02 53640.356322 19.423 0.024 53640.357989 19.208 0.054 29.345078 -0.715091
53646.418566 19.762 0.051 53646.420232 19.511 0.014 53646.416899 -99.99 0.033 53646.417732 19.444 0.022 53646.419399 -99.99 0.089 29.345078 -0.715091
53655.329329 19.718 0.045 53655.330995 -99.99 0.016 53655.327662 19.38 0.019 53655.328495 19.36 0.024 53655.330162 19.226 0.066 29.345078 -0.715091
53664.354285 19.837 0.13 53664.355951 19.496 0.064 53664.352618 19.368 0.041 53664.353451 19.464 0.055 53664.355118 19.336 0.11 29.345078 -0.715091
53665.418923 19.894 0.101 53665.420589 19.544 0.026 53665.417256 19.402 0.023 53665.418089 19.374 0.023 53665.419756 19.204 0.07 29.345078 -0.715091
53669.313529 19.773 0.043 53669.315195 19.514 0.014 53669.311862 19.428 0.015 53669.312695 19.417 0.019 53669.314362 19.262 0.054 29.345078 -0.715091
53671.398288 19.849 0.075 53671.399954 19.531 0.016 53671.396621 19.398 0.024 53671.397454 19.427 0.027 53671.399121 19.229 0.066 29.345078 -0.715091
53674.297767 19.917 0.068 53674.299433 19.541 0.017 53674.2961 19.419 0.02 53674.296933 19.385 0.025 53674.2986 19.212 0.077 29.345078 -0.715091
53676.387231 19.707 0.049 53676.388897 19.6 0.015 53676.385564 19.429 0.016 53676.386397 19.426 0.017 53676.388064 19.227 0.049 29.345078 -0.715091
53679.359129 19.793 0.077 53679.360795 -99.99 0.019 53679.357462 19.447 0.022 53679.358295 19.373 0.028 53679.359962 19.174 0.092 29.345078 -0.715091
53681.350642 19.798 0.049 53681.352308 19.555 0.013 53681.348975 19.439 0.015 53681.349808 19.412 0.017 53681.351475 19.286 0.051 29.345078 -0.715091
53684.312136 19.847 0.06 53684.313802 19.554 0.02 53684.310469 19.389 0.019 53684.311302 19.415 0.023 53684.312969 19.226 0.067 29.345078 -0.715091
53694.323582 19.701 0.153 53694.325248 19.493 0.04 53694.321915 19.405 0.039 53694.322748 -99.99 0.037 53694.324415 19.266 0.115 29.345078 -0.715091
53697.307667 -99.99 0.06 53697.309333 19.549 0.018 53697.306 19.444 0.017 53697.306833 19.44 0.018 53697.3085 19.201 0.052 29.345078 -0.715091
53700.306623 19.847 0.061 53700.308289 19.555 0.016 53700.304956 -99.99 0.019 53700.305789 19.413 0.025 53700.307456 19.322 0.085 29.345078 -0.715091
53705.293294 19.808 0.058 53705.29496 19.52 0.016 53705.291627 19.377 0.016 53705.29246 19.421 0.023 53705.294127 19.188 0.067 29.345078 -0.715091
53975.378286 19.835 0.044 53975.379953 -99.99 0.026 53975.376619 19.511 0.024 53975.377453 19.559 0.023 53975.379119 19.38 0.063 29.345078 -0.715091
53993.390423 -99.99 0.13 53993.39209 19.625 0.031 53993.388757 -99.99 0.028 53993.38959 -99.99 0.03 53993.391257 19.327 0.053 29.345078 -0.715091
53994.401284 19.938 0.051 53994.402951 19.63 0.03 53994.399618 19.556 0.023 53994.400451 19.528 0.02 53994.402118 19.404 0.059 29.345078 -0.715091
53996.385042 19.87 0.048 53996.386709 19.623 0.022 53996.383375 19.575 0.021 53996.384209 19.518 0.03 53996.385875 19.27 0.055 29.345078 -0.715091
54005.398193 19.892 0.04 54005.399859 19.609 0.02 54005.396526 19.537 0.018 54005.397359 19.539 0.018 54005.399026 19.337 0.047 29.345078 -0.715091
54010.339144 19.888 0.036 54010.340811 19.572 0.019 54010.337478 19.498 0.027 54010.338311 19.484 0.02 54010.339978 19.358 0.039 29.345078 -0.715091
54012.332096 19.716 0.081 54012.333763 19.623 0.029 54012.33043 19.509 0.021 54012.331263 19.476 0.026 54012.33293 19.418 0.066 29.345078 -0.715091
54020.337986 -99.99 0.06 54020.339652 19.535 0.026 54020.336319 19.48 0.02 54020.337152 19.437 0.024 54020.338819 19.281 0.068 29.345078 -0.715091
54024.41963 19.748 0.052 54024.421297 19.536 0.022 54024.417963 19.436 0.023 54024.418797 19.443 0.036 54024.420463 19.32 0.072 29.345078 -0.715091
54028.407872 19.78 0.053 54028.409538 19.553 0.031 54028.406205 19.44 0.024 54028.407038 19.458 0.026 54028.408705 19.356 0.067 29.345078 -0.715091
54030.331522 19.805 0.038 54030.333188 19.553 0.026 54030.329855 19.429 0.019 54030.330688 19.498 0.025 54030.332355 19.319 0.048 29.345078 -0.715091
54035.407289 19.724 0.065 54035.408956 19.579 0.021 54035.405623 19.4 0.033 54035.406456 19.415 0.028 54035.408123 19.237 0.077 29.345078 -0.715091
54037.312759 19.804 0.037 54037.314426 19.574 0.031 54037.311092 19.394 0.018 54037.311926 19.519 0.016 54037.313592 19.305 0.04 29.345078 -0.715091
54040.327252 19.811 0.058 54040.328918 19.669 0.026 54040.325585 19.504 0.019 54040.326418 19.475 0.024 54040.328085 19.45 0.07 29.345078 -0.715091
54047.357786 -99.99 0.311 54047.359453 19.574 0.072 54047.35612 -99.99 0.064 54047.356953 19.509 0.052 54047.35862 19.396 0.141 29.345078 -0.715091
54049.353819 19.833 0.089 54049.355486 19.587 0.028 54049.352153 19.409 0.025 54049.352986 19.459 0.026 54049.354653 19.318 0.073 29.345078 -0.715091
54053.318066 19.866 0.048 54053.319733 19.573 0.025 54053.316399 19.437 0.022 54053.317233 19.467 0.024 54053.318899 19.207 0.057 29.345078 -0.715091
54053.333477 19.803 0.044 54053.335143 19.597 0.022 54053.33181 19.503 0.032 54053.332643 19.468 0.027 54053.33431 19.291 0.06 29.345078 -0.715091
54056.319701 19.784 0.047 54056.321367 19.566 0.035 54056.318034 19.443 0.032 54056.318867 19.483 0.023 54056.320534 19.24 0.074 29.345078 -0.715091
54059.314002 19.753 0.073 54059.315669 19.55 0.023 54059.312336 19.484 0.027 54059.313169 19.476 0.033 54059.314836 19.335 0.07 29.345078 -0.715091
54061.325311 19.835 0.074 54061.326978 19.579 0.021 54061.323645 19.407 0.055 54061.324478 19.414 0.044 54061.326145 19.142 0.084 29.345078 -0.715091
54062.318923 19.822 0.046 54062.32059 19.603 0.024 54062.317256 19.447 0.02 54062.31809 19.487 0.023 54062.319756 19.211 0.058 29.345078 -0.715091
54064.315398 19.851 0.05 54064.317065 -99.99 0.019 54064.313732 19.444 0.018 54064.314565 19.498 0.021 54064.316232 19.223 0.053 29.345078 -0.715091
54068.299581 19.746 0.075 54068.301247 -99.99 0.047 54068.297914 19.421 0.023 54068.298747 19.583 0.066 54068.300414 19.398 0.085 29.345078 -0.715091
54357.357183 19.71 0.035 54357.35885 19.512 0.031 54357.355517 19.394 0.02 54357.35635 19.401 0.025 54357.358017 19.226 0.044 29.345078 -0.715091
54359.388903 19.703 0.047 54359.39057 19.463 0.025 54359.387236 19.385 0.029 54359.38807 19.384 0.022 54359.389736 19.252 0.071 29.345078 -0.715091
54362.40701 -99.99 0.039 54362.408676 19.511 0.023 54362.405343 19.378 0.023 54362.406176 19.441 0.018 54362.407843 19.245 0.047 29.345078 -0.715091
54376.402099 -99.99 0.043 54376.403765 19.469 0.02 54376.400432 19.529 0.024 54376.401265 19.411 0.021 54376.402932 19.244 0.049 29.345078 -0.715091
54382.387353 19.679 0.048 54382.38902 19.554 0.065 54382.385687 19.361 0.034 54382.38652 19.329 0.046 54382.388187 19.217 0.071 29.345078 -0.715091
54385.405023 19.758 0.043 54385.406689 19.479 0.026 54385.403356 19.394 0.023 54385.404189 19.371 0.02 54385.405856 19.2 0.041 29.345078 -0.715091
54390.398068 -99.99 0.099 54390.399735 -99.99 0.12 54390.396401 -99.99 0.307 54390.397235 19.284 0.038 54390.398901 -99.99 0.361 29.345078 -0.715091
54402.398759 19.882 0.126 54402.400425 19.558 0.033 54402.397092 19.359 0.026 54402.397925 19.328 0.023 54402.399592 19.148 0.058 29.345078 -0.715091
