51081.353583 20.15 0.052 51081.355249 20.059 0.021 51081.351916 20.03 0.025 51081.352749 19.758 0.029 51081.354416 19.733 0.086 25.275541 0.526399
51819.424735 20.175 0.056 51819.426401 20.107 0.021 51819.423068 20.085 0.025 51819.423901 19.775 0.03 51819.425568 19.809 0.09 25.275541 0.526399
52225.24939 20.184 0.051 52225.251056 20.063 0.018 52225.247723 20.019 0.023 52225.248556 19.714 0.027 52225.250223 19.744 0.09 25.275541 0.526399
52288.083811 20.324 0.054 52288.085477 20.041 0.019 52288.082144 19.96 0.022 52288.082977 19.665 0.027 52288.084644 19.735 0.079 25.275541 0.526399
52551.357104 20.217 0.056 52551.35877 19.991 0.02 52551.355437 19.846 0.025 52551.35627 19.606 0.028 52551.357937 19.433 0.07 25.275541 0.526399
52558.389978 20.237 0.047 52558.391644 20.022 0.017 52558.388311 19.983 0.019 52558.389144 19.668 0.022 52558.390811 19.644 0.059 25.275541 0.526399
52576.223028 20.244 0.05 52576.224694 20.001 0.017 52576.221361 19.941 0.021 52576.222194 19.591 0.024 52576.223861 19.489 0.066 25.275541 0.526399
52577.277485 20.062 0.046 52577.279151 20.03 0.018 52577.275818 19.913 0.022 52577.276651 19.621 0.024 52577.278318 19.568 0.075 25.275541 0.526399
52585.224563 20.284 0.051 52585.226229 20.036 0.018 52585.222896 19.888 0.024 52585.223729 19.733 0.034 52585.225396 19.749 0.124 25.275541 0.526399
52910.361441 20.206 0.048 52910.363107 19.93 0.017 52910.359774 19.88 0.018 52910.360607 19.604 0.022 52910.362274 19.705 0.075 25.275541 0.526399
52935.28861 20.129 0.048 52935.290276 19.923 0.017 52935.286943 19.912 0.022 52935.287776 19.566 0.027 52935.289443 19.518 0.079 25.275541 0.526399
52963.211684 20.071 0.04 52963.21335 19.933 0.016 52963.210017 19.892 0.018 52963.21085 19.537 0.02 52963.212517 19.495 0.057 25.275541 0.526399
52971.2026 20.017 0.043 52971.204266 19.938 0.017 52971.200933 19.861 0.02 52971.201766 19.617 0.024 52971.203433 19.518 0.062 25.275541 0.526399
53351.133989 20.151 0.045 53351.135655 19.989 0.017 53351.132322 19.961 0.021 53351.133155 19.662 0.025 53351.134822 19.688 0.092 25.275541 0.526399
53622.391045 -99.99 0.068 53622.392711 20.144 0.021 53622.389378 20.112 0.027 53622.390211 -99.99 0.038 53622.391878 19.767 0.087 25.275541 0.526399
53638.381851 20.345 0.065 53638.383517 20.12 0.023 53638.380184 20.059 0.024 53638.381017 19.81 0.027 53638.382684 19.736 0.075 25.275541 0.526399
53640.345886 20.266 0.066 53640.347552 20.102 0.024 53640.344219 20.023 0.025 53640.345052 19.659 0.027 53640.346719 19.549 0.071 25.275541 0.526399
53646.407296 -99.99 0.191 53646.408962 -99.99 0.022 53646.405629 -99.99 0.071 53646.406462 -99.99 0.05 53646.408129 19.69 0.118 25.275541 0.526399
53655.318059 20.325 0.064 53655.319725 20.101 0.02 53655.316392 20.038 0.026 53655.317225 19.651 0.031 53655.318892 19.632 0.096 25.275541 0.526399
53664.343015 20.178 0.159 53664.344681 20.202 0.097 53664.341348 20.081 0.067 53664.342181 19.762 0.069 53664.343848 19.402 0.137 25.275541 0.526399
53665.407653 -79.699 0.109 53665.409319 20.157 0.04 53665.405986 20.073 0.036 53665.406819 19.774 0.035 53665.408486 19.762 0.098 25.275541 0.526399
53669.302259 20.336 0.054 53669.303925 20.095 0.019 53669.300592 20.056 0.022 53669.301425 19.727 0.026 53669.303092 19.757 0.081 25.275541 0.526399
53671.387018 20.362 0.081 53671.388684 -99.99 0.025 53671.385351 20.07 0.032 53671.386184 19.713 0.032 53671.387851 19.731 0.095 25.275541 0.526399
53674.286495 20.407 0.081 53674.288161 20.157 0.023 53674.284828 20.127 0.03 53674.285661 19.764 0.034 53674.287328 19.796 0.1 25.275541 0.526399
53676.375961 20.218 0.068 53676.377627 20.117 0.021 53676.374294 20.075 0.028 53676.375127 19.752 0.027 53676.376794 19.645 0.065 25.275541 0.526399
53679.347859 20.446 0.095 53679.349525 20.092 0.023 53679.346192 20.094 0.036 53679.347025 19.814 0.049 53679.348692 19.687 0.131 25.275541 0.526399
53681.339371 20.284 0.061 53681.341037 20.136 0.02 53681.337704 20.081 0.026 53681.338537 19.767 0.028 53681.340204 19.592 0.063 25.275541 0.526399
53685.298427 20.138 0.079 53685.300093 20.111 0.039 53685.29676 20.002 0.037 53685.297593 19.694 0.034 53685.29926 19.609 0.075 25.275541 0.526399
53697.296397 20.129 0.073 53697.298063 20.097 0.029 53697.29473 20.031 0.033 53697.295563 19.703 0.033 53697.29723 19.629 0.08 25.275541 0.526399
53700.295354 20.17 0.073 53700.29702 20.087 0.024 53700.293687 20.051 0.033 53700.29452 19.762 0.039 53700.296187 19.697 0.119 25.275541 0.526399
53705.282024 20.202 0.057 53705.28369 20.107 0.019 53705.280357 20.033 0.023 53705.28119 19.683 0.025 53705.282857 19.67 0.071 25.275541 0.526399
53975.367067 20.099 0.04 53975.368734 19.98 0.021 53975.365401 19.932 0.022 53975.366234 19.692 0.027 53975.367901 19.619 0.066 25.275541 0.526399
53990.379909 -99.99 0.078 53990.381576 19.947 0.039 53990.378243 19.934 0.031 53990.379076 19.63 0.03 53990.380743 19.661 0.094 25.275541 0.526399
53994.390063 20.153 0.058 53994.39173 19.961 0.022 53994.388397 19.939 0.027 53994.38923 19.65 0.027 53994.390897 19.709 0.073 25.275541 0.526399
53996.373788 20.098 0.047 53996.375455 19.961 0.027 53996.372121 19.933 0.028 53996.372955 19.612 0.027 53996.374621 19.795 0.095 25.275541 0.526399
54005.386917 20.247 0.042 54005.388583 19.991 0.02 54005.38525 19.916 0.021 54005.386083 19.661 0.022 54005.38775 19.609 0.055 25.275541 0.526399
54010.327868 20.141 0.045 54010.329534 20.001 0.02 54010.326201 19.906 0.028 54010.327034 19.662 0.02 54010.328701 19.64 0.057 25.275541 0.526399
54012.32071 19.967 0.086 54012.322377 20.01 0.038 54012.319044 19.941 0.03 54012.319877 19.66 0.033 54012.321544 19.575 0.08 25.275541 0.526399
54020.326688 20.164 0.063 54020.328354 19.999 0.034 54020.325021 19.948 0.027 54020.325854 19.635 0.03 54020.327521 19.725 0.111 25.275541 0.526399
54024.408321 20.016 0.069 54024.409987 19.993 0.035 54024.406654 19.981 0.034 54024.407487 19.611 0.037 54024.409154 19.557 0.1 25.275541 0.526399
54028.39662 20.027 0.059 54028.398286 19.984 0.025 54028.394953 19.979 0.034 54028.395786 19.675 0.034 54028.397453 19.685 0.096 25.275541 0.526399
54030.320267 20.047 0.041 54030.321934 19.976 0.019 54030.318601 19.936 0.024 54030.319434 19.657 0.022 54030.321101 19.574 0.06 25.275541 0.526399
54035.396036 20.024 0.072 54035.397702 19.965 0.03 54035.394369 19.87 0.035 54035.395202 19.62 0.044 54035.396869 19.578 0.112 25.275541 0.526399
54037.301524 20.166 0.044 54037.30319 19.986 0.022 54037.299857 19.95 0.022 54037.30069 19.642 0.024 54037.302357 19.617 0.055 25.275541 0.526399
54040.316028 20.104 0.061 54040.317695 19.928 0.031 54040.314361 19.885 0.03 54040.315195 19.738 0.034 54040.316861 19.558 0.073 25.275541 0.526399
54047.346574 20.346 0.283 54047.348241 20.035 0.111 54047.344907 19.97 0.073 54047.345741 19.528 0.063 54047.347407 19.921 0.25 25.275541 0.526399
54049.342502 20.184 0.106 54049.344169 19.968 0.036 54049.340835 19.964 0.036 54049.341669 19.65 0.038 54049.343335 19.599 0.088 25.275541 0.526399
54053.30675 -99.99 0.056 54053.308417 20.01 0.034 54053.305084 19.948 0.028 54053.305917 19.658 0.029 54053.307584 19.554 0.064 25.275541 0.526399
54056.308425 20.278 0.064 54056.310091 19.999 0.028 54056.306758 20.018 0.035 54056.307591 19.686 0.028 54056.309258 19.58 0.08 25.275541 0.526399
54059.302703 20.183 0.094 54059.304369 20.007 0.027 54059.301036 19.93 0.039 54059.301869 19.631 0.038 54059.303536 19.587 0.099 25.275541 0.526399
54061.313791 20.124 0.078 54061.315458 19.976 0.025 54061.312125 19.923 0.033 54061.312958 19.602 0.041 54061.314625 19.556 0.1 25.275541 0.526399
54062.307593 20.106 0.049 54062.309259 20.02 0.021 54062.305926 19.949 0.019 54062.306759 19.657 0.024 54062.308426 19.608 0.067 25.275541 0.526399
54068.288214 20.199 0.093 54068.289881 19.985 0.036 54068.286547 19.963 0.041 54068.287381 19.659 0.034 54068.289047 19.614 0.083 25.275541 0.526399
54357.345922 20.201 0.045 54357.347588 19.998 0.02 54357.344255 19.945 0.027 54357.345088 19.666 0.028 54357.346755 19.599 0.051 25.275541 0.526399
54359.377664 20.291 0.066 54359.379331 20.049 0.028 54359.375997 19.965 0.034 54359.376831 19.697 0.035 54359.378497 19.632 0.099 25.275541 0.526399
54362.395736 -99.99 0.045 54362.397403 20.048 0.016 54362.394069 19.994 0.022 54362.394903 19.694 0.028 54362.396569 19.668 0.059 25.275541 0.526399
54376.390821 -99.99 0.057 54376.392487 -99.99 0.023 54376.389154 19.967 0.025 54376.389987 19.668 0.027 54376.391654 19.596 0.068 25.275541 0.526399
54382.375961 20.206 0.058 54382.377628 20.044 0.027 54382.374294 19.942 0.035 54382.375128 19.669 0.043 54382.376794 19.856 0.12 25.275541 0.526399
54385.393731 20.239 0.048 54385.395397 20.045 0.022 54385.392064 19.955 0.026 54385.392897 19.706 0.025 54385.394564 19.557 0.049 25.275541 0.526399
54390.386675 20.176 0.072 54390.388341 20.02 0.03 54390.385008 19.932 0.033 54390.385841 19.632 0.034 54390.387508 19.353 0.093 25.275541 0.526399
54391.395131 19.993 0.072 54391.396798 20.022 0.03 54391.393465 20.079 0.043 54391.394298 19.71 0.052 54391.395965 19.709 0.151 25.275541 0.526399
54402.387444 20.07 0.145 54402.389111 19.958 0.045 54402.385777 19.978 0.044 54402.386611 19.715 0.039 54402.388277 19.601 0.08 25.275541 0.526399
