51081.357352 23.037 0.628 51081.359018 20.318 0.023 51081.355685 20.364 0.034 51081.356518 20.218 0.043 51081.358185 20.065 0.118 26.62612 0.899018
51819.428459 22.511 0.411 51819.430125 20.242 0.025 51819.426792 20.151 0.029 51819.427625 20.109 0.039 51819.429292 19.887 0.117 26.62612 0.899018
52225.253131 22.1 0.239 52225.254797 20.12 0.02 52225.251464 20.093 0.025 52225.252297 19.917 0.031 52225.253964 19.836 0.096 26.62612 0.899018
52288.087552 22.356 0.319 52288.089218 20.147 0.02 52288.085885 20.086 0.027 52288.086718 19.866 0.029 52288.088385 19.647 0.073 26.62612 0.899018
52551.360844 21.798 0.216 52551.36251 20.128 0.02 52551.359177 20.059 0.026 52551.36001 19.953 0.034 52551.361677 19.839 0.105 26.62612 0.899018
52558.393719 21.914 0.197 52558.395385 20.075 0.017 52558.392052 20.038 0.021 52558.392885 19.929 0.027 52558.394552 19.706 0.069 26.62612 0.899018
52576.226769 22.212 0.252 52576.228435 20.112 0.018 52576.225102 20.083 0.022 52576.225935 19.921 0.028 52576.227602 19.869 0.1 26.62612 0.899018
52577.281225 22.187 0.279 52577.282891 20.083 0.019 52577.279558 20.041 0.024 52577.280391 19.925 0.031 52577.282058 19.763 0.091 26.62612 0.899018
52585.228303 22.619 0.421 52585.229969 20.14 0.019 52585.226636 20.128 0.029 52585.227469 19.985 0.044 52585.229136 19.731 0.129 26.62612 0.899018
52910.365182 22.504 0.413 52910.366848 20.093 0.019 52910.363515 20.04 0.024 52910.364348 19.913 0.032 52910.366015 19.75 0.099 26.62612 0.899018
52935.29235 21.845 0.234 52935.294016 20.052 0.02 52935.290683 20.013 0.026 52935.291516 19.826 0.036 52935.293183 19.709 0.115 26.62612 0.899018
52963.215426 22.069 0.192 52963.217092 20.058 0.017 52963.213759 19.998 0.021 52963.214592 19.904 0.029 52963.216259 19.671 0.073 26.62612 0.899018
52971.206341 21.845 0.215 52971.208007 20.057 0.019 52971.204674 19.996 0.023 52971.205507 19.917 0.031 52971.207174 19.585 0.075 26.62612 0.899018
53351.13773 21.586 0.168 53351.139396 19.964 0.017 53351.136063 19.945 0.023 53351.136896 19.71 0.029 53351.138563 19.427 0.077 26.62612 0.899018
53622.394785 -99.99 0.874 53622.396451 19.942 0.019 53622.393118 19.838 0.024 53622.393951 19.724 0.032 53622.395618 19.55 0.1 26.62612 0.899018
53634.344258 23.263 3.247 53634.345924 20.083 0.088 53634.342591 19.953 0.062 53634.343424 19.793 0.065 53634.345091 19.806 0.152 26.62612 0.899018
53638.385592 21.85 0.248 53638.387258 19.973 0.022 53638.383925 19.872 0.022 53638.384758 19.78 0.037 53638.386425 19.497 0.077 26.62612 0.899018
53640.349628 22.106 0.287 53640.351294 20.006 0.019 53640.347961 19.866 0.022 53640.348794 19.816 0.029 53640.350461 19.662 0.08 26.62612 0.899018
53646.411026 -99.99 0.522 53646.412692 -99.99 0.032 53646.409359 -99.99 0.029 53646.410192 19.803 0.054 53646.411859 -99.99 0.119 26.62612 0.899018
53655.3218 21.745 0.215 53655.323466 20.005 0.018 53655.320133 19.921 0.024 53655.320966 19.773 0.033 53655.322633 19.633 0.096 26.62612 0.899018
53664.346756 21.402 0.492 53664.348422 19.935 0.056 53664.345089 19.846 0.101 53664.345922 19.715 0.108 53664.347589 19.926 0.24 26.62612 0.899018
53665.41138 21.565 0.391 53665.413046 19.93 0.03 53665.409713 19.918 0.033 53665.410546 19.796 0.036 53665.412213 19.483 0.087 26.62612 0.899018
53669.306001 21.638 0.171 53669.307667 19.985 0.017 53669.304334 19.876 0.021 53669.305167 19.765 0.027 53669.306834 19.586 0.072 26.62612 0.899018
53671.390758 21.564 0.259 53671.392424 19.989 0.023 53671.389091 19.976 0.029 53671.389924 19.777 0.033 53671.391591 19.762 0.101 26.62612 0.899018
53674.290238 22.582 0.566 53674.291904 19.937 0.019 53674.288571 19.862 0.026 53674.289404 19.815 0.035 53674.291071 19.456 0.087 26.62612 0.899018
53679.3516 -99.99 0.376 53679.353266 19.927 0.021 53679.349933 19.886 0.032 53679.350766 19.709 0.037 53679.352433 19.628 0.124 26.62612 0.899018
53681.343113 22.024 0.289 53681.344779 19.983 0.018 53681.341446 19.925 0.023 53681.342279 19.848 0.041 53681.343946 19.658 0.08 26.62612 0.899018
53684.304606 21.459 0.251 53684.306272 19.883 0.023 53684.302939 19.879 0.046 53684.303772 19.709 0.052 53684.305439 19.434 0.082 26.62612 0.899018
53685.302168 22.686 0.683 53685.303834 19.962 0.032 53685.300501 19.98 0.035 53685.301334 19.797 0.036 53685.303001 -99.99 0.085 26.62612 0.899018
53694.31605 21.385 0.571 53694.317716 20.124 0.079 53694.314383 19.892 0.062 53694.315216 19.825 0.061 53694.316883 19.674 0.156 26.62612 0.899018
53697.300137 -99.99 0.25 53697.301803 19.957 0.022 53697.29847 19.875 0.028 53697.299303 19.764 0.031 53697.30097 19.576 0.073 26.62612 0.899018
53700.299095 21.45 0.247 53700.300761 19.96 0.022 53700.297428 19.938 0.03 53700.298261 19.847 0.042 53700.299928 19.567 0.108 26.62612 0.899018
53705.285765 22.208 0.37 53705.287431 19.941 0.018 53705.284098 19.866 0.022 53705.284931 19.726 0.029 53705.286598 19.682 0.09 26.62612 0.899018
53975.370762 22.301 0.297 53975.372429 20.024 0.02 53975.369095 19.958 0.02 53975.369929 19.822 0.028 53975.371595 19.725 0.079 26.62612 0.899018
53990.383587 22.282 0.704 53990.385254 20.06 0.044 53990.381921 19.973 0.043 53990.382754 19.825 0.043 53990.384421 19.74 0.107 26.62612 0.899018
53993.382898 21.683 0.212 53993.384564 -99.99 0.051 53993.381231 19.985 0.02 53993.382064 19.853 0.028 53993.383731 19.823 0.1 26.62612 0.899018
53994.393758 22.2 0.283 53994.395425 20.042 0.021 53994.392092 19.926 0.021 53994.392925 19.824 0.031 53994.394592 19.587 0.078 26.62612 0.899018
53996.377622 22.317 0.377 53996.379289 20.079 0.034 53996.375956 19.989 0.029 53996.376789 19.858 0.032 53996.378456 19.812 0.114 26.62612 0.899018
54005.390693 21.678 0.131 54005.392359 20.027 0.021 54005.389026 19.966 0.019 54005.389859 19.828 0.024 54005.391526 -99.99 0.065 26.62612 0.899018
54010.33163 21.877 0.164 54010.333296 20.016 0.017 54010.329963 19.881 0.022 54010.330796 19.828 0.024 54010.332463 19.737 0.07 26.62612 0.899018
54012.324544 21.452 0.275 54012.326211 20.102 0.034 54012.322878 19.956 0.037 54012.323711 19.823 0.039 54012.325378 -99.99 0.092 26.62612 0.899018
54020.330432 21.413 0.237 54020.332098 20.008 0.029 54020.328765 19.977 0.035 54020.329598 19.839 0.042 54020.331265 19.568 0.088 26.62612 0.899018
54024.412066 24.232 3.584 54024.413733 20.005 0.032 54024.410399 20.045 0.037 54024.411233 19.803 0.046 54024.412899 19.632 0.101 26.62612 0.899018
54028.400398 22.161 0.318 54028.402064 -99.99 0.034 54028.398731 19.997 0.029 54028.399564 19.861 0.035 54028.401231 19.608 0.093 26.62612 0.899018
54030.324101 22.322 0.258 54030.325768 19.993 0.02 54030.322435 19.974 0.022 54030.323268 19.804 0.029 54030.324935 19.646 0.074 26.62612 0.899018
54035.399866 -99.99 0.519 54035.401533 19.997 0.039 54035.3982 19.853 0.04 54035.399033 19.816 0.043 54035.4007 19.972 0.168 26.62612 0.899018
54037.305304 22.305 0.257 54037.30697 20.044 0.031 54037.303637 20.011 0.022 54037.30447 19.81 0.026 54037.306137 19.627 0.064 26.62612 0.899018
54040.319915 -99.99 0.653 54040.321581 20.006 0.032 54040.318248 19.953 0.037 54040.319081 19.815 0.038 54040.320748 19.761 0.097 26.62612 0.899018
54049.346175 21.27 0.319 54049.347842 20.072 0.043 54049.344508 19.955 0.036 54049.345342 19.89 0.045 54049.347008 19.704 0.116 26.62612 0.899018
54053.310532 22.797 0.521 54053.312199 20.026 0.027 54053.308866 19.995 0.031 54053.309699 19.862 0.034 54053.311366 19.601 0.077 26.62612 0.899018
54056.312193 22.541 0.576 54056.31386 20.066 0.028 54056.310526 19.95 0.034 54056.31136 19.853 0.039 54056.313026 19.713 0.099 26.62612 0.899018
54059.306447 23.41 1.24 54059.308113 20.115 0.027 54059.30478 20.023 0.035 54059.305613 19.857 0.042 54059.30728 19.613 0.101 26.62612 0.899018
54061.317618 23.667 2.026 54061.319285 20.021 0.031 54061.315952 19.946 0.031 54061.316785 19.839 0.04 54061.318452 19.609 0.111 26.62612 0.899018
54062.311363 21.847 0.229 54062.31303 20.006 0.023 54062.309696 19.974 0.024 54062.31053 19.848 0.031 54062.312196 19.697 0.085 26.62612 0.899018
54068.291938 21.445 0.314 54068.293604 20.066 0.044 54068.290271 19.97 0.037 54068.291104 19.84 0.042 54068.292771 19.717 0.115 26.62612 0.899018
54357.349808 21.421 0.111 54357.351474 19.919 0.032 54357.348141 19.835 0.018 54357.348974 19.717 0.021 54357.350641 19.504 0.052 26.62612 0.899018
54359.381549 21.829 0.305 54359.383215 19.915 0.027 54359.379882 19.812 0.029 54359.380715 19.696 0.039 54359.382382 19.646 0.107 26.62612 0.899018
54362.399453 21.496 0.121 54362.401119 19.847 0.027 54362.397786 19.846 0.018 54362.398619 19.734 0.024 54362.400286 19.635 0.067 26.62612 0.899018
54376.394563 21.343 0.155 54376.396229 19.848 0.022 54376.392896 19.819 0.026 54376.393729 19.695 0.027 54376.395396 19.571 0.074 26.62612 0.899018
54382.379845 21.785 0.274 54382.381512 19.869 0.033 54382.378178 19.795 0.027 54382.379012 19.715 0.04 54382.380678 19.52 0.092 26.62612 0.899018
54385.397468 21.322 0.12 54385.399135 19.877 0.017 54385.395802 19.808 0.021 54385.396635 19.715 0.024 54385.398302 19.589 0.056 26.62612 0.899018
54390.390366 21.429 0.219 54390.392033 19.843 0.024 54390.3887 19.777 0.026 54390.389533 19.774 0.04 54390.3912 -99.99 0.149 26.62612 0.899018
54391.398807 21.447 0.265 54391.400473 19.828 0.025 54391.39714 19.794 0.031 54391.397973 19.833 0.054 54391.39964 19.496 0.127 26.62612 0.899018
54402.39119 21.83 0.64 54402.392856 19.872 0.042 54402.389523 19.728 0.033 54402.390356 19.744 0.039 54402.392023 19.511 0.086 26.62612 0.899018
