51081.365791 19.784 0.038 51081.367457 19.397 0.013 51081.364124 19.507 0.017 51081.364957 19.229 0.018 51081.366624 19.104 0.052 29.690755 -0.360711
51819.43696 20.173 0.059 51819.438626 19.754 0.017 51819.435293 19.823 0.023 51819.436126 19.467 0.023 51819.437793 19.222 0.068 29.690755 -0.360711
52225.261619 19.865 0.042 52225.263285 19.556 0.013 52225.259952 19.629 0.018 52225.260785 19.34 0.018 52225.262452 19.096 0.051 29.690755 -0.360711
52288.096039 19.849 0.042 52288.097705 19.499 0.014 52288.094372 19.548 0.018 52288.095205 19.318 0.022 52288.096872 19.07 0.051 29.690755 -0.360711
52551.369332 20.416 0.066 52551.370998 19.894 0.018 52551.367665 19.921 0.026 52551.368498 19.536 0.025 52551.370165 19.163 0.062 29.690755 -0.360711
53634.352743 20.175 0.159 53634.354409 19.716 0.048 53634.351076 19.882 0.06 53634.351909 19.57 0.05 53634.353576 19.388 0.103 29.690755 -0.360711
53638.39408 20.191 0.072 53638.395746 19.806 0.019 53638.392413 19.836 0.022 53638.393246 20.037 0.034 53638.394913 19.203 0.06 29.690755 -0.360711
53640.358116 20.287 0.066 53640.359782 19.848 0.02 53640.356449 19.859 0.022 53640.357282 19.466 0.021 53640.358949 19.194 0.06 29.690755 -0.360711
53669.314489 20.228 0.06 53669.316155 19.797 0.018 53669.312822 19.8 0.022 53669.313655 19.429 0.021 53669.315322 19.155 0.06 29.690755 -0.360711
53674.298725 20.319 0.09 53674.300391 19.885 0.02 53674.297058 19.854 0.027 53674.297891 19.439 0.027 53674.299558 19.303 0.091 29.690755 -0.360711
53679.360087 20.176 0.084 53679.361753 19.84 0.019 53679.35842 19.839 0.031 53679.359253 19.389 0.035 53679.36092 19.194 0.099 29.690755 -0.360711
53684.313095 20.248 0.079 53684.314761 19.793 0.024 53684.311428 19.78 0.027 53684.312261 19.383 0.025 53684.313928 19.052 0.082 29.690755 -0.360711
53694.324541 19.81 0.186 53694.326207 19.736 0.047 53694.322874 19.71 0.049 53694.323707 19.313 0.04 53694.325374 19.105 0.106 29.690755 -0.360711
53705.294252 20.259 0.08 53705.295918 19.764 0.018 53705.292585 19.812 0.026 53705.293418 19.364 0.024 53705.295085 19.047 0.067 29.690755 -0.360711
53996.385989 20.26 0.049 53996.387656 -99.99 0.028 53996.384323 19.964 0.029 53996.385156 19.485 0.027 53996.386823 19.346 0.065 29.690755 -0.360711
54005.399544 20.134 0.04 54005.401211 19.748 0.015 54005.397878 19.898 0.017 54005.398711 19.574 0.018 54005.400378 19.303 0.046 29.690755 -0.360711
54010.340104 -99.99 0.041 54010.341771 19.762 0.022 54010.338437 19.906 0.018 54010.339271 19.627 0.025 54010.340937 19.467 0.046 29.690755 -0.360711
54020.338927 -99.99 0.066 54020.340594 19.678 0.04 54020.337261 19.816 0.029 54020.338094 19.388 0.029 54020.339761 19.208 0.074 29.690755 -0.360711
54028.408824 20.245 0.058 54028.41049 19.795 0.018 54028.407157 19.83 0.031 54028.40799 19.562 0.027 54028.409657 19.405 0.068 29.690755 -0.360711
54030.332478 20.267 0.045 54030.334145 19.793 0.02 54030.330812 19.889 0.019 54030.331645 19.643 0.021 54030.333312 19.382 0.053 29.690755 -0.360711
54040.328199 20.249 0.079 54040.329866 19.749 0.025 54040.326532 19.87 0.028 54040.327366 19.543 0.024 54040.329032 19.388 0.066 29.690755 -0.360711
54059.314944 -99.99 0.091 54059.31661 19.873 0.036 54059.313277 19.967 0.03 54059.31411 19.499 0.026 54059.315777 19.403 0.075 29.690755 -0.360711
54061.326107 20.463 0.112 54061.327773 19.937 0.031 54061.32444 19.859 0.031 54061.325273 19.425 0.033 54061.32694 19.308 0.1 29.690755 -0.360711
54068.300401 -99.99 0.134 54068.302067 20.015 0.046 54068.298734 19.918 0.04 54068.299567 19.589 0.033 54068.301234 -99.99 0.093 29.690755 -0.360711
54357.35815 19.987 0.046 54357.359817 19.535 0.018 54357.356484 19.656 0.022 54357.357317 19.42 0.023 54357.358984 19.299 0.041 29.690755 -0.360711
54359.389913 19.839 0.056 54359.39158 19.559 0.019 54359.388246 19.62 0.021 54359.38908 19.356 0.024 54359.390746 19.191 0.072 29.690755 -0.360711
54362.407963 19.943 0.04 54362.409629 19.577 0.015 54362.406296 19.684 0.019 54362.407129 19.372 0.02 54362.408796 19.292 0.049 29.690755 -0.360711
54376.40305 20.024 0.048 54376.404717 19.679 0.019 54376.401383 19.742 0.023 54376.402217 19.499 0.031 54376.403883 19.376 0.053 29.690755 -0.360711
54382.388214 19.983 0.079 54382.389881 19.7 0.022 54382.386547 19.75 0.034 54382.387381 19.325 0.025 54382.389047 19.208 0.078 29.690755 -0.360711
54385.405964 20.139 0.047 54385.40763 19.753 0.02 54385.404297 19.817 0.021 54385.40513 19.556 0.018 54385.406797 19.356 0.048 29.690755 -0.360711
54391.407364 20.054 0.107 54391.409031 19.725 0.028 54391.405697 19.73 0.037 54391.406531 19.312 0.041 54391.408197 19.206 0.167 29.690755 -0.360711
54402.399713 20.089 0.154 54402.40138 19.776 0.039 54402.398047 19.813 0.036 54402.39888 19.571 0.03 54402.400547 19.178 0.061 29.690755 -0.360711
