51075.370995 20.662 0.069 51075.372661 19.835 0.017 51075.369328 19.831 0.021 51075.370161 19.881 0.03 51075.371828 19.713 0.1 25.681393 -0.465029
52170.391678 21.156 0.115 52170.393344 20.001 0.017 52170.390011 19.966 0.02 52170.390844 20.067 0.028 52170.392511 19.666 0.078 25.681393 -0.465029
52196.390187 21.031 0.134 52196.391853 19.964 0.018 52196.38852 19.988 0.024 52196.389353 20.041 0.032 52196.39102 20.057 0.129 25.681393 -0.465029
52207.356957 20.948 0.108 52207.358623 20.003 0.019 52207.35529 19.953 0.021 52207.356123 20.053 0.027 52207.35779 19.755 0.082 25.681393 -0.465029
52224.285152 -99.99 0.112 52224.286818 19.974 0.017 52224.283485 19.967 0.02 52224.284318 20.016 0.025 52224.285985 19.702 0.069 25.681393 -0.465029
52231.270577 21.05 0.122 52231.272243 19.975 0.018 52231.26891 20.025 0.021 52231.269743 20.121 0.03 52231.27141 19.881 0.09 25.681393 -0.465029
52234.241666 21.073 0.106 52234.243332 19.968 0.017 52234.239999 19.962 0.021 52234.240832 20.083 0.026 52234.242499 20.001 0.081 25.681393 -0.465029
52261.205022 21.155 0.131 52261.206688 19.921 0.019 52261.203355 19.901 0.021 52261.204188 20.01 0.028 52261.205855 19.661 0.077 25.681393 -0.465029
52282.131651 20.845 0.108 52282.133317 19.927 0.018 52282.129984 19.927 0.025 52282.130817 19.979 0.032 52282.132484 19.872 0.098 25.681393 -0.465029
52287.085514 20.95 0.1 52287.08718 19.903 0.02 52287.083847 19.93 0.023 52287.08468 20.013 0.03 52287.086347 19.871 0.088 25.681393 -0.465029
52552.404216 20.833 0.092 52552.405882 19.878 0.016 52552.402549 19.904 0.021 52552.403382 19.99 0.026 52552.405049 19.72 0.078 25.681393 -0.465029
52557.378576 20.797 0.092 52557.380242 19.868 0.017 52557.376909 19.911 0.021 52557.377742 19.954 0.027 52557.379409 19.64 0.089 25.681393 -0.465029
52908.353141 20.819 0.09 52908.354807 19.813 0.015 52908.351474 19.75 0.018 52908.352307 19.816 0.024 52908.353974 19.657 0.073 25.681393 -0.465029
52912.33258 20.723 0.091 52912.334246 19.86 0.016 52912.330913 19.76 0.019 52912.331746 19.859 0.025 52912.333413 19.639 0.072 25.681393 -0.465029
52934.285045 20.868 0.1 52934.286711 19.815 0.016 52934.283378 19.789 0.022 52934.284211 19.819 0.028 52934.285878 19.727 0.097 25.681393 -0.465029
52936.280971 20.79 0.08 52936.282637 19.831 0.015 52936.279304 19.796 0.018 52936.280137 19.859 0.024 52936.281804 19.712 0.072 25.681393 -0.465029
53270.345023 20.458 0.066 53270.346689 19.639 0.023 53270.343356 -99.99 0.042 53270.344189 -99.99 99.999 53270.345856 19.514 0.06 25.681393 -0.465029
53272.394973 20.458 0.085 53272.396639 19.663 0.015 53272.393306 19.627 0.018 53272.394139 19.709 0.024 53272.395806 19.437 0.069 25.681393 -0.465029
53286.363691 20.35 0.074 53286.365357 19.632 0.016 53286.362024 19.633 0.018 53286.362857 19.741 0.023 53286.364524 19.614 0.07 25.681393 -0.465029
53288.322184 20.318 0.062 53288.32385 19.613 0.014 53288.320517 19.588 0.015 53288.32135 19.717 0.02 53288.323017 19.604 0.068 25.681393 -0.465029
53294.369858 20.474 0.076 53294.371524 19.622 0.015 53294.368191 19.638 0.021 53294.369024 19.75 0.027 53294.370691 19.577 0.073 25.681393 -0.465029
53296.316896 20.508 0.099 53296.318562 19.638 0.019 53296.315229 19.652 0.053 53296.316062 19.707 0.035 53296.317729 19.452 0.09 25.681393 -0.465029
53298.366636 20.479 0.078 53298.368302 19.634 0.015 53298.364969 19.609 0.021 53298.365802 19.696 0.028 53298.367469 19.542 0.079 25.681393 -0.465029
53302.317853 20.461 0.128 53302.319519 -99.99 0.026 53302.316186 19.624 0.027 53302.317019 19.718 0.03 53302.318686 19.475 0.067 25.681393 -0.465029
53312.273393 20.266 0.107 53312.27506 19.638 0.031 53312.271727 19.614 0.036 53312.27256 19.762 0.04 53312.274227 19.5 0.097 25.681393 -0.465029
53314.274582 20.377 0.069 53314.276248 19.63 0.017 53314.272915 19.627 0.022 53314.273748 19.716 0.027 53314.275415 19.537 0.077 25.681393 -0.465029
53319.26238 20.512 0.095 53319.264046 -99.99 0.017 53319.260713 19.614 0.022 53319.261546 19.745 0.031 53319.263213 19.74 0.119 25.681393 -0.465029
53616.378939 20.934 0.162 53616.380605 19.845 0.02 53616.377272 19.881 0.028 53616.378105 19.981 0.041 53616.379772 19.686 0.123 25.681393 -0.465029
53626.355366 20.828 0.128 53626.357032 -99.99 0.019 53626.353699 19.875 0.025 53626.354532 19.893 0.028 53626.356199 19.748 0.102 25.681393 -0.465029
53628.34023 20.783 0.181 53628.341896 -99.99 0.034 53628.338563 19.768 0.031 53628.339396 19.929 0.036 53628.341063 19.819 0.111 25.681393 -0.465029
53637.341847 20.789 0.151 53637.343513 19.886 0.028 53637.34018 19.906 0.029 53637.341013 19.994 0.036 53637.34268 19.743 0.094 25.681393 -0.465029
53639.387224 20.736 0.095 53639.38889 19.863 0.019 53639.385557 19.841 0.019 53639.38639 19.951 0.025 53639.388057 19.748 0.074 25.681393 -0.465029
53641.386391 20.757 0.099 53641.388057 19.834 0.017 53641.384724 19.847 0.019 53641.385557 20.023 0.026 53641.387224 19.7 0.077 25.681393 -0.465029
53657.345275 20.704 0.305 53657.346941 -99.99 0.063 53657.343608 19.948 0.071 53657.344441 19.856 0.074 53657.346108 19.651 0.164 25.681393 -0.465029
53663.329822 20.556 0.148 53663.331488 19.897 0.032 53663.328155 19.88 0.027 53663.328988 19.941 0.03 53663.330655 19.765 0.082 25.681393 -0.465029
53666.399916 20.9 0.206 53666.401582 19.806 0.027 53666.398249 19.771 0.026 53666.399082 19.907 0.03 53666.400749 19.872 0.101 25.681393 -0.465029
53668.319423 21.006 0.146 53668.321089 19.849 0.022 53668.317756 19.904 0.027 53668.318589 20.026 0.036 53668.320256 19.839 0.108 25.681393 -0.465029
53669.407049 -99.99 0.163 53669.408715 19.897 0.029 53669.405382 19.842 0.03 53669.406215 19.931 0.036 53669.407882 19.912 0.127 25.681393 -0.465029
53670.324276 20.939 0.125 53670.325942 19.905 0.02 53670.322609 19.864 0.022 53670.323442 20.047 0.036 53670.325109 19.792 0.115 25.681393 -0.465029
53673.292261 20.804 0.096 53673.293927 19.895 0.016 53673.290594 19.845 0.019 53673.291427 19.933 0.023 53673.293094 19.718 0.076 25.681393 -0.465029
53675.28915 20.753 0.097 53675.290816 19.807 0.016 53675.287483 19.829 0.021 53675.288316 19.929 0.029 53675.289983 19.666 0.083 25.681393 -0.465029
53677.31018 21.011 0.11 53677.311846 19.825 0.015 53677.308513 19.865 0.02 53677.309346 19.936 0.023 53677.311013 19.764 0.07 25.681393 -0.465029
53680.296847 20.716 0.082 53680.298513 19.795 0.015 53680.29518 19.845 0.019 53680.296013 19.935 0.024 53680.29768 19.708 0.068 25.681393 -0.465029
53686.29628 21.312 0.477 53686.297946 19.871 0.052 53686.294613 19.909 0.053 53686.295446 19.879 0.046 53686.297113 19.849 0.13 25.681393 -0.465029
53693.29874 20.462 0.182 53693.300406 -99.99 0.037 53693.297073 19.813 0.03 53693.297906 19.911 0.031 53693.299573 19.594 0.086 25.681393 -0.465029
53698.296129 20.82 0.099 53698.297795 19.79 0.017 53698.294462 19.836 0.02 53698.295295 19.925 0.025 53698.296962 19.723 0.083 25.681393 -0.465029
53704.282062 20.726 0.131 53704.283728 19.811 0.018 53704.280395 19.838 0.023 53704.281228 19.905 0.032 53704.282895 19.81 0.119 25.681393 -0.465029
53989.378112 21.545 0.434 53989.379779 19.98 0.057 53989.376446 -99.99 0.046 53989.377279 19.996 0.039 53989.378946 20.073 0.114 25.681393 -0.465029
53995.392751 20.987 0.085 53995.394418 19.919 0.03 53995.391085 19.939 0.023 53995.391918 20.022 0.026 53995.393585 19.756 0.063 25.681393 -0.465029
54000.353567 20.982 0.121 54000.355234 19.919 0.024 54000.351901 19.92 0.028 54000.352734 20.065 0.04 54000.354401 -99.99 0.103 25.681393 -0.465029
54006.300433 -99.99 0.227 54006.3021 -99.99 0.108 54006.298767 -99.99 0.178 54006.2996 -99.99 0.44 54006.301267 -99.99 0.159 25.681393 -0.465029
54007.403719 20.86 0.128 54007.405385 19.925 0.023 54007.402052 19.947 0.03 54007.402885 20.102 0.06 54007.404552 19.781 0.109 25.681393 -0.465029
54011.391937 20.785 0.07 54011.393604 19.962 0.022 54011.39027 19.966 0.022 54011.391104 20.057 0.032 54011.39277 19.8 0.059 25.681393 -0.465029
54025.390955 20.735 0.107 54025.392622 19.962 0.024 54025.389289 19.899 0.031 54025.390122 20.015 0.037 54025.391789 19.614 0.088 25.681393 -0.465029
54029.321328 20.866 0.103 54029.322995 19.932 0.02 54029.319661 19.929 0.025 54029.320495 20.016 0.04 54029.322161 19.823 0.096 25.681393 -0.465029
54346.384743 -99.99 0.139 54346.38641 19.9 0.042 54346.383077 19.817 0.032 54346.38391 19.988 0.035 54346.385577 19.815 0.083 25.681393 -0.465029
54348.388731 20.81 0.107 54348.390398 19.887 0.024 54348.387065 19.865 0.026 54348.387898 19.992 0.032 54348.389565 19.795 0.076 25.681393 -0.465029
54358.344512 20.967 0.144 54358.346178 19.884 0.027 54358.342845 19.853 0.024 54358.343678 19.957 0.037 54358.345345 19.799 0.127 25.681393 -0.465029
54359.338555 20.521 0.161 54359.340222 19.883 0.032 54359.336889 19.826 0.065 54359.337722 19.892 0.065 54359.339389 19.564 0.143 25.681393 -0.465029
54365.37761 20.711 0.08 54365.379277 19.771 0.034 54365.375944 19.831 0.02 54365.376777 19.955 0.028 54365.378444 20.009 0.084 25.681393 -0.465029
54381.397147 20.947 0.115 54381.398814 19.839 0.025 54381.395481 19.727 0.031 54381.396314 19.905 0.036 54381.397981 19.615 0.084 25.681393 -0.465029
54384.403806 20.642 0.085 54384.405473 19.832 0.025 54384.40214 19.809 0.02 54384.402973 19.913 0.028 54384.40464 19.588 0.068 25.681393 -0.465029
54386.389484 20.835 0.103 54386.391151 19.887 0.026 54386.387818 19.835 0.026 54386.388651 19.941 0.03 54386.390318 19.758 0.077 25.681393 -0.465029
54388.393732 20.675 0.091 54388.395399 19.848 0.029 54388.392066 19.849 0.022 54388.392899 19.98 0.028 54388.394566 19.719 0.068 25.681393 -0.465029
54392.391288 -99.99 0.109 54392.392954 19.828 0.032 54392.389621 19.833 0.041 54392.390454 19.898 0.042 54392.392121 19.663 0.101 25.681393 -0.465029
54403.307539 20.265 0.168 54403.309206 19.875 0.065 54403.305872 19.815 0.079 54403.306706 19.992 0.124 54403.308372 19.705 0.163 25.681393 -0.465029
54404.365102 20.771 0.162 54404.366769 19.853 0.03 54404.363436 19.766 0.03 54404.364269 19.967 0.041 54404.365936 19.655 0.081 25.681393 -0.465029
54405.363034 20.928 0.151 54405.364701 19.852 0.028 54405.361368 19.845 0.027 54405.362201 19.926 0.03 54405.363868 19.846 0.091 25.681393 -0.465029
54406.301369 20.844 0.086 54406.303036 19.843 0.025 54406.299702 19.857 0.023 54406.300536 19.975 0.028 54406.302202 19.764 0.058 25.681393 -0.465029
54412.327123 20.542 0.104 54412.328789 19.84 0.024 54412.325456 19.88 0.036 54412.326289 19.921 0.033 54412.327956 19.738 0.099 25.681393 -0.465029
