51081.364033 20.247 0.054 51081.365699 20.275 0.022 51081.362366 19.899 0.02 51081.363199 19.696 0.024 51081.364866 19.753 0.096 29.058485 -0.351397
51819.435189 19.827 0.044 51819.436855 19.878 0.017 51819.433522 19.625 0.018 51819.434355 19.45 0.02 51819.436022 19.601 0.086 29.058485 -0.351397
52225.259868 20.087 0.048 52225.261534 20.04 0.018 52225.258201 19.738 0.019 52225.259034 19.554 0.021 52225.260701 19.834 0.092 29.058485 -0.351397
52288.094288 20.212 0.051 52288.095954 20.132 0.02 52288.092621 19.813 0.021 52288.093454 19.585 0.022 52288.095121 19.739 0.088 29.058485 -0.351397
52551.367581 20.148 0.051 52551.369247 20.006 0.018 52551.365914 19.731 0.021 52551.366747 19.525 0.022 52551.368414 19.753 0.094 29.058485 -0.351397
52558.400457 20.053 0.044 52558.402123 20.029 0.017 52558.39879 19.745 0.017 52558.399623 19.575 0.019 52558.40129 19.732 0.071 29.058485 -0.351397
52576.233506 20.119 0.046 52576.235172 19.956 0.017 52576.231839 19.768 0.018 52576.232672 19.551 0.021 52576.234339 19.685 0.082 29.058485 -0.351397
52577.287963 20.022 0.044 52577.289629 20.007 0.017 52577.286296 19.727 0.018 52577.287129 19.504 0.02 52577.288796 19.839 0.087 29.058485 -0.351397
52585.235039 20.011 0.04 52585.236705 20.028 0.016 52585.233372 19.763 0.019 52585.234205 19.562 0.025 52585.235872 19.656 0.11 29.058485 -0.351397
52909.401677 20.24 0.052 52909.403343 20.117 0.018 52909.40001 19.852 0.018 52909.400843 19.577 0.019 52909.40251 19.853 0.086 29.058485 -0.351397
52910.371918 20.189 0.05 52910.373584 20.168 0.02 52910.370251 19.821 0.02 52910.371084 19.596 0.021 52910.372751 19.7 0.076 29.058485 -0.351397
52935.299087 20.151 0.053 52935.300753 20.151 0.021 52935.29742 19.772 0.021 52935.298253 19.598 0.025 52935.29992 19.783 0.108 29.058485 -0.351397
52963.222162 20.061 0.039 52963.223828 20.017 0.016 52963.220495 19.738 0.016 52963.221328 19.572 0.018 52963.222995 19.712 0.065 29.058485 -0.351397
52971.213077 20.078 0.046 52971.214743 20.007 0.018 52971.21141 19.697 0.018 52971.212243 19.519 0.021 52971.21391 19.857 0.087 29.058485 -0.351397
53351.144467 20.083 0.049 53351.146133 20.059 0.019 53351.1428 19.747 0.018 53351.143633 19.625 0.025 53351.1453 19.664 0.099 29.058485 -0.351397
53622.401521 20.349 0.074 53622.403187 20.204 0.022 53622.399854 19.852 0.021 53622.400687 19.615 0.025 53622.402354 19.75 0.093 29.058485 -0.351397
53634.350993 20.129 0.178 53634.352659 20.096 0.065 53634.349326 19.794 0.054 53634.350159 19.515 0.048 53634.351826 19.368 0.11 29.058485 -0.351397
53638.392329 20.249 0.064 53638.393995 20.161 0.026 53638.390662 19.848 0.022 53638.391495 19.649 0.022 53638.393162 19.853 0.093 29.058485 -0.351397
53640.356364 20.246 0.061 53640.35803 20.15 0.021 53640.354697 19.832 0.02 53640.35553 19.617 0.022 53640.357197 19.746 0.083 29.058485 -0.351397
53646.417774 20.19 0.074 53646.41944 20.133 0.026 53646.416107 -99.99 0.032 53646.41694 -99.99 0.033 53646.418607 19.768 0.088 29.058485 -0.351397
53655.328537 20.076 0.051 53655.330203 20.133 0.019 53655.32687 19.824 0.021 53655.327703 19.595 0.025 53655.32937 19.705 0.096 29.058485 -0.351397
53664.353493 19.997 0.151 53664.355159 20.07 0.057 53664.351826 19.878 0.064 53664.352659 19.602 0.056 53664.354326 -99.99 0.159 29.058485 -0.351397
53665.418129 20.244 0.118 53665.419795 20.157 0.04 53665.416462 19.862 0.038 53665.417295 19.604 0.029 53665.418962 19.696 0.113 29.058485 -0.351397
53669.312737 20.146 0.053 53669.314403 20.102 0.019 53669.31107 19.787 0.018 53669.311903 19.595 0.02 53669.31357 19.763 0.081 29.058485 -0.351397
53671.397495 20.301 0.102 53671.399161 20.212 0.026 53671.395828 19.777 0.027 53671.396661 19.629 0.035 53671.398328 19.722 0.116 29.058485 -0.351397
53674.296974 20.228 0.079 53674.29864 20.144 0.025 53674.295307 19.828 0.024 53674.29614 19.636 0.03 53674.297807 19.591 0.107 29.058485 -0.351397
53676.386438 20.227 0.062 53676.388104 20.181 0.02 53676.384771 19.868 0.02 53676.385604 19.59 0.021 53676.387271 19.76 0.078 29.058485 -0.351397
53679.358336 20.117 0.078 53679.360002 20.139 0.026 53679.356669 19.76 0.028 53679.357502 19.587 0.034 53679.359169 19.631 0.162 29.058485 -0.351397
53681.34985 20.184 0.057 53681.351516 20.115 0.018 53681.348183 19.805 0.019 53681.349016 19.576 0.02 53681.350683 19.759 0.078 29.058485 -0.351397
53684.311344 20.099 0.064 53684.31301 20.134 0.026 53684.309677 19.791 0.022 53684.31051 19.564 0.026 53684.312177 19.776 0.106 29.058485 -0.351397
53694.322789 20.258 0.215 53694.324455 19.999 0.074 53694.321122 19.79 0.05 53694.321955 -99.99 0.051 53694.323622 -99.99 0.138 29.058485 -0.351397
53697.306874 20.125 0.067 53697.30854 20.074 0.025 53697.305207 19.788 0.021 53697.30604 19.564 0.022 53697.307707 19.669 0.077 29.058485 -0.351397
53700.305831 20.071 0.069 53700.307497 20.078 0.022 53700.304164 19.766 0.024 53700.304997 19.539 0.029 53700.306664 19.648 0.116 29.058485 -0.351397
53705.292501 20.126 0.071 53705.294167 20.053 0.022 53705.290834 19.778 0.022 53705.291667 19.463 0.022 53705.293334 19.751 0.109 29.058485 -0.351397
53975.377498 20.037 0.045 53975.379165 20.091 0.02 53975.375831 19.757 0.018 53975.376665 19.58 0.024 53975.378331 19.762 0.088 29.058485 -0.351397
53993.389636 20.172 0.065 53993.391303 -99.99 0.023 53993.38797 -99.99 0.034 53993.388803 -99.99 0.028 53993.39047 -99.99 0.166 29.058485 -0.351397
53994.400497 20.184 0.051 53994.402164 20.127 0.024 53994.39883 19.775 0.023 53994.399664 19.606 0.039 53994.40133 19.705 0.07 29.058485 -0.351397
53996.384231 20.118 0.05 53996.385898 20.065 0.019 53996.382564 19.834 0.052 53996.383398 19.612 0.032 53996.385064 19.515 0.075 29.058485 -0.351397
54005.397417 20.227 0.043 54005.399084 20.164 0.027 54005.395751 19.772 0.021 54005.396584 19.635 0.021 54005.398251 19.826 0.07 29.058485 -0.351397
54010.338391 20.084 0.038 54010.340058 20.175 0.026 54010.336725 19.773 0.022 54010.337558 19.606 0.029 54010.339225 19.678 0.051 29.058485 -0.351397
54012.331213 20.227 0.097 54012.33288 20.131 0.038 54012.329547 19.825 0.029 54012.33038 19.662 0.031 54012.332047 19.602 0.078 29.058485 -0.351397
54020.33721 20.146 0.078 54020.338876 20.149 0.032 54020.335543 19.87 0.028 54020.336376 19.667 0.029 54020.338043 19.62 0.098 29.058485 -0.351397
54024.418785 20.177 0.079 54024.420452 20.142 0.033 54024.417118 19.835 0.03 54024.417952 19.592 0.03 54024.419618 19.732 0.11 29.058485 -0.351397
54028.407068 20.206 0.063 54028.408735 20.138 0.027 54028.405401 19.864 0.028 54028.406235 19.626 0.026 54028.407901 19.652 0.091 29.058485 -0.351397
54030.330747 20.191 0.043 54030.332413 20.17 0.021 54030.32908 19.805 0.017 54030.329913 19.626 0.021 54030.33158 19.761 0.067 29.058485 -0.351397
54035.406496 20.312 0.09 54035.408163 20.175 0.03 54035.40483 19.758 0.039 54035.405663 19.631 0.042 54035.40733 19.693 0.131 29.058485 -0.351397
54037.311974 20.162 0.041 54037.313641 20.214 0.02 54037.310307 19.848 0.017 54037.311141 19.613 0.016 54037.312807 19.742 0.062 29.058485 -0.351397
54040.326462 20.146 0.078 54040.328129 20.14 0.043 54040.324796 19.815 0.027 54040.325629 19.659 0.03 54040.327296 19.744 0.09 29.058485 -0.351397
54047.357085 20.237 0.301 54047.358752 20.131 0.096 54047.355418 19.933 0.084 54047.356252 19.65 0.088 54047.357918 19.505 0.196 29.058485 -0.351397
54049.352907 20.173 0.11 54049.354574 20.137 0.041 54049.35124 19.814 0.034 54049.352074 19.592 0.033 54049.35374 19.811 0.12 29.058485 -0.351397
54053.317243 20.293 0.053 54053.318909 20.219 0.022 54053.315576 19.88 0.022 54053.316409 19.609 0.023 54053.318076 19.857 0.097 29.058485 -0.351397
54056.318925 20.37 0.067 54056.320592 20.261 0.029 54056.317259 19.896 0.031 54056.318092 19.619 0.032 54056.319759 19.744 0.09 29.058485 -0.351397
54059.313227 20.318 0.093 54059.314894 20.214 0.031 54059.31156 19.918 0.029 54059.312394 19.627 0.028 54059.31406 19.418 0.085 29.058485 -0.351397
54061.324266 20.274 0.092 54061.325933 -99.99 0.039 54061.3226 19.868 0.037 54061.323433 19.588 0.086 54061.3251 19.381 0.1 29.058485 -0.351397
54062.318167 20.302 0.056 54062.319833 20.236 0.025 54062.3165 19.845 0.02 54062.317333 19.639 0.025 54062.319 19.79 0.093 29.058485 -0.351397
54064.314513 20.258 0.06 54064.31618 -99.99 0.025 54064.312846 19.853 0.022 54064.31368 19.67 0.025 54064.315346 19.83 0.093 29.058485 -0.351397
54068.298668 20.152 0.096 54068.300335 20.138 0.044 54068.297002 19.91 0.034 54068.297835 19.627 0.035 54068.299502 19.826 0.128 29.058485 -0.351397
54357.356383 19.959 0.044 54357.35805 19.883 0.019 54357.354716 19.653 0.014 54357.35555 19.477 0.018 54357.357216 19.587 0.049 29.058485 -0.351397
54359.388125 19.901 0.05 54359.389792 19.875 0.023 54359.386459 19.646 0.021 54359.387292 19.481 0.026 54359.388959 19.746 0.101 29.058485 -0.351397
54362.406223 19.9 0.041 54362.40789 19.91 0.018 54362.404557 19.663 0.018 54362.40539 19.442 0.025 54362.407057 19.678 0.069 29.058485 -0.351397
54376.401336 19.906 0.052 54376.403003 19.942 0.022 54376.39967 19.689 0.019 54376.400503 19.457 0.02 54376.40217 19.62 0.066 29.058485 -0.351397
54382.386425 19.945 0.056 54382.388092 19.914 0.024 54382.384759 19.677 0.023 54382.385592 19.493 0.034 54382.387259 19.664 0.104 29.058485 -0.351397
54385.404268 20.126 0.044 54385.405935 19.952 0.024 54385.402602 19.685 0.018 54385.403435 19.515 0.019 54385.405102 19.648 0.06 29.058485 -0.351397
54387.404708 -99.99 0.07 54387.406374 19.966 0.029 54387.403041 -99.99 0.055 54387.403874 -99.99 0.05 54387.405541 19.527 0.137 29.058485 -0.351397
54390.397142 -99.99 0.1 54390.398808 -99.99 0.047 54390.395475 -99.99 0.036 54390.396308 -99.99 0.368 54390.397975 -99.99 0.155 29.058485 -0.351397
54391.405534 20.006 0.087 54391.4072 19.91 0.03 54391.403867 19.741 0.034 54391.4047 19.46 0.045 54391.406367 19.742 0.214 29.058485 -0.351397
54402.397936 19.873 0.119 54402.399603 19.88 0.045 54402.396269 19.73 0.038 54402.397103 19.496 0.033 54402.398769 19.617 0.088 29.058485 -0.351397
