51081.361942 19.445 0.033 51081.363608 19.203 0.011 51081.360275 18.916 0.011 51081.361108 18.856 0.015 51081.362775 18.935 0.046 28.288026 0.880607
51819.433066 19.256 0.034 51819.434732 19.034 0.01 51819.431399 18.839 0.012 51819.432232 18.753 0.015 51819.433899 18.786 0.044 28.288026 0.880607
52225.257734 19.284 0.031 52225.2594 19.071 0.01 52225.256067 18.848 0.011 52225.2569 18.88 0.015 52225.258567 18.974 0.047 28.288026 0.880607
52288.092155 19.221 0.028 52288.093821 19 0.01 52288.090488 18.774 0.01 52288.091321 18.775 0.013 52288.092988 18.857 0.039 28.288026 0.880607
52551.365446 19.242 0.029 52551.367112 -99.99 0.01 52551.363779 18.788 0.011 52551.364612 18.783 0.014 52551.366279 18.907 0.053 28.288026 0.880607
52558.398321 19.187 0.027 52558.399987 18.995 0.01 52558.396654 18.767 0.01 52558.397487 18.801 0.013 52558.399154 18.921 0.039 28.288026 0.880607
52576.231372 19.192 0.026 52576.233038 18.977 0.009 52576.229705 18.808 0.01 52576.230538 18.788 0.014 52576.232205 19.021 0.05 28.288026 0.880607
52577.285828 19.174 0.027 52577.287494 18.98 0.009 52577.284161 18.782 0.01 52577.284994 18.787 0.014 52577.286661 18.876 0.042 28.288026 0.880607
52585.232906 19.208 0.028 52585.234572 18.979 0.009 52585.231239 18.788 0.011 52585.232072 18.764 0.016 52585.233739 18.813 0.054 28.288026 0.880607
52910.369785 19.185 0.029 52910.371451 18.923 0.009 52910.368118 18.76 0.01 52910.368951 18.775 0.013 52910.370618 18.882 0.043 28.288026 0.880607
52935.296953 19.194 0.029 52935.298619 18.956 0.01 52935.295286 18.75 0.011 52935.296119 18.778 0.016 52935.297786 18.843 0.054 28.288026 0.880607
52963.220028 19.196 0.025 52963.221694 18.945 0.009 52963.218361 18.752 0.01 52963.219194 18.795 0.013 52963.220861 18.927 0.038 28.288026 0.880607
52971.210944 19.251 0.029 52971.21261 18.963 0.009 52971.209277 18.764 0.011 52971.21011 18.817 0.014 52971.211777 18.853 0.04 28.288026 0.880607
53351.142334 19.259 0.029 53351.144 19.003 0.01 53351.140667 18.769 0.01 53351.1415 18.803 0.015 53351.143167 18.853 0.049 28.288026 0.880607
53622.399388 19.228 0.033 53622.401054 18.976 0.01 53622.397721 18.783 0.011 53622.398554 18.749 0.015 53622.400221 18.875 0.051 28.288026 0.880607
53634.34886 -99.99 0.081 53634.350526 18.977 0.03 53634.347193 18.826 0.021 53634.348026 18.801 0.023 53634.349693 19.032 0.075 28.288026 0.880607
53638.390195 19.179 0.033 53638.391861 18.999 0.011 53638.388528 18.779 0.011 53638.389361 18.813 0.015 53638.391028 18.904 0.046 28.288026 0.880607
53640.354231 19.242 0.031 53640.355897 18.997 0.01 53640.352564 18.782 0.01 53640.353397 18.809 0.013 53640.355064 18.946 0.045 28.288026 0.880607
53646.415628 19.22 0.037 53646.417294 -99.99 0.02 53646.413961 18.784 0.014 53646.414794 18.813 0.016 53646.416461 18.936 0.075 28.288026 0.880607
53655.326403 19.298 0.033 53655.328069 18.953 0.01 53655.324736 18.783 0.011 53655.325569 18.81 0.016 53655.327236 18.866 0.052 28.288026 0.880607
53664.351358 19.282 0.08 53664.353024 18.932 0.026 53664.349691 18.764 0.025 53664.350524 18.698 0.034 53664.352191 -99.99 0.084 28.288026 0.880607
53665.415982 19.278 0.059 53665.417648 19.004 0.016 53665.414315 18.745 0.013 53665.415148 18.773 0.017 53665.416815 18.968 0.074 28.288026 0.880607
53669.310604 19.188 0.029 53669.31227 18.968 0.01 53669.308937 18.762 0.01 53669.30977 18.789 0.014 53669.311437 18.884 0.04 28.288026 0.880607
53671.39536 19.247 0.042 53671.397026 18.952 0.014 53671.393693 18.776 0.012 53671.394526 18.803 0.018 53671.396193 18.804 0.06 28.288026 0.880607
53674.294841 19.221 0.036 53674.296507 18.995 0.011 53674.293174 18.747 0.011 53674.294007 18.799 0.017 53674.295674 18.929 0.058 28.288026 0.880607
53676.384303 19.211 0.034 53676.385969 19.009 0.01 53676.382636 18.739 0.011 53676.383469 18.803 0.015 53676.385136 18.985 0.045 28.288026 0.880607
53679.356202 19.21 0.035 53679.357868 18.992 0.011 53679.354535 18.746 0.013 53679.355368 -99.99 0.019 53679.357035 18.939 0.07 28.288026 0.880607
53681.347715 19.174 0.032 53681.349381 18.966 0.01 53681.346048 18.759 0.011 53681.346881 18.76 0.014 53681.348548 18.817 0.038 28.288026 0.880607
53684.309209 19.183 0.033 53684.310875 18.961 0.012 53684.307542 18.758 0.011 53684.308375 18.791 0.016 53684.310042 18.829 0.046 28.288026 0.880607
53694.320653 19.135 0.083 53694.322319 18.966 0.03 53694.318986 -99.99 0.025 53694.319819 -99.99 0.026 53694.321486 18.942 0.084 28.288026 0.880607
53697.30474 19.256 0.037 53697.306406 18.975 0.011 53697.303073 18.765 0.011 53697.303906 18.762 0.015 53697.305573 18.844 0.041 28.288026 0.880607
53700.303697 19.273 0.041 53700.305363 18.996 0.012 53700.30203 18.764 0.014 53700.302863 18.782 0.019 53700.30453 18.961 0.063 28.288026 0.880607
53705.290367 19.167 0.034 53705.292033 18.978 0.01 53705.2887 18.756 0.011 53705.289533 18.772 0.014 53705.2912 18.855 0.046 28.288026 0.880607
53975.375381 19.258 0.027 53975.377047 19 0.02 53975.373714 18.763 0.016 53975.374547 18.816 0.017 53975.376214 18.865 0.044 28.288026 0.880607
53993.387486 19.18 0.054 53993.389153 -99.99 0.022 53993.38582 18.777 0.018 53993.386653 18.805 0.018 53993.38832 -99.99 0.075 28.288026 0.880607
53994.398378 19.266 0.039 53994.400045 18.968 0.019 53994.396712 18.78 0.015 53994.397545 18.789 0.021 53994.399212 18.882 0.044 28.288026 0.880607
53996.382136 19.249 0.035 53996.383803 18.965 0.019 53996.380469 18.746 0.019 53996.381303 -99.99 0.031 53996.382969 -99.99 0.054 28.288026 0.880607
54005.395262 19.189 0.032 54005.396929 19.015 0.018 54005.393596 18.747 0.022 54005.394429 -99.99 0.015 54005.396096 18.926 0.037 28.288026 0.880607
54010.33621 19.272 0.035 54010.337877 19.003 0.021 54010.334544 18.759 0.016 54010.335377 18.804 0.016 54010.337044 18.921 0.036 28.288026 0.880607
54012.329058 19.235 0.051 54012.330725 18.99 0.019 54012.327392 18.777 0.022 54012.328225 18.804 0.023 54012.329892 18.852 0.051 28.288026 0.880607
54020.335148 19.262 0.039 54020.336815 19.009 0.023 54020.333482 18.782 0.017 54020.334315 18.836 0.023 54020.335982 18.865 0.053 28.288026 0.880607
54024.416659 19.27 0.04 54024.418326 19.052 0.02 54024.414992 18.789 0.033 54024.415826 18.86 0.051 54024.417492 18.953 0.057 28.288026 0.880607
54028.404943 19.323 0.037 54028.40661 19.062 0.022 54028.403276 18.806 0.025 54028.40411 18.815 0.022 54028.405776 18.894 0.05 28.288026 0.880607
54030.328623 19.298 0.032 54030.33029 19.018 0.018 54030.326957 18.803 0.012 54030.32779 18.766 0.014 54030.329457 18.836 0.039 28.288026 0.880607
54035.404378 19.261 0.053 54035.406045 19.086 0.016 54035.402712 18.794 0.019 54035.403545 18.839 0.027 54035.405212 18.968 0.072 28.288026 0.880607
54037.309849 19.294 0.03 54037.311516 19.027 0.015 54037.308183 18.79 0.013 54037.309016 18.808 0.021 54037.310683 18.89 0.04 28.288026 0.880607
54040.324323 19.306 0.042 54040.325989 19.08 0.018 54040.322656 18.805 0.018 54040.323489 18.841 0.021 54040.325156 18.924 0.051 28.288026 0.880607
54049.350856 19.248 0.058 54049.352523 19.064 0.023 54049.34919 18.799 0.019 54049.350023 18.815 0.023 54049.35169 19.015 0.067 28.288026 0.880607
54053.315127 19.286 0.034 54053.316794 19.065 0.017 54053.31346 18.764 0.019 54053.314294 18.817 0.017 54053.31596 18.949 0.044 28.288026 0.880607
54056.3168 19.291 0.051 54056.318466 -99.99 0.032 54056.315133 18.8 0.017 54056.315966 18.858 0.02 54056.317633 18.908 0.053 28.288026 0.880607
54059.311103 19.283 0.063 54059.31277 19.059 0.02 54059.309436 18.788 0.017 54059.31027 18.833 0.029 54059.311936 18.922 0.057 28.288026 0.880607
54061.322132 19.268 0.063 54061.323798 19.01 0.021 54061.320465 -99.99 0.085 54061.321298 18.774 0.086 54061.322965 18.902 0.085 28.288026 0.880607
54062.31595 19.341 0.046 54062.317617 19.061 0.024 54062.314283 18.815 0.014 54062.315117 18.837 0.02 54062.316783 18.889 0.049 28.288026 0.880607
54064.312391 19.298 0.044 54064.314058 19.071 0.019 54064.310724 18.827 0.014 54064.311558 18.837 0.016 54064.313224 18.872 0.044 28.288026 0.880607
54068.296605 19.228 0.041 54068.298272 19.048 0.033 54068.294938 18.808 0.019 54068.295772 18.808 0.021 54068.297438 18.849 0.052 28.288026 0.880607
54357.35427 19.321 0.034 54357.355937 19.065 0.023 54357.352603 18.834 0.015 54357.353437 18.864 0.017 54357.355103 18.931 0.034 28.288026 0.880607
54359.385978 19.351 0.038 54359.387644 19.06 0.015 54359.384311 18.849 0.02 54359.385144 18.858 0.023 54359.386811 18.898 0.056 28.288026 0.880607
54362.404055 19.3 0.031 54362.405722 19.069 0.022 54362.402388 18.867 0.021 54362.403222 18.862 0.015 54362.404888 18.969 0.043 28.288026 0.880607
54376.399186 19.356 0.033 54376.400853 19.086 0.013 54376.397519 18.857 0.016 54376.398353 18.889 0.019 54376.400019 18.965 0.042 28.288026 0.880607
54382.384274 19.296 0.035 54382.385941 19.053 0.02 54382.382607 18.898 0.022 54382.383441 18.851 0.026 54382.385107 18.888 0.064 28.288026 0.880607
54385.402086 -99.99 0.049 54385.403752 19.098 0.023 54385.400419 18.846 0.02 54385.401252 18.863 0.015 54385.402919 18.994 0.037 28.288026 0.880607
54387.402569 19.261 0.074 54387.404236 19.127 0.039 54387.400902 18.814 0.026 54387.401736 18.828 0.038 54387.403402 18.849 0.083 28.288026 0.880607
54390.394967 -99.99 0.046 54390.396634 -99.99 0.063 54390.393301 18.842 0.017 54390.394134 -99.99 0.042 54390.395801 -99.99 0.241 28.288026 0.880607
54391.403486 19.361 0.056 54391.405152 19.111 0.027 54391.401819 18.871 0.022 54391.402652 18.919 0.03 54391.404319 18.99 0.101 28.288026 0.880607
54402.395797 19.322 0.079 54402.397463 19.132 0.028 54402.39413 18.878 0.02 54402.394963 18.872 0.025 54402.39663 19.013 0.058 28.288026 0.880607
