51075.381102 21.138 0.092 51075.382768 20.063 0.018 51075.379435 19.946 0.022 51075.380268 19.849 0.032 51075.381935 19.724 0.104 29.328874 0.841248
51818.350767 21.209 0.095 51818.352433 20.045 0.018 51818.3491 19.898 0.019 51818.349933 19.763 0.027 51818.3516 19.588 0.076 29.328874 0.841248
51819.435978 21.396 0.163 51819.437644 19.977 0.02 51819.434311 19.97 0.025 51819.435144 19.814 0.031 51819.436811 19.593 0.086 29.328874 0.841248
52170.401743 21.086 0.085 52170.403409 19.978 0.017 52170.400076 19.893 0.019 52170.400909 19.778 0.028 52170.402576 19.472 0.063 29.328874 0.841248
52173.315164 21.078 0.126 52173.31683 20.016 0.021 52173.313497 19.852 0.025 52173.31433 19.794 0.037 52173.315997 19.528 0.1 29.328874 0.841248
52196.400303 21.193 0.117 52196.401969 20.051 0.018 52196.398636 19.903 0.022 52196.399469 19.797 0.031 52196.401136 19.408 0.079 29.328874 0.841248
52207.367069 21.342 0.12 52207.368735 20.025 0.017 52207.365402 19.882 0.021 52207.366235 19.763 0.029 52207.367902 19.635 0.073 29.328874 0.841248
52224.295284 21.099 0.087 52224.29695 20.017 0.017 52224.293617 19.947 0.02 52224.29445 19.715 0.024 52224.296117 19.484 0.058 29.328874 0.841248
52225.260617 21.265 0.116 52225.262283 19.982 0.017 52225.25895 19.956 0.022 52225.259783 19.816 0.028 52225.26145 19.515 0.075 29.328874 0.841248
52231.280679 21.097 0.091 52231.282345 19.983 0.017 52231.279012 19.924 0.02 52231.279845 19.827 0.027 52231.281512 19.593 0.066 29.328874 0.841248
52234.251769 21.264 0.1 52234.253435 20.005 0.017 52234.250102 19.904 0.02 52234.250935 19.799 0.025 52234.252602 19.602 0.06 29.328874 0.841248
52261.215124 21.335 0.109 52261.21679 20.033 0.018 52261.213457 19.953 0.023 52261.21429 19.849 0.03 52261.215957 19.615 0.066 29.328874 0.841248
52287.095618 21.379 0.107 52287.097284 20.077 0.019 52287.093951 19.999 0.023 52287.094784 19.834 0.028 52287.096451 19.492 0.06 29.328874 0.841248
52288.095038 21.117 0.118 52288.096704 20.086 0.02 52288.093371 20.071 0.027 52288.094204 19.877 0.03 52288.095871 19.648 0.081 29.328874 0.841248
52551.368329 21.443 0.152 52551.369995 20.162 0.02 52551.366662 20.035 0.026 52551.367495 19.948 0.034 52551.369162 19.688 0.083 29.328874 0.841248
52552.414319 21.276 0.119 52552.415985 20.132 0.021 52552.412652 20.044 0.026 52552.413485 19.834 0.034 52552.415152 19.742 0.095 29.328874 0.841248
52557.388677 21.274 0.107 52557.390343 20.113 0.018 52557.38701 20.079 0.024 52557.387843 19.914 0.032 52557.38951 19.663 0.085 29.328874 0.841248
52558.401204 21.411 0.125 52558.40287 20.18 0.018 52558.399537 20.1 0.021 52558.40037 19.929 0.026 52558.402037 19.638 0.065 29.328874 0.841248
52576.234255 21.404 0.136 52576.235921 20.186 0.02 52576.232588 20.166 0.026 52576.233421 19.898 0.03 52576.235088 19.662 0.088 29.328874 0.841248
52577.288712 21.352 0.124 52577.290378 20.195 0.019 52577.287045 20.133 0.024 52577.287878 19.944 0.031 52577.289545 19.83 0.095 29.328874 0.841248
52585.235788 21.331 0.12 52585.237454 20.205 0.018 52585.234121 20.149 0.026 52585.234954 19.918 0.037 52585.236621 19.599 0.108 29.328874 0.841248
52908.363244 21.269 0.104 52908.36491 20.146 0.018 52908.361577 20.074 0.022 52908.36241 19.866 0.028 52908.364077 19.624 0.078 29.328874 0.841248
52909.402424 21.206 0.112 52909.40409 20.131 0.018 52909.400757 20.041 0.021 52909.40159 19.866 0.028 52909.403257 19.653 0.075 29.328874 0.841248
52910.372668 21.359 0.131 52910.374334 20.1 0.019 52910.371001 20.029 0.022 52910.371834 19.889 0.028 52910.373501 19.667 0.084 29.328874 0.841248
52912.342684 21.29 0.13 52912.34435 20.131 0.021 52912.341017 20.024 0.022 52912.34185 19.833 0.029 52912.343517 19.545 0.08 29.328874 0.841248
52934.295149 21.253 0.137 52934.296815 20.093 0.02 52934.293482 20.01 0.025 52934.294315 19.833 0.035 52934.295982 19.701 0.106 29.328874 0.841248
52935.299836 21.161 0.124 52935.301502 20.096 0.019 52935.298169 19.981 0.027 52935.299002 19.876 0.036 52935.300669 19.682 0.112 29.328874 0.841248
52936.291075 21.135 0.084 52936.292741 20.086 0.017 52936.289408 19.965 0.022 52936.290241 19.8 0.029 52936.291908 19.578 0.068 29.328874 0.841248
52963.222912 21.206 0.096 52963.224578 20.071 0.017 52963.221245 19.97 0.021 52963.222078 19.836 0.025 52963.223745 -99.99 0.066 29.328874 0.841248
52971.213827 21.364 0.137 52971.215493 20.064 0.019 52971.21216 20.02 0.027 52971.212993 19.847 0.03 52971.21466 19.508 0.074 29.328874 0.841248
53270.355137 21.413 0.134 53270.356804 20.144 0.025 53270.35347 20.088 0.024 53270.354304 19.852 0.043 53270.35597 19.593 0.069 29.328874 0.841248
53272.405076 21.154 0.137 53272.406742 20.064 0.021 53272.403409 19.94 0.024 53272.404242 19.743 0.033 53272.405909 19.733 0.101 29.328874 0.841248
53286.373795 21.158 0.117 53286.375461 20.005 0.021 53286.372128 19.985 0.024 53286.372961 19.808 0.03 53286.374628 19.56 0.069 29.328874 0.841248
53288.332287 21.152 0.09 53288.333953 20.091 0.017 53288.33062 19.998 0.021 53288.331453 19.859 0.027 53288.33312 19.673 0.068 29.328874 0.841248
53294.379959 21.03 0.098 53294.381625 20.015 0.02 53294.378292 20.004 0.024 53294.379125 19.789 0.033 53294.380792 19.593 0.082 29.328874 0.841248
53296.326982 21.012 0.111 53296.328649 20.104 0.027 53296.325316 19.991 0.059 53296.326149 19.883 0.04 53296.327816 19.719 0.099 29.328874 0.841248
53298.376738 21.151 0.108 53298.378404 20.1 0.02 53298.375071 20.006 0.028 53298.375904 19.826 0.033 53298.377571 19.747 0.107 29.328874 0.841248
53302.327956 21.137 0.212 53302.329622 20.045 0.04 53302.326289 19.907 0.032 53302.327122 19.792 0.036 53302.328789 19.672 0.091 29.328874 0.841248
53312.283577 21.32 0.215 53312.285244 20.034 0.031 53312.281911 19.968 0.04 53312.282744 19.838 0.044 53312.284411 19.509 0.087 29.328874 0.841248
53314.284685 21.394 0.144 53314.286351 20.095 0.023 53314.283018 20.002 0.027 53314.283851 19.806 0.032 53314.285518 19.578 0.089 29.328874 0.841248
53319.272481 21.576 0.237 53319.274147 20.088 0.031 53319.270814 19.996 0.037 53319.271647 19.855 0.047 53319.273314 19.621 0.122 29.328874 0.841248
53351.145216 21.211 0.129 53351.146882 20.031 0.019 53351.143549 19.97 0.024 53351.144382 19.855 0.034 53351.146049 19.53 0.099 29.328874 0.841248
53616.389041 20.664 0.102 53616.390707 19.918 0.02 53616.387374 19.815 0.024 53616.388207 19.748 0.038 53616.389874 19.623 0.1 29.328874 0.841248
53622.402271 21.149 0.137 53622.403937 19.928 0.018 53622.400604 19.817 0.022 53622.401437 19.629 0.033 53622.403104 19.516 0.079 29.328874 0.841248
53626.365468 20.818 0.13 53626.367134 19.995 0.03 53626.363801 -99.99 0.044 53626.364634 19.755 0.038 53626.366301 -99.99 0.209 29.328874 0.841248
53628.350333 20.602 0.127 53628.351999 19.873 0.035 53628.348666 19.788 0.027 53628.349499 19.7 0.033 53628.351166 19.507 0.086 29.328874 0.841248
53634.351742 20.988 0.389 53634.353408 19.859 0.052 53634.350075 19.781 0.051 53634.350908 19.623 0.055 53634.352575 19.541 0.092 29.328874 0.841248
53637.351951 20.999 0.186 53637.353617 19.912 0.028 53637.350284 19.753 0.028 53637.351117 19.67 0.035 53637.352784 19.541 0.085 29.328874 0.841248
53638.393077 20.885 0.109 53638.394743 19.902 0.02 53638.39141 19.839 0.021 53638.392243 19.711 0.026 53638.39391 19.494 0.079 29.328874 0.841248
53639.397328 20.993 0.095 53639.398994 19.917 0.019 53639.395661 19.768 0.019 53639.396494 19.76 0.024 53639.398161 19.536 0.056 29.328874 0.841248
53640.357114 20.908 0.103 53640.35878 19.919 0.018 53640.355447 19.822 0.02 53640.35628 19.726 0.026 53640.357947 19.398 0.063 29.328874 0.841248
53646.41851 20.997 0.111 53646.420176 19.984 0.019 53646.416843 -99.99 0.032 53646.417676 19.734 0.044 53646.419343 19.585 0.096 29.328874 0.841248
53655.329286 20.874 0.105 53655.330952 19.874 0.017 53655.327619 19.811 0.022 53655.328452 19.75 0.032 53655.330119 19.5 0.091 29.328874 0.841248
53657.355377 20.665 0.198 53657.357043 19.923 0.051 53657.35371 19.793 0.044 53657.354543 19.813 0.056 53657.35621 19.453 0.095 29.328874 0.841248
53663.339925 20.621 0.15 53663.341591 19.822 0.033 53663.338258 19.747 0.028 53663.339091 19.571 0.029 53663.340758 19.345 0.062 29.328874 0.841248
53664.354242 21.033 0.339 53664.355908 19.798 0.047 53664.352575 19.763 0.054 53664.353408 19.639 0.079 53664.355075 19.452 0.143 29.328874 0.841248
53665.418865 20.515 0.153 53665.420531 19.874 0.03 53665.417198 19.758 0.031 53665.418031 19.701 0.035 53665.419698 19.518 0.097 29.328874 0.841248
53666.410015 20.775 0.153 53666.411681 19.978 0.028 53666.408348 19.83 0.026 53666.409181 19.685 0.029 53666.410848 19.463 0.066 29.328874 0.841248
53668.329526 21.028 0.143 53668.331192 19.853 0.023 53668.327859 19.793 0.025 53668.328692 19.698 0.034 53668.330359 19.504 0.085 29.328874 0.841248
53669.313486 20.994 0.109 53669.315152 19.89 0.018 53669.311819 19.843 0.02 53669.312652 19.725 0.029 53669.314319 19.497 0.073 29.328874 0.841248
53669.417147 20.87 0.158 53669.418813 19.843 0.025 53669.41548 19.793 0.027 53669.416313 19.726 0.032 53669.41798 19.466 0.079 29.328874 0.841248
53670.334378 -99.99 0.105 53670.336044 19.841 0.018 53670.332711 19.718 0.024 53670.333544 19.778 0.035 53670.335211 19.326 0.072 29.328874 0.841248
53671.398242 21.027 0.189 53671.399908 19.901 0.02 53671.396575 19.812 0.031 53671.397408 19.768 0.039 53671.399075 19.494 0.086 29.328874 0.841248
53673.302364 20.828 0.078 53673.30403 19.883 0.016 53673.300697 19.759 0.018 53673.30153 19.707 0.024 53673.303197 19.444 0.054 29.328874 0.841248
53674.297724 21.202 0.189 53674.29939 19.855 0.021 53674.296057 19.802 0.026 53674.29689 19.641 0.035 53674.298557 19.424 0.098 29.328874 0.841248
53675.299252 21.105 0.095 53675.300918 19.916 0.016 53675.297585 19.818 0.021 53675.298418 19.645 0.027 53675.300085 19.608 0.075 29.328874 0.841248
53676.387185 20.936 0.114 53676.388851 19.875 0.018 53676.385518 19.799 0.021 53676.386351 19.723 0.026 53676.388018 19.427 0.061 29.328874 0.841248
53677.320282 20.955 0.084 53677.321948 19.9 0.017 53677.318615 19.798 0.018 53677.319448 19.693 0.024 53677.321115 19.52 0.053 29.328874 0.841248
53679.359084 20.993 0.197 53679.36075 19.94 0.024 53679.357417 19.842 0.03 53679.35825 19.753 0.04 53679.359917 19.456 0.127 29.328874 0.841248
53680.306949 21.012 0.093 53680.308615 19.899 0.016 53680.305282 19.819 0.02 53680.306115 19.686 0.025 53680.307782 19.401 0.054 29.328874 0.841248
53681.350597 21.011 0.111 53681.352263 19.897 0.016 53681.34893 19.856 0.021 53681.349763 19.758 0.026 53681.35143 19.491 0.064 29.328874 0.841248
53684.312092 20.822 0.119 53684.313758 19.895 0.028 53684.310425 19.803 0.026 53684.311258 19.682 0.034 53684.312925 19.543 0.093 29.328874 0.841248
53686.306381 20.799 0.256 53686.308047 19.944 0.053 53686.304714 19.861 0.053 53686.305547 19.691 0.053 53686.307214 19.506 0.091 29.328874 0.841248
53693.308842 20.643 0.224 53693.310508 19.844 0.042 53693.307175 19.741 0.035 53693.308008 19.699 0.04 53693.309675 19.407 0.084 29.328874 0.841248
53694.323536 20.926 0.406 53694.325202 19.948 0.055 53694.321869 19.936 0.06 53694.322702 -99.99 0.056 53694.324369 -99.99 0.141 29.328874 0.841248
53697.307623 20.734 0.107 53697.309289 19.883 0.022 53697.305956 19.849 0.024 53697.306789 19.66 0.027 53697.308456 19.56 0.076 29.328874 0.841248
53698.306231 20.892 0.161 53698.307897 19.931 0.023 53698.304564 19.843 0.025 53698.305397 -99.99 0.049 53698.307064 19.659 0.159 29.328874 0.841248
53700.306579 20.838 0.139 53700.308245 19.913 0.02 53700.304912 19.848 0.027 53700.305745 19.752 0.039 53700.307412 19.516 0.107 29.328874 0.841248
53704.292164 20.877 0.106 53704.29383 19.929 0.018 53704.290497 19.822 0.023 53704.29133 19.751 0.029 53704.292997 19.423 0.076 29.328874 0.841248
53705.293249 20.976 0.143 53705.294915 19.917 0.02 53705.291582 19.828 0.022 53705.292415 19.771 0.034 53705.294082 19.595 0.096 29.328874 0.841248
53975.378251 21.071 0.109 53975.379917 19.912 0.022 53975.376584 19.855 0.022 53975.377417 19.752 0.027 53975.379084 19.46 0.074 29.328874 0.841248
53989.388288 20.896 0.2 53989.389954 19.855 0.038 53989.386621 19.842 0.034 53989.387454 19.678 0.037 53989.389121 19.375 0.061 29.328874 0.841248
53993.390388 20.521 0.163 53993.392054 19.948 0.029 53993.388721 -99.99 0.027 53993.389554 -99.99 0.043 53993.391221 19.577 0.071 29.328874 0.841248
53994.401248 21.19 0.111 53994.402915 19.942 0.018 53994.399582 19.838 0.023 53994.400415 19.757 0.027 53994.402082 19.603 0.069 29.328874 0.841248
53995.426944 20.915 0.08 53995.42861 19.952 0.022 53995.425277 19.832 0.021 53995.42611 19.767 0.024 53995.427777 19.584 0.06 29.328874 0.841248
53996.385043 20.881 0.1 53996.38671 19.921 0.022 53996.383376 19.892 0.025 53996.38421 19.796 0.032 53996.385876 19.468 0.069 29.328874 0.841248
54000.363632 20.971 0.105 54000.365298 20.017 0.021 54000.361965 19.843 0.024 54000.362798 19.733 0.037 54000.364465 19.642 0.085 29.328874 0.841248
54005.398166 20.954 0.078 54005.399833 19.921 0.019 54005.3965 19.898 0.018 54005.397333 19.775 0.025 54005.399 19.439 0.054 29.328874 0.841248
54007.413786 21.062 0.099 54007.415452 20.028 0.022 54007.412119 19.761 0.029 54007.412952 19.706 0.036 54007.414619 19.512 0.066 29.328874 0.841248
54009.337564 20.987 0.076 54009.33923 19.932 0.023 54009.335897 19.812 0.024 54009.33673 19.792 0.026 54009.338397 19.455 0.052 29.328874 0.841248
54010.339093 21.091 0.078 54010.340759 19.904 0.017 54010.337426 19.876 0.019 54010.338259 19.763 0.023 54010.339926 -99.99 0.05 29.328874 0.841248
54011.40206 -99.99 0.074 54011.403727 19.949 0.016 54011.400394 19.827 0.018 54011.401227 19.697 0.024 54011.402894 19.495 0.047 29.328874 0.841248
54012.331968 21.28 0.231 54012.333634 19.959 0.033 54012.330301 19.892 0.036 54012.331134 19.739 0.04 54012.332801 -99.99 0.08 29.328874 0.841248
54020.337929 21.398 0.252 54020.339595 19.912 0.035 54020.336262 19.861 0.027 54020.337095 19.812 0.037 54020.338762 19.474 0.085 29.328874 0.841248
54024.419538 20.742 0.126 54024.421205 19.903 0.026 54024.417871 19.864 0.027 54024.418705 19.758 0.036 54024.420371 19.528 0.085 29.328874 0.841248
54025.401066 21.074 0.111 54025.402733 19.869 0.023 54025.399399 19.804 0.021 54025.400233 19.712 0.028 54025.401899 19.598 0.073 29.328874 0.841248
54028.407818 20.899 0.113 54028.409485 19.954 0.021 54028.406151 19.892 0.027 54028.406985 19.763 0.034 54028.408651 19.571 0.079 29.328874 0.841248
54029.331412 20.988 0.08 54029.333079 19.93 0.024 54029.329745 19.776 0.021 54029.330579 19.676 0.026 54029.332245 19.552 0.071 29.328874 0.841248
54030.33148 21.012 0.082 54030.333146 19.959 0.018 54030.329813 19.859 0.021 54030.330646 19.757 0.027 54030.332313 19.48 0.063 29.328874 0.841248
54035.407285 20.881 0.155 54035.408952 19.919 0.023 54035.405618 19.887 0.041 54035.406452 19.684 0.04 54035.408118 19.508 0.099 29.328874 0.841248
54037.312715 21.084 0.084 54037.314382 19.924 0.018 54037.311049 19.832 0.02 54037.311882 19.723 0.023 54037.313549 19.454 0.05 29.328874 0.841248
54040.3272 21.019 0.159 54040.328867 19.96 0.029 54040.325533 19.843 0.029 54040.326367 19.66 0.033 54040.328033 19.634 0.087 29.328874 0.841248
54049.353727 21.484 0.363 54049.355394 19.944 0.036 54049.352061 19.848 0.035 54049.352894 19.742 0.037 54049.354561 19.393 0.08 29.328874 0.841248
54053.317998 21.051 0.11 54053.319665 19.907 0.018 54053.316331 19.745 0.022 54053.317165 19.634 0.03 54053.318831 19.562 0.082 29.328874 0.841248
54053.333318 20.872 0.091 54053.334984 19.899 0.02 54053.331651 19.805 0.023 54053.332484 -99.99 0.028 54053.334151 -99.99 0.072 29.328874 0.841248
54056.319688 20.755 0.099 54056.321355 19.903 0.029 54056.318021 19.875 0.031 54056.318855 19.729 0.028 54056.320521 19.444 0.087 29.328874 0.841248
54059.313944 21.076 0.15 54059.315611 19.844 0.038 54059.312278 19.851 0.022 54059.313111 19.765 0.037 54059.314778 19.512 0.084 29.328874 0.841248
54061.325039 21.496 0.302 54061.326706 19.891 0.031 54061.323373 19.772 0.028 54061.324206 19.715 0.041 54061.325873 19.65 0.13 29.328874 0.841248
54062.318838 20.943 0.101 54062.320505 19.957 0.026 54062.317172 19.838 0.022 54062.318005 19.728 0.027 54062.319672 19.522 0.07 29.328874 0.841248
54064.315321 20.888 0.108 54064.316988 19.879 0.022 54064.313655 19.788 0.024 54064.314488 19.726 0.027 54064.316155 19.584 0.069 29.328874 0.841248
54068.299484 20.825 0.162 54068.301151 19.917 0.045 54068.297817 19.786 0.039 54068.298651 19.679 0.041 54068.300317 19.258 0.078 29.328874 0.841248
54346.39482 21.493 0.298 54346.396487 19.879 0.031 54346.393154 19.817 0.031 54346.393987 19.652 0.032 54346.395654 19.5 0.069 29.328874 0.841248
54348.39882 21.087 0.128 54348.400487 19.844 0.022 54348.397154 19.807 0.024 54348.397987 19.708 0.029 54348.399654 19.486 0.065 29.328874 0.841248
54357.357168 20.939 0.08 54357.358835 19.93 0.019 54357.355501 19.841 0.017 54357.356335 19.7 0.025 54357.358001 19.427 0.054 29.328874 0.841248
54358.354639 20.921 0.117 54358.356305 19.951 0.023 54358.352972 19.84 0.029 54358.353805 19.808 0.036 54358.355472 19.36 0.079 29.328874 0.841248
54359.388864 21.306 0.162 54359.39053 19.931 0.022 54359.387197 19.816 0.025 54359.38803 19.727 0.031 54359.389697 19.429 0.089 29.328874 0.841248
54362.406939 20.83 0.081 54362.408606 19.898 0.024 54362.405273 19.85 0.021 54362.406106 19.769 0.027 54362.407773 19.463 0.061 29.328874 0.841248
54365.387706 20.951 0.068 54365.389373 19.893 0.021 54365.38604 19.812 0.032 54365.386873 19.691 0.034 54365.38854 19.431 0.053 29.328874 0.841248
54376.402023 20.802 0.091 54376.40369 19.883 0.021 54376.400357 19.783 0.022 54376.40119 19.679 0.027 54376.402857 19.42 0.059 29.328874 0.841248
54381.407255 20.931 0.097 54381.408922 19.882 0.023 54381.405588 19.821 0.027 54381.406422 19.651 0.031 54381.408088 19.456 0.059 29.328874 0.841248
54382.387267 21.052 0.145 54382.388934 19.926 0.022 54382.3856 19.836 0.03 54382.386434 19.731 0.042 54382.3881 19.581 0.099 29.328874 0.841248
54384.413897 21.342 0.111 54384.415563 19.878 0.018 54384.41223 19.775 0.024 54384.413063 19.618 0.025 54384.41473 19.408 0.051 29.328874 0.841248
54385.404964 20.88 0.083 54385.406631 19.85 0.024 54385.403297 19.79 0.02 54385.404131 19.666 0.023 54385.405797 19.714 0.064 29.328874 0.841248
54386.399567 21.035 0.095 54386.401234 19.835 0.017 54386.397901 19.781 0.022 54386.398734 19.723 0.028 54386.400401 19.501 0.059 29.328874 0.841248
54387.405477 21.22 0.253 54387.407144 19.974 0.045 54387.403811 19.873 0.034 54387.404644 19.787 0.056 54387.406311 19.479 0.147 29.328874 0.841248
54388.40388 20.98 0.092 54388.405547 20.042 0.023 54388.402214 19.797 0.019 54388.403047 19.756 0.026 54388.404714 19.539 0.053 29.328874 0.841248
54390.39786 -99.99 0.183 54390.399526 -99.99 0.087 54390.396193 -99.99 1.059 54390.397026 -99.99 0.073 54390.398693 -99.99 0.341 29.328874 0.841248
54391.406357 20.971 0.241 54391.408023 19.936 0.032 54391.40469 19.924 0.043 54391.405523 19.611 0.053 54391.40719 19.622 0.218 29.328874 0.841248
54392.401455 20.882 0.106 54392.403122 19.951 0.035 54392.399788 19.762 0.033 54392.400622 -99.99 0.032 54392.402288 19.485 0.075 29.328874 0.841248
54402.398765 20.973 0.3 54402.400431 19.921 0.043 54402.397098 19.829 0.043 54402.397931 19.754 0.039 54402.399598 19.365 0.074 29.328874 0.841248
54403.317723 20.91 0.291 54403.319389 19.999 0.12 54403.316056 19.82 0.042 54403.316889 19.636 0.051 54403.318556 19.26 0.146 29.328874 0.841248
54404.375166 21.295 0.243 54404.376832 19.909 0.038 54404.373499 19.841 0.029 54404.374332 19.708 0.033 54404.375999 19.268 0.071 29.328874 0.841248
54405.373157 20.938 0.146 54405.374823 19.893 0.028 54405.37149 19.808 0.026 54405.372323 19.731 0.029 54405.37399 19.5 0.068 29.328874 0.841248
54406.31145 21.089 0.096 54406.313117 19.901 0.018 54406.309784 19.802 0.021 54406.310617 19.672 0.025 54406.312284 19.492 0.053 29.328874 0.841248
54412.337216 20.859 0.092 54412.338883 19.91 0.029 54412.335549 19.754 0.022 54412.336383 19.649 0.028 54412.338049 19.507 0.073 29.328874 0.841248
