51075.382385 17.392 0.009 51075.384051 17.29 0.004 51075.380718 17.008 0.004 51075.381551 16.706 0.005 51075.383218 16.755 0.012 29.791899 1.08737
52557.389959 17.292 0.01 52557.391625 17.203 0.005 52557.388292 16.978 0.005 52557.389125 16.713 0.005 52557.390792 16.749 0.011 29.791899 1.08737
52908.364527 17.238 0.01 52908.366193 17.141 0.004 52908.36286 16.936 0.004 52908.363693 16.651 0.005 52908.36536 16.698 0.01 29.791899 1.08737
52912.343966 17.245 0.01 52912.345632 17.123 0.004 52912.342299 16.928 0.004 52912.343132 16.651 0.005 52912.344799 16.685 0.01 29.791899 1.08737
52934.296431 17.214 0.01 52934.298097 17.156 0.004 52934.294764 16.913 0.004 52934.295597 16.657 0.005 52934.297264 16.704 0.011 29.791899 1.08737
52936.292358 17.266 0.009 52936.294024 17.171 0.005 52936.290691 16.955 0.005 52936.291524 16.662 0.005 52936.293191 -99.99 0.01 29.791899 1.08737
53270.356415 17.501 0.023 53270.358082 17.448 0.024 53270.354748 -99.99 0.014 53270.355582 16.895 0.013 53270.357248 16.892 0.016 29.791899 1.08737
53294.381242 17.527 0.011 53294.382908 17.372 0.005 53294.379575 17.094 0.005 53294.380408 16.761 0.005 53294.382075 16.817 0.01 29.791899 1.08737
53296.328264 17.57 0.045 53296.329931 17.457 0.015 53296.326598 17.215 0.015 53296.327431 16.894 0.013 53296.329098 16.902 0.03 29.791899 1.08737
53312.284856 17.524 0.012 53312.286523 17.405 0.012 53312.28319 17.21 0.013 53312.284023 16.896 0.017 53312.28569 16.908 0.021 29.791899 1.08737
53314.285968 17.369 0.011 53314.287634 17.306 0.005 53314.284301 17.038 0.005 53314.285134 16.732 0.005 53314.286801 16.776 0.011 29.791899 1.08737
53319.273763 17.334 0.011 53319.275429 17.239 0.005 53319.272096 17.004 0.005 53319.272929 16.724 0.005 53319.274596 16.784 0.014 29.791899 1.08737
53616.390325 17.476 0.012 53616.391991 17.334 0.005 53616.388658 17.038 0.005 53616.389491 16.739 0.005 53616.391158 16.77 0.012 29.791899 1.08737
53626.366752 -99.99 0.013 53626.368418 -99.99 0.005 53626.365085 17.039 0.005 53626.365918 -99.99 0.008 53626.367585 -99.99 0.013 29.791899 1.08737
53628.351616 17.435 0.013 53628.353282 17.318 0.006 53628.349949 17.058 0.005 53628.350782 16.757 0.005 53628.352449 16.783 0.012 29.791899 1.08737
53637.353234 17.417 0.013 53637.3549 17.3 0.005 53637.351567 17.045 0.005 53637.3524 16.741 0.005 53637.354067 16.761 0.012 29.791899 1.08737
53657.356662 17.47 0.015 53657.358328 17.288 0.006 53657.354995 17.058 0.006 53657.355828 16.738 0.005 53657.357495 16.765 0.013 29.791899 1.08737
53668.33081 17.427 0.012 53668.332476 17.265 0.005 53668.329143 17.037 0.005 53668.329976 16.726 0.005 53668.331643 16.755 0.011 29.791899 1.08737
53675.300536 17.38 0.01 53675.302202 17.292 0.005 53675.298869 17.024 0.005 53675.299702 16.734 0.005 53675.301369 16.785 0.011 29.791899 1.08737
53686.307666 17.374 0.016 53686.309332 17.236 0.007 53686.305999 17.029 0.006 53686.306832 16.753 0.005 53686.308499 -99.99 0.012 29.791899 1.08737
53693.310125 17.332 0.016 53693.311791 17.219 0.006 53693.308458 16.977 0.005 53693.309291 16.695 0.005 53693.310958 16.699 0.011 29.791899 1.08737
53698.307513 17.364 0.014 53698.309179 17.281 0.005 53698.305846 17.02 0.006 53698.306679 16.725 0.007 53698.308346 16.8 0.011 29.791899 1.08737
53704.293446 -99.99 0.011 53704.295112 17.25 0.004 53704.291779 16.994 0.004 53704.292612 16.707 0.005 53704.294279 16.726 0.011 29.791899 1.08737
53989.389499 17.312 0.012 53989.391165 17.263 0.019 53989.387832 17.082 0.016 53989.388665 16.808 0.017 53989.390332 16.83 0.021 29.791899 1.08737
53995.428226 17.35 0.018 53995.429892 17.278 0.018 53995.426559 17.1 0.015 53995.427392 16.756 0.014 53995.429059 16.885 0.018 29.791899 1.08737
54000.364955 17.379 0.012 54000.366622 17.225 0.035 54000.363289 17.059 0.014 54000.364122 16.767 0.015 54000.365789 16.814 0.021 29.791899 1.08737
54007.415062 17.366 0.026 54007.416729 17.244 0.027 54007.413396 17.056 0.017 54007.414229 16.786 0.011 54007.415896 16.858 0.024 29.791899 1.08737
54009.338872 17.319 0.022 54009.340539 17.255 0.028 54009.337206 17.096 0.014 54009.338039 16.802 0.013 54009.339706 16.849 0.016 29.791899 1.08737
54025.402342 17.332 0.012 54025.404009 17.237 0.017 54025.400676 17.055 0.013 54025.401509 16.77 0.012 54025.403176 16.879 0.017 29.791899 1.08737
54029.332696 17.336 0.023 54029.334362 17.259 0.026 54029.331029 17.086 0.014 54029.331862 16.801 0.013 54029.333529 16.869 0.018 29.791899 1.08737
54346.396103 17.403 0.014 54346.397769 17.332 0.013 54346.394436 17.129 0.016 54346.395269 16.824 0.011 54346.396936 16.9 0.016 29.791899 1.08737
54358.35593 17.342 0.057 54358.357597 17.313 0.019 54358.354263 17.092 0.025 54358.355097 16.812 0.02 54358.356763 16.928 0.018 29.791899 1.08737
54392.402692 17.334 0.013 54392.404358 17.296 0.022 54392.401025 17.155 0.018 54392.401858 16.81 0.018 54392.403525 16.91 0.028 29.791899 1.08737
54405.374451 17.361 0.022 54405.376118 17.348 0.021 54405.372784 17.151 0.014 54405.373618 16.863 0.014 54405.375284 17.005 0.017 29.791899 1.08737
