51075.379077 20.27 0.046 51075.380743 20.073 0.02 51075.37741 19.773 0.019 51075.378243 19.782 0.031 51075.37991 20.122 0.157 28.59925 -1.002865
51818.348762 20.195 0.047 51818.350428 20.097 0.022 51818.347095 19.788 0.02 51818.347928 19.817 0.029 51818.349595 19.896 0.1 28.59925 -1.002865
52170.399721 20.291 0.048 52170.401387 20.188 0.022 52170.398054 19.857 0.021 52170.398887 19.81 0.028 52170.400554 19.989 0.102 28.59925 -1.002865
52173.313093 20.304 0.067 52173.314759 20.146 0.026 52173.311426 19.857 0.024 52173.312259 19.862 0.04 52173.313926 20.083 0.162 28.59925 -1.002865
52196.398267 20.292 0.057 52196.399933 20.169 0.022 52196.3966 19.845 0.022 52196.397433 19.842 0.034 52196.3991 20.121 0.141 28.59925 -1.002865
52207.365117 20.113 0.047 52207.366783 20.107 0.02 52207.36345 19.837 0.019 52207.364283 19.848 0.027 52207.36595 19.748 0.093 28.59925 -1.002865
52224.293285 20.169 0.046 52224.294951 20.187 0.021 52224.291618 19.8 0.018 52224.292451 19.801 0.026 52224.294118 19.788 0.082 28.59925 -1.002865
52231.278658 20.222 0.051 52231.280324 20.134 0.02 52231.276991 19.802 0.018 52231.277824 19.835 0.027 52231.279491 19.91 0.093 28.59925 -1.002865
52234.249749 20.174 0.046 52234.251415 -99.99 0.022 52234.248082 19.831 0.018 52234.248915 19.85 0.024 52234.250582 19.816 0.075 28.59925 -1.002865
52261.213104 20.363 0.064 52261.21477 20.175 0.023 52261.211437 19.816 0.021 52261.21227 19.843 0.03 52261.213937 20.014 0.106 28.59925 -1.002865
52282.139733 20.469 0.064 52282.141399 20.252 0.028 52282.138066 19.908 0.026 52282.138899 19.908 0.036 52282.140566 19.996 0.127 28.59925 -1.002865
52287.093595 20.442 0.056 52287.095261 -99.99 0.024 52287.091928 19.877 0.022 52287.092761 19.873 0.031 52287.094428 19.907 0.098 28.59925 -1.002865
52552.412298 20.088 0.048 52552.413964 19.946 0.02 52552.410631 19.674 0.019 52552.411464 19.664 0.027 52552.413131 19.668 0.09 28.59925 -1.002865
52557.386657 19.943 0.041 52557.388323 19.936 0.018 52557.38499 19.634 0.017 52557.385823 19.663 0.026 52557.38749 19.736 0.096 28.59925 -1.002865
52908.361223 20.186 0.049 52908.362889 20.139 0.021 52908.359556 19.825 0.02 52908.360389 19.766 0.026 52908.362056 19.699 0.081 28.59925 -1.002865
52912.340661 20.32 0.058 52912.342327 20.168 0.023 52912.338994 19.781 0.02 52912.339827 19.811 0.029 52912.341494 19.679 0.083 28.59925 -1.002865
52934.293126 20.322 0.06 52934.294792 20.159 0.024 52934.291459 19.837 0.023 52934.292292 19.8 0.032 52934.293959 19.939 0.134 28.59925 -1.002865
52936.289052 20.343 0.047 52936.290718 20.171 0.02 52936.287385 19.821 0.019 52936.288218 19.841 0.026 52936.289885 19.756 0.081 28.59925 -1.002865
53270.353171 -99.99 0.066 53270.354838 -99.99 0.041 53270.351504 19.977 0.03 53270.352338 19.871 0.094 53270.354004 20.02 0.115 28.59925 -1.002865
53272.403055 20.513 0.081 53272.404721 20.339 0.03 53272.401388 19.962 0.025 53272.402221 20.005 0.038 53272.403888 20.079 0.131 28.59925 -1.002865
53286.371772 20.467 0.074 53286.373438 20.456 0.031 53286.370105 20.026 0.024 53286.370938 19.964 0.031 53286.372605 20.121 0.118 28.59925 -1.002865
53288.330263 20.618 0.065 53288.331929 20.465 0.024 53288.328596 19.968 0.02 53288.329429 20.015 0.029 53288.331096 20.112 0.109 28.59925 -1.002865
53294.377938 20.72 0.08 53294.379604 20.431 0.03 53294.376271 20.013 0.025 53294.377104 20.007 0.036 53294.378771 20.123 0.116 28.59925 -1.002865
53296.324983 20.794 0.102 53296.326649 20.442 0.042 53296.323316 -99.99 0.045 53296.324149 20.019 0.052 53296.325816 20.143 0.166 28.59925 -1.002865
53298.374717 20.589 0.071 53298.376383 20.393 0.026 53298.37305 19.997 0.027 53298.373883 20.041 0.038 53298.37555 20.1 0.14 28.59925 -1.002865
53302.325933 20.668 0.124 53302.327599 20.478 0.056 53302.324266 20.05 0.036 53302.325099 20.032 0.041 53302.326766 19.994 0.111 28.59925 -1.002865
53312.281484 20.541 0.104 53312.283151 20.371 0.044 53312.279818 19.98 0.03 53312.280651 20.048 0.045 53312.282318 20.043 0.157 28.59925 -1.002865
53314.282663 20.685 0.078 53314.284329 20.405 0.032 53314.280996 20.026 0.025 53314.281829 20.067 0.037 53314.283496 19.975 0.12 28.59925 -1.002865
53319.270459 20.506 0.094 53319.272125 20.46 0.045 53319.268792 20.075 0.033 53319.269625 20.067 0.053 53319.271292 20.004 0.159 28.59925 -1.002865
53616.387019 20.639 0.093 53616.388685 20.289 0.032 53616.385352 19.93 0.029 53616.386185 20.006 0.043 53616.387852 19.919 0.138 28.59925 -1.002865
53626.363446 -99.99 0.215 53626.365112 -99.99 0.041 53626.361779 -99.99 0.052 53626.362612 -99.99 0.062 53626.364279 -99.99 0.155 28.59925 -1.002865
53628.348311 20.399 0.102 53628.349977 20.274 0.047 53628.346644 19.948 0.034 53628.347477 19.937 0.042 53628.349144 19.81 0.105 28.59925 -1.002865
53637.349928 20.565 0.127 53637.351594 20.344 0.049 53637.348261 19.867 0.031 53637.349094 19.989 0.068 53637.350761 20.192 0.186 28.59925 -1.002865
53639.395305 20.423 0.065 53639.396971 20.256 0.025 53639.393638 19.896 0.019 53639.394471 19.886 0.026 53639.396138 19.865 0.08 28.59925 -1.002865
53641.394472 20.4 0.06 53641.396138 20.288 0.025 53641.392805 19.915 0.02 53641.393638 19.908 0.027 53641.395305 19.925 0.091 28.59925 -1.002865
53657.353356 20.651 0.221 53657.355022 20.216 0.072 53657.351689 20 0.059 53657.352522 19.966 0.066 53657.354189 19.7 0.149 28.59925 -1.002865
53663.337903 20.587 0.138 53663.339569 20.226 0.046 53663.336236 19.926 0.03 53663.337069 19.882 0.033 53663.338736 19.99 0.112 28.59925 -1.002865
53666.407995 20.418 0.121 53666.409661 20.251 0.038 53666.406328 19.929 0.028 53666.407161 19.894 0.032 53666.408828 19.81 0.096 28.59925 -1.002865
53668.327505 20.398 0.085 53668.329171 20.271 0.034 53668.325838 19.883 0.027 53668.326671 19.908 0.037 53668.328338 19.913 0.128 28.59925 -1.002865
53669.415128 20.538 0.133 53669.416794 20.294 0.039 53669.413461 19.873 0.028 53669.414294 19.917 0.038 53669.415961 20.014 0.135 28.59925 -1.002865
53670.332357 20.278 0.064 53670.334023 20.236 0.033 53670.33069 19.917 0.03 53670.331523 19.884 0.037 53670.33319 19.907 0.143 28.59925 -1.002865
53673.300342 20.335 0.055 53673.302008 20.272 0.022 53673.298675 19.927 0.02 53673.299508 19.875 0.025 53673.301175 19.831 0.082 28.59925 -1.002865
53675.297231 20.436 0.059 53675.298897 20.279 0.023 53675.295564 19.927 0.022 53675.296397 19.914 0.031 53675.298064 19.878 0.102 28.59925 -1.002865
53677.318261 20.463 0.06 53677.319927 20.294 0.023 53677.316594 19.88 0.019 53677.317427 19.869 0.026 53677.319094 19.91 0.081 28.59925 -1.002865
53680.304928 20.476 0.058 53680.306594 20.301 0.024 53680.303261 19.88 0.02 53680.304094 19.967 0.028 53680.305761 19.874 0.087 28.59925 -1.002865
53686.304361 20.209 0.175 53686.306027 -99.99 0.074 53686.302694 -99.99 0.058 53686.303527 19.892 0.061 53686.305194 20.017 0.174 28.59925 -1.002865
53693.306822 20.499 0.196 53693.308488 20.198 0.061 53693.305155 19.882 0.034 53693.305988 19.851 0.04 53693.307655 19.837 0.119 28.59925 -1.002865
53698.304211 20.367 0.068 53698.305877 20.23 0.039 53698.302544 19.88 0.023 53698.303377 19.859 0.029 53698.305044 19.659 0.134 28.59925 -1.002865
53704.290143 20.243 0.068 53704.291809 20.244 0.027 53704.288476 19.886 0.025 53704.289309 19.797 0.032 53704.290976 19.855 0.107 28.59925 -1.002865
53989.386263 20.219 0.104 53989.38793 20.02 0.047 53989.384596 19.701 0.032 53989.38543 19.758 0.038 53989.387096 19.697 0.088 28.59925 -1.002865
53995.424992 20.109 0.039 53995.426659 19.999 0.041 53995.423325 19.735 0.02 53995.424159 19.689 0.025 53995.425825 19.88 0.067 28.59925 -1.002865
54000.361615 20.158 0.047 54000.363281 20.088 0.024 54000.359948 19.716 0.023 54000.360781 19.76 0.03 54000.362448 19.961 0.107 28.59925 -1.002865
54007.411755 20.046 0.049 54007.413422 20.037 0.024 54007.410088 19.691 0.023 54007.410922 19.81 0.042 54007.412588 19.712 0.092 28.59925 -1.002865
54009.335543 20.221 0.046 54009.337209 20.042 0.033 54009.333876 19.709 0.022 54009.334709 19.736 0.027 54009.336376 19.812 0.073 28.59925 -1.002865
54011.400063 20.129 0.04 54011.40173 20.081 0.03 54011.398396 19.746 0.03 54011.39923 19.748 0.024 54011.400896 19.697 0.059 28.59925 -1.002865
54025.39907 20.131 0.054 54025.400737 20.106 0.036 54025.397404 19.736 0.022 54025.398237 19.697 0.031 54025.399904 19.553 0.077 28.59925 -1.002865
54029.329418 20.129 0.042 54029.331084 20.092 0.029 54029.327751 19.748 0.027 54029.328584 19.744 0.029 54029.330251 19.936 0.103 28.59925 -1.002865
54346.392818 20.467 0.125 54346.394484 20.363 0.051 54346.391151 19.959 0.036 54346.391984 19.996 0.046 54346.393651 20.177 0.125 28.59925 -1.002865
54348.396768 20.515 0.066 54348.398434 20.412 0.035 54348.395101 20.02 0.026 54348.395934 20.007 0.032 54348.397601 19.921 0.097 28.59925 -1.002865
54358.352596 20.709 0.088 54358.354263 20.343 0.034 54358.350929 19.995 0.032 54358.351763 19.988 0.038 54358.353429 19.895 0.123 28.59925 -1.002865
54365.385688 20.469 0.057 54365.387354 20.372 0.03 54365.384021 20.02 0.022 54365.384854 20.034 0.035 54365.386521 19.947 0.091 28.59925 -1.002865
54381.405236 20.649 0.075 54381.406903 20.451 0.036 54381.40357 20.006 0.037 54381.404403 20.01 0.043 54381.40607 19.793 0.087 28.59925 -1.002865
54384.411883 -99.99 0.066 54384.41355 20.45 0.035 54384.410217 19.977 0.028 54384.41105 19.973 0.033 54384.412717 19.902 0.096 28.59925 -1.002865
54386.397574 20.409 0.068 54386.399241 20.443 0.037 54386.395907 19.954 0.029 54386.396741 20.103 0.036 54386.398407 19.966 0.105 28.59925 -1.002865
54388.401814 20.482 0.065 54388.403481 20.41 0.034 54388.400148 19.951 0.024 54388.400981 20.061 0.03 54388.402648 19.79 0.078 28.59925 -1.002865
54392.39946 20.41 0.09 54392.401127 20.404 0.035 54392.397794 20.001 0.038 54392.398627 19.989 0.045 54392.400294 19.889 0.102 28.59925 -1.002865
54403.31563 20.557 0.146 54403.317297 20.31 0.078 54403.313964 20.039 0.064 54403.314797 20.095 0.116 54403.316464 20.429 0.282 28.59925 -1.002865
54404.373159 20.613 0.136 54404.374826 20.355 0.058 54404.371492 19.961 0.031 54404.372326 20.042 0.044 54404.373992 20.093 0.144 28.59925 -1.002865
54405.371118 20.555 0.1 54405.372784 20.452 0.04 54405.369451 20.044 0.039 54405.370284 19.95 0.032 54405.371951 20.032 0.119 28.59925 -1.002865
54406.309455 20.539 0.058 54406.311122 20.387 0.033 54406.307788 19.991 0.027 54406.308622 19.992 0.028 54406.310288 20.087 0.085 28.59925 -1.002865
54412.335211 20.504 0.075 54412.336877 20.377 0.029 54412.333544 20.069 0.029 54412.334377 19.972 0.036 54412.336044 20.167 0.133 28.59925 -1.002865
