51075.374796 20.241 0.045 51075.376462 19.856 0.018 51075.373129 19.766 0.021 51075.373962 19.623 0.028 51075.375629 19.376 0.083 27.053622 -1.038233
51081.358502 20.457 0.057 51081.360168 19.923 0.02 51081.356835 19.697 0.02 51081.357668 19.602 0.025 51081.359335 19.596 0.077 27.053622 -1.038233
51818.344431 20.863 0.081 51818.346097 20.393 0.028 51818.342764 20.069 0.023 51818.343597 19.833 0.03 51818.345264 19.627 0.09 27.053622 -1.038233
52170.395449 20.226 0.046 52170.397115 19.925 0.019 52170.393782 19.706 0.017 52170.394615 19.637 0.024 52170.396282 19.488 0.069 27.053622 -1.038233
52196.394017 20.191 0.051 52196.395683 19.825 0.019 52196.39235 19.627 0.018 52196.393183 19.565 0.025 52196.39485 19.321 0.073 27.053622 -1.038233
52207.360805 20.094 0.048 52207.362471 19.814 0.017 52207.359138 19.598 0.018 52207.359971 19.535 0.023 52207.361638 19.457 0.07 27.053622 -1.038233
52224.288973 20.029 0.061 52224.290639 19.746 0.016 52224.287306 19.541 0.016 52224.288139 19.52 0.02 52224.289806 19.288 0.056 27.053622 -1.038233
52231.274377 19.946 0.039 52231.276043 19.731 0.015 52231.27271 19.55 0.017 52231.273543 19.485 0.022 52231.27521 19.351 0.058 27.053622 -1.038233
52234.245467 19.986 0.041 52234.247133 19.67 0.016 52234.2438 19.485 0.015 52234.244633 19.489 0.02 52234.2463 19.411 0.056 27.053622 -1.038233
52261.208823 20.152 0.05 52261.210489 19.786 0.018 52261.207156 19.581 0.017 52261.207989 19.569 0.023 52261.209656 19.268 0.057 27.053622 -1.038233
52282.135451 20.25 0.054 52282.137117 19.805 0.019 52282.133784 19.593 0.019 52282.134617 19.625 0.03 52282.136284 19.665 0.103 27.053622 -1.038233
52287.089315 20.143 0.045 52287.090981 19.8 0.018 52287.087648 19.596 0.019 52287.088481 19.564 0.023 52287.090148 19.369 0.064 27.053622 -1.038233
52552.408017 20.308 0.055 52552.409683 19.846 0.018 52552.40635 19.63 0.017 52552.407183 19.593 0.024 52552.40885 19.463 0.071 27.053622 -1.038233
52557.382376 20.275 0.055 52557.384042 19.886 0.018 52557.380709 19.638 0.018 52557.381542 19.619 0.025 52557.383209 19.432 0.078 27.053622 -1.038233
52908.356941 20.196 0.049 52908.358607 19.833 0.018 52908.355274 19.625 0.017 52908.356107 19.613 0.024 52908.357774 19.591 0.076 27.053622 -1.038233
52912.33638 20.268 0.055 52912.338046 19.94 0.019 52912.334713 19.678 0.018 52912.335546 19.634 0.025 52912.337213 19.62 0.077 27.053622 -1.038233
52934.288846 20.265 0.055 52934.290512 19.868 0.02 52934.287179 19.646 0.02 52934.288012 19.612 0.027 52934.289679 19.538 0.095 27.053622 -1.038233
52936.284771 20.354 0.05 52936.286437 19.887 0.016 52936.283104 19.69 0.017 52936.283937 19.686 0.025 52936.285604 19.547 0.07 27.053622 -1.038233
53270.348826 20.37 0.049 53270.350492 19.96 0.023 53270.347159 19.69 0.02 53270.347992 19.666 0.025 53270.349659 19.437 0.063 27.053622 -1.038233
53272.398773 20.406 0.07 53272.400439 19.935 0.021 53272.397106 19.7 0.019 53272.397939 19.66 0.028 53272.399606 19.503 0.081 27.053622 -1.038233
53286.367492 20.295 0.062 53286.369158 19.96 0.021 53286.365825 19.752 0.02 53286.366658 19.695 0.024 53286.368325 19.585 0.069 27.053622 -1.038233
53288.325982 20.457 0.059 53288.327648 19.937 0.018 53288.324315 19.694 0.019 53288.325148 19.661 0.024 53288.326815 19.431 0.061 27.053622 -1.038233
53294.373658 20.343 0.061 53294.375324 19.892 0.021 53294.371991 19.682 0.02 53294.372824 19.61 0.028 53294.374491 19.529 0.078 27.053622 -1.038233
53296.320763 20.273 0.069 53296.32243 19.913 0.024 53296.319097 19.74 0.026 53296.31993 19.706 0.043 53296.321597 19.474 0.081 27.053622 -1.038233
53298.370436 20.321 0.057 53298.372102 19.897 0.019 53298.368769 19.722 0.021 53298.369602 19.696 0.028 53298.371269 19.457 0.075 27.053622 -1.038233
53302.321653 20.265 0.091 53302.323319 19.92 0.034 53302.319986 19.673 0.026 53302.320819 19.64 0.029 53302.322486 19.459 0.074 27.053622 -1.038233
53312.277247 -99.99 0.214 53312.278913 19.934 0.079 53312.27558 19.66 0.028 53312.276413 19.621 0.046 53312.27808 19.491 0.106 27.053622 -1.038233
53314.278382 20.229 0.054 53314.280048 19.843 0.02 53314.276715 19.651 0.02 53314.277548 19.681 0.027 53314.279215 19.442 0.077 27.053622 -1.038233
53319.266178 20.208 0.063 53319.267844 19.857 0.024 53319.264511 19.661 0.024 53319.265344 19.623 0.034 53319.267011 19.362 0.097 27.053622 -1.038233
53616.382739 -99.99 0.065 53616.384405 19.827 0.023 53616.381072 19.657 0.023 53616.381905 19.712 0.038 53616.383572 19.665 0.114 27.053622 -1.038233
53628.344029 20.159 0.093 53628.345695 19.825 0.032 53628.342362 19.643 0.027 53628.343195 19.587 0.031 53628.344862 19.388 0.078 27.053622 -1.038233
53637.345648 20.164 0.081 53637.347314 19.802 0.026 53637.343981 19.652 0.024 53637.344814 19.626 0.032 53637.346481 19.425 0.083 27.053622 -1.038233
53639.391025 20.24 0.058 53639.392691 19.784 0.018 53639.389358 19.568 0.017 53639.390191 19.587 0.022 53639.391858 19.554 0.062 27.053622 -1.038233
53641.390191 20.258 0.058 53641.391857 19.763 0.018 53641.388524 19.585 0.016 53641.389357 19.596 0.023 53641.391024 19.42 0.061 27.053622 -1.038233
53657.349075 20.224 0.147 53657.350741 -99.99 0.052 53657.347408 19.52 0.041 53657.348241 19.574 0.053 53657.349908 19.412 0.121 27.053622 -1.038233
53663.333623 20.128 0.093 53663.335289 19.74 0.029 53663.331956 19.57 0.022 53663.332789 19.54 0.025 53663.334456 19.404 0.066 27.053622 -1.038233
53666.403715 19.971 0.098 53666.405381 19.712 0.027 53666.402048 19.501 0.019 53666.402881 19.566 0.027 53666.404548 19.393 0.073 27.053622 -1.038233
53668.323223 20.028 0.068 53668.324889 19.717 0.023 53668.321556 19.49 0.02 53668.322389 19.511 0.031 53668.324056 19.473 0.099 27.053622 -1.038233
53669.410848 20.139 0.105 53669.412514 -99.99 0.027 53669.409181 19.544 0.023 53669.410014 19.549 0.033 53669.411681 19.287 0.08 27.053622 -1.038233
53670.328076 20.052 0.051 53670.329742 -99.99 0.021 53670.326409 19.53 0.02 53670.327242 19.541 0.027 53670.328909 19.358 0.08 27.053622 -1.038233
53673.296062 -99.99 0.045 53673.297728 19.687 0.015 53673.294395 19.549 0.017 53673.295228 19.565 0.021 53673.296895 19.431 0.059 27.053622 -1.038233
53675.29295 20.166 0.048 53675.294616 19.752 0.016 53675.291283 19.588 0.018 53675.292116 19.628 0.025 53675.293783 19.392 0.067 27.053622 -1.038233
53677.31398 20.037 0.045 53677.315646 19.739 0.016 53677.312313 19.61 0.016 53677.313146 19.59 0.02 53677.314813 19.393 0.05 27.053622 -1.038233
53680.300647 20.176 0.049 53680.302313 19.741 0.016 53680.29898 19.559 0.016 53680.299813 19.556 0.021 53680.30148 19.545 0.063 27.053622 -1.038233
53686.30008 20.116 0.155 53686.301746 19.693 0.053 53686.298413 19.583 0.036 53686.299246 19.643 0.043 53686.300913 19.417 0.115 27.053622 -1.038233
53693.302541 -99.99 0.122 53693.304207 19.745 0.038 53693.300874 19.582 0.029 53693.301707 19.583 0.033 53693.303374 19.481 0.086 27.053622 -1.038233
53698.29993 20.191 0.059 53698.301596 19.765 0.02 53698.298263 19.614 0.018 53698.299096 19.513 0.024 53698.300763 19.592 0.082 27.053622 -1.038233
53704.285862 20.177 0.062 53704.287528 19.757 0.02 53704.284195 19.581 0.023 53704.285028 19.617 0.03 53704.286695 19.374 0.077 27.053622 -1.038233
53989.381955 20.492 0.145 53989.383622 20.125 0.045 53989.380288 19.825 0.04 53989.381122 19.907 0.044 53989.382788 19.675 0.084 27.053622 -1.038233
53995.42068 20.591 0.071 53995.422346 20.181 0.022 53995.419013 19.975 0.025 53995.419846 19.877 0.024 53995.421513 19.562 0.06 27.053622 -1.038233
54000.357412 20.589 0.07 54000.359079 20.12 0.025 54000.355746 19.959 0.024 54000.356579 19.88 0.033 54000.358246 19.588 0.082 27.053622 -1.038233
54007.407588 20.602 0.1 54007.409254 20.119 0.03 54007.405921 -99.99 0.041 54007.406754 19.908 0.042 54007.408421 19.579 0.083 27.053622 -1.038233
54009.331325 20.648 0.058 54009.332991 20.112 0.026 54009.329658 19.949 0.024 54009.330491 19.892 0.026 54009.332158 19.781 0.071 27.053622 -1.038233
54011.39575 20.641 0.055 54011.397417 20.19 0.025 54011.394084 19.865 0.021 54011.394917 19.879 0.025 54011.396584 19.72 0.062 27.053622 -1.038233
54025.394764 20.615 0.077 54025.39643 20.129 0.027 54025.393097 19.919 0.028 54025.39393 19.851 0.035 54025.395597 19.576 0.079 27.053622 -1.038233
54029.325123 20.42 0.07 54029.32679 20.078 0.024 54029.323456 19.934 0.025 54029.32429 19.846 0.03 54029.325956 19.73 0.093 27.053622 -1.038233
54346.388546 20.582 0.117 54346.390213 -99.99 0.045 54346.38688 20.177 0.044 54346.387713 19.993 0.043 54346.38938 19.765 0.088 27.053622 -1.038233
54348.392482 20.683 0.085 54348.394149 20.273 0.031 54348.390816 20.088 0.026 54348.391649 20.035 0.038 54348.393316 19.86 0.094 27.053622 -1.038233
54358.34833 -99.99 0.109 54358.349996 20.196 0.027 54358.346663 20.028 0.034 54358.347496 19.934 0.042 54358.349163 -99.99 0.111 27.053622 -1.038233
54365.381438 20.738 0.062 54365.383105 20.223 0.029 54365.379772 20.083 0.026 54365.380605 19.983 0.032 54365.382272 19.824 0.081 27.053622 -1.038233
54381.401024 20.602 0.1 54381.40269 20.243 0.036 54381.399357 20.015 0.035 54381.40019 19.868 0.036 54381.401857 19.952 0.102 27.053622 -1.038233
54384.407676 20.683 0.078 54384.409343 20.242 0.032 54384.40601 20.004 0.024 54384.406843 19.93 0.028 54384.40851 19.658 0.079 27.053622 -1.038233
54386.393356 20.636 0.073 54386.395023 20.25 0.034 54386.391689 19.972 0.029 54386.392523 19.927 0.03 54386.394189 19.588 0.089 27.053622 -1.038233
54388.397572 20.723 0.078 54388.399239 20.209 0.034 54388.395905 19.966 0.02 54388.396739 19.924 0.03 54388.398405 19.738 0.074 27.053622 -1.038233
54392.395154 -99.99 0.113 54392.396821 20.171 0.067 54392.393487 20.001 0.032 54392.394321 19.844 0.047 54392.395987 19.766 0.129 27.053622 -1.038233
54404.368907 -99.99 0.135 54404.370573 20.225 0.041 54404.36724 19.987 0.028 54404.368073 19.898 0.036 54404.36974 19.744 0.101 27.053622 -1.038233
54405.366839 20.422 0.095 54405.368505 -99.99 0.047 54405.365172 19.973 0.029 54405.366005 19.862 0.029 54405.367672 19.515 0.072 27.053622 -1.038233
54406.305235 20.594 0.06 54406.306902 20.154 0.026 54406.303569 19.93 0.022 54406.304402 19.911 0.025 54406.306069 19.741 0.065 27.053622 -1.038233
54412.330998 20.544 0.078 54412.332665 20.152 0.025 54412.329331 19.973 0.029 54412.330165 19.83 0.037 54412.331831 19.538 0.077 27.053622 -1.038233
