51075.302004 20.272 0.053 51075.30367 20.234 0.025 51075.300337 20.079 0.027 51075.30117 20.001 0.042 51075.302837 -99.99 0.124 0.775989 -0.825106
51081.285693 20.505 0.096 51081.287359 20.184 0.029 51081.284026 19.978 0.033 51081.284859 20.028 0.05 51081.286526 20.059 0.166 0.775989 -0.825106
51819.356872 20.404 0.071 51819.358538 20.219 0.023 51819.355205 19.961 0.022 51819.356038 19.995 0.028 51819.357705 19.935 0.104 0.775989 -0.825106
52558.322127 20.409 0.077 52558.323793 20.132 0.023 52558.32046 19.954 0.024 52558.321293 19.908 0.029 52558.32296 19.881 0.109 0.775989 -0.825106
52577.209628 20.285 0.054 52577.211294 20.172 0.019 52577.207961 20.015 0.024 52577.208794 19.945 0.029 52577.210461 19.845 0.1 0.775989 -0.825106
52586.213106 20.324 0.06 52586.214772 20.165 0.022 52586.211439 20.006 0.026 52586.212272 20.007 0.034 52586.213939 19.867 0.121 0.775989 -0.825106
52910.293587 20.388 0.058 52910.295253 20.19 0.019 52910.29192 19.974 0.02 52910.292753 20.017 0.025 52910.29442 19.952 0.087 0.775989 -0.825106
52931.223789 20.356 0.068 52931.225455 20.164 0.021 52931.222122 19.987 0.025 52931.222955 19.99 0.031 52931.224622 20.003 0.109 0.775989 -0.825106
52935.220752 20.329 0.06 52935.222418 20.168 0.021 52935.219085 20.005 0.023 52935.219918 19.988 0.029 52935.221585 19.898 0.097 0.775989 -0.825106
52959.164081 20.3 0.052 52959.165747 20.147 0.018 52959.162414 19.979 0.02 52959.163247 19.956 0.023 52959.164914 19.933 0.075 0.775989 -0.825106
52963.143824 20.329 0.051 52963.14549 20.134 0.018 52963.142157 19.985 0.021 52963.14299 19.998 0.023 52963.144657 19.932 0.074 0.775989 -0.825106
53352.114889 20.48 0.062 53352.116555 20.162 0.019 53352.113222 19.982 0.021 53352.114055 19.985 0.028 53352.115722 19.844 0.096 0.775989 -0.825106
53622.323191 20.198 0.08 53622.324857 19.998 0.024 53622.321524 19.931 0.026 53622.322357 19.87 0.034 53622.324024 19.893 0.143 0.775989 -0.825106
53636.278196 20.54 0.158 53636.279862 20.142 0.046 53636.276529 19.947 0.035 53636.277362 20.061 0.049 53636.279029 19.822 0.115 0.775989 -0.825106
53638.313997 20.376 0.073 53638.315663 20.068 0.023 53638.31233 19.957 0.023 53638.313163 19.97 0.027 53638.31483 19.879 0.087 0.775989 -0.825106
53655.250203 20.264 0.123 53655.251869 20.119 0.05 53655.248536 19.87 0.046 53655.249369 19.959 0.056 53655.251036 19.951 0.163 0.775989 -0.825106
53664.27516 20.194 0.113 53664.276826 20.124 0.04 53664.273493 19.989 0.033 53664.274326 19.999 0.037 53664.275993 19.858 0.111 0.775989 -0.825106
53666.238764 20.308 0.072 53666.24043 20.151 0.025 53666.237097 20.011 0.024 53666.23793 20.006 0.03 53666.239597 19.918 0.104 0.775989 -0.825106
53669.234402 20.374 0.058 53669.236068 20.139 0.019 53669.232735 19.963 0.021 53669.233568 20.027 0.027 53669.235235 19.895 0.087 0.775989 -0.825106
53671.319176 20.395 0.111 53671.320842 20.162 0.026 53671.317509 20.011 0.03 53671.318342 19.924 0.033 53671.320009 19.771 0.118 0.775989 -0.825106
53674.218638 20.273 0.067 53674.220304 20.142 0.022 53674.216971 20.026 0.027 53674.217804 19.991 0.03 53674.219471 19.824 0.091 0.775989 -0.825106
53676.308119 20.207 0.074 53676.309785 20.176 0.022 53676.306452 19.985 0.027 53676.307285 19.969 0.027 53676.308952 19.815 0.084 0.775989 -0.825106
53679.280009 20.354 0.083 53679.281675 20.21 0.025 53679.278342 19.984 0.03 53679.279175 20.007 0.038 53679.280842 19.725 0.115 0.775989 -0.825106
53681.271521 20.443 0.085 53681.273187 20.186 0.022 53681.269854 19.984 0.025 53681.270687 20.017 0.028 53681.272354 19.982 0.098 0.775989 -0.825106
53685.230572 20.802 0.342 53685.232238 20.119 0.084 53685.228905 20 0.071 53685.229738 19.963 0.067 53685.231405 19.964 0.182 0.775989 -0.825106
53694.244451 20.215 0.237 53694.246117 20.228 0.088 53694.242784 20.137 0.077 53694.243617 20.01 0.075 53694.245284 20.188 0.285 0.775989 -0.825106
53697.228545 20.299 0.084 53697.230211 20.162 0.027 53697.226878 19.951 0.026 53697.227711 20.038 0.034 53697.229378 19.917 0.101 0.775989 -0.825106
53700.227504 20.391 0.089 53700.22917 20.15 0.023 53700.225837 20.016 0.026 53700.22667 19.957 0.033 53700.228337 19.875 0.109 0.775989 -0.825106
53705.214173 20.361 0.078 53705.215839 20.171 0.023 53705.212506 19.987 0.024 53705.213339 20.031 0.031 53705.215006 20.025 0.1 0.775989 -0.825106
53975.299175 20.471 0.08 53975.300842 20.25 0.026 53975.297509 20.044 0.024 53975.298342 20.057 0.037 53975.300009 19.812 0.1 0.775989 -0.825106
53993.367012 20.554 0.076 53993.368679 -99.99 0.034 53993.365345 20.077 0.029 53993.366179 20.051 0.03 53993.367845 20.025 0.086 0.775989 -0.825106
53994.322298 20.404 0.057 53994.323965 20.219 0.028 53994.320631 19.962 0.021 53994.321465 19.988 0.028 53994.323131 19.914 0.093 0.775989 -0.825106
53996.30597 20.408 0.065 53996.307636 20.234 0.024 53996.304303 20.086 0.026 53996.305136 20.034 0.029 53996.306803 20.098 0.11 0.775989 -0.825106
53998.274534 -99.99 0.345 53998.2762 20.222 0.043 53998.272867 -99.99 0.421 53998.2737 20.021 0.197 53998.275367 -99.99 0.319 0.775989 -0.825106
54005.304842 20.239 0.048 54005.306509 20.174 0.025 54005.303175 20.047 0.02 54005.304009 20.023 0.024 54005.305675 19.967 0.072 0.775989 -0.825106
54010.260041 20.374 0.077 54010.261708 20.235 0.03 54010.258374 20.059 0.03 54010.259208 20.083 0.029 54010.260874 19.963 0.072 0.775989 -0.825106
54012.252914 20.608 0.148 54012.254581 20.269 0.05 54012.251247 20.09 0.041 54012.252081 20.029 0.034 54012.253747 20.091 0.104 0.775989 -0.825106
54020.258979 20.199 0.176 54020.260646 20.242 0.041 54020.257312 20.108 0.043 54020.258146 19.729 0.126 54020.259812 20.108 0.214 0.775989 -0.825106
54024.340512 20.545 0.103 54024.342178 20.25 0.034 54024.338845 20.059 0.032 54024.339678 19.989 0.037 54024.341345 19.983 0.161 0.775989 -0.825106
54028.24922 20.431 0.067 54028.250887 20.15 0.021 54028.247554 20.067 0.026 54028.248387 20.013 0.03 54028.250054 19.832 0.088 0.775989 -0.825106
54030.252446 20.467 0.062 54030.254113 20.205 0.03 54030.250779 19.974 0.021 54030.251613 20.011 0.027 54030.253279 19.999 0.086 0.775989 -0.825106
54035.328243 20.41 0.145 54035.32991 20.183 0.037 54035.326577 20.062 0.038 54035.32741 19.899 0.049 54035.329077 20.425 0.31 0.775989 -0.825106
54037.233666 20.557 0.071 54037.235333 20.241 0.024 54037.231999 20.063 0.025 54037.232833 20.005 0.027 54037.234499 19.931 0.089 0.775989 -0.825106
54040.248126 20.105 0.096 54040.249793 20.158 0.045 54040.24646 20.129 0.042 54040.247293 20.024 0.038 54040.24896 20.27 0.148 0.775989 -0.825106
54047.278716 -99.99 0.407 54047.280383 20.186 0.108 54047.27705 20.029 0.069 54047.277883 19.97 0.058 54047.27955 19.505 0.167 0.775989 -0.825106
54049.274693 20.554 0.197 54049.27636 20.153 0.049 54049.273026 19.992 0.039 54049.27386 20.04 0.049 54049.275526 19.867 0.143 0.775989 -0.825106
54053.238958 20.408 0.069 54053.240624 20.144 0.036 54053.237291 20.065 0.027 54053.238124 19.996 0.03 54053.239791 19.898 0.094 0.775989 -0.825106
54056.240616 20.284 0.084 54056.242283 20.155 0.025 54056.23895 19.996 0.041 54056.239783 19.977 0.038 54056.24145 19.943 0.118 0.775989 -0.825106
54062.239746 20.388 0.106 54062.241413 20.164 0.028 54062.238079 19.934 0.044 54062.238913 20.028 0.046 54062.240579 20.42 0.287 0.775989 -0.825106
54068.22045 20.434 0.16 54068.222117 20.193 0.06 54068.218783 20.173 0.053 54068.219617 19.925 0.046 54068.221283 19.906 0.131 0.775989 -0.825106
54357.278121 20.377 0.062 54357.279788 20.077 0.024 54357.276455 19.919 0.024 54357.277288 20.004 0.027 54357.278955 19.923 0.081 0.775989 -0.825106
54362.327857 -99.99 0.103 54362.329524 20.18 0.04 54362.32619 19.983 0.021 54362.327024 19.983 0.034 54362.32869 19.823 0.097 0.775989 -0.825106
54382.308078 20.463 0.09 54382.309745 20.218 0.03 54382.306411 20.022 0.031 54382.307245 20.023 0.038 54382.308911 20.016 0.134 0.775989 -0.825106
54385.325872 20.384 0.072 54385.327539 20.207 0.028 54385.324206 19.972 0.027 54385.325039 20.077 0.036 54385.326706 19.756 0.078 0.775989 -0.825106
54387.326413 20.204 0.072 54387.32808 20.313 0.029 54387.324747 19.981 0.029 54387.32558 19.974 0.033 54387.327247 19.88 0.111 0.775989 -0.825106
54392.321098 20.345 0.079 54392.322764 20.19 0.031 54392.319431 19.991 0.027 54392.320264 20.077 0.035 54392.321931 20.031 0.12 0.775989 -0.825106
54402.319645 20.204 0.146 54402.321311 20.155 0.051 54402.317978 20.015 0.041 54402.318811 19.89 0.037 54402.320478 19.88 0.103 0.775989 -0.825106
