51081.356081 20.67 0.073 51081.357747 20.543 0.031 51081.354414 20.194 0.028 51081.355247 19.902 0.033 51081.356914 19.622 0.084 26.178589 -1.10128
51819.42727 20.762 0.084 51819.428936 20.593 0.035 51819.425603 20.242 0.027 51819.426436 19.878 0.029 51819.428103 19.664 0.082 26.178589 -1.10128
52225.25189 20.603 0.064 52225.253556 20.452 0.028 52225.250223 20.161 0.028 52225.251056 19.888 0.029 52225.252723 19.6 0.073 26.178589 -1.10128
52288.08631 20.555 0.065 52288.087976 20.436 0.027 52288.084643 20.206 0.03 52288.085476 19.855 0.029 52288.087143 19.666 0.074 26.178589 -1.10128
52551.359605 20.775 0.086 52551.361271 20.624 0.035 52551.357938 20.324 0.033 52551.358771 19.926 0.034 52551.360438 19.609 0.084 26.178589 -1.10128
52558.39248 20.752 0.07 52558.394146 20.59 0.027 52558.390813 20.33 0.024 52558.391646 19.972 0.025 52558.393313 19.659 0.063 26.178589 -1.10128
52576.22553 20.908 0.075 52576.227196 20.664 0.03 52576.223863 20.342 0.028 52576.224696 20.064 0.031 52576.226363 19.64 0.068 26.178589 -1.10128
52577.279986 20.872 0.08 52577.281652 20.671 0.031 52577.278319 20.312 0.031 52577.279152 19.975 0.031 52577.280819 19.869 0.092 26.178589 -1.10128
52585.227063 20.797 0.082 52585.228729 -99.99 0.033 52585.225396 20.274 0.032 52585.226229 20.009 0.045 52585.227896 19.605 0.115 26.178589 -1.10128
52910.363942 20.76 0.078 52910.365608 20.719 0.037 52910.362275 20.39 0.028 52910.363108 20.048 0.032 52910.364775 19.68 0.08 26.178589 -1.10128
52935.291109 20.897 0.09 52935.292775 20.705 0.037 52935.289442 20.39 0.033 52935.290275 19.958 0.033 52935.291942 19.744 0.11 26.178589 -1.10128
52963.214184 20.815 0.066 52963.21585 20.725 0.029 52963.212517 20.389 0.026 52963.21335 20.071 0.03 52963.215017 19.72 0.067 26.178589 -1.10128
52971.205101 20.708 0.071 52971.206767 20.687 0.034 52971.203434 20.385 0.03 52971.204267 20.072 0.034 52971.205934 19.713 0.074 26.178589 -1.10128
53351.136489 20.868 0.075 53351.138155 20.806 0.032 53351.134822 20.407 0.032 53351.135655 20.015 0.034 53351.137322 19.774 0.094 26.178589 -1.10128
53622.393543 20.818 0.092 53622.395209 20.975 0.047 53622.391876 20.597 0.035 53622.392709 20.152 0.04 53622.394376 19.802 0.111 26.178589 -1.10128
53634.343014 20.923 0.446 53634.34468 20.488 0.176 53634.341347 20.458 0.143 53634.34218 19.973 0.099 53634.343847 -99.99 0.154 26.178589 -1.10128
53638.38435 21.156 0.131 53638.386016 20.885 0.046 53638.382683 20.563 0.034 53638.383516 20.152 0.034 53638.385183 19.838 0.088 26.178589 -1.10128
53640.348386 21.17 0.125 53640.350052 20.955 0.045 53640.346719 20.543 0.034 53640.347552 20.191 0.042 53640.349219 19.843 0.087 26.178589 -1.10128
53646.409797 20.842 0.163 53646.411463 -99.99 0.069 53646.40813 20.403 0.042 53646.408963 20.136 0.042 53646.41063 -99.99 0.169 26.178589 -1.10128
53655.320558 21.16 0.121 53655.322224 20.948 0.042 53655.318891 20.457 0.038 53655.319724 20.152 0.042 53655.321391 19.74 0.103 26.178589 -1.10128
53664.345515 21.92 0.988 53664.347181 20.592 0.122 53664.343848 20.473 0.115 53664.344681 20.372 0.165 53664.346348 19.815 0.254 26.178589 -1.10128
53665.410154 20.985 0.24 53665.41182 20.874 0.079 53665.408487 20.556 0.055 53665.40932 20.212 0.051 53665.410987 19.65 0.104 26.178589 -1.10128
53669.304759 21.06 0.093 53669.306425 20.924 0.038 53669.303092 20.553 0.033 53669.303925 20.179 0.035 53669.305592 19.783 0.081 26.178589 -1.10128
53671.38952 20.907 0.149 53671.391186 20.977 0.056 53671.387853 20.56 0.047 53671.388686 20.195 0.049 53671.390353 19.726 0.103 26.178589 -1.10128
53674.288996 21.081 0.133 53674.290662 20.977 0.053 53674.287329 20.531 0.04 53674.288162 20.303 0.052 53674.289829 19.845 0.11 26.178589 -1.10128
53676.378463 21.173 0.157 53676.380129 20.813 0.04 53676.376796 20.544 0.035 53676.377629 20.139 0.039 53676.379296 19.805 0.094 26.178589 -1.10128
53679.35036 20.977 0.13 53679.352026 21.009 0.056 53679.348693 -99.99 0.049 53679.349526 20.25 0.055 53679.351193 19.943 0.14 26.178589 -1.10128
53681.341873 21.054 0.119 53681.343539 21.008 0.045 53681.340206 20.515 0.034 53681.341039 20.179 0.035 53681.342706 20.027 0.12 26.178589 -1.10128
53684.303366 21.021 0.171 53684.305032 20.926 0.065 53684.301699 20.456 0.069 53684.302532 20.293 0.08 53684.304199 19.961 0.151 26.178589 -1.10128
53685.300927 21.039 0.164 53685.302593 20.965 0.082 53685.29926 20.64 0.056 53685.300093 20.143 0.043 53685.30176 19.78 0.086 26.178589 -1.10128
53694.31481 -99.99 0.509 53694.316476 21.205 0.187 53694.313143 20.586 0.115 53694.313976 20.207 0.095 53694.315643 -99.99 0.157 26.178589 -1.10128
53697.298897 20.896 0.13 53697.300563 20.822 0.052 53697.29723 20.599 0.046 53697.298063 20.135 0.038 53697.29973 19.83 0.091 26.178589 -1.10128
53700.297853 20.999 0.151 53700.299519 20.898 0.056 53700.296186 20.553 0.05 53700.297019 20.276 0.063 53700.298686 19.71 0.134 26.178589 -1.10128
53705.284524 20.845 0.094 53705.28619 20.864 0.041 53705.282857 20.577 0.035 53705.28369 20.147 0.033 53705.285357 19.808 0.091 26.178589 -1.10128
53975.369524 20.84 0.072 53975.371191 20.73 0.03 53975.367857 20.423 0.026 53975.368691 20.013 0.032 53975.370357 19.746 0.074 26.178589 -1.10128
53990.382367 21.17 0.228 53990.384033 20.684 0.073 53990.3807 20.393 0.054 53990.381533 20.076 0.047 53990.3832 19.638 0.089 26.178589 -1.10128
53994.39252 21.01 0.095 53994.394187 20.727 0.037 53994.390853 20.404 0.031 53994.391687 20.085 0.032 53994.393353 19.736 0.079 26.178589 -1.10128
53996.376272 20.745 0.083 53996.377939 20.807 0.05 53996.374605 20.476 0.037 53996.375439 20.129 0.04 53996.377105 19.842 0.106 26.178589 -1.10128
54005.389418 21.007 0.072 54005.391085 20.683 0.033 54005.387751 20.437 0.024 54005.388585 20.144 0.028 54005.390251 19.871 0.066 26.178589 -1.10128
54010.330449 20.832 0.067 54010.332116 20.727 0.029 54010.328783 20.421 0.03 54010.329616 20.127 0.027 54010.331283 19.803 0.063 26.178589 -1.10128
54012.323222 20.991 0.178 54012.324889 20.68 0.065 54012.321556 20.467 0.05 54012.322389 20.046 0.043 54012.324056 19.88 0.101 26.178589 -1.10128
54024.410796 20.873 0.173 54024.412463 20.742 0.059 54024.409129 20.369 0.046 54024.409963 20.114 0.053 54024.411629 -99.99 0.207 26.178589 -1.10128
54028.399081 20.714 0.095 54028.400748 20.735 0.037 54028.397414 20.391 0.037 54028.398248 20.02 0.042 54028.399914 19.793 0.096 26.178589 -1.10128
54030.32278 20.852 0.074 54030.324446 20.682 0.033 54030.321113 20.412 0.027 54030.321946 20.106 0.029 54030.323613 19.653 0.067 26.178589 -1.10128
54035.398523 21.227 0.182 54035.400189 20.779 0.046 54035.396856 20.383 0.048 54035.397689 19.992 0.058 54035.399356 19.626 0.124 26.178589 -1.10128
54037.304026 20.883 0.072 54037.305693 20.701 0.031 54037.30236 20.467 0.025 54037.303193 20.049 0.026 54037.30486 19.814 0.07 26.178589 -1.10128
54040.318489 20.95 0.144 54040.320155 20.782 0.065 54040.316822 20.448 0.047 54040.317655 20.168 0.04 54040.319322 19.902 0.099 26.178589 -1.10128
54049.344986 20.498 0.151 54049.346652 20.851 0.087 54049.343319 20.416 0.052 54049.344152 20.171 0.052 54049.345819 19.815 0.134 26.178589 -1.10128
54053.30926 21.056 0.102 54053.310927 20.702 0.034 54053.307594 20.385 0.031 54053.308427 20.027 0.037 54053.310094 19.55 0.078 26.178589 -1.10128
54056.310931 20.708 0.114 54056.312598 20.759 0.043 54056.309265 -99.99 0.036 54056.310098 20.016 0.041 54056.311765 20.029 0.145 26.178589 -1.10128
54059.305232 20.876 0.182 54059.306899 20.705 0.042 54059.303565 20.363 0.04 54059.304399 20.039 0.046 54059.306065 -99.99 0.124 26.178589 -1.10128
54061.316303 20.827 0.218 54061.31797 20.727 0.047 54061.314636 20.417 0.067 54061.31547 20.095 0.06 54061.317136 19.608 0.104 26.178589 -1.10128
54062.310147 21.035 0.141 54062.311814 20.692 0.032 54062.308481 20.46 0.029 54062.309314 20.074 0.036 54062.310981 19.716 0.086 26.178589 -1.10128
54068.290676 20.94 0.163 54068.292343 20.816 0.079 54068.289009 20.349 0.046 54068.289843 20.037 0.043 54068.291509 19.709 0.102 26.178589 -1.10128
54357.348407 20.828 0.065 54357.350073 20.557 0.027 54357.34674 20.267 0.023 54357.347573 19.946 0.025 54357.34924 19.63 0.055 26.178589 -1.10128
54359.380119 20.783 0.102 54359.381786 20.613 0.036 54359.378452 20.297 0.034 54359.379286 19.943 0.042 54359.380952 19.548 0.108 26.178589 -1.10128
54362.39824 20.557 0.051 54362.399906 20.639 0.029 54362.396573 20.245 0.025 54362.397406 19.948 0.028 54362.399073 19.636 0.065 26.178589 -1.10128
54376.39333 20.732 0.083 54376.394997 20.574 0.041 54376.391663 20.325 0.029 54376.392497 19.946 0.03 54376.394163 19.612 0.075 26.178589 -1.10128
54382.37843 20.917 0.122 54382.380096 20.74 0.049 54382.376763 20.361 0.042 54382.377596 19.989 0.042 54382.379263 19.503 0.096 26.178589 -1.10128
54385.396327 20.636 0.068 54385.397994 20.681 0.036 54385.394661 20.255 0.021 54385.395494 19.951 0.025 54385.397161 19.567 0.056 26.178589 -1.10128
54390.389136 20.752 0.104 54390.390802 20.656 0.049 54390.387469 -99.99 0.044 54390.388302 19.903 0.039 54390.389969 19.576 0.11 26.178589 -1.10128
54391.397613 20.637 0.162 54391.39928 20.552 0.05 54391.395947 20.247 0.048 54391.39678 19.945 0.059 54391.398447 19.523 0.134 26.178589 -1.10128
54402.389929 20.537 0.165 54402.391596 20.724 0.092 54402.388263 20.285 0.052 54402.389096 -99.99 0.04 54402.390763 19.489 0.079 26.178589 -1.10128
