51081.293454 21.019 0.131 51081.29512 20.453 0.04 51081.291787 20.359 0.042 51081.29262 20.018 0.046 51081.294287 19.944 0.139 3.567703 -1.232188
51819.364574 20.935 0.102 51819.36624 20.564 0.035 51819.362907 20.509 0.035 51819.36374 20.106 0.038 51819.365407 19.925 0.122 3.567703 -1.232188
52558.32986 21.007 0.123 52558.331526 20.718 0.035 52558.328193 20.625 0.037 52558.329026 20.06 0.035 52558.330693 19.898 0.113 3.567703 -1.232188
52577.217359 20.989 0.092 52577.219025 20.666 0.036 52577.215692 20.615 0.038 52577.216525 20.286 0.045 52577.218192 19.861 0.114 3.567703 -1.232188
52586.220838 20.915 0.079 52586.222504 20.755 0.035 52586.219171 20.692 0.044 52586.220004 20.174 0.047 52586.221671 19.886 0.116 3.567703 -1.232188
52910.301319 20.947 0.075 52910.302985 20.658 0.029 52910.299652 20.547 0.031 52910.300485 20.097 0.031 52910.302152 19.761 0.078 3.567703 -1.232188
52931.23152 20.923 0.093 52931.233186 20.629 0.033 52931.229853 20.474 0.037 52931.230686 20.121 0.04 52931.232353 19.665 0.093 3.567703 -1.232188
52935.228484 20.864 0.08 52935.23015 20.72 0.031 52935.226817 20.518 0.035 52935.22765 20.159 0.037 52935.229317 19.78 0.093 3.567703 -1.232188
52959.171812 20.917 0.078 52959.173478 20.656 0.029 52959.170145 20.478 0.028 52959.170978 20.173 0.033 52959.172645 19.806 0.077 3.567703 -1.232188
52963.151557 20.834 0.065 52963.153223 20.615 0.026 52963.14989 20.535 0.031 52963.150723 20.143 0.03 52963.15239 19.813 0.07 3.567703 -1.232188
53352.122623 20.625 0.06 53352.124289 20.435 0.026 53352.120956 20.265 0.026 53352.121789 19.919 0.03 53352.123456 19.742 0.089 3.567703 -1.232188
53622.330923 20.955 0.134 53622.332589 20.457 0.04 53622.329256 20.218 0.038 53622.330089 19.853 0.043 53622.331756 19.451 0.114 3.567703 -1.232188
53634.280393 20.639 0.232 53634.282059 20.285 0.069 53634.278726 20.224 0.06 53634.279559 19.952 0.054 53634.281226 19.726 0.116 3.567703 -1.232188
53638.321728 20.634 0.078 53638.323394 20.504 0.031 53638.320061 20.363 0.029 53638.320894 19.988 0.029 53638.322561 19.67 0.075 3.567703 -1.232188
53655.257934 20.71 0.152 53655.2596 20.379 0.055 53655.256267 20.324 0.046 53655.2571 19.996 0.057 53655.258767 19.75 0.128 3.567703 -1.232188
53664.282891 20.762 0.174 53664.284557 20.37 0.055 53664.281224 20.342 0.065 53664.282057 19.849 0.044 53664.283724 19.597 0.103 3.567703 -1.232188
53666.246495 20.701 0.085 53666.248161 20.437 0.035 53666.244828 20.239 0.029 53666.245661 19.936 0.031 53666.247328 19.616 0.086 3.567703 -1.232188
53669.242134 20.707 0.068 53669.2438 20.551 0.028 53669.240467 20.342 0.029 53669.2413 20.017 0.034 53669.242967 19.845 0.129 3.567703 -1.232188
53671.326907 20.753 0.139 53671.328573 20.42 0.035 53671.32524 20.216 0.04 53671.326073 19.885 0.041 53671.32774 19.57 0.098 3.567703 -1.232188
53674.22637 20.748 0.081 53674.228036 20.552 0.029 53674.224703 20.249 0.028 53674.225536 19.931 0.03 53674.227203 19.723 0.081 3.567703 -1.232188
53676.31585 20.581 0.089 53676.317516 20.488 0.031 53676.314183 20.256 0.027 53676.315016 19.868 0.028 53676.316683 19.63 0.072 3.567703 -1.232188
53679.287741 20.742 0.102 53679.289407 20.473 0.035 53679.286074 20.385 0.044 53679.286907 19.955 0.039 53679.288574 19.688 0.118 3.567703 -1.232188
53681.279253 20.731 0.094 53681.280919 20.456 0.033 53681.277586 20.218 0.031 53681.278419 19.855 0.034 53681.280086 19.652 0.085 3.567703 -1.232188
53685.238303 20.557 0.211 53685.239969 20.282 0.094 53685.236636 20.234 0.078 53685.237469 19.843 0.067 53685.239136 19.736 0.147 3.567703 -1.232188
53697.236276 20.787 0.087 53697.237942 20.443 0.029 53697.234609 20.281 0.028 53697.235442 19.885 0.028 53697.237109 19.6 0.072 3.567703 -1.232188
53700.235235 20.566 0.083 53700.236901 20.409 0.031 53700.233568 20.321 0.036 53700.234401 19.902 0.038 53700.236068 19.425 0.082 3.567703 -1.232188
53705.221904 20.677 0.079 53705.22357 20.53 0.032 53705.220237 20.334 0.03 53705.22107 19.927 0.028 53705.222737 19.573 0.068 3.567703 -1.232188
53975.306912 20.621 0.076 53975.308578 20.454 0.029 53975.305245 20.252 0.026 53975.306078 19.984 0.033 53975.307745 19.615 0.094 3.567703 -1.232188
53990.319724 20.795 0.138 53990.321391 20.435 0.047 53990.318058 20.272 0.04 53990.318891 19.926 0.038 53990.320558 19.68 0.09 3.567703 -1.232188
53994.329902 20.608 0.058 53994.331568 20.421 0.027 53994.328235 20.238 0.027 53994.329068 19.962 0.029 53994.330735 19.682 0.073 3.567703 -1.232188
53996.313635 20.714 0.088 53996.315302 20.376 0.03 53996.311969 20.216 0.032 53996.312802 19.966 0.039 53996.314469 19.509 0.089 3.567703 -1.232188
53998.282267 20.621 0.058 53998.283933 20.375 0.027 53998.2806 20.168 0.032 53998.281433 19.883 0.024 53998.2831 19.575 0.059 3.567703 -1.232188
54005.31251 20.547 0.054 54005.314177 20.432 0.028 54005.310843 20.255 0.024 54005.311677 19.922 0.028 54005.313343 19.471 0.055 3.567703 -1.232188
54010.267744 20.692 0.082 54010.269411 20.468 0.035 54010.266077 20.255 0.028 54010.266911 19.928 0.032 54010.268577 19.588 0.065 3.567703 -1.232188
54012.260603 20.77 0.166 54012.262269 20.427 0.055 54012.258936 20.286 0.046 54012.259769 19.874 0.037 54012.261436 19.503 0.077 3.567703 -1.232188
54020.266568 21.058 0.253 54020.268234 20.426 0.043 54020.264901 20.17 0.059 54020.265734 19.729 0.1 54020.267401 19.572 0.103 3.567703 -1.232188
54024.348227 20.634 0.106 54024.349894 20.385 0.036 54024.346561 20.295 0.048 54024.347394 20.052 0.054 54024.349061 19.687 0.098 3.567703 -1.232188
54030.260159 -99.99 0.055 54030.261825 20.42 0.026 54030.258492 20.295 0.025 54030.259325 19.872 0.028 54030.260992 19.655 0.074 3.567703 -1.232188
54037.241376 20.56 0.068 54037.243042 20.388 0.032 54037.239709 20.251 0.029 54037.240542 19.934 0.034 54037.242209 19.509 0.065 3.567703 -1.232188
54040.255865 20.709 0.152 54040.257531 20.382 0.063 54040.254198 20.288 0.048 54040.255031 19.874 0.041 54040.256698 19.503 0.083 3.567703 -1.232188
54049.282312 -99.99 0.329 54049.283979 20.302 0.061 54049.280646 20.257 0.054 54049.281479 19.834 0.05 54049.283146 19.794 0.141 3.567703 -1.232188
54053.246633 20.696 0.073 54053.2483 20.454 0.032 54053.244966 20.25 0.027 54053.2458 19.882 0.028 54053.247466 19.516 0.07 3.567703 -1.232188
54059.242592 20.448 0.105 54059.244259 20.41 0.038 54059.240925 20.296 0.05 54059.241759 -99.99 0.155 54059.243425 19.829 0.125 3.567703 -1.232188
54062.247518 20.567 0.105 54062.249185 20.384 0.04 54062.245852 20.244 0.038 54062.246685 19.901 0.046 54062.248352 19.869 0.147 3.567703 -1.232188
54068.228063 20.221 0.125 54068.22973 20.32 0.071 54068.226397 20.167 0.053 54068.22723 19.86 0.048 54068.228897 19.737 0.118 3.567703 -1.232188
54357.285791 20.707 0.064 54357.287458 20.548 0.029 54357.284125 20.43 0.029 54357.284958 19.972 0.034 54357.286625 19.647 0.075 3.567703 -1.232188
54362.335654 -99.99 99.999 54362.33732 20.566 0.039 54362.333987 -99.99 0.076 54362.33482 -99.99 0.302 54362.336487 19.853 0.116 3.567703 -1.232188
54382.315836 20.743 0.1 54382.317503 20.558 0.04 54382.314169 20.46 0.04 54382.315003 20.033 0.045 54382.316669 19.864 0.13 3.567703 -1.232188
54385.333607 20.796 0.078 54385.335273 20.579 0.038 54385.33194 20.442 0.03 54385.332773 20.042 0.03 54385.33444 19.69 0.075 3.567703 -1.232188
54387.334127 -99.99 0.087 54387.335794 20.57 0.045 54387.332461 20.42 0.036 54387.333294 19.95 0.033 54387.334961 19.682 0.088 3.567703 -1.232188
54392.328856 20.579 0.088 54392.330523 20.632 0.041 54392.327189 20.442 0.038 54392.328023 19.993 0.037 54392.329689 19.671 0.098 3.567703 -1.232188
54402.327461 20.901 0.262 54402.329128 20.526 0.075 54402.325795 20.423 0.054 54402.326628 20.022 0.048 54402.328295 19.712 0.095 3.567703 -1.232188
