51075.373821 21.435 0.119 51075.375487 20.622 0.028 51075.372154 20.39 0.029 51075.372987 20.255 0.041 51075.374654 20.018 0.143 26.702196 -0.181055
52170.394512 21.218 0.097 52170.396178 20.366 0.021 52170.392845 20.123 0.022 52170.393678 20.005 0.028 52170.395345 19.836 0.089 26.702196 -0.181055
52196.393019 21.145 0.109 52196.394685 20.399 0.022 52196.391352 20.163 0.026 52196.392185 20.143 0.036 52196.393852 19.741 0.099 26.702196 -0.181055
52207.359816 21.147 0.114 52207.361482 20.364 0.022 52207.358149 20.036 0.022 52207.358982 20.054 0.031 52207.360649 19.951 0.108 26.702196 -0.181055
52224.287984 21.184 0.097 52224.28965 20.319 0.02 52224.286317 20.129 0.022 52224.28715 20.004 0.026 52224.288817 19.721 0.075 26.702196 -0.181055
52231.273405 21.021 0.09 52231.275071 20.357 0.02 52231.271738 20.121 0.024 52231.272571 20.041 0.031 52231.274238 19.806 0.081 26.702196 -0.181055
52234.244495 21.211 0.1 52234.246161 20.341 0.021 52234.242828 20.192 0.023 52234.243661 20.036 0.025 52234.245328 19.783 0.074 26.702196 -0.181055
52261.20785 21.026 0.103 52261.209516 20.332 0.023 52261.206183 20.06 0.024 52261.207016 20.025 0.03 52261.208683 19.757 0.091 26.702196 -0.181055
52282.134479 21.071 0.121 52282.136145 20.291 0.025 52282.132812 20.092 0.027 52282.133645 20.09 0.035 52282.135312 19.868 0.119 26.702196 -0.181055
52287.088342 21.089 0.09 52287.090008 20.29 0.022 52287.086675 20.086 0.026 52287.087508 19.975 0.033 52287.089175 19.617 0.078 26.702196 -0.181055
52552.407044 21.086 0.104 52552.40871 20.246 0.022 52552.405377 20.099 0.023 52552.40621 19.976 0.031 52552.407877 19.715 0.092 26.702196 -0.181055
52557.381403 20.962 0.1 52557.383069 20.283 0.022 52557.379736 20.045 0.024 52557.380569 19.969 0.032 52557.382236 19.798 0.108 26.702196 -0.181055
52908.355969 21.203 0.108 52908.357635 20.501 0.025 52908.354302 20.326 0.026 52908.355135 20.249 0.034 52908.356802 19.903 0.102 26.702196 -0.181055
52912.335407 21.224 0.121 52912.337073 20.523 0.027 52912.33374 20.221 0.027 52912.334573 20.173 0.035 52912.33624 19.83 0.097 26.702196 -0.181055
52934.287873 21.227 0.124 52934.289539 20.511 0.028 52934.286206 20.279 0.032 52934.287039 20.258 0.045 52934.288706 19.894 0.122 26.702196 -0.181055
52936.283799 21.505 0.118 52936.285465 20.553 0.023 52936.282132 20.367 0.026 52936.282965 20.228 0.033 52936.284632 19.801 0.085 26.702196 -0.181055
53270.347859 21.489 0.134 53270.349525 20.63 0.029 53270.346192 20.384 0.031 53270.347025 20.271 0.034 53270.348692 20.138 0.098 26.702196 -0.181055
53272.3978 21.317 0.157 53272.399466 20.555 0.03 53272.396133 20.381 0.033 53272.396966 20.339 0.044 53272.398633 19.911 0.118 26.702196 -0.181055
53286.36652 21.453 0.168 53286.368186 20.59 0.031 53286.364853 20.386 0.034 53286.365686 20.255 0.039 53286.367353 20.025 0.106 26.702196 -0.181055
53288.325011 21.458 0.137 53288.326677 20.62 0.026 53288.323344 20.443 0.029 53288.324177 20.33 0.035 53288.325844 20.044 0.102 26.702196 -0.181055
53294.372686 21.656 0.174 53294.374352 20.635 0.029 53294.371019 20.415 0.032 53294.371852 20.295 0.041 53294.373519 19.781 0.092 26.702196 -0.181055
53296.319693 21.202 0.129 53296.321359 20.599 0.032 53296.318026 20.39 0.066 53296.318859 20.351 0.052 53296.320526 19.791 0.124 26.702196 -0.181055
53298.369464 21.162 0.109 53298.37113 20.656 0.027 53298.367797 20.36 0.034 53298.36863 20.353 0.046 53298.370297 20.121 0.13 26.702196 -0.181055
53302.32068 21.405 0.247 53302.322346 20.813 0.076 53302.319013 20.328 0.045 53302.319846 20.306 0.049 53302.321513 19.777 0.096 26.702196 -0.181055
53312.27621 20.872 0.2 53312.277877 20.711 0.099 53312.274544 20.384 0.048 53312.275377 20.278 0.063 53312.277044 19.835 0.181 26.702196 -0.181055
53314.27741 21.499 0.149 53314.279076 20.556 0.03 53314.275743 20.388 0.032 53314.276576 20.228 0.038 53314.278243 20.05 0.128 26.702196 -0.181055
53319.265207 21.385 0.177 53319.266873 20.561 0.036 53319.26354 20.352 0.041 53319.264373 20.271 0.055 53319.26604 19.98 0.163 26.702196 -0.181055
53616.381768 21.265 0.187 53616.383434 20.536 0.032 53616.380101 20.318 0.038 53616.380934 20.224 0.051 53616.382601 19.994 0.17 26.702196 -0.181055
53626.358194 -99.99 0.532 53626.35986 -99.99 0.04 53626.356527 20.272 0.034 53626.35736 20.176 0.043 53626.359027 -99.99 0.236 26.702196 -0.181055
53628.343059 21.097 0.225 53628.344725 20.523 0.056 53628.341392 20.371 0.049 53628.342225 20.239 0.052 53628.343892 19.993 0.133 26.702196 -0.181055
53637.344677 21.477 0.272 53637.346343 20.525 0.045 53637.34301 20.302 0.039 53637.343843 20.265 0.051 53637.34551 19.989 0.166 26.702196 -0.181055
53639.390054 21.398 0.143 53639.39172 20.522 0.027 53639.388387 20.294 0.027 53639.38922 20.233 0.034 53639.390887 19.87 0.084 26.702196 -0.181055
53641.389222 21.258 0.124 53641.390888 20.567 0.028 53641.387555 20.331 0.028 53641.388388 20.247 0.034 53641.390055 19.927 0.096 26.702196 -0.181055
53657.348104 21.985 0.86 53657.34977 20.387 0.085 53657.346437 20.249 0.077 53657.34727 20.307 0.091 53657.348937 20.047 0.19 26.702196 -0.181055
53663.332652 21.242 0.246 53663.334318 20.57 0.058 53663.330985 20.365 0.042 53663.331818 20.168 0.039 53663.333485 19.899 0.098 26.702196 -0.181055
53666.402743 21.437 0.291 53666.404409 20.515 0.049 53666.401076 20.231 0.035 53666.401909 20.188 0.04 53666.403576 19.819 0.102 26.702196 -0.181055
53668.322252 21.198 0.184 53668.323918 20.409 0.037 53668.320585 20.254 0.035 53668.321418 20.148 0.043 53668.323085 19.914 0.146 26.702196 -0.181055
53669.409867 21.321 0.293 53669.411533 20.643 0.051 53669.4082 20.243 0.039 53669.409033 20.257 0.051 53669.4107 19.688 0.119 26.702196 -0.181055
53670.327104 21.087 0.128 53670.32877 -99.99 0.029 53670.325437 20.323 0.035 53670.32627 20.232 0.047 53670.327937 -99.99 0.109 26.702196 -0.181055
53673.295091 21.324 0.114 53673.296757 20.483 0.023 53673.293424 20.301 0.028 53673.294257 20.124 0.033 53673.295924 19.878 0.085 26.702196 -0.181055
53675.291978 21.351 0.128 53675.293644 20.506 0.025 53675.290311 20.279 0.029 53675.291144 20.178 0.04 53675.292811 19.859 0.109 26.702196 -0.181055
53677.313008 21.253 0.11 53677.314674 20.476 0.022 53677.311341 20.26 0.025 53677.312174 20.23 0.03 53677.313841 19.888 0.072 26.702196 -0.181055
53680.299676 21.384 0.127 53680.301342 20.455 0.023 53680.298009 20.129 0.024 53680.298842 20.201 0.033 53680.300509 19.92 0.092 26.702196 -0.181055
53686.299109 20.807 0.272 53686.300775 20.45 0.108 53686.297442 -99.99 0.065 53686.298275 20.126 0.061 53686.299942 19.607 0.126 26.702196 -0.181055
53693.30157 22.326 0.916 53693.303236 20.495 0.069 53693.299903 20.244 0.049 53693.300736 20.265 0.053 53693.302403 20.004 0.138 26.702196 -0.181055
53698.298957 21.402 0.151 53698.300623 20.455 0.029 53698.29729 20.343 0.03 53698.298123 20.163 0.037 53698.29979 19.852 0.101 26.702196 -0.181055
53704.28489 21.406 0.184 53704.286556 20.559 0.028 53704.283223 20.302 0.033 53704.284056 20.247 0.044 53704.285723 20.165 0.157 26.702196 -0.181055
53989.380962 20.818 0.217 53989.382629 20.426 0.061 53989.379296 20.071 0.052 53989.380129 20.092 0.047 53989.381796 19.889 0.098 26.702196 -0.181055
53995.419671 21.03 0.083 53995.421338 20.356 0.023 53995.418005 20.181 0.025 53995.418838 20.074 0.026 53995.420505 19.679 0.063 26.702196 -0.181055
54000.356397 20.823 0.086 54000.358064 20.333 0.037 54000.354731 20.197 0.028 54000.355564 20.165 0.04 54000.357231 19.674 0.09 26.702196 -0.181055
54006.303157 -99.99 0.761 54006.304824 -99.99 0.431 54006.30149 -99.99 0.055 54006.302324 -99.99 1.974 54006.30399 -99.99 0.193 26.702196 -0.181055
54007.406517 21.209 0.135 54007.408184 -99.99 0.03 54007.404851 20.236 0.035 54007.405684 20.166 0.045 54007.407351 19.926 0.132 26.702196 -0.181055
54009.3303 20.985 0.076 54009.331967 20.375 0.021 54009.328633 20.181 0.026 54009.329467 20.037 0.031 54009.331133 19.808 0.068 26.702196 -0.181055
54011.394783 21.087 0.079 54011.39645 20.348 0.027 54011.393116 20.173 0.022 54011.39395 20.171 0.028 54011.395616 19.786 0.062 26.702196 -0.181055
54025.393792 20.92 0.114 54025.395459 20.355 0.025 54025.392125 20.149 0.031 54025.392959 20.128 0.039 54025.394625 19.801 0.098 26.702196 -0.181055
54029.324128 21.036 0.091 54029.325795 20.295 0.03 54029.322461 20.175 0.025 54029.323295 20.097 0.034 54029.324961 19.818 0.13 26.702196 -0.181055
54346.38758 20.881 0.174 54346.389247 20.34 0.043 54346.385913 20.09 0.036 54346.386747 20.047 0.041 54346.388413 19.772 0.082 26.702196 -0.181055
54348.391531 20.999 0.12 54348.393197 20.317 0.026 54348.389864 20.214 0.029 54348.390697 20.129 0.038 54348.392364 19.741 0.08 26.702196 -0.181055
54358.34735 20.939 0.116 54358.349017 20.365 0.028 54358.345683 20.187 0.034 54358.346517 20.161 0.044 54358.348183 19.991 0.153 26.702196 -0.181055
54365.380407 20.871 0.074 54365.382074 20.362 0.024 54365.378741 20.119 0.028 54365.379574 20.091 0.029 54365.381241 19.853 0.074 26.702196 -0.181055
54381.400008 20.987 0.102 54381.401675 20.384 0.028 54381.398342 20.109 0.031 54381.399175 20.107 0.039 54381.400842 19.99 0.102 26.702196 -0.181055
54384.406619 20.914 0.091 54384.408286 20.348 0.026 54384.404952 20.12 0.023 54384.405786 20.018 0.032 54384.407452 19.857 0.09 26.702196 -0.181055
54386.392297 20.826 0.08 54386.393964 20.336 0.031 54386.390631 20.11 0.024 54386.391464 20.083 0.03 54386.393131 20.016 0.108 26.702196 -0.181055
54388.396562 20.717 0.081 54388.398228 20.324 0.023 54388.394895 20.181 0.024 54388.395728 20.071 0.027 54388.397395 19.803 0.074 26.702196 -0.181055
54392.394159 20.987 0.143 54392.395826 20.241 0.038 54392.392493 20.144 0.031 54392.393326 20.052 0.046 54392.394993 19.845 0.142 26.702196 -0.181055
54403.310358 20.825 0.281 54403.312025 20.368 0.08 54403.308691 20.278 0.082 54403.309525 19.909 0.094 54403.311191 19.643 0.141 26.702196 -0.181055
54404.367936 20.898 0.15 54404.369603 20.352 0.04 54404.366269 20.097 0.03 54404.367103 20.145 0.036 54404.368769 19.819 0.095 26.702196 -0.181055
54406.304177 21.034 0.088 54406.305844 20.305 0.025 54406.30251 20.088 0.021 54406.303344 20.086 0.026 54406.30501 19.753 0.06 26.702196 -0.181055
54412.329983 20.891 0.1 54412.331649 20.257 0.026 54412.328316 20.114 0.034 54412.329149 20.01 0.036 54412.330816 19.855 0.09 26.702196 -0.181055
