51075.339645 21.13 0.092 51075.341311 20.49 0.025 51075.337978 20.115 0.023 51075.338811 19.776 0.027 51075.340478 19.694 0.105 14.364509 -0.024376
51819.394478 20.616 0.09 51819.396144 19.945 0.019 51819.392811 19.65 0.019 51819.393644 19.338 0.02 51819.395311 19.144 0.071 14.364509 -0.024376
52196.358852 21.017 0.109 52196.360518 20.198 0.021 52196.357185 19.895 0.022 52196.358018 19.614 0.025 52196.359685 19.517 0.083 14.364509 -0.024376
52197.353242 -99.99 0.091 52197.354908 20.148 0.021 52197.351575 19.891 0.021 52197.352408 19.594 0.022 52197.354075 19.429 0.077 14.364509 -0.024376
52207.325618 20.84 0.082 52207.327284 20.17 0.019 52207.323951 20.051 0.023 52207.324784 19.702 0.023 52207.326451 19.342 0.062 14.364509 -0.024376
52225.203449 20.862 0.079 52225.205115 20.202 0.02 52225.201782 19.927 0.021 52225.202615 19.602 0.023 52225.204282 19.429 0.065 14.364509 -0.024376
52231.239233 20.846 0.078 52231.240899 20.202 0.02 52231.237566 19.896 0.02 52231.238399 19.634 0.022 52231.240066 19.361 0.062 14.364509 -0.024376
52253.225399 21.175 0.152 52253.227065 20.286 0.025 52253.223732 19.976 0.026 52253.224565 19.757 0.033 52253.226232 19.674 0.092 14.364509 -0.024376
52557.347233 -99.99 0.092 52557.348899 20.11 0.019 52557.345566 19.825 0.02 52557.346399 19.49 0.021 52557.348066 19.321 0.068 14.364509 -0.024376
52578.243319 20.774 0.071 52578.244985 20.143 0.019 52578.241652 19.83 0.019 52578.242485 19.575 0.022 52578.244152 19.379 0.064 14.364509 -0.024376
52908.321799 21.279 0.109 52908.323465 20.356 0.022 52908.320132 20.085 0.023 52908.320965 19.707 0.023 52908.322632 19.393 0.067 14.364509 -0.024376
52934.253701 20.991 0.119 52934.255367 20.308 0.025 52934.252034 20.126 0.031 52934.252867 19.749 0.032 52934.254534 19.392 0.087 14.364509 -0.024376
52936.249628 21.043 0.089 52936.251294 20.302 0.02 52936.247961 20.019 0.022 52936.248794 19.763 0.023 52936.250461 19.406 0.059 14.364509 -0.024376
53270.313687 21.025 0.085 53270.315354 20.24 0.026 53270.312021 19.876 0.031 53270.312854 19.62 0.04 53270.314521 19.351 0.051 14.364509 -0.024376
53272.36363 20.913 0.081 53272.365296 20.223 0.018 53272.361963 19.937 0.019 53272.362796 19.589 0.019 53272.364463 19.46 0.06 14.364509 -0.024376
53286.332349 21.176 0.211 53286.334015 20.165 0.032 53286.330682 19.812 0.032 53286.331515 19.584 0.034 53286.333182 19.176 0.083 14.364509 -0.024376
53288.290841 20.925 0.111 53288.292507 20.149 0.021 53288.289174 19.899 0.022 53288.290007 19.601 0.025 53288.291674 19.388 0.071 14.364509 -0.024376
53294.338516 -99.99 0.092 53294.340182 20.177 0.021 53294.336849 19.883 0.023 53294.337682 19.511 0.022 53294.339349 19.347 0.062 14.364509 -0.024376
53296.285548 20.961 0.106 53296.287214 20.203 0.032 53296.283881 19.772 0.033 53296.284714 19.464 0.041 53296.286381 19.309 0.076 14.364509 -0.024376
53298.335294 21.002 0.119 53298.33696 20.208 0.023 53298.333627 19.915 0.026 53298.33446 19.655 0.029 53298.336127 19.272 0.079 14.364509 -0.024376
53302.28651 20.646 0.128 53302.288176 20.182 0.041 53302.284843 19.821 0.029 53302.285676 19.618 0.027 53302.287343 19.3 0.06 14.364509 -0.024376
53312.242106 20.995 0.127 53312.243773 20.213 0.04 53312.24044 19.851 0.037 53312.241273 19.53 0.046 53312.24294 19.392 0.079 14.364509 -0.024376
53314.243239 20.925 0.097 53314.244905 20.211 0.021 53314.241572 19.87 0.024 53314.242405 19.635 0.027 53314.244072 19.615 0.096 14.364509 -0.024376
53616.347599 21.319 0.181 53616.349265 20.285 0.026 53616.345932 20 0.027 53616.346765 19.704 0.03 53616.348432 19.541 0.094 14.364509 -0.024376
53626.324024 20.797 0.079 53626.32569 20.264 0.023 53626.322357 19.957 0.02 53626.32319 19.648 0.022 53626.324857 19.538 0.078 14.364509 -0.024376
53628.30889 21.244 0.239 53628.310556 20.216 0.051 53628.307223 19.998 0.035 53628.308056 19.703 0.034 53628.309723 19.354 0.071 14.364509 -0.024376
53637.310507 20.986 0.161 53637.312173 20.183 0.032 53637.30884 19.987 0.033 53637.309673 19.642 0.031 53637.31134 19.39 0.09 14.364509 -0.024376
53639.355884 21.013 0.098 53639.35755 20.207 0.021 53639.354217 19.929 0.02 53639.35505 19.582 0.019 53639.356717 19.506 0.057 14.364509 -0.024376
53654.337576 21.113 0.11 53654.339242 20.225 0.02 53654.335909 19.918 0.022 53654.336742 19.614 0.024 53654.338409 19.477 0.078 14.364509 -0.024376
53663.298481 20.989 0.233 53663.300147 20.115 0.038 53663.296814 19.894 0.029 53663.297647 19.622 0.025 53663.299314 19.496 0.069 14.364509 -0.024376
53665.276451 20.781 0.13 53665.278117 20.145 0.035 53665.274784 19.933 0.024 53665.275617 19.538 0.027 53665.277284 19.204 0.056 14.364509 -0.024376
53666.368578 21.342 0.266 53666.370244 20.151 0.035 53666.366911 19.926 0.029 53666.367744 19.587 0.026 53666.369411 19.516 0.084 14.364509 -0.024376
53668.288081 20.859 0.138 53668.289747 20.053 0.025 53668.286414 19.755 0.026 53668.287247 19.373 0.026 53668.288914 19.169 0.08 14.364509 -0.024376
53670.292934 20.82 0.116 53670.2946 20.054 0.023 53670.291267 19.765 0.021 53670.2921 19.504 0.026 53670.293767 19.402 0.1 14.364509 -0.024376
53673.260919 20.875 0.082 53673.262585 20.142 0.018 53673.259252 19.948 0.02 53673.260085 19.553 0.02 53673.261752 19.503 0.062 14.364509 -0.024376
53675.257806 20.71 0.081 53675.259472 20.131 0.02 53675.256139 19.8 0.026 53675.256972 19.433 0.028 53675.258639 19.253 0.067 14.364509 -0.024376
53677.278837 20.934 0.083 53677.280503 20.151 0.017 53677.27717 19.863 0.018 53677.278003 19.605 0.019 53677.27967 19.473 0.056 14.364509 -0.024376
53680.265504 20.99 0.086 53680.26717 20.305 0.02 53680.263837 19.912 0.02 53680.26467 19.577 0.02 53680.266337 19.352 0.052 14.364509 -0.024376
53693.2674 20.868 0.21 53693.269066 20.135 0.041 53693.265733 19.847 0.031 53693.266566 19.522 0.029 53693.268233 19.326 0.067 14.364509 -0.024376
53698.264789 20.929 0.102 53698.266455 20.175 0.021 53698.263122 19.885 0.024 53698.263955 19.592 0.023 53698.265622 19.344 0.066 14.364509 -0.024376
53704.250722 21.056 0.128 53704.252388 20.166 0.022 53704.249055 19.883 0.023 53704.249888 19.578 0.026 53704.251555 19.359 0.077 14.364509 -0.024376
53989.346843 21.188 0.234 53989.34851 20.206 0.043 53989.345176 19.913 0.032 53989.34601 19.651 0.042 53989.347676 19.526 0.065 14.364509 -0.024376
53995.361391 20.836 0.067 53995.363058 20.205 0.026 53995.359725 20.005 0.029 53995.360558 19.673 0.037 53995.362225 19.523 0.06 14.364509 -0.024376
54000.322201 20.752 0.104 54000.323868 20.2 0.03 54000.320534 19.992 0.035 54000.321368 19.69 0.052 54000.323034 19.406 0.096 14.364509 -0.024376
54006.268957 -99.99 0.075 54006.270624 -99.99 0.025 54006.26729 19.944 0.036 54006.268124 -99.99 0.046 54006.26979 -99.99 0.064 14.364509 -0.024376
54007.372376 20.711 0.114 54007.374043 20.224 0.05 54007.370709 19.933 0.045 54007.371543 19.55 0.041 54007.373209 -99.99 0.121 14.364509 -0.024376
54009.296117 20.974 0.084 54009.297783 20.269 0.025 54009.29445 19.943 0.036 54009.295283 19.63 0.041 54009.29695 19.508 0.066 14.364509 -0.024376
54011.360611 -99.99 0.063 54011.362278 20.204 0.027 54011.358945 19.973 0.036 54011.359778 19.674 0.024 54011.361445 19.387 0.047 14.364509 -0.024376
54025.359622 21.043 0.131 54025.361289 20.116 0.035 54025.357956 19.799 0.031 54025.358789 19.574 0.038 54025.360456 19.08 0.075 14.364509 -0.024376
54029.289983 20.7 0.081 54029.29165 20.1 0.032 54029.288316 19.831 0.029 54029.28915 19.52 0.039 54029.290816 19.394 0.088 14.364509 -0.024376
54348.357352 -99.99 0.091 54348.359019 20.255 0.033 54348.355686 19.964 0.041 54348.356519 19.691 0.044 54348.358186 19.424 0.056 14.364509 -0.024376
54358.313237 20.829 0.113 54358.314904 20.258 0.032 54358.311571 19.964 0.038 54358.312404 19.628 0.041 54358.314071 19.279 0.086 14.364509 -0.024376
54359.307425 21.67 0.478 54359.309092 20.302 0.047 54359.305759 19.989 0.06 54359.306592 19.76 0.08 54359.308259 19.625 0.26 14.364509 -0.024376
54365.346273 20.926 0.071 54365.347939 20.341 0.029 54365.344606 20 0.031 54365.345439 19.717 0.033 54365.347106 19.496 0.058 14.364509 -0.024376
54381.365814 21.018 0.084 54381.36748 20.44 0.033 54381.364147 20.004 0.034 54381.36498 19.789 0.036 54381.366647 19.567 0.062 14.364509 -0.024376
54384.372466 20.989 0.101 54384.374133 20.276 0.025 54384.370799 20.04 0.043 54384.371633 19.757 0.046 54384.373299 19.497 0.077 14.364509 -0.024376
54386.358144 21.212 0.164 54386.35981 20.339 0.038 54386.356477 20.12 0.047 54386.35731 19.894 0.061 54386.358977 19.384 0.104 14.364509 -0.024376
54388.362388 20.84 0.084 54388.364055 20.247 0.023 54388.360721 19.992 0.029 54388.361555 19.697 0.039 54388.363221 19.53 0.064 14.364509 -0.024376
54403.276253 -99.99 0.186 54403.27792 20.135 0.04 54403.274587 19.942 0.05 54403.27542 -99.99 0.05 54403.277087 19.411 0.071 14.364509 -0.024376
54404.333737 20.982 0.155 54404.335404 20.182 0.032 54404.332071 19.953 0.036 54404.332904 19.764 0.048 54404.334571 19.491 0.066 14.364509 -0.024376
54405.33177 -99.99 0.121 54405.333437 20.189 0.026 54405.330103 19.954 0.035 54405.330937 19.636 0.036 54405.332603 19.453 0.061 14.364509 -0.024376
54406.270018 20.887 0.081 54406.271684 20.182 0.023 54406.268351 19.989 0.04 54406.269184 19.637 0.044 54406.270851 19.436 0.07 14.364509 -0.024376
54412.272985 -99.99 0.085 54412.274651 20.2 0.027 54412.271318 19.957 0.036 54412.272151 19.643 0.043 54412.273818 19.478 0.078 14.364509 -0.024376
