52170.393048 20.386 0.051 52170.394714 19.757 0.015 52170.391381 19.659 0.016 52170.392214 19.682 0.025 52170.393881 19.516 0.065 26.164046 0.668313
52196.391539 20.271 0.055 52196.393205 19.726 0.015 52196.389872 19.676 0.021 52196.390705 19.612 0.027 52196.392372 19.321 0.069 26.164046 0.668313
52207.35834 20.078 0.048 52207.360006 19.716 0.016 52207.356673 19.62 0.017 52207.357506 19.654 0.024 52207.359173 19.317 0.058 26.164046 0.668313
52224.286506 20.316 0.052 52224.288172 19.723 0.014 52224.284839 19.614 0.016 52224.285672 19.636 0.022 52224.287339 19.362 0.054 26.164046 0.668313
52231.271913 20.241 0.052 52231.273579 19.71 0.015 52231.270246 19.61 0.017 52231.271079 19.611 0.024 52231.272746 19.561 0.071 26.164046 0.668313
52234.243003 20.273 0.049 52234.244669 19.729 0.015 52234.241336 19.626 0.016 52234.242169 19.624 0.021 52234.243836 19.389 0.047 26.164046 0.668313
52261.20636 20.358 0.058 52261.208026 19.748 0.015 52261.204693 19.589 0.017 52261.205526 19.587 0.023 52261.207193 19.559 0.071 26.164046 0.668313
52282.132988 20.36 0.056 52282.134654 19.774 0.017 52282.131321 19.658 0.02 52282.132154 19.617 0.026 52282.133821 19.516 0.076 26.164046 0.668313
52287.086852 20.166 0.048 52287.088518 19.737 0.015 52287.085185 19.64 0.018 52287.086018 19.574 0.024 52287.087685 19.419 0.062 26.164046 0.668313
52552.405554 20.234 0.048 52552.40722 19.757 0.015 52552.403887 19.661 0.017 52552.40472 19.646 0.024 52552.406387 19.557 0.07 26.164046 0.668313
52557.379911 20.25 0.053 52557.381577 19.757 0.016 52557.378244 19.668 0.017 52557.379077 19.681 0.026 52557.380744 19.497 0.078 26.164046 0.668313
52908.354479 20.361 0.048 52908.356145 19.755 0.015 52908.352812 19.628 0.016 52908.353645 19.689 0.024 52908.355312 19.489 0.062 26.164046 0.668313
52912.333918 20.265 0.054 52912.335584 19.723 0.016 52912.332251 19.649 0.017 52912.333084 19.659 0.025 52912.334751 19.42 0.062 26.164046 0.668313
52934.286383 20.244 0.055 52934.288049 19.756 0.016 52934.284716 19.707 0.019 52934.285549 19.647 0.027 52934.287216 19.351 0.072 26.164046 0.668313
52936.282308 20.228 0.047 52936.283974 19.91 0.036 52936.280641 19.661 0.016 52936.281474 19.714 0.024 52936.283141 19.434 0.058 26.164046 0.668313
53270.34636 20.346 0.051 53270.348027 19.764 0.015 53270.344694 -99.99 0.054 53270.345527 19.629 0.024 53270.347194 19.469 0.062 26.164046 0.668313
53272.396311 20.368 0.066 53272.397977 19.772 0.017 53272.394644 19.681 0.019 53272.395477 19.63 0.027 53272.397144 19.494 0.072 26.164046 0.668313
53286.365029 20.385 0.065 53286.366695 19.722 0.016 53286.363362 19.644 0.018 53286.364195 19.675 0.026 53286.365862 19.557 0.066 26.164046 0.668313
53288.323521 20.172 0.047 53288.325187 19.726 0.015 53288.321854 19.621 0.016 53288.322687 19.632 0.023 53288.324354 19.366 0.054 26.164046 0.668313
53294.371195 20.264 0.054 53294.372861 19.783 0.02 53294.369528 19.624 0.018 53294.370361 19.626 0.027 53294.372028 19.443 0.067 26.164046 0.668313
53296.318198 20.292 0.072 53296.319865 19.778 0.019 53296.316531 19.707 0.028 53296.317365 19.611 0.036 53296.319031 19.395 0.072 26.164046 0.668313
53298.367973 20.249 0.056 53298.369639 19.754 0.015 53298.366306 19.609 0.022 53298.367139 19.599 0.029 53298.368806 19.314 0.1 26.164046 0.668313
53302.319189 20.513 0.111 53302.320855 19.756 0.027 53302.317522 19.606 0.027 53302.318355 19.568 0.029 53302.320022 19.374 0.061 26.164046 0.668313
53312.27475 20.212 0.087 53312.276417 19.782 0.031 53312.273084 19.673 0.038 53312.273917 19.572 0.038 53312.275584 19.259 0.104 26.164046 0.668313
53314.275919 20.303 0.054 53314.277585 19.748 0.017 53314.274252 19.602 0.018 53314.275085 19.672 0.027 53314.276752 19.573 0.075 26.164046 0.668313
53319.263716 20.368 0.069 53319.265382 19.696 0.018 53319.262049 19.607 0.021 53319.262882 19.681 0.037 53319.264549 19.402 0.083 26.164046 0.668313
53616.380276 20.388 0.077 53616.381942 19.771 0.02 53616.378609 19.662 0.023 53616.379442 19.671 0.035 53616.381109 19.564 0.098 26.164046 0.668313
53626.356703 20.422 0.071 53626.358369 -99.99 0.147 53626.355036 19.624 0.018 53626.355869 19.667 0.039 53626.357536 -99.99 0.076 26.164046 0.668313
53628.341568 20.315 0.103 53628.343234 19.753 0.031 53628.339901 19.652 0.025 53628.340734 19.585 0.031 53628.342401 19.574 0.085 26.164046 0.668313
53637.343186 20.323 0.091 53637.344852 19.758 0.027 53637.341519 19.625 0.023 53637.342352 19.638 0.03 53637.344019 19.438 0.08 26.164046 0.668313
53639.388563 20.359 0.062 53639.390229 19.761 0.017 53639.386896 19.672 0.017 53639.387729 19.671 0.023 53639.389396 19.532 0.058 26.164046 0.668313
53641.387728 20.346 0.06 53641.389394 19.768 0.016 53641.386061 19.686 0.017 53641.386894 19.667 0.024 53641.388561 19.611 0.063 26.164046 0.668313
53657.346612 20.639 0.236 53657.348278 19.853 0.056 53657.344945 19.712 0.052 53657.345778 -99.99 0.06 53657.347445 -99.99 0.12 26.164046 0.668313
53663.33116 20.267 0.096 53663.332826 19.858 0.03 53663.329493 19.698 0.024 53663.330326 19.639 0.028 53663.331993 19.561 0.066 26.164046 0.668313
53666.401252 20.249 0.097 53666.402918 19.798 0.026 53666.399585 19.691 0.023 53666.400418 19.615 0.028 53666.402085 19.481 0.068 26.164046 0.668313
53668.32076 20.484 0.084 53668.322426 19.792 0.023 53668.319093 19.663 0.022 53668.319926 19.646 0.029 53668.321593 19.424 0.075 26.164046 0.668313
53669.408383 20.368 0.116 53669.410049 19.806 0.027 53669.406716 19.652 0.025 53669.407549 19.648 0.033 53669.409216 19.764 0.11 26.164046 0.668313
53670.325613 20.393 0.073 53670.327279 19.784 0.017 53670.323946 19.689 0.019 53670.324779 19.656 0.032 53670.326446 19.527 0.08 26.164046 0.668313
53673.293599 20.273 0.055 53673.295265 19.794 0.015 53673.291932 19.686 0.016 53673.292765 19.696 0.025 53673.294432 19.461 0.059 26.164046 0.668313
53675.290487 20.409 0.056 53675.292153 19.797 0.015 53675.28882 19.717 0.019 53675.289653 19.642 0.029 53675.29132 19.376 0.067 26.164046 0.668313
53677.311517 20.338 0.054 53677.313183 19.782 0.015 53677.30985 19.669 0.017 53677.310683 19.677 0.024 53677.31235 19.49 0.05 26.164046 0.668313
53680.298184 20.396 0.053 53680.29985 19.773 0.015 53680.296517 19.691 0.017 53680.29735 19.658 0.023 53680.299017 19.418 0.051 26.164046 0.668313
53686.297617 21.052 0.331 53686.299283 19.852 0.053 53686.29595 19.611 0.039 53686.296783 19.663 0.047 53686.29845 19.371 0.083 26.164046 0.668313
53693.300077 20.202 0.126 53693.301743 19.768 0.034 53693.29841 19.682 0.028 53693.299243 19.684 0.034 53693.30091 19.498 0.073 26.164046 0.668313
53698.297466 20.376 0.062 53698.299132 19.869 0.018 53698.295799 19.705 0.018 53698.296632 19.669 0.025 53698.298299 19.59 0.07 26.164046 0.668313
53704.283398 20.455 0.074 53704.285064 19.846 0.018 53704.281731 19.746 0.023 53704.282564 19.688 0.033 53704.284231 19.477 0.075 26.164046 0.668313
53989.379526 20.788 0.19 53989.381193 19.954 0.049 53989.377859 19.81 0.035 53989.378693 19.792 0.04 53989.380359 19.49 0.071 26.164046 0.668313
53995.418213 20.525 0.049 53995.41988 19.986 0.028 53995.416547 19.851 0.018 53995.41738 19.783 0.022 53995.419047 19.577 0.051 26.164046 0.668313
54000.354869 20.615 0.066 54000.356535 19.988 0.027 54000.353202 19.824 0.025 54000.354035 19.83 0.037 54000.355702 19.577 0.074 26.164046 0.668313
54006.301648 -99.99 0.192 54006.303315 -99.99 0.429 54006.299981 -99.99 0.524 54006.300815 -99.99 0.036 54006.302481 -99.99 0.757 26.164046 0.668313
54007.405012 20.55 0.099 54007.406679 19.941 0.03 54007.403346 19.87 0.03 54007.404179 19.886 0.044 54007.405846 -99.99 0.084 26.164046 0.668313
54009.328792 20.544 0.052 54009.330458 19.932 0.022 54009.327125 19.882 0.021 54009.327958 19.82 0.026 54009.329625 19.721 0.064 26.164046 0.668313
54011.393284 20.433 0.051 54011.394951 19.992 0.022 54011.391617 19.818 0.016 54011.392451 19.844 0.023 54011.394117 19.607 0.049 26.164046 0.668313
54025.392291 20.445 0.074 54025.393958 19.985 0.023 54025.390624 19.822 0.028 54025.391458 19.838 0.037 54025.393124 19.602 0.081 26.164046 0.668313
54029.322634 20.532 0.055 54029.324301 -99.99 0.02 54029.320967 19.801 0.033 54029.321801 19.806 0.03 54029.323467 19.554 0.068 26.164046 0.668313
54346.386053 20.769 0.138 54346.38772 19.945 0.037 54346.384386 19.854 0.034 54346.38522 19.837 0.035 54346.386886 19.623 0.076 26.164046 0.668313
54348.390032 20.538 0.078 54348.391698 19.963 0.025 54348.388365 19.843 0.028 54348.389198 19.868 0.033 54348.390865 19.615 0.065 26.164046 0.668313
54358.345878 20.612 0.093 54358.347545 19.967 0.03 54358.344211 19.872 0.033 54358.345045 19.907 0.044 54358.346711 19.634 0.09 26.164046 0.668313
54365.378927 20.521 0.056 54365.380594 19.971 0.024 54365.377261 19.88 0.024 54365.378094 19.853 0.031 54365.379761 19.72 0.063 26.164046 0.668313
54381.398484 20.559 0.065 54381.400151 -99.99 0.035 54381.396817 19.884 0.034 54381.397651 -99.99 0.039 54381.399317 19.598 0.075 26.164046 0.668313
54384.405129 20.503 0.064 54384.406795 19.968 0.021 54384.403462 19.885 0.022 54384.404295 19.858 0.03 54384.405962 19.635 0.064 26.164046 0.668313
54386.390808 20.551 0.06 54386.392475 19.949 0.033 54386.389141 19.847 0.027 54386.389975 19.784 0.028 54386.391641 19.625 0.065 26.164046 0.668313
54388.395063 20.55 0.062 54388.396729 19.905 0.031 54388.393396 19.802 0.021 54388.394229 19.83 0.027 54388.395896 19.575 0.054 26.164046 0.668313
54392.392638 20.277 0.086 54392.394305 19.84 0.029 54392.390971 19.859 0.033 54392.391805 19.886 0.043 54392.393471 19.517 0.094 26.164046 0.668313
54403.308896 20.318 0.163 54403.310562 19.821 0.057 54403.307229 19.715 0.14 54403.308062 19.704 0.07 54403.309729 19.366 0.141 26.164046 0.668313
54404.366405 20.476 0.098 54404.368071 19.94 0.027 54404.364738 19.767 0.026 54404.365571 19.86 0.032 54404.367238 19.652 0.073 26.164046 0.668313
54405.364404 20.427 0.091 54405.366071 19.891 0.023 54405.362737 19.769 0.024 54405.363571 19.752 0.028 54405.365237 19.598 0.077 26.164046 0.668313
54406.302689 20.319 0.048 54406.304356 19.86 0.023 54406.301023 19.773 0.018 54406.301856 19.758 0.025 54406.303523 19.57 0.048 26.164046 0.668313
54412.328453 20.476 0.073 54412.33012 19.894 0.024 54412.326787 19.807 0.034 54412.32762 19.777 0.038 54412.329287 19.539 0.067 26.164046 0.668313
