51464.206392 20.584 0.057 51464.208058 20.398 0.022 51464.204725 20.36 0.028 51464.205558 20.123 0.033 51464.207225 19.913 0.119 -29.367829 0.357896
52197.232138 20.488 0.063 52197.233804 20.32 0.021 52197.230471 20.331 0.027 52197.231304 20.006 0.029 52197.232971 19.875 0.101 -29.367829 0.357896
52231.118105 20.507 0.059 52231.119771 20.327 0.02 52231.116438 20.307 0.025 52231.117271 20.079 0.029 52231.118938 20.109 0.125 -29.367829 0.357896
52557.22611 20.408 0.086 52557.227776 20.341 0.025 52557.224443 20.336 0.035 52557.225276 20.036 0.039 52557.226943 19.937 0.174 -29.367829 0.357896
52578.122189 20.727 0.076 52578.123855 20.428 0.021 52578.120522 20.481 0.034 52578.121355 20.148 0.035 52578.123022 20.121 0.134 -29.367829 0.357896
52929.152416 20.523 0.068 52929.154082 20.416 0.022 52929.150749 20.396 0.028 52929.151582 20.143 0.03 52929.153249 20.272 0.158 -29.367829 0.357896
52934.132572 20.637 0.083 52934.134238 20.387 0.023 52934.130905 20.344 0.03 52934.131738 20.124 0.034 52934.133405 20.014 0.141 -29.367829 0.357896
52936.128499 20.597 0.064 52936.130165 20.41 0.02 52936.126832 20.353 0.028 52936.127665 20.127 0.03 52936.129332 20.141 0.127 -29.367829 0.357896
53243.313707 20.526 0.083 53243.315373 20.425 0.035 53243.31204 20.478 0.037 53243.312873 20.177 0.034 53243.31454 20.071 0.114 -29.367829 0.357896
53270.192563 20.587 0.083 53270.194229 20.376 0.03 53270.190896 20.445 0.032 53270.191729 20.125 0.034 53270.193396 20.06 0.135 -29.367829 0.357896
53272.242508 20.484 0.127 53272.244174 20.292 0.042 53272.240841 20.381 0.044 53272.241674 20.141 0.041 53272.243341 20.059 0.16 -29.367829 0.357896
53286.211224 20.463 0.085 53286.21289 20.365 0.028 53286.209557 20.391 0.035 53286.21039 20.047 0.035 53286.212057 19.891 0.131 -29.367829 0.357896
53288.169713 20.478 0.069 53288.171379 20.338 0.021 53288.168046 20.37 0.028 53288.168879 20.135 0.032 53288.170546 20.146 0.134 -29.367829 0.357896
53294.197041 20.479 0.071 53294.198707 20.381 0.024 53294.195374 20.355 0.029 53294.196207 20.184 0.043 53294.197874 20.103 0.139 -29.367829 0.357896
53302.165383 20.859 0.165 53302.167049 20.424 0.051 53302.163716 20.402 0.046 53302.164549 20.122 0.04 53302.166216 20.149 0.144 -29.367829 0.357896
53312.120919 20.708 0.111 53312.122585 20.439 0.045 53312.119252 20.511 0.046 53312.120085 20.145 0.05 53312.121752 20.275 0.272 -29.367829 0.357896
53314.122108 20.629 0.082 53314.123774 20.433 0.024 53314.120441 20.386 0.036 53314.121274 20.073 0.036 53314.122941 20.313 0.217 -29.367829 0.357896
53623.21669 20.737 0.098 53623.218356 20.637 0.032 53623.215023 20.587 0.035 53623.215856 20.318 0.04 53623.217523 20.274 0.202 -29.367829 0.357896
53626.202902 20.711 0.13 53626.204568 20.626 0.054 53626.201235 20.629 0.052 53626.202068 20.38 0.051 53626.203735 20.19 0.162 -29.367829 0.357896
53628.187768 21.094 0.417 53628.189434 20.581 0.103 53628.186101 20.453 0.095 53628.186934 20.334 0.093 53628.188601 20.381 0.31 -29.367829 0.357896
53637.189382 20.774 0.119 53637.191048 20.595 0.03 53637.187715 20.635 0.044 53637.188548 20.256 0.049 53637.190215 20.388 0.245 -29.367829 0.357896
53644.181836 20.718 0.069 53644.183503 20.631 0.024 53644.180169 20.589 0.027 53644.181003 20.276 0.029 53644.182669 20.244 0.118 -29.367829 0.357896
53654.216451 20.704 0.133 53654.218117 20.494 0.038 53654.214784 20.491 0.049 53654.215617 20.143 0.047 53654.217284 20.348 0.224 -29.367829 0.357896
53656.164044 20.985 0.427 53656.16571 20.249 0.082 53656.162377 20.202 0.089 53656.16321 20.094 0.086 53656.164877 19.855 0.245 -29.367829 0.357896
53663.177353 20.723 0.119 53663.179019 20.526 0.039 53663.175686 20.601 0.039 53663.176519 20.356 0.037 53663.178186 20.362 0.19 -29.367829 0.357896
53668.166954 20.961 0.127 53668.16862 20.607 0.028 53668.165287 20.598 0.043 53668.16612 20.245 0.053 53668.167787 20.178 0.214 -29.367829 0.357896
53670.171806 20.763 0.092 53670.173472 20.513 0.025 53670.170139 20.454 0.04 53670.170972 20.242 0.049 53670.172639 20.012 0.157 -29.367829 0.357896
53673.139789 20.576 0.08 53673.141455 20.545 0.026 53673.138122 20.553 0.035 53673.138955 20.216 0.041 53673.140622 20.303 0.185 -29.367829 0.357896
53675.136677 20.462 0.072 53675.138343 20.57 0.028 53675.13501 20.526 0.04 53675.135843 20.29 0.049 53675.13751 20.227 0.187 -29.367829 0.357896
53677.15771 20.542 0.068 53677.159376 20.607 0.024 53677.156043 20.579 0.034 53677.156876 20.307 0.036 53677.158543 20.313 0.144 -29.367829 0.357896
53680.144375 20.848 0.106 53680.146041 20.534 0.025 53680.142708 20.541 0.035 53680.143541 20.282 0.04 53680.145208 20.442 0.188 -29.367829 0.357896
53686.211079 -99.99 0.57 53686.212745 20.37 0.113 53686.209412 20.556 0.113 53686.210245 20.265 0.093 53686.211912 20.286 0.346 -29.367829 0.357896
53693.146277 20.678 0.169 53693.147943 20.534 0.052 53693.14461 20.707 0.057 53693.145443 20.33 0.049 53693.14711 20.219 0.147 -29.367829 0.357896
53702.14194 20.515 0.13 53702.143606 20.553 0.048 53702.140273 20.6 0.069 53702.141106 20.443 0.097 53702.142773 21.272 0.868 -29.367829 0.357896
53704.129603 20.737 0.093 53704.131269 20.649 0.029 53704.127936 20.548 0.037 53704.128769 20.288 0.04 53704.130436 20.082 0.149 -29.367829 0.357896
53989.225668 20.712 0.118 53989.227335 20.538 0.042 53989.224001 20.576 0.04 53989.224835 20.296 0.04 53989.226501 20.341 0.144 -29.367829 0.357896
53995.214921 20.564 0.064 53995.216588 20.566 0.026 53995.213255 20.557 0.029 53995.214088 20.259 0.03 53995.215755 20.445 0.146 -29.367829 0.357896
53997.193284 20.571 0.083 53997.194951 20.604 0.032 53997.191618 20.586 0.036 53997.192451 20.317 0.04 53997.194118 20.232 0.163 -29.367829 0.357896
54000.201078 20.78 0.105 54000.202745 20.622 0.034 54000.199412 20.584 0.054 54000.200245 20.27 0.043 54000.201912 19.997 0.168 -29.367829 0.357896
54007.177879 20.815 0.089 54007.179546 20.588 0.032 54007.176212 20.591 0.034 54007.177046 20.297 0.034 54007.178712 20.22 0.138 -29.367829 0.357896
54009.174995 20.784 0.097 54009.176662 20.556 0.032 54009.173328 20.533 0.032 54009.174162 20.333 0.063 54009.175828 20.42 0.154 -29.367829 0.357896
54011.239474 20.893 0.138 54011.241141 20.572 0.048 54011.237808 20.574 0.048 54011.238641 20.355 0.044 54011.240308 20.218 0.112 -29.367829 0.357896
54019.189684 20.744 0.087 54019.191351 20.671 0.033 54019.188017 20.587 0.032 54019.188851 20.288 0.031 54019.190517 20.31 0.113 -29.367829 0.357896
54025.238494 20.808 0.115 54025.240161 20.6 0.028 54025.236828 20.55 0.041 54025.237661 20.282 0.044 54025.239328 20.367 0.183 -29.367829 0.357896
54029.168845 20.742 0.076 54029.170512 20.621 0.031 54029.167179 20.535 0.031 54029.168012 20.357 0.036 54029.169679 20.345 0.144 -29.367829 0.357896
54051.145506 20.972 0.296 54051.147173 20.571 0.06 54051.143839 20.695 0.135 54051.144673 20.583 0.241 54051.146339 99.988 99.999 -29.367829 0.357896
54356.247015 20.716 0.083 54356.248681 20.487 0.027 54356.245348 20.474 0.029 54356.246181 20.21 0.041 54356.247848 19.856 0.113 -29.367829 0.357896
54358.192095 -99.99 3.971 54358.193761 20.508 0.039 54358.190428 20.385 0.053 54358.191261 -99.99 0.082 54358.192928 20.977 1.004 -29.367829 0.357896
54373.299319 20.433 0.188 54373.300986 20.58 0.082 54373.297652 20.367 0.061 54373.298486 20.194 0.076 54373.300152 20.134 0.174 -29.367829 0.357896
54382.23424 20.658 0.12 54382.235907 20.46 0.026 54382.232573 20.474 0.043 54382.233407 20.188 0.05 54382.235073 20.693 0.328 -29.367829 0.357896
54386.236997 20.831 0.096 54386.238664 20.497 0.024 54386.23533 20.408 0.027 54386.236164 20.165 0.034 54386.23783 20.346 0.155 -29.367829 0.357896
54388.241264 20.734 0.104 54388.242931 20.489 0.026 54388.239597 20.416 0.035 54388.240431 20.142 0.038 54388.242097 20.178 0.159 -29.367829 0.357896
54403.155043 20.797 0.084 54403.156709 20.541 0.028 54403.153376 20.47 0.033 54403.154209 20.227 0.035 54403.155876 20.147 0.115 -29.367829 0.357896
54406.14888 20.774 0.076 54406.150546 20.504 0.023 54406.147213 20.488 0.031 54406.148046 20.181 0.037 54406.149713 20.007 0.125 -29.367829 0.357896
54412.1518 20.79 0.096 54412.153467 20.535 0.026 54412.150133 20.447 0.032 54412.150967 20.223 0.035 54412.152633 20.201 0.149 -29.367829 0.357896
