51467.295991 20.523 0.118 51467.297657 20.234 0.031 51467.294324 19.879 0.03 51467.295157 19.933 0.043 51467.296824 19.597 0.16 -29.871315 0.138892
51819.271974 20.248 0.058 51819.27364 20.036 0.018 51819.270307 19.722 0.018 51819.27114 19.783 0.027 51819.272807 19.889 0.121 -29.871315 0.138892
52172.287539 20.127 0.052 52172.289205 19.908 0.016 52172.285872 19.673 0.017 52172.286705 19.697 0.023 52172.288372 19.592 0.087 -29.871315 0.138892
52172.337746 20.161 0.061 52172.339412 19.911 0.017 52172.336079 19.625 0.018 52172.336912 19.668 0.025 52172.338579 19.748 0.123 -29.871315 0.138892
52558.237245 19.921 0.047 52558.238911 19.756 0.015 52558.235578 19.526 0.016 52558.236411 19.622 0.023 52558.238078 19.512 0.09 -29.871315 0.138892
52577.12474 19.868 0.043 52577.126406 19.721 0.014 52577.123073 19.513 0.017 52577.123906 19.573 0.026 52577.125573 19.616 0.123 -29.871315 0.138892
52586.128217 19.877 0.04 52586.129883 19.726 0.015 52586.12655 19.555 0.017 52586.127383 19.625 0.024 52586.12905 19.947 0.138 -29.871315 0.138892
52931.138901 19.83 0.039 52931.140567 19.685 0.013 52931.137234 19.486 0.014 52931.138067 19.587 0.02 52931.139734 19.741 0.093 -29.871315 0.138892
52935.135865 19.819 0.041 52935.137531 19.689 0.014 52935.134198 19.493 0.016 52935.135031 19.576 0.022 52935.136698 19.6 0.088 -29.871315 0.138892
53313.129066 20.062 0.053 53313.130732 19.89 0.017 53313.127399 19.607 0.019 53313.128232 19.732 0.029 53313.129899 19.769 0.126 -29.871315 0.138892
53622.238311 20.057 0.069 53622.239977 19.966 0.022 53622.236644 19.666 0.023 53622.237477 19.749 0.035 53622.239144 19.823 0.152 -29.871315 0.138892
53625.234275 20.16 0.055 53625.235941 19.953 0.019 53625.232608 19.686 0.018 53625.233441 19.802 0.025 53625.235108 19.627 0.082 -29.871315 0.138892
53636.193312 20.178 0.063 53636.194978 19.945 0.021 53636.191645 19.729 0.021 53636.192478 19.779 0.028 53636.194145 19.908 0.119 -29.871315 0.138892
53655.165317 20.058 0.096 53655.166983 19.883 0.036 53655.16365 19.711 0.029 53655.164483 19.745 0.036 53655.16615 19.821 0.148 -29.871315 0.138892
53664.190277 20.178 0.116 53664.191943 19.98 0.033 53664.18861 19.649 0.026 53664.189443 19.79 0.036 53664.19111 19.852 0.148 -29.871315 0.138892
53666.153878 20.143 0.047 53666.155544 19.949 0.015 53666.152211 19.71 0.017 53666.153044 19.773 0.025 53666.154711 19.755 0.099 -29.871315 0.138892
53669.149516 20.049 0.047 53669.151182 19.924 0.015 53669.147849 19.69 0.017 53669.148682 19.795 0.024 53669.150349 19.782 0.1 -29.871315 0.138892
53671.234307 20.142 0.087 53671.235973 19.989 0.023 53671.23264 19.769 0.029 53671.233473 19.78 0.034 53671.23514 19.851 0.189 -29.871315 0.138892
53674.133751 20.118 0.055 53674.135417 19.968 0.016 53674.132084 19.705 0.018 53674.132917 19.787 0.025 53674.134584 20.117 0.132 -29.871315 0.138892
53676.223248 20.196 0.06 53676.224914 19.968 0.017 53676.221581 19.696 0.018 53676.222414 19.766 0.024 53676.224081 19.973 0.11 -29.871315 0.138892
53679.195131 20.069 0.07 53679.196797 19.95 0.021 53679.193464 19.698 0.022 53679.194297 19.844 0.031 53679.195964 19.868 0.145 -29.871315 0.138892
53681.186642 20.131 0.062 53681.188308 19.905 0.016 53681.184975 19.686 0.019 53681.185808 19.748 0.025 53681.187475 19.728 0.095 -29.871315 0.138892
53685.145688 19.993 0.149 53685.147354 19.851 0.046 53685.144021 19.555 0.035 53685.144854 19.744 0.059 53685.146521 19.616 0.112 -29.871315 0.138892
53687.184035 20.147 0.145 53687.185701 19.947 0.047 53687.182368 19.639 0.032 53687.183201 19.731 0.037 53687.184868 19.736 0.109 -29.871315 0.138892
53700.142626 19.992 0.052 53700.144292 19.83 0.016 53700.140959 19.635 0.018 53700.141792 19.74 0.026 53700.143459 19.601 0.096 -29.871315 0.138892
53705.129296 19.99 0.059 53705.130962 19.845 0.017 53705.127629 19.65 0.021 53705.128462 19.744 0.027 53705.130129 19.619 0.104 -29.871315 0.138892
53975.214295 20.339 0.055 53975.215962 20.067 0.02 53975.212628 19.772 0.019 53975.213462 19.873 0.026 53975.215128 19.915 0.109 -29.871315 0.138892
53993.282114 20.289 0.062 53993.283781 20.072 0.024 53993.280447 19.8 0.023 53993.281281 19.875 0.027 53993.282947 19.815 0.109 -29.871315 0.138892
53996.22106 20.332 0.053 53996.222727 20.11 0.022 53996.219394 19.796 0.018 53996.220227 19.873 0.022 53996.221894 20.07 0.111 -29.871315 0.138892
53998.189659 20.333 0.057 53998.191325 20.064 0.02 53998.187992 19.776 0.016 53998.188825 19.898 0.026 53998.190492 20.081 0.095 -29.871315 0.138892
54010.175131 20.203 0.063 54010.176797 20.008 0.025 54010.173464 19.783 0.022 54010.174297 19.883 0.025 54010.175964 19.753 0.072 -29.871315 0.138892
54012.168014 20.171 0.107 54012.169681 19.943 0.04 54012.166347 19.73 0.039 54012.167181 19.936 0.052 54012.168847 19.831 0.117 -29.871315 0.138892
54020.173951 20.129 0.05 54020.175618 19.994 0.022 54020.172284 19.756 0.022 54020.173118 19.859 0.029 54020.174784 19.695 0.097 -29.871315 0.138892
54022.223239 20.19 0.085 54022.224905 19.944 0.026 54022.221572 19.73 0.034 54022.222405 19.871 0.044 54022.224072 19.703 0.135 -29.871315 0.138892
54028.164317 20.29 0.072 54028.165983 19.938 0.022 54028.16265 19.799 0.035 54028.163483 19.774 0.033 54028.16515 20.126 0.187 -29.871315 0.138892
54030.167531 20.205 0.049 54030.169197 19.968 0.017 54030.165864 19.704 0.018 54030.166697 19.783 0.022 54030.168364 20.106 0.106 -29.871315 0.138892
54035.243332 19.983 0.084 54035.244998 19.948 0.028 54035.241665 19.679 0.03 54035.242498 19.793 0.045 54035.244165 19.636 0.148 -29.871315 0.138892
54037.148768 20.034 0.062 54037.150434 19.945 0.035 54037.147101 19.626 0.027 54037.147934 19.763 0.034 54037.149601 19.605 0.119 -29.871315 0.138892
54040.163245 19.983 0.086 54040.164911 19.881 0.038 54040.161578 19.733 0.036 54040.162411 19.8 0.041 54040.164078 19.8 0.114 -29.871315 0.138892
54050.147877 20.113 0.066 54050.149543 19.897 0.026 54050.14621 19.683 0.024 54050.147043 19.825 0.033 54050.14871 19.75 0.13 -29.871315 0.138892
54053.154023 20.062 0.055 54053.15569 19.981 0.022 54053.152357 19.687 0.021 54053.15319 19.742 0.028 54053.154857 19.676 0.109 -29.871315 0.138892
54056.155738 -99.99 0.139 54056.157404 19.967 0.025 54056.154071 19.725 0.032 54056.154904 -99.99 0.068 54056.156571 19.492 0.125 -29.871315 0.138892
54057.124344 20.135 0.053 54057.126011 -99.99 0.023 54057.122678 -99.99 0.022 54057.123511 19.822 0.031 54057.125178 19.621 0.093 -29.871315 0.138892
54059.149977 20.03 0.059 54059.151644 20.015 0.027 54059.148311 19.738 0.027 54059.149144 19.792 0.032 54059.150811 19.613 0.109 -29.871315 0.138892
54061.161046 20.208 0.067 54061.162713 19.983 0.023 54061.15938 19.766 0.028 54061.160213 19.839 0.037 54061.16188 19.804 0.141 -29.871315 0.138892
54062.15489 19.95 0.061 54062.156556 19.936 0.026 54062.153223 19.669 0.026 54062.154056 19.731 0.04 54062.155723 19.626 0.135 -29.871315 0.138892
54068.144874 20.302 0.228 54068.146541 19.906 0.081 54068.143208 19.784 0.06 54068.144041 19.769 0.076 54068.145708 19.779 0.248 -29.871315 0.138892
54357.193225 20.196 0.061 54357.194892 20.012 0.024 54357.191558 19.762 0.02 54357.192392 19.78 0.027 54357.194058 20.119 0.142 -29.871315 0.138892
54365.191025 20.087 0.095 54365.192691 20.048 0.04 54365.189358 19.704 0.029 54365.190191 19.836 0.038 54365.191858 19.671 0.107 -29.871315 0.138892
54385.240998 20.211 0.067 54385.242665 20.006 0.036 54385.239332 19.749 0.028 54385.240165 19.922 0.04 54385.241832 19.918 0.112 -29.871315 0.138892
54387.241514 20.229 0.074 54387.24318 20.005 0.019 54387.239847 19.744 0.023 54387.24068 19.803 0.029 54387.242347 19.756 0.107 -29.871315 0.138892
54392.236278 20.362 0.101 54392.237945 19.981 0.028 54392.234611 19.722 0.026 54392.235445 19.796 0.043 54392.237111 19.939 0.157 -29.871315 0.138892
54402.234744 20.231 0.147 54402.23641 19.989 0.042 54402.233077 19.699 0.034 54402.23391 19.793 0.038 54402.235577 19.924 0.134 -29.871315 0.138892
