51464.209828 20.124 0.04 51464.211494 20.138 0.018 51464.208161 19.869 0.019 51464.208994 19.891 0.027 51464.210661 19.942 0.115 -28.131596 0.27201
52197.235545 20.339 0.056 52197.237211 20.23 0.019 52197.233878 19.903 0.019 52197.234711 19.902 0.025 52197.236378 19.879 0.102 -28.131596 0.27201
52231.12153 20.231 0.049 52231.123196 20.129 0.017 52231.119863 19.871 0.019 52231.120696 19.845 0.023 52231.122363 19.912 0.098 -28.131596 0.27201
52557.229535 20.256 0.058 52557.231201 20.133 0.019 52557.227868 19.845 0.022 52557.228701 19.9 0.031 52557.230368 20.057 0.142 -28.131596 0.27201
52578.125613 20.234 0.052 52578.127279 20.16 0.017 52578.123946 19.882 0.02 52578.124779 19.86 0.028 52578.126446 19.928 0.11 -28.131596 0.27201
52929.15584 20.386 0.058 52929.157506 20.154 0.018 52929.154173 19.865 0.019 52929.155006 19.923 0.027 52929.156673 20.192 0.147 -28.131596 0.27201
52934.135996 20.376 0.067 52934.137662 20.15 0.02 52934.134329 19.878 0.022 52934.135162 19.875 0.031 52934.136829 20.005 0.134 -28.131596 0.27201
52936.131923 20.31 0.051 52936.133589 20.2 0.018 52936.130256 19.877 0.018 52936.131089 19.877 0.024 52936.132756 19.849 0.094 -28.131596 0.27201
53243.317131 20.057 0.055 53243.318797 19.916 0.022 53243.315464 19.69 0.02 53243.316297 19.699 0.024 53243.317964 19.732 0.086 -28.131596 0.27201
53270.195998 19.99 0.052 53270.197665 19.906 0.022 53270.194331 19.653 0.02 53270.195165 19.671 0.024 53270.196831 19.653 0.087 -28.131596 0.27201
53272.245932 19.986 0.082 53272.247598 19.901 0.035 53272.244265 19.67 0.026 53272.245098 19.681 0.031 53272.246765 19.766 0.11 -28.131596 0.27201
53286.214648 20.056 0.061 53286.216314 19.917 0.019 53286.212981 19.682 0.021 53286.213814 19.678 0.027 53286.215481 -99.99 0.12 -28.131596 0.27201
53288.173137 20.028 0.049 53288.174803 19.919 0.016 53288.17147 19.677 0.017 53288.172303 19.704 0.022 53288.17397 19.785 0.093 -28.131596 0.27201
53294.200474 19.989 0.047 53294.202141 19.95 0.02 53294.198807 19.657 0.02 53294.199641 19.655 0.033 53294.201307 19.613 0.102 -28.131596 0.27201
53302.168806 20.164 0.097 53302.170472 19.946 0.034 53302.167139 19.711 0.028 53302.167972 19.64 0.029 53302.169639 19.657 0.099 -28.131596 0.27201
53312.124337 20.02 0.06 53312.126004 19.941 0.021 53312.12267 19.696 0.035 53312.123504 19.779 0.04 53312.12517 19.874 0.152 -28.131596 0.27201
53314.125532 20.11 0.054 53314.127198 19.924 0.016 53314.123865 19.642 0.019 53314.124698 19.667 0.027 53314.126365 19.8 0.12 -28.131596 0.27201
53616.229904 20.192 0.129 53616.23157 19.845 0.019 53616.228237 -99.99 0.068 53616.22907 19.663 0.074 53616.230737 19.568 0.142 -28.131596 0.27201
53623.220114 20.084 0.057 53623.22178 19.954 0.019 53623.218447 19.628 0.018 53623.21928 19.647 0.026 53623.220947 19.82 0.116 -28.131596 0.27201
53626.206327 19.99 0.069 53626.207993 19.925 0.028 53626.20466 19.686 0.026 53626.205493 19.656 0.029 53626.20716 19.727 0.104 -28.131596 0.27201
53628.191192 20.017 0.141 53628.192858 19.933 0.057 53628.189525 19.547 0.04 53628.190358 19.634 0.046 53628.192025 19.697 0.158 -28.131596 0.27201
53637.192806 20.005 0.061 53637.194472 19.957 0.019 53637.191139 19.681 0.02 53637.191972 19.684 0.032 53637.193639 19.878 0.161 -28.131596 0.27201
53644.185272 20.099 0.045 53644.186939 19.969 0.018 53644.183605 19.678 0.016 53644.184439 19.682 0.024 53644.186105 19.79 0.083 -28.131596 0.27201
53654.219875 20.114 0.065 53654.221541 19.945 0.024 53654.218208 19.639 0.022 53654.219041 19.675 0.03 53654.220708 19.743 0.124 -28.131596 0.27201
53656.167468 20.166 0.152 53656.169134 19.946 0.049 53656.165801 19.67 0.041 53656.166634 19.614 0.043 53656.168301 19.791 0.155 -28.131596 0.27201
53663.180777 19.968 0.064 53663.182443 19.95 0.025 53663.17911 19.659 0.02 53663.179943 19.675 0.022 53663.18161 19.811 0.086 -28.131596 0.27201
53665.158746 -99.99 0.351 53665.160412 19.524 0.219 53665.157079 19.383 0.093 53665.157912 19.637 0.29 53665.159579 19.067 0.547 -28.131596 0.27201
53668.170378 20.095 0.06 53668.172044 19.908 0.018 53668.168711 19.629 0.021 53668.169544 19.602 0.03 53668.171211 19.58 0.133 -28.131596 0.27201
53670.17523 20.033 0.054 53670.176896 19.895 0.018 53670.173563 19.659 0.019 53670.174396 19.597 0.024 53670.176063 19.801 0.112 -28.131596 0.27201
53673.143214 20.067 0.056 53673.14488 19.913 0.017 53673.141547 19.614 0.018 53673.14238 19.612 0.025 53673.144047 19.559 0.108 -28.131596 0.27201
53675.140102 20.116 0.057 53675.141768 19.878 0.016 53675.138435 19.637 0.021 53675.139268 19.658 0.027 53675.140935 19.763 0.131 -28.131596 0.27201
53677.161134 19.977 0.048 53677.1628 19.856 0.015 53677.159467 19.65 0.017 53677.1603 19.628 0.021 53677.161967 19.646 0.087 -28.131596 0.27201
53680.1478 19.954 0.049 53680.149466 19.839 0.017 53680.146133 19.602 0.018 53680.146966 19.627 0.024 53680.148633 19.501 0.082 -28.131596 0.27201
53686.214503 19.791 0.192 53686.216169 19.951 0.085 53686.212836 19.549 0.05 53686.213669 19.61 0.061 53686.215336 19.726 0.223 -28.131596 0.27201
53693.149701 19.92 0.086 53693.151367 19.835 0.032 53693.148034 19.636 0.024 53693.148867 19.615 0.028 53693.150534 19.796 0.111 -28.131596 0.27201
53702.145475 19.988 0.097 53702.147142 19.868 0.027 53702.143809 19.631 0.035 53702.144642 19.608 0.051 53702.146309 19.628 0.206 -28.131596 0.27201
53703.154527 20.093 0.105 53703.156194 19.816 0.022 53703.15286 19.555 0.025 53703.153694 19.69 0.038 53703.15536 19.622 0.132 -28.131596 0.27201
53704.133027 19.921 0.052 53704.134693 19.824 0.016 53704.13136 19.593 0.018 53704.132193 19.622 0.024 53704.13386 19.701 0.107 -28.131596 0.27201
53989.229128 20.21 0.084 53989.230795 19.908 0.027 53989.227462 19.65 0.023 53989.228295 19.585 0.028 53989.229962 19.807 0.094 -28.131596 0.27201
53995.218325 20.076 0.043 53995.219992 19.943 0.019 53995.216659 19.673 0.025 53995.217492 19.692 0.022 53995.219159 19.785 0.085 -28.131596 0.27201
53997.196703 20.048 0.052 53997.19837 19.959 0.022 53997.195037 19.69 0.027 53997.19587 19.661 0.027 53997.197537 19.839 0.104 -28.131596 0.27201
54000.204503 20.091 0.062 54000.206169 19.888 0.019 54000.202836 19.649 0.026 54000.203669 19.71 0.03 54000.205336 19.5 0.105 -28.131596 0.27201
54007.181328 20.025 0.048 54007.182994 20.001 0.019 54007.179661 19.7 0.038 54007.180494 19.702 0.024 54007.182161 19.65 0.075 -28.131596 0.27201
54009.178416 20.095 0.049 54009.180083 20.005 0.022 54009.17675 19.737 0.02 54009.177583 19.69 0.023 54009.17925 19.706 0.07 -28.131596 0.27201
54011.242923 19.99 0.063 54011.244589 19.956 0.028 54011.241256 19.692 0.024 54011.242089 19.713 0.029 54011.243756 19.811 0.083 -28.131596 0.27201
54019.193128 20.245 0.058 54019.194794 20.019 0.022 54019.191461 19.755 0.019 54019.192294 19.728 0.024 54019.193961 19.775 0.072 -28.131596 0.27201
54025.241943 20.168 0.071 54025.24361 20.053 0.025 54025.240277 19.767 0.022 54025.24111 19.783 0.035 54025.242777 19.848 0.144 -28.131596 0.27201
54029.172263 20.271 0.052 54029.173929 20.082 0.018 54029.170596 19.822 0.028 54029.171429 19.756 0.03 54029.173096 19.935 0.094 -28.131596 0.27201
54051.148842 20.352 0.299 54051.150509 20.098 0.16 54051.147176 19.658 0.053 54051.148009 19.919 0.104 54051.149676 -99.99 99.999 -28.131596 0.27201
54356.250456 20.282 0.062 54356.252122 20.113 0.02 54356.248789 19.848 0.024 54356.249622 19.821 0.029 54356.251289 20.008 0.128 -28.131596 0.27201
54358.195507 20.331 0.115 54358.197173 20.102 0.024 54358.19384 19.853 0.035 54358.194673 19.836 0.041 54358.19634 20.01 0.173 -28.131596 0.27201
54373.30275 20.231 0.157 54373.304416 20.152 0.048 54373.301083 19.807 0.041 54373.301916 19.784 0.039 54373.303583 20.056 0.15 -28.131596 0.27201
54382.23767 20.152 0.072 54382.239337 20.109 0.024 54382.236003 19.833 0.025 54382.236837 19.8 0.033 54382.238503 19.878 0.144 -28.131596 0.27201
54386.240422 20.284 0.056 54386.242089 20.13 0.02 54386.238755 19.802 0.019 54386.239589 19.817 0.024 54386.241255 19.929 0.103 -28.131596 0.27201
54388.244756 20.327 0.074 54388.246423 20.145 0.022 54388.243089 19.801 0.022 54388.243923 19.755 0.029 54388.245589 19.841 0.119 -28.131596 0.27201
54403.158479 20.191 0.059 54403.160146 20.109 0.026 54403.156812 19.813 0.02 54403.157646 19.805 0.029 54403.159312 20.238 0.155 -28.131596 0.27201
54406.152297 20.191 0.052 54406.153964 20.083 0.017 54406.15063 19.765 0.02 54406.151464 19.771 0.026 54406.15313 19.764 0.105 -28.131596 0.27201
54412.155251 20.084 0.059 54412.156918 20.077 0.025 54412.153584 19.806 0.022 54412.154418 19.792 0.028 54412.156084 20.045 0.136 -28.131596 0.27201
