51464.217034 20.969 0.072 51464.2187 20.512 0.028 51464.215367 20.06 0.024 51464.2162 19.776 0.027 51464.217867 19.738 0.094 -25.523431 -0.98664
52197.242777 20.742 0.072 52197.244443 20.494 0.029 52197.24111 19.977 0.021 52197.241943 19.784 0.024 52197.24361 19.779 0.089 -25.523431 -0.98664
52231.128755 20.87 0.071 52231.130421 20.457 0.027 52231.127088 19.948 0.02 52231.127921 19.744 0.023 52231.129588 19.586 0.069 -25.523431 -0.98664
52557.236759 20.957 0.1 52557.238425 20.586 0.032 52557.235092 20.073 0.028 52557.235925 19.741 0.03 52557.237592 19.608 0.09 -25.523431 -0.98664
52578.132836 20.817 0.068 52578.134502 20.577 0.027 52578.131169 20.022 0.023 52578.132002 19.775 0.026 52578.133669 19.677 0.081 -25.523431 -0.98664
52929.163064 21.049 0.09 52929.16473 20.74 0.032 52929.161397 20.129 0.024 52929.16223 19.923 0.029 52929.163897 19.811 0.098 -25.523431 -0.98664
52934.143219 21.03 0.1 52934.144885 20.686 0.035 52934.141552 20.151 0.027 52934.142385 19.952 0.034 52934.144052 19.928 0.116 -25.523431 -0.98664
52936.139147 21.129 0.083 52936.140813 20.776 0.029 52936.13748 20.148 0.022 52936.138313 19.979 0.027 52936.13998 19.857 0.081 -25.523431 -0.98664
53270.203213 21.021 0.106 53270.20488 20.699 0.043 53270.201547 20.098 0.026 53270.20238 19.864 0.029 53270.204047 19.687 0.076 -25.523431 -0.98664
53272.253155 21.293 0.288 53272.254821 20.707 0.096 53272.251488 20.101 0.042 53272.252321 20.001 0.044 53272.253988 20.209 0.168 -25.523431 -0.98664
53286.221871 21.014 0.122 53286.223537 20.662 0.034 53286.220204 20.142 0.026 53286.221037 19.971 0.034 53286.222704 19.834 0.094 -25.523431 -0.98664
53288.18036 21.165 0.12 53288.182026 20.731 0.037 53288.178693 20.176 0.026 53288.179526 19.903 0.028 53288.181193 19.971 0.102 -25.523431 -0.98664
53294.207677 21.064 0.127 53294.209344 20.767 0.049 53294.20601 20.134 0.031 53294.206844 19.904 0.045 53294.20851 20.108 0.178 -25.523431 -0.98664
53302.176029 21.174 0.28 53302.177695 20.581 0.08 53302.174362 20.143 0.052 53302.175195 19.757 0.041 53302.176862 19.73 0.112 -25.523431 -0.98664
53312.13156 21.182 0.131 53312.133227 20.845 0.045 53312.129893 20.326 0.04 53312.130727 20.012 0.048 53312.132393 19.828 0.141 -25.523431 -0.98664
53314.132757 21.179 0.106 53314.134423 20.821 0.034 53314.13109 20.21 0.028 53314.131923 19.955 0.033 53314.13359 19.965 0.122 -25.523431 -0.98664
53616.237127 20.925 0.179 53616.238793 20.589 0.044 53616.23546 19.911 0.05 53616.236293 -99.99 0.067 53616.23796 19.686 0.13 -25.523431 -0.98664
53623.227336 20.81 0.093 53623.229002 20.595 0.035 53623.225669 20.088 0.025 53623.226502 19.814 0.029 53623.228169 19.73 0.094 -25.523431 -0.98664
53637.200029 21.085 0.136 53637.201695 20.522 0.041 53637.198362 20.058 0.03 53637.199195 19.798 0.036 53637.200862 19.703 0.117 -25.523431 -0.98664
53644.192501 21.087 0.084 53644.194167 20.708 0.029 53644.190834 20.081 0.022 53644.191667 19.883 0.024 53644.193334 19.906 0.081 -25.523431 -0.98664
53654.227099 20.953 0.108 53654.228765 20.622 0.039 53654.225432 20.112 0.029 53654.226265 19.884 0.033 53654.227932 19.908 0.12 -25.523431 -0.98664
53656.17469 21.404 0.422 53656.176356 20.439 0.089 53656.173023 20.124 0.064 53656.173856 19.869 0.061 53656.175523 19.92 0.19 -25.523431 -0.98664
53663.188 21.718 0.29 53663.189666 20.58 0.048 53663.186333 20.138 0.029 53663.187166 19.914 0.029 53663.188833 19.834 0.085 -25.523431 -0.98664
53668.177601 21.023 0.115 53668.179267 20.752 0.043 53668.175934 20.221 0.032 53668.176767 19.943 0.04 53668.178434 19.828 0.139 -25.523431 -0.98664
53670.182454 21.146 0.113 53670.18412 20.736 0.033 53670.180787 20.147 0.025 53670.18162 19.986 0.035 53670.183287 19.861 0.103 -25.523431 -0.98664
53673.150436 20.908 0.094 53673.152102 20.707 0.036 53673.148769 20.131 0.026 53673.149602 19.897 0.032 53673.151269 19.723 0.092 -25.523431 -0.98664
53675.147324 21.123 0.099 53675.14899 20.679 0.033 53675.145657 20.111 0.026 53675.14649 19.852 0.032 53675.148157 19.875 0.114 -25.523431 -0.98664
53677.168357 21.133 0.095 53677.170023 20.723 0.03 53677.16669 20.199 0.025 53677.167523 19.932 0.027 53677.16919 19.747 0.074 -25.523431 -0.98664
53680.155024 21.259 0.127 53680.15669 20.71 0.035 53680.153357 20.172 0.028 53680.15419 19.858 0.03 53680.155857 19.778 0.089 -25.523431 -0.98664
53686.221725 20.908 0.575 53686.223391 20.658 0.172 53686.220058 20.017 0.095 53686.220891 19.85 0.089 53686.222558 -99.99 0.172 -25.523431 -0.98664
53693.156925 20.975 0.2 53693.158591 20.685 0.067 53693.155258 20.158 0.037 53693.156091 19.901 0.036 53693.157758 19.991 0.111 -25.523431 -0.98664
53702.152586 21.038 0.178 53702.154253 20.806 0.07 53702.150919 20.174 0.058 53702.151753 19.963 0.066 53702.153419 19.421 0.138 -25.523431 -0.98664
53704.14025 21.285 0.137 53704.141916 20.837 0.04 53704.138583 20.247 0.028 53704.139416 19.899 0.031 53704.141083 19.885 0.111 -25.523431 -0.98664
53989.236331 21.079 0.167 53989.237998 20.562 0.049 53989.234664 20.004 0.032 53989.235498 19.825 0.031 53989.237164 19.85 0.087 -25.523431 -0.98664
53995.225553 21.09 0.077 53995.22722 20.618 0.031 53995.223887 20.066 0.02 53995.22472 19.871 0.025 53995.226387 19.879 0.072 -25.523431 -0.98664
54000.211733 20.855 0.097 54000.213399 20.58 0.036 54000.210066 20.008 0.025 54000.210899 19.851 0.034 54000.212566 19.917 0.113 -25.523431 -0.98664
54007.188531 21.074 0.103 54007.190198 20.629 0.032 54007.186865 20.054 0.027 54007.187698 19.871 0.028 54007.189365 19.749 0.072 -25.523431 -0.98664
54007.261872 21.119 0.104 54007.263539 20.676 0.03 54007.260205 20.08 0.025 54007.261039 19.841 0.027 54007.262705 19.76 0.076 -25.523431 -0.98664
54009.185646 20.972 0.106 54009.187313 20.606 0.04 54009.18398 20.062 0.026 54009.184813 19.807 0.027 54009.18648 19.847 0.079 -25.523431 -0.98664
54011.250127 20.951 0.154 54011.251794 20.706 0.059 54011.248461 20.053 0.032 54011.249294 19.901 0.031 54011.250961 19.608 0.066 -25.523431 -0.98664
54019.200332 21.081 0.126 54019.201999 20.639 0.037 54019.198665 20.044 0.024 54019.199499 19.831 0.025 54019.201165 19.734 0.063 -25.523431 -0.98664
54025.249148 21.147 0.122 54025.250815 20.649 0.037 54025.247481 20.094 0.032 54025.248315 19.831 0.032 54025.249981 19.905 0.116 -25.523431 -0.98664
54029.179485 21.028 0.096 54029.181152 20.622 0.03 54029.177819 20.033 0.028 54029.178652 19.814 0.028 54029.180319 19.686 0.081 -25.523431 -0.98664
54356.257644 20.937 0.087 54356.259311 20.418 0.029 54356.255977 19.956 0.023 54356.256811 19.754 0.028 54356.258477 19.653 0.083 -25.523431 -0.98664
54358.202707 20.807 0.099 54358.204373 20.415 0.032 54358.20104 20.023 0.028 54358.201873 19.726 0.031 54358.20354 19.657 0.096 -25.523431 -0.98664
54365.235785 20.774 0.106 54365.237452 20.484 0.041 54365.234119 19.965 0.029 54365.234952 19.813 0.036 54365.236619 19.86 0.107 -25.523431 -0.98664
54373.309997 20.921 0.286 54373.311664 20.542 0.075 54373.308331 19.958 0.04 54373.309164 19.775 0.044 54373.310831 19.577 0.097 -25.523431 -0.98664
54382.2449 21.024 0.128 54382.246566 20.523 0.035 54382.243233 19.969 0.028 54382.244066 19.772 0.035 54382.245733 19.717 0.114 -25.523431 -0.98664
54386.247661 20.929 0.09 54386.249328 20.487 0.03 54386.245995 19.974 0.022 54386.246828 19.779 0.026 54386.248495 19.793 0.085 -25.523431 -0.98664
54388.251915 20.816 0.103 54388.253581 20.52 0.036 54388.250248 19.974 0.023 54388.251081 19.71 0.028 54388.252748 19.816 0.113 -25.523431 -0.98664
54403.165708 21 0.112 54403.167375 20.487 0.042 54403.164042 19.999 0.028 54403.164875 19.762 0.029 54403.166542 19.743 0.086 -25.523431 -0.98664
54406.15952 20.854 0.078 54406.161186 20.466 0.033 54406.157853 19.948 0.023 54406.158686 19.755 0.03 54406.160353 19.584 0.083 -25.523431 -0.98664
54412.162449 20.85 0.096 54412.164115 20.516 0.038 54412.160782 19.929 0.025 54412.161615 19.735 0.03 54412.163282 19.753 0.095 -25.523431 -0.98664
