51464.210956 20.636 0.06 51464.212622 20.327 0.021 51464.209289 20.026 0.022 51464.210122 19.691 0.026 51464.211789 19.422 0.064 -27.721197 0.762191
52197.236683 20.482 0.059 52197.238349 20.336 0.021 52197.235016 20.16 0.023 52197.235849 19.597 0.023 52197.237516 19.523 0.062 -27.721197 0.762191
52578.12675 20.442 0.053 52578.128416 20.066 0.017 52578.125083 19.954 0.022 52578.125916 19.619 0.024 52578.127583 19.66 0.078 -27.721197 0.762191
52929.156977 20.235 0.049 52929.158643 19.899 0.016 52929.15531 19.803 0.018 52929.156143 19.623 0.023 52929.15781 19.183 0.053 -27.721197 0.762191
52936.13306 20.183 0.044 52936.134726 19.863 0.015 52936.131393 19.682 0.018 52936.132226 19.368 0.02 52936.133893 19.188 0.052 -27.721197 0.762191
53243.318267 20.318 0.061 53243.319933 20.063 0.026 53243.3166 19.944 0.024 53243.317433 19.598 0.024 53243.3191 19.496 0.058 -27.721197 0.762191
53288.174275 20.294 0.055 53288.175941 19.961 0.017 53288.172608 20.126 0.023 53288.173441 19.628 0.022 53288.175108 19.337 0.054 -27.721197 0.762191
53644.186384 20.473 0.055 53644.188051 20.173 0.027 53644.184717 20.033 0.037 53644.185551 19.828 0.043 53644.187217 19.678 0.074 -27.721197 0.762191
53663.181914 20.339 0.082 53663.18358 20.142 0.03 53663.180247 19.983 0.026 53663.18108 19.689 0.026 53663.182747 19.395 0.052 -27.721197 0.762191
53680.148936 20.102 0.054 53680.150602 19.88 0.019 53680.147269 19.639 0.02 53680.148102 19.479 0.025 53680.149769 19.051 0.059 -27.721197 0.762191
53995.219464 20.625 0.07 53995.221131 20.281 0.045 53995.217798 20.064 0.064 53995.218631 19.759 0.067 53995.220298 19.435 0.084 -27.721197 0.762191
54007.182466 20.414 0.056 54007.184133 20.14 0.029 54007.180799 20.018 0.037 54007.181633 19.715 0.038 54007.183299 19.424 0.065 -27.721197 0.762191
54029.173388 20.419 0.05 54029.175055 20.179 0.031 54029.171722 19.987 0.036 54029.172555 19.687 0.04 54029.174222 19.431 0.064 -27.721197 0.762191
54386.241558 20.696 0.073 54386.243224 20.453 0.044 54386.239891 20.213 0.056 54386.240724 19.928 0.062 54386.242391 19.58 0.078 -27.721197 0.762191
