51467.301081 20.354 0.104 51467.302747 20.143 0.028 51467.299414 20.039 0.035 51467.300247 19.724 0.039 51467.301914 19.506 0.124 -28.063904 0.456158
51819.27697 20.324 0.06 51819.278636 20.193 0.022 51819.275303 20.048 0.024 51819.276136 19.775 0.029 51819.277803 19.915 0.102 -28.063904 0.456158
52172.292551 20.358 0.06 52172.294217 20.168 0.021 52172.290884 19.878 0.021 52172.291717 19.773 0.028 52172.293384 19.653 0.079 -28.063904 0.456158
52172.342728 20.444 0.071 52172.344394 20.302 0.023 52172.341061 20.11 0.025 52172.341894 19.8 0.031 52172.343561 19.733 0.093 -28.063904 0.456158
52558.242252 20.73 0.074 52558.243918 20.413 0.024 52558.240585 20.311 0.028 52558.241418 19.891 0.029 52558.243085 19.97 0.098 -28.063904 0.456158
52577.129747 20.698 0.08 52577.131413 20.456 0.027 52577.12808 20.268 0.032 52577.128913 19.851 0.04 52577.13058 19.802 0.137 -28.063904 0.456158
52586.133224 20.718 0.081 52586.13489 20.523 0.027 52586.131557 20.289 0.032 52586.13239 19.845 0.035 52586.134057 19.711 0.11 -28.063904 0.456158
52931.143908 20.491 0.054 52931.145574 20.262 0.02 52931.142241 20.089 0.021 52931.143074 19.819 0.025 52931.144741 19.682 0.069 -28.063904 0.456158
52935.140872 20.466 0.058 52935.142538 20.268 0.021 52935.139205 20.113 0.024 52935.140038 19.819 0.028 52935.141705 19.966 0.101 -28.063904 0.456158
53313.134073 20.59 0.078 53313.135739 20.377 0.027 53313.132406 20.137 0.027 53313.133239 19.832 0.036 53313.134906 19.721 0.103 -28.063904 0.456158
53622.243318 20.238 0.082 53622.244984 19.975 0.025 53622.241651 19.911 0.028 53622.242484 19.687 0.036 53622.244151 19.611 0.126 -28.063904 0.456158
53625.239282 20.218 0.05 53625.240948 20.018 0.02 53625.237615 19.902 0.02 53625.238448 19.667 0.023 53625.240115 19.655 0.064 -28.063904 0.456158
53634.192787 -99.99 0.202 53634.194453 20.064 0.072 53634.19112 19.881 0.052 53634.191953 19.691 0.065 53634.19362 19.786 0.17 -28.063904 0.456158
53636.198319 20.227 0.06 53636.199985 20.011 0.024 53636.196652 19.901 0.022 53636.197485 19.684 0.025 53636.199152 19.673 0.075 -28.063904 0.456158
53655.170325 20.288 0.115 53655.171991 19.996 0.04 53655.168658 19.865 0.038 53655.169491 19.669 0.041 53655.171158 19.861 0.132 -28.063904 0.456158
53664.195282 20.17 0.127 53664.196948 20.036 0.048 53664.193615 19.825 0.032 53664.194448 19.617 0.039 53664.196115 19.709 0.122 -28.063904 0.456158
53666.158885 20.261 0.05 53666.160551 20.056 0.017 53666.157218 19.975 0.02 53666.158051 19.72 0.026 53666.159718 19.683 0.08 -28.063904 0.456158
53669.154523 20.308 0.052 53669.156189 20.048 0.017 53669.152856 19.948 0.022 53669.153689 19.718 0.029 53669.155356 19.686 0.08 -28.063904 0.456158
53671.239311 20.488 0.14 53671.240977 -99.99 0.026 53671.237644 19.889 0.037 53671.238477 19.555 0.044 53671.240144 -99.99 0.146 -28.063904 0.456158
53674.138758 20.381 0.056 53674.140424 20.107 0.019 53674.137091 20.022 0.023 53674.137924 19.688 0.025 53674.139591 19.664 0.069 -28.063904 0.456158
53676.228253 20.287 0.055 53676.229919 20.09 0.018 53676.226586 19.963 0.023 53676.227419 19.713 0.024 53676.229086 19.698 0.065 -28.063904 0.456158
53679.200136 20.41 0.092 53679.201802 20.061 0.025 53679.198469 19.969 0.029 53679.199302 19.706 0.034 53679.200969 19.684 0.112 -28.063904 0.456158
53681.191648 20.253 0.058 53681.193314 20.045 0.019 53681.189981 19.964 0.021 53681.190814 19.713 0.026 53681.192481 19.671 0.069 -28.063904 0.456158
53685.150693 20.135 0.117 53685.152359 20.095 0.055 53685.149026 19.9 0.043 53685.149859 19.699 0.043 53685.151526 19.503 0.081 -28.063904 0.456158
53687.189041 20.075 0.14 53687.190707 20.087 0.054 53687.187374 19.977 0.044 53687.188207 19.758 0.039 53687.189874 19.674 0.09 -28.063904 0.456158
53694.164582 20.204 0.173 53694.166248 20.195 0.081 53694.162915 20.024 0.068 53694.163748 19.801 0.07 53694.165415 20.073 0.288 -28.063904 0.456158
53700.147633 20.217 0.057 53700.149299 20.098 0.02 53700.145966 19.973 0.023 53700.146799 19.725 0.027 53700.148466 19.679 0.079 -28.063904 0.456158
53705.134302 20.317 0.062 53705.135968 20.117 0.022 53705.132635 20.037 0.026 53705.133468 19.783 0.032 53705.135135 19.719 0.08 -28.063904 0.456158
53975.219321 20.425 0.06 53975.220987 20.315 0.03 53975.217654 20.213 0.027 53975.218487 19.893 0.03 53975.220154 19.99 0.118 -28.063904 0.456158
53993.28714 20.458 0.082 53993.288806 20.387 0.027 53993.285473 20.381 0.057 53993.286306 19.844 0.029 53993.287973 19.797 0.078 -28.063904 0.456158
53996.226025 20.614 0.058 53996.227692 20.362 0.021 53996.224358 20.224 0.022 53996.225192 19.875 0.025 53996.226858 20.153 0.095 -28.063904 0.456158
53998.194672 20.66 0.059 53998.196339 20.39 0.024 53998.193006 20.191 0.02 53998.193839 19.923 0.025 53998.195506 19.743 0.067 -28.063904 0.456158
54010.180159 20.675 0.084 54010.181826 20.382 0.032 54010.178493 20.217 0.028 54010.179326 19.87 0.027 54010.180993 19.904 0.068 -28.063904 0.456158
54012.173008 20.75 0.156 54012.174674 20.44 0.061 54012.171341 20.222 0.05 54012.172174 19.869 0.043 54012.173841 19.714 0.083 -28.063904 0.456158
54020.178961 20.56 0.064 54020.180627 20.429 0.026 54020.177294 20.19 0.026 54020.178127 19.935 0.03 54020.179794 20.091 0.113 -28.063904 0.456158
54022.228534 20.699 0.085 54022.230201 -99.99 0.028 54022.226868 -99.99 0.029 54022.227701 19.963 0.036 54022.229368 19.921 0.147 -28.063904 0.456158
54028.169333 20.627 0.09 54028.170999 20.437 0.031 54028.167666 20.321 0.037 54028.168499 19.977 0.043 54028.170166 19.773 0.108 -28.063904 0.456158
54030.172514 20.637 0.06 54030.174181 20.416 0.022 54030.170848 20.249 0.023 54030.171681 19.888 0.026 54030.173348 20.023 0.079 -28.063904 0.456158
54032.161789 -99.99 0.287 54032.163456 -99.99 0.055 54032.160123 -99.99 0.898 54032.160956 -99.99 0.156 54032.162623 -99.99 0.431 -28.063904 0.456158
54035.248299 20.559 0.124 54035.249966 20.374 0.033 54035.246632 20.11 0.045 54035.247466 19.963 0.068 54035.249132 19.786 0.149 -28.063904 0.456158
54037.153761 20.536 0.068 54037.155428 20.335 0.03 54037.152095 20.21 0.045 54037.152928 19.847 0.043 54037.154595 19.706 0.071 -28.063904 0.456158
54040.168261 20.443 0.132 54040.169928 20.352 0.063 54040.166594 20.192 0.052 54040.167428 19.927 0.05 54040.169094 19.794 0.108 -28.063904 0.456158
54050.152865 20.591 0.083 54050.154532 20.403 0.037 54050.151198 20.187 0.029 54050.152032 19.943 0.04 54050.153698 19.826 0.115 -28.063904 0.456158
54053.159041 20.469 0.067 54053.160707 20.339 0.026 54053.157374 20.264 0.028 54053.158207 19.83 0.032 54053.159874 -99.99 0.14 -28.063904 0.456158
54057.129376 20.608 0.067 54057.131042 20.353 0.023 54057.127709 20.115 0.033 54057.128542 19.811 0.034 54057.130209 19.755 0.08 -28.063904 0.456158
54059.154984 20.519 0.078 54059.156651 20.367 0.028 54059.153318 20.254 0.033 54059.154151 19.941 0.044 54059.155818 19.974 0.121 -28.063904 0.456158
54061.166047 20.67 0.088 54061.167713 20.35 0.031 54061.16438 20.241 0.049 54061.165213 19.852 0.038 54061.16688 19.895 0.129 -28.063904 0.456158
54062.159902 20.778 0.107 54062.161569 20.376 0.03 54062.158235 20.225 0.037 54062.159069 19.886 0.048 54062.160735 20.107 0.147 -28.063904 0.456158
54068.149864 21.057 0.624 54068.151531 20.436 0.115 54068.148197 20.043 0.074 54068.149031 -99.99 0.094 54068.150697 19.724 0.199 -28.063904 0.456158
54357.198188 20.651 0.072 54357.199855 20.452 0.023 54357.196521 20.361 0.029 54357.197355 19.949 0.031 54357.199021 19.892 0.083 -28.063904 0.456158
54365.196033 -99.99 0.18 54365.1977 20.409 0.061 54365.194366 20.334 0.048 54365.1952 19.975 0.046 54365.196866 19.756 0.115 -28.063904 0.456158
54385.245997 20.658 0.078 54385.247664 20.495 0.028 54385.244331 20.34 0.034 54385.245164 20.008 0.032 54385.246831 19.796 0.072 -28.063904 0.456158
54387.246547 20.541 0.084 54387.248213 20.489 0.032 54387.24488 20.352 0.062 54387.245713 20.015 0.038 54387.24738 19.939 0.102 -28.063904 0.456158
54392.241233 20.866 0.126 54392.2429 20.553 0.036 54392.239566 20.376 0.039 54392.2404 19.996 0.038 54392.242066 19.849 0.095 -28.063904 0.456158
54402.239776 21.266 0.302 54402.241443 20.55 0.078 54402.23811 20.297 0.052 54402.238943 19.945 0.047 54402.24061 19.918 0.12 -28.063904 0.456158
