51467.297635 21.086 0.203 51467.299301 21.078 0.067 51467.295968 20.774 0.07 51467.296801 20.613 0.094 51467.298468 21.057 0.585 -29.274957 0.175605
51819.273618 20.586 0.074 51819.275284 20.654 0.028 51819.271951 20.344 0.028 51819.272784 20.154 0.034 51819.274451 20.168 0.159 -29.274957 0.175605
52172.289196 20.14 0.052 52172.290862 20.18 0.019 52172.287529 20.02 0.022 52172.288362 19.925 0.027 52172.290029 20.047 0.129 -29.274957 0.175605
52172.339358 20.138 0.06 52172.341024 20.199 0.021 52172.337691 20.095 0.024 52172.338524 19.947 0.031 52172.340191 19.858 0.126 -29.274957 0.175605
52558.238897 20.429 0.069 52558.240563 20.497 0.024 52558.23723 20.179 0.026 52558.238063 20.005 0.031 52558.23973 19.958 0.128 -29.274957 0.175605
52577.126391 20.454 0.07 52577.128057 20.399 0.023 52577.124724 20.195 0.03 52577.125557 19.96 0.039 52577.127224 19.752 0.135 -29.274957 0.175605
52586.12987 20.458 0.069 52586.131536 20.391 0.022 52586.128203 20.149 0.025 52586.129036 20.104 0.036 52586.130703 20.214 0.187 -29.274957 0.175605
52931.140553 20.693 0.071 52931.142219 20.815 0.027 52931.138886 20.458 0.027 52931.139719 20.34 0.034 52931.141386 20.085 0.118 -29.274957 0.175605
52935.137516 20.766 0.083 52935.139182 20.826 0.029 52935.135849 20.457 0.031 52935.136682 20.324 0.037 52935.138349 20.298 0.161 -29.274957 0.175605
53313.130718 20.998 0.117 53313.132384 20.972 0.035 53313.129051 20.639 0.04 53313.129884 20.539 0.054 53313.131551 20.984 0.34 -29.274957 0.175605
53622.239962 20.795 0.143 53622.241628 20.964 0.048 53622.238295 20.621 0.046 53622.239128 20.378 0.056 53622.240795 20.308 0.288 -29.274957 0.175605
53625.235927 20.95 0.095 53625.237593 20.961 0.038 53625.23426 20.572 0.035 53625.235093 20.435 0.039 53625.23676 20.51 0.164 -29.274957 0.175605
53636.194964 20.904 0.112 53636.19663 20.931 0.044 53636.193297 20.596 0.039 53636.19413 20.453 0.045 53636.195797 20.439 0.178 -29.274957 0.175605
53655.16697 20.747 0.187 53655.168636 21.023 0.101 53655.165303 20.708 0.067 53655.166136 20.347 0.06 53655.167803 20.197 0.207 -29.274957 0.175605
53666.15553 21.244 0.106 53666.157196 21.022 0.029 53666.153863 20.614 0.032 53666.154696 20.528 0.042 53666.156363 20.2 0.145 -29.274957 0.175605
53669.151169 20.863 0.087 53669.152835 20.968 0.033 53669.149502 20.622 0.035 53669.150335 20.434 0.042 53669.152002 20.299 0.177 -29.274957 0.175605
53671.235959 21.233 0.249 53671.237625 21.008 0.058 53671.234292 20.637 0.053 53671.235125 20.587 0.083 53671.236792 -99.99 0.261 -29.274957 0.175605
53676.224899 20.796 0.098 53676.226565 21.011 0.036 53676.223232 20.602 0.034 53676.224065 20.522 0.042 53676.225732 20.292 0.157 -29.274957 0.175605
53679.196782 21.031 0.18 53679.198448 20.959 0.047 53679.195115 20.543 0.047 53679.195948 20.412 0.058 53679.197615 20.628 0.318 -29.274957 0.175605
53681.188294 21.111 0.126 53681.18996 20.971 0.031 53681.186627 20.556 0.039 53681.18746 20.405 0.041 53681.189127 20.164 0.127 -29.274957 0.175605
53685.147339 20.777 0.232 53685.149005 20.839 0.111 53685.145672 20.501 0.089 53685.146505 20.294 0.066 53685.148172 20.016 0.171 -29.274957 0.175605
53687.185686 20.89 0.298 53687.187352 21.041 0.126 53687.184019 20.619 0.071 53687.184852 20.369 0.057 53687.186519 20.791 0.271 -29.274957 0.175605
53700.144278 20.836 0.1 53700.145944 20.901 0.032 53700.142611 20.594 0.037 53700.143444 20.451 0.044 53700.145111 20.363 0.173 -29.274957 0.175605
53705.130948 20.929 0.129 53705.132614 20.943 0.039 53705.129281 20.526 0.04 53705.130114 20.365 0.049 53705.131781 20.156 0.167 -29.274957 0.175605
53975.215946 20.263 0.054 53975.217613 20.333 0.023 53975.214279 20.222 0.023 53975.215113 20.069 0.029 53975.216779 20.59 0.229 -29.274957 0.175605
53993.283766 -99.99 0.071 53993.285433 20.236 0.027 53993.2821 20.15 0.026 53993.282933 20.085 0.041 53993.2846 20.183 0.161 -29.274957 0.175605
53996.222905 20.221 0.049 53996.224571 20.278 0.02 53996.221238 20.158 0.022 53996.222071 20.003 0.025 53996.223738 20.119 0.114 -29.274957 0.175605
53998.191299 20.251 0.046 53998.192965 20.276 0.02 53998.189632 20.11 0.025 53998.190465 20 0.024 53998.192132 20.027 0.091 -29.274957 0.175605
54010.176777 20.272 0.069 54010.178444 20.245 0.031 54010.17511 20.128 0.027 54010.175944 20.007 0.028 54010.17761 19.86 0.08 -29.274957 0.175605
54012.169636 20.07 0.096 54012.171303 20.347 0.055 54012.16797 20.209 0.056 54012.168803 19.956 0.048 54012.17047 20.034 0.131 -29.274957 0.175605
54020.175602 20.151 0.05 54020.177269 20.211 0.02 54020.173935 20.075 0.024 54020.174769 19.959 0.03 54020.176435 19.935 0.109 -29.274957 0.175605
54022.22491 -99.99 0.069 54022.226576 20.178 0.021 54022.223243 20.189 0.041 54022.224076 19.999 0.041 54022.225743 20.202 0.182 -29.274957 0.175605
54028.16598 20.246 0.069 54028.167647 20.2 0.022 54028.164313 20.136 0.034 54028.165147 20.039 0.047 54028.166813 19.969 0.139 -29.274957 0.175605
54030.169373 20.148 0.047 54030.171039 20.242 0.019 54030.167706 20.054 0.022 54030.168539 19.982 0.025 54030.170206 19.927 0.093 -29.274957 0.175605
54035.244941 20.184 0.114 54035.246607 -99.99 0.038 54035.243274 20.091 0.04 54035.244107 19.973 0.041 54035.245774 19.695 0.177 -29.274957 0.175605
54037.150454 20.241 0.096 54037.15212 20.234 0.035 54037.148787 20.099 0.037 54037.14962 19.947 0.047 54037.151287 19.714 0.147 -29.274957 0.175605
54040.164878 20.143 0.104 54040.166544 -99.99 0.054 54040.163211 20.076 0.044 54040.164044 19.956 0.044 54040.165711 20.017 0.144 -29.274957 0.175605
54050.14951 20.322 0.081 54050.151176 20.256 0.028 54050.147843 20.239 0.032 54050.148676 19.994 0.04 54050.150343 19.738 0.12 -29.274957 0.175605
54053.155703 20.333 0.069 54053.157369 20.303 0.029 54053.154036 20.182 0.03 54053.154869 20.043 0.035 54053.156536 19.992 0.134 -29.274957 0.175605
54057.126327 20.188 0.054 54057.127994 -99.99 0.024 54057.124661 -99.99 0.027 54057.125494 20.046 0.035 54057.127161 19.807 0.11 -29.274957 0.175605
54059.151624 20.202 0.07 54059.15329 20.388 0.028 54059.149957 20.2 0.03 54059.15079 20.049 0.036 54059.152457 19.706 0.118 -29.274957 0.175605
54061.162675 20.308 0.077 54061.164342 20.42 0.029 54061.161008 20.182 0.03 54061.161842 20.046 0.042 54061.163508 19.689 0.119 -29.274957 0.175605
54062.156567 20.344 0.1 54062.158234 20.335 0.029 54062.154901 20.209 0.034 54062.155734 19.985 0.043 54062.157401 20.601 0.314 -29.274957 0.175605
54068.146574 19.975 0.213 54068.148241 20.325 0.096 54068.144908 20.183 0.083 54068.145741 20.145 0.111 54068.147408 20.478 0.401 -29.274957 0.175605
54357.194834 20.736 0.088 54357.196501 20.879 0.034 54357.193168 20.573 0.034 54357.194001 20.393 0.039 54357.195668 20.598 0.23 -29.274957 0.175605
54365.192688 20.72 0.164 54365.194355 20.958 0.08 54365.191021 20.62 0.061 54365.191855 20.464 0.057 54365.193521 20.166 0.173 -29.274957 0.175605
54385.242642 21.169 0.145 54385.244309 21.058 0.035 54385.240976 20.674 0.041 54385.241809 20.463 0.043 54385.243476 20.303 0.148 -29.274957 0.175605
54387.243148 20.723 0.107 54387.244814 21.03 0.04 54387.241481 20.616 0.04 54387.242314 20.47 0.047 54387.243981 20.162 0.161 -29.274957 0.175605
54392.237878 20.744 0.124 54392.239545 21.13 0.051 54392.236211 20.7 0.065 54392.237045 20.539 0.066 54392.238711 20.4 0.239 -29.274957 0.175605
54402.236399 20.301 0.165 54402.238065 21.013 0.11 54402.234732 20.798 0.076 54402.235565 20.567 0.065 54402.237232 20.842 0.31 -29.274957 0.175605
