51075.329055 20.124 0.045 51075.330721 20.114 0.019 51075.327388 20.162 0.026 51075.328221 19.985 0.035 51075.329888 19.84 0.142 10.541373 0.362758
52196.348273 20.468 0.07 52196.349939 20.386 0.023 52196.346606 20.445 0.033 52196.347439 20.116 0.035 52196.349106 20.223 0.167 10.541373 0.362758
52197.342714 20.568 0.069 52197.34438 20.406 0.023 52197.341047 20.42 0.03 52197.34188 20.104 0.033 52197.343547 20.171 0.151 10.541373 0.362758
52207.315055 20.556 0.069 52207.316721 20.462 0.023 52207.313388 20.467 0.03 52207.314221 20.132 0.032 52207.315888 20.062 0.127 10.541373 0.362758
52225.192861 20.49 0.06 52225.194527 20.458 0.023 52225.191194 20.428 0.029 52225.192027 20.173 0.035 52225.193694 20.102 0.149 10.541373 0.362758
52231.228643 20.493 0.067 52231.230309 20.363 0.021 52231.226976 20.401 0.03 52231.227809 20.118 0.032 52231.229476 20.128 0.127 10.541373 0.362758
52253.21481 20.309 0.067 52253.216476 20.319 0.024 52253.213143 20.32 0.03 52253.213976 20.052 0.03 52253.215643 20.159 0.146 10.541373 0.362758
52557.336645 20.532 0.082 52557.338311 20.443 0.028 52557.334978 20.41 0.036 52557.335811 20.154 0.037 52557.337478 20.369 0.223 10.541373 0.362758
52578.23273 20.634 0.065 52578.234396 20.482 0.021 52578.231063 20.553 0.032 52578.231896 20.197 0.036 52578.233563 20.184 0.14 10.541373 0.362758
52908.311211 20.534 0.071 52908.312877 20.51 0.025 52908.309544 20.555 0.032 52908.310377 20.178 0.034 52908.312044 20.321 0.17 10.541373 0.362758
52934.243113 20.458 0.082 52934.244779 20.502 0.028 52934.241446 20.539 0.044 52934.242279 20.148 0.047 52934.243946 20.413 0.264 10.541373 0.362758
52936.239039 20.652 0.069 52936.240705 20.48 0.022 52936.237372 20.531 0.031 52936.238205 20.263 0.033 52936.239872 20.499 0.171 10.541373 0.362758
52962.164563 20.524 0.081 52962.166229 20.452 0.03 52962.162896 20.422 0.038 52962.163729 20.209 0.045 52962.165396 20.283 0.241 10.541373 0.362758
53270.303154 20.576 0.063 53270.304821 20.547 0.027 53270.301487 20.53 0.028 53270.302321 20.225 0.029 53270.303987 20.268 0.128 10.541373 0.362758
53272.353042 20.548 0.071 53272.354708 20.541 0.027 53272.351375 20.552 0.034 53272.352208 20.199 0.035 53272.353875 20.175 0.149 10.541373 0.362758
53286.321762 20.78 0.112 53286.323428 20.548 0.029 53286.320095 20.544 0.037 53286.320928 20.325 0.042 53286.322595 20.517 0.198 10.541373 0.362758
53288.280252 20.587 0.083 53288.281918 20.633 0.028 53288.278585 20.565 0.038 53288.279418 20.25 0.038 53288.281085 20.306 0.19 10.541373 0.362758
53294.327927 20.533 0.09 53294.329593 20.584 0.031 53294.32626 20.572 0.044 53294.327093 20.172 0.044 53294.32876 20.086 0.176 10.541373 0.362758
53296.27496 20.509 0.088 53296.276626 20.545 0.031 53296.273293 20.709 0.058 53296.274126 20.236 0.061 53296.275793 20.643 0.297 10.541373 0.362758
53298.324706 20.519 0.085 53298.326372 20.585 0.031 53298.323039 20.573 0.041 53298.323872 20.178 0.04 53298.325539 20.225 0.184 10.541373 0.362758
53302.27592 20.71 0.156 53302.277586 20.487 0.054 53302.274253 20.46 0.052 53302.275086 20.106 0.043 53302.276753 20.305 0.172 10.541373 0.362758
53312.231458 20.568 0.099 53312.233125 20.507 0.055 53312.229791 20.549 0.043 53312.230625 20.28 0.046 53312.232291 20.347 0.22 10.541373 0.362758
53314.23265 20.645 0.084 53314.234316 20.55 0.027 53314.230983 20.561 0.036 53314.231816 20.216 0.041 53314.233483 20.101 0.163 10.541373 0.362758
53616.33701 20.483 0.105 53616.338676 20.39 0.03 53616.335343 20.454 0.049 53616.336176 20.138 0.054 53616.337843 20.377 0.284 10.541373 0.362758
53626.313436 20.512 0.073 53626.315102 20.366 0.022 53626.311769 20.44 0.031 53626.312602 20.118 0.032 53626.314269 20.07 0.127 10.541373 0.362758
53628.298301 20.236 0.116 53628.299967 20.408 0.052 53628.296634 20.287 0.049 53628.297467 20.112 0.043 53628.299134 19.842 0.135 10.541373 0.362758
53637.299917 20.336 0.111 53637.301583 20.365 0.042 53637.29825 20.366 0.048 53637.299083 20.005 0.046 53637.30075 20.085 0.204 10.541373 0.362758
53639.345294 20.492 0.071 53639.34696 20.348 0.023 53639.343627 20.407 0.029 53639.34446 20.18 0.029 53639.346127 20.141 0.11 10.541373 0.362758
53654.326987 20.417 0.071 53654.328653 20.312 0.021 53654.32532 20.35 0.031 53654.326153 20.087 0.034 53654.32782 20.223 0.157 10.541373 0.362758
53663.287891 20.592 0.144 53663.289557 20.258 0.04 53663.286224 20.363 0.045 53663.287057 20.092 0.034 53663.288724 20.295 0.146 10.541373 0.362758
53665.265862 20.191 0.095 53665.267528 20.242 0.03 53665.264195 20.316 0.043 53665.265028 20.111 0.04 53665.266695 20.334 0.159 10.541373 0.362758
53666.357989 20.274 0.108 53666.359655 20.375 0.039 53666.356322 20.316 0.037 53666.357155 20.071 0.035 53666.358822 20.082 0.138 10.541373 0.362758
53668.277491 20.444 0.093 53668.279157 20.263 0.027 53668.275824 20.368 0.042 53668.276657 20.028 0.043 53668.278324 19.962 0.165 10.541373 0.362758
53670.282343 20.304 0.066 53670.284009 20.351 0.023 53670.280676 20.39 0.033 53670.281509 20.071 0.032 53670.283176 20.314 0.184 10.541373 0.362758
53673.250329 20.332 0.06 53673.251995 20.306 0.02 53673.248662 20.364 0.031 53673.249495 20.048 0.031 53673.251162 20.078 0.127 10.541373 0.362758
53675.247216 20.453 0.072 53675.248882 20.281 0.022 53675.245549 20.335 0.034 53675.246382 20.048 0.036 53675.248049 20.1 0.146 10.541373 0.362758
53677.268248 20.325 0.062 53677.269914 20.332 0.02 53677.266581 20.354 0.026 53677.267414 20.115 0.028 53677.269081 20.222 0.133 10.541373 0.362758
53680.254914 20.321 0.063 53680.25658 20.269 0.021 53680.253247 20.352 0.031 53680.25408 20.035 0.03 53680.255747 20.134 0.131 10.541373 0.362758
53693.256809 20.275 0.117 53693.258475 20.273 0.044 53693.255142 20.437 0.047 53693.255975 20.103 0.037 53693.257642 20.236 0.154 10.541373 0.362758
53698.2542 20.344 0.075 53698.255866 20.284 0.023 53698.252533 20.312 0.031 53698.253366 20.087 0.037 53698.255033 20.191 0.17 10.541373 0.362758
53704.240133 20.292 0.092 53704.241799 20.299 0.033 53704.238466 20.323 0.041 53704.239299 20.025 0.049 53704.240966 19.673 0.166 10.541373 0.362758
53974.332817 -99.99 0.05 53974.334484 20.222 0.028 53974.33115 20.226 0.022 53974.331984 19.962 0.023 53974.33365 20.106 0.111 10.541373 0.362758
53977.381389 20.296 0.049 53977.383055 20.175 0.016 53977.379722 20.24 0.022 53977.380555 19.98 0.024 53977.382222 20.121 0.107 10.541373 0.362758
53989.33621 20.288 0.1 53989.337876 20.148 0.039 53989.334543 20.13 0.04 53989.335376 19.988 0.036 53989.337043 19.748 0.085 10.541373 0.362758
53995.350802 20.453 0.055 53995.352469 20.183 0.019 53995.349136 20.207 0.024 53995.349969 20.004 0.026 53995.351636 19.977 0.093 10.541373 0.362758
54000.311601 20.342 0.07 54000.313268 20.174 0.022 54000.309934 20.154 0.029 54000.310768 20.015 0.038 54000.312434 19.771 0.13 10.541373 0.362758
54006.258406 -99.99 0.134 54006.260073 -99.99 0.024 54006.256739 -99.99 0.035 54006.257573 20.022 0.035 54006.259239 20.19 0.145 10.541373 0.362758
54007.361747 20.323 0.065 54007.363413 20.215 0.022 54007.36008 20.188 0.032 54007.360913 20.039 0.041 54007.36258 20.217 0.134 10.541373 0.362758
54009.285528 20.339 0.067 54009.287194 20.223 0.026 54009.283861 20.331 0.042 54009.284694 19.955 0.031 54009.286361 20.366 0.162 10.541373 0.362758
54011.350006 20.296 0.056 54011.351672 20.201 0.024 54011.348339 20.22 0.029 54011.349172 19.94 0.025 54011.350839 20.175 0.111 10.541373 0.362758
54025.349023 20.252 0.068 54025.35069 20.268 0.022 54025.347356 20.293 0.035 54025.34819 20.004 0.037 54025.349856 19.716 0.107 10.541373 0.362758
54029.279394 20.336 0.065 54029.281061 20.267 0.026 54029.277727 20.226 0.053 54029.278561 20.065 0.056 54029.280227 20.522 0.281 10.541373 0.362758
54348.346758 20.167 0.061 54348.348425 20.012 0.027 54348.345091 20.13 0.024 54348.345925 19.846 0.024 54348.347591 19.76 0.099 10.541373 0.362758
54358.302587 20.145 0.063 54358.304254 20.048 0.022 54358.30092 20.129 0.034 54358.301754 19.89 0.035 54358.30342 19.971 0.15 10.541373 0.362758
54359.296618 20.083 0.085 54359.298285 19.94 0.031 54359.294951 20.039 0.036 54359.295785 19.854 0.047 54359.297451 19.786 0.231 10.541373 0.362758
54365.335651 20.09 0.046 54365.337318 19.975 0.022 54365.333984 20.052 0.022 54365.334818 19.875 0.026 54365.336484 19.724 0.079 10.541373 0.362758
54381.355275 20.123 0.051 54381.356941 20.043 0.019 54381.353608 20.09 0.023 54381.354441 19.91 0.028 54381.356108 19.927 0.092 10.541373 0.362758
54384.361878 20.139 0.061 54384.363545 20.021 0.021 54384.360212 20.088 0.022 54384.361045 19.879 0.028 54384.362712 19.763 0.098 10.541373 0.362758
54386.347557 20.024 0.055 54386.349224 20.082 0.026 54386.345891 20.078 0.03 54386.346724 19.908 0.03 54386.348391 20.127 0.162 10.541373 0.362758
54388.351825 20.047 0.052 54388.353491 20.025 0.021 54388.350158 20.112 0.024 54388.350991 19.887 0.025 54388.352658 19.82 0.09 10.541373 0.362758
54404.32317 20.21 0.085 54404.324837 20.043 0.03 54404.321504 20.113 0.031 54404.322337 19.958 0.035 54404.324004 19.875 0.099 10.541373 0.362758
54405.321104 20.106 0.073 54405.322771 20 0.025 54405.319437 20.101 0.029 54405.320271 19.886 0.029 54405.321937 20.051 0.124 10.541373 0.362758
54406.259426 20.206 0.055 54406.261093 20.065 0.021 54406.257759 20.082 0.026 54406.258593 19.893 0.027 54406.260259 19.895 0.131 10.541373 0.362758
54412.262433 20.203 0.065 54412.2641 20.095 0.021 54412.260767 20.064 0.026 54412.2616 19.919 0.031 54412.263267 19.763 0.108 10.541373 0.362758
