51464.210764 21.319 0.097 51464.21243 20.94 0.031 51464.209097 20.468 0.029 51464.20993 20.427 0.04 51464.211597 20.268 0.133 -27.78977 -0.042934
52197.236497 20.636 0.066 52197.238163 20.559 0.024 52197.23483 20.191 0.023 52197.235663 20.197 0.031 52197.23733 20.268 0.118 -27.78977 -0.042934
52231.122477 20.742 0.063 52231.124143 20.6 0.023 52231.12081 20.232 0.023 52231.121643 20.232 0.03 52231.12331 19.962 0.087 -27.78977 -0.042934
52557.230482 20.801 0.086 52557.232148 20.719 0.032 52557.228815 20.308 0.03 52557.229648 20.155 0.035 52557.231315 19.919 0.124 -27.78977 -0.042934
52578.12656 20.919 0.08 52578.128226 20.69 0.026 52578.124893 20.222 0.028 52578.125726 20.323 0.039 52578.127393 20.356 0.147 -27.78977 -0.042934
52929.156787 21.147 0.099 52929.158453 20.725 0.027 52929.15512 20.316 0.026 52929.155953 20.245 0.034 52929.15762 20.152 0.12 -27.78977 -0.042934
52934.136943 20.843 0.086 52934.138609 20.733 0.031 52934.135276 20.376 0.034 52934.136109 20.335 0.044 52934.137776 20.371 0.159 -27.78977 -0.042934
52936.132869 20.971 0.073 52936.134535 20.737 0.025 52936.131202 20.313 0.025 52936.132035 20.355 0.034 52936.133702 20.158 0.104 -27.78977 -0.042934
53243.318077 21.123 0.123 53243.319743 20.618 0.04 53243.31641 20.26 0.031 53243.317243 20.279 0.037 53243.31891 20.224 0.108 -27.78977 -0.042934
53270.196931 20.838 0.094 53270.198598 20.729 0.04 53270.195265 20.304 0.029 53270.196098 20.359 0.039 53270.197765 20.141 0.11 -27.78977 -0.042934
53272.246879 21.224 0.239 53272.248545 20.731 0.07 53272.245212 20.272 0.046 53272.246045 20.13 0.043 53272.247712 19.942 0.117 -27.78977 -0.042934
53286.215595 20.765 0.105 53286.217261 20.702 0.035 53286.213928 20.284 0.035 53286.214761 20.198 0.036 53286.216428 20.066 0.128 -27.78977 -0.042934
53288.174083 20.749 0.08 53288.175749 20.715 0.028 53288.172416 20.292 0.026 53288.173249 20.233 0.031 53288.174916 20.154 0.105 -27.78977 -0.042934
53294.201406 20.854 0.082 53294.203073 20.733 0.031 53294.19974 20.278 0.036 53294.200573 20.245 0.043 53294.20224 20.157 0.134 -27.78977 -0.042934
53302.169753 21.072 0.205 53302.171419 20.701 0.07 53302.168086 20.296 0.045 53302.168919 20.315 0.051 53302.170586 20.154 0.136 -27.78977 -0.042934
53314.12648 20.805 0.078 53314.128146 20.667 0.028 53314.124813 20.301 0.03 53314.125646 20.15 0.039 53314.127313 20.603 0.218 -27.78977 -0.042934
53616.230851 20.987 0.176 53616.232517 20.678 0.044 53616.229184 20.113 0.108 53616.230017 -99.99 0.128 53616.231684 20.007 0.213 -27.78977 -0.042934
53623.221062 21.258 0.122 53623.222728 20.95 0.036 53623.219395 20.528 0.039 53623.220228 20.417 0.044 53623.221895 20.442 0.156 -27.78977 -0.042934
53628.19214 20.876 0.286 53628.193806 20.725 0.115 53628.190473 20.612 0.099 53628.191306 20.318 0.083 53628.192973 20.289 0.239 -27.78977 -0.042934
53637.193755 21.16 0.152 53637.195421 20.984 0.043 53637.192088 20.597 0.046 53637.192921 20.44 0.055 53637.194588 20.415 0.213 -27.78977 -0.042934
53644.186197 21.174 0.089 53644.187864 20.934 0.027 53644.184531 20.525 0.028 53644.185364 20.494 0.035 53644.187031 20.448 0.125 -27.78977 -0.042934
53654.220824 21.318 0.171 53654.22249 20.996 0.056 53654.219157 20.573 0.046 53654.21999 20.506 0.055 53654.221657 20.72 0.256 -27.78977 -0.042934
53663.181713 21.183 0.171 53663.183379 20.967 0.058 53663.180046 20.519 0.038 53663.180879 20.562 0.044 53663.182546 20.514 0.138 -27.78977 -0.042934
53673.14416 21.378 0.159 53673.145826 21.015 0.038 53673.142493 20.566 0.037 53673.143326 20.505 0.052 53673.144993 20.455 0.185 -27.78977 -0.042934
53675.141048 21.02 0.118 53675.142714 21.041 0.039 53675.139381 20.521 0.037 53675.140214 20.53 0.057 53675.141881 20.437 0.197 -27.78977 -0.042934
53677.162082 21.199 0.108 53677.163748 20.989 0.032 53677.160415 20.485 0.031 53677.161248 20.521 0.047 53677.162915 20.439 0.131 -27.78977 -0.042934
53680.148748 21.032 0.107 53680.150414 21.043 0.04 53680.147081 20.546 0.036 53680.147914 20.426 0.043 53680.149581 20.454 0.189 -27.78977 -0.042934
53686.215451 24.718 99.999 53686.217117 20.88 0.259 53686.213784 20.551 0.165 53686.214617 20.142 0.118 53686.216284 20.427 0.498 -27.78977 -0.042934
53693.15065 -99.99 0.409 53693.152316 21.072 0.092 53693.148983 20.501 0.053 53693.149816 20.578 0.065 53693.151483 20.455 0.187 -27.78977 -0.042934
53702.146353 21.462 0.268 53702.14802 21.249 0.093 53702.144687 20.447 0.061 53702.14552 20.609 0.127 53702.147187 21.048 0.683 -27.78977 -0.042934
53703.155454 21.697 0.242 53703.15712 21.188 0.063 53703.153787 20.436 0.051 53703.15462 20.534 0.096 53703.156287 20.29 0.234 -27.78977 -0.042934
53704.133975 21.309 0.142 53704.135641 21.049 0.04 53704.132308 20.438 0.033 53704.133141 20.46 0.048 53704.134808 20.153 0.141 -27.78977 -0.042934
53989.230052 20.953 0.148 53989.231718 21.008 0.064 53989.228385 20.603 0.051 53989.229218 20.535 0.051 53989.230885 20.288 0.12 -27.78977 -0.042934
53995.219288 21.189 0.091 53995.220955 21.061 0.032 53995.217621 20.515 0.027 53995.218455 20.57 0.035 53995.220121 20.45 0.123 -27.78977 -0.042934
53997.197645 21.117 0.111 53997.199311 21.027 0.037 53997.195978 20.575 0.033 53997.196811 20.446 0.041 53997.198478 20.502 0.167 -27.78977 -0.042934
54000.205432 21.162 0.139 54000.207099 20.988 0.039 54000.203766 20.475 0.037 54000.204599 20.495 0.052 54000.206266 20.453 0.196 -27.78977 -0.042934
54007.182247 21.167 0.101 54007.183914 21.017 0.033 54007.18058 20.573 0.03 54007.181414 20.54 0.038 54007.18308 20.42 0.125 -27.78977 -0.042934
54009.179365 21.201 0.122 54009.181031 21.126 0.047 54009.177698 20.57 0.031 54009.178531 20.763 0.075 54009.180198 20.314 0.101 -27.78977 -0.042934
54011.243847 21.421 0.213 54011.245514 21.093 0.075 54011.24218 20.674 0.05 54011.243014 20.538 0.046 54011.24468 20.604 0.146 -27.78977 -0.042934
54019.194068 21.121 0.115 54019.195735 21.189 0.056 54019.192401 20.588 0.03 54019.193235 20.578 0.035 54019.194901 20.449 0.101 -27.78977 -0.042934
54025.242867 21.367 0.174 54025.244534 21.09 0.045 54025.2412 20.597 0.045 54025.242034 20.584 0.061 54025.2437 20.456 0.197 -27.78977 -0.042934
54029.173227 21.065 0.104 54029.174894 21.089 0.031 54029.171561 20.618 0.032 54029.172394 20.652 0.073 54029.174061 20.505 0.138 -27.78977 -0.042934
54051.149779 100.037 99.999 54051.151446 -99.99 0.292 54051.148113 20.634 0.143 54051.148946 20.281 0.316 54051.150613 20.954 4.829 -27.78977 -0.042934
54356.251364 21.2 0.113 54356.25303 20.884 0.032 54356.249697 20.517 0.035 54356.25053 20.503 0.047 54356.252197 20.53 0.157 -27.78977 -0.042934
54373.303762 21.651 0.479 54373.305429 21.125 0.118 54373.302095 20.611 0.069 54373.302929 20.408 0.062 54373.304595 20.332 0.178 -27.78977 -0.042934
54382.238611 21.252 0.16 54382.240277 21.143 0.049 54382.236944 20.61 0.044 54382.237777 20.491 0.056 54382.239444 20.227 0.163 -27.78977 -0.042934
54386.241403 21.246 0.11 54386.24307 21.118 0.033 54386.239736 20.578 0.03 54386.24057 20.556 0.04 54386.242236 20.22 0.117 -27.78977 -0.042934
54388.245634 21.266 0.146 54388.2473 21.086 0.041 54388.243967 20.611 0.037 54388.2448 20.489 0.048 54388.246467 20.694 0.228 -27.78977 -0.042934
54403.159421 21.432 0.16 54403.161088 21.028 0.049 54403.157755 20.558 0.035 54403.158588 20.553 0.052 54403.160255 20.528 0.159 -27.78977 -0.042934
54406.153262 21.345 0.115 54406.154928 21.097 0.038 54406.151595 20.594 0.032 54406.152428 20.546 0.049 54406.154095 20.399 0.172 -27.78977 -0.042934
54412.156172 21.584 0.203 54412.157839 21.147 0.039 54412.154506 20.607 0.038 54412.155339 20.538 0.048 54412.157006 20.922 0.286 -27.78977 -0.042934
