51467.304796 20.884 0.155 51467.306462 20.416 0.042 51467.303129 19.76 0.026 51467.303962 19.193 0.023 51467.305629 19.134 0.078 -26.691387 -1.102504
51819.280795 20.933 0.096 51819.282461 20.285 0.028 51819.279128 19.663 0.018 51819.279961 19.061 0.016 51819.281628 19.041 0.052 -26.691387 -1.102504
52172.296356 21.101 0.1 52172.298022 20.385 0.026 52172.294689 19.707 0.018 52172.295522 19.112 0.016 52172.297189 19.028 0.051 -26.691387 -1.102504
52172.346547 20.998 0.108 52172.348213 20.365 0.027 52172.34488 19.706 0.018 52172.345713 19.143 0.017 52172.34738 18.996 0.053 -26.691387 -1.102504
52558.246054 21.15 0.107 52558.24772 20.453 0.027 52558.244387 19.764 0.019 52558.24522 19.179 0.018 52558.246887 19.093 0.05 -26.691387 -1.102504
52577.133548 21.256 0.131 52577.135214 20.396 0.033 52577.131881 19.711 0.022 52577.132714 19.105 0.021 52577.134381 19.092 0.086 -26.691387 -1.102504
52586.137026 21.194 0.099 52586.138692 20.455 0.026 52586.135359 19.769 0.023 52586.136192 19.173 0.02 52586.137859 19.045 0.053 -26.691387 -1.102504
52931.147708 21.223 0.099 52931.149374 20.542 0.027 52931.146041 19.841 0.018 52931.146874 19.234 0.017 52931.148541 19.155 0.047 -26.691387 -1.102504
52935.144672 21.095 0.096 52935.146338 20.561 0.029 52935.143005 19.81 0.019 52935.143838 19.23 0.017 52935.145505 19.196 0.053 -26.691387 -1.102504
53313.137873 21.164 0.146 53313.139539 20.589 0.037 53313.136206 19.864 0.023 53313.137039 19.221 0.023 53313.138706 19.164 0.076 -26.691387 -1.102504
53622.247117 21.656 0.239 53622.248783 -99.99 0.039 53622.24545 19.922 0.033 53622.246283 19.226 0.026 53622.24795 19.262 0.085 -26.691387 -1.102504
53625.243082 21.481 0.126 53625.244748 20.608 0.032 53625.241415 19.941 0.021 53625.242248 19.255 0.017 53625.243915 19.227 0.046 -26.691387 -1.102504
53634.196587 21.033 0.391 53634.198253 -99.99 0.113 53634.19492 -99.99 0.067 53634.195753 -99.99 0.042 53634.19742 19.008 0.095 -26.691387 -1.102504
53636.202119 21.32 0.156 53636.203785 20.656 0.045 53636.200452 19.923 0.024 53636.201285 19.251 0.019 53636.202952 19.198 0.053 -26.691387 -1.102504
53655.174124 21.603 0.404 53655.17579 20.616 0.08 53655.172457 19.899 0.037 53655.17329 19.211 0.026 53655.174957 19.24 0.078 -26.691387 -1.102504
53664.199083 21.198 0.278 53664.200749 -99.99 0.082 53664.197416 19.804 0.037 53664.198249 19.269 0.025 53664.199916 19.146 0.076 -26.691387 -1.102504
53666.162685 21.511 0.133 53666.164351 20.627 0.028 53666.161018 19.863 0.019 53666.161851 19.314 0.019 53666.163518 19.138 0.056 -26.691387 -1.102504
53669.158323 21.251 0.108 53669.159989 20.671 0.028 53669.156656 19.894 0.02 53669.157489 19.283 0.018 53669.159156 19.189 0.055 -26.691387 -1.102504
53671.243113 21.241 0.263 53671.244779 -99.99 0.059 53671.241446 19.845 0.032 53671.242279 19.199 0.027 53671.243946 19.264 0.104 -26.691387 -1.102504
53674.142558 21.28 0.119 53674.144224 20.693 0.032 53674.140891 19.946 0.021 53674.141724 19.288 0.019 53674.143391 19.271 0.054 -26.691387 -1.102504
53676.232054 21.737 0.175 53676.23372 20.7 0.03 53676.230387 19.907 0.019 53676.23122 19.282 0.016 53676.232887 19.272 0.048 -26.691387 -1.102504
53679.203938 21.098 0.146 53679.205604 20.559 0.042 53679.202271 19.87 0.028 53679.203104 19.268 0.023 53679.204771 19.053 0.061 -26.691387 -1.102504
53681.19545 21.596 0.18 53681.197116 20.661 0.033 53681.193783 19.89 0.021 53681.194616 19.311 0.017 53681.196283 19.206 0.048 -26.691387 -1.102504
53685.154495 21.915 0.647 53685.156161 20.525 0.088 53685.152828 19.788 0.041 53685.153661 19.249 0.031 53685.155328 19.202 0.073 -26.691387 -1.102504
53687.192841 21.935 0.812 53687.194507 20.588 0.09 53687.191174 19.835 0.037 53687.192007 19.3 0.026 53687.193674 19.154 0.059 -26.691387 -1.102504
53694.168383 21.182 0.454 53694.170049 20.932 0.172 53694.166716 19.953 0.068 53694.167549 19.252 0.044 53694.169216 -99.99 0.124 -26.691387 -1.102504
53700.151433 21.455 0.148 53700.153099 20.643 0.034 53700.149766 19.873 0.021 53700.150599 19.274 0.018 53700.152266 19.241 0.057 -26.691387 -1.102504
53705.138103 21.091 0.128 53705.139769 20.623 0.038 53705.136436 19.877 0.025 53705.137269 19.226 0.021 53705.138936 19.328 0.069 -26.691387 -1.102504
53975.223095 21.565 0.192 53975.224762 20.501 0.033 53975.221428 19.878 0.023 53975.222262 19.249 0.02 53975.223928 19.125 0.075 -26.691387 -1.102504
53993.29091 21.186 0.123 53993.292576 20.574 0.035 53993.289243 19.848 0.022 53993.290076 19.211 0.018 53993.291743 19.242 0.056 -26.691387 -1.102504
53996.229867 21.212 0.096 53996.231534 20.597 0.028 53996.228201 19.864 0.017 53996.229034 19.24 0.018 53996.230701 19.183 0.045 -26.691387 -1.102504
53998.198453 21.294 0.116 53998.200119 20.615 0.026 53998.196786 19.912 0.021 53998.197619 19.279 0.021 53998.199286 19.19 0.042 -26.691387 -1.102504
54010.183948 21.431 0.163 54010.185614 20.586 0.043 54010.182281 19.848 0.023 54010.183114 19.244 0.027 54010.184781 19.209 0.041 -26.691387 -1.102504
54012.176777 21.676 0.334 54012.178444 20.546 0.067 54012.175111 19.915 0.037 54012.175944 19.224 0.029 54012.177611 19.185 0.055 -26.691387 -1.102504
54020.182754 21.421 0.143 54020.184421 20.572 0.031 54020.181088 19.838 0.023 54020.181921 19.25 0.02 54020.183588 19.165 0.058 -26.691387 -1.102504
54022.232036 21.368 0.155 54022.233703 20.558 0.03 54022.230369 19.845 0.022 54022.231203 19.246 0.026 54022.232869 19.18 0.049 -26.691387 -1.102504
54028.173147 21.221 0.195 54028.174814 20.536 0.029 54028.171481 19.877 0.024 54028.172314 19.291 0.022 54028.173981 19.231 0.063 -26.691387 -1.102504
54030.176324 21.487 0.119 54030.177991 20.568 0.026 54030.174657 19.879 0.02 54030.175491 19.307 0.019 54030.177157 19.244 0.046 -26.691387 -1.102504
54037.157623 21.542 0.221 54037.159289 20.619 0.042 54037.155956 19.843 0.022 54037.156789 19.256 0.023 54037.158456 19.336 0.063 -26.691387 -1.102504
54040.172044 21.587 0.305 54040.17371 20.515 0.074 54040.170377 19.903 0.044 54040.17121 19.241 0.03 54040.172877 19.221 0.071 -26.691387 -1.102504
54050.156669 -99.99 0.223 54050.158335 20.605 0.044 54050.155002 19.862 0.03 54050.155835 -99.99 0.029 54050.157502 19.13 0.076 -26.691387 -1.102504
54053.162864 21.144 0.144 54053.164531 20.511 0.036 54053.161197 19.833 0.023 54053.162031 19.259 0.023 54053.163697 19.141 0.07 -26.691387 -1.102504
54056.16453 -99.99 0.669 54056.166196 20.529 0.058 54056.162863 19.853 0.037 54056.163696 19.21 0.04 54056.165363 19.164 0.071 -26.691387 -1.102504
54057.133162 21.345 0.115 54057.134828 20.552 0.029 54057.131495 19.83 0.022 54057.132328 19.254 0.021 54057.133995 19.192 0.054 -26.691387 -1.102504
54059.158792 21.394 0.159 54059.160458 20.579 0.035 54059.157125 19.855 0.025 54059.157958 19.205 0.026 54059.159625 19.183 0.059 -26.691387 -1.102504
54061.169908 21.3 0.162 54061.171574 20.572 0.037 54061.168241 19.847 0.028 54061.169074 19.232 0.029 54061.170741 19.168 0.061 -26.691387 -1.102504
54062.163721 21.448 0.192 54062.165388 20.545 0.037 54062.162055 19.795 0.028 54062.162888 19.23 0.028 54062.164555 19.05 0.067 -26.691387 -1.102504
54357.201978 21.099 0.1 54357.203645 20.586 0.031 54357.200312 19.856 0.02 54357.201145 19.25 0.021 54357.202812 19.102 0.05 -26.691387 -1.102504
54365.199835 21.257 0.49 54365.201501 20.699 0.068 54365.198168 19.867 0.037 54365.199001 19.146 0.026 54365.200668 19.201 0.072 -26.691387 -1.102504
54385.249811 21.223 0.139 54385.251477 20.525 0.032 54385.248144 19.863 0.024 54385.248977 19.26 0.026 54385.250644 19.15 0.059 -26.691387 -1.102504
54387.250316 21.475 0.201 54387.251983 20.601 0.036 54387.248649 19.851 0.028 54387.249483 19.213 0.025 54387.251149 19.263 0.066 -26.691387 -1.102504
54392.245049 20.988 0.11 54392.246716 20.598 0.041 54392.243382 19.844 0.025 54392.244216 19.235 0.025 54392.245882 19.203 0.058 -26.691387 -1.102504
54402.24349 21.054 0.284 54402.245157 20.587 0.086 54402.241823 19.83 0.04 54402.242657 19.231 0.029 54402.244323 19.168 0.066 -26.691387 -1.102504
