51467.297943 20.589 0.148 51467.299609 20.509 0.043 51467.296276 20.238 0.045 51467.297109 20.341 0.071 51467.298776 20.983 0.427 -29.167838 -0.715995
51819.273931 20.295 0.065 51819.275597 20.221 0.022 51819.272264 20.064 0.023 51819.273097 20.21 0.031 51819.274764 20.328 0.148 -29.167838 -0.715995
52172.2895 20.63 0.08 52172.291166 20.402 0.025 52172.287833 20.152 0.025 52172.288666 20.345 0.035 52172.290333 20.095 0.118 -29.167838 -0.715995
52172.339665 20.546 0.092 52172.341331 20.419 0.027 52172.337998 20.134 0.026 52172.338831 20.28 0.038 52172.340498 19.82 0.108 -29.167838 -0.715995
52558.239193 20.403 0.072 52558.240859 20.252 0.022 52558.237526 20.019 0.024 52558.238359 20.173 0.034 52558.240026 20.137 0.121 -29.167838 -0.715995
52577.126688 20.512 0.074 52577.128354 20.301 0.025 52577.125021 20.086 0.029 52577.125854 20.27 0.047 52577.127521 19.981 0.14 -29.167838 -0.715995
52586.130167 20.465 0.073 52586.131833 20.308 0.023 52586.1285 20.084 0.026 52586.129333 20.147 0.042 52586.131 20.202 0.154 -29.167838 -0.715995
52931.14085 20.853 0.084 52931.142516 20.517 0.024 52931.139183 20.241 0.025 52931.140016 20.325 0.034 52931.141683 20.166 0.106 -29.167838 -0.715995
52935.137813 20.768 0.091 52935.139479 20.526 0.025 52935.136146 20.21 0.027 52935.136979 20.349 0.037 52935.138646 20.347 0.144 -29.167838 -0.715995
53313.131014 20.666 0.09 53313.13268 20.429 0.026 53313.129347 20.172 0.028 53313.13018 20.306 0.045 53313.131847 20.144 0.144 -29.167838 -0.715995
53622.240259 20.821 0.155 53622.241925 20.674 0.041 53622.238592 20.311 0.039 53622.239425 20.45 0.06 53622.241092 20.562 0.291 -29.167838 -0.715995
53625.236223 20.904 0.098 53625.237889 20.668 0.033 53625.234556 20.339 0.031 53625.235389 20.467 0.039 53625.237056 20.408 0.124 -29.167838 -0.715995
53634.189728 -99.99 0.651 53634.191394 -99.99 0.115 53634.188061 20.442 0.1 53634.188894 -99.99 0.101 53634.190561 -99.99 0.284 -29.167838 -0.715995
53636.19526 20.911 0.116 53636.196926 20.672 0.038 53636.193593 20.309 0.033 53636.194426 20.311 0.039 53636.196093 20.246 0.121 -29.167838 -0.715995
53655.167266 20.636 0.177 53655.168932 20.528 0.073 53655.165599 20.137 0.044 53655.166432 20.231 0.052 53655.168099 20.061 0.153 -29.167838 -0.715995
53664.192225 20.519 0.143 53664.193891 20.555 0.071 53664.190558 20.265 0.047 53664.191391 20.443 0.061 53664.193058 20.004 0.139 -29.167838 -0.715995
53666.155826 20.775 0.08 53666.157492 20.468 0.022 53666.154159 20.239 0.025 53666.154992 20.34 0.036 53666.156659 20.106 0.12 -29.167838 -0.715995
53669.151464 20.717 0.083 53669.15313 20.477 0.025 53669.149797 20.232 0.026 53669.15063 20.243 0.034 53669.152297 20.246 0.145 -29.167838 -0.715995
53671.236255 20.915 0.198 53671.237921 20.562 0.046 53671.234588 20.26 0.04 53671.235421 20.359 0.06 53671.237088 20.248 0.209 -29.167838 -0.715995
53674.135699 20.607 0.079 53674.137365 20.499 0.025 53674.134032 20.235 0.028 53674.134865 20.312 0.036 53674.136532 20.106 0.108 -29.167838 -0.715995
53676.225197 20.598 0.089 53676.226863 20.493 0.027 53676.22353 20.237 0.026 53676.224363 20.379 0.035 53676.22603 20.023 0.105 -29.167838 -0.715995
53679.197079 20.56 0.119 53679.198745 20.495 0.033 53679.195412 20.217 0.036 53679.196245 20.218 0.045 53679.197912 20.652 0.247 -29.167838 -0.715995
53681.188591 20.567 0.081 53681.190257 20.409 0.025 53681.186924 20.181 0.029 53681.187757 20.294 0.034 53681.189424 20.052 0.098 -29.167838 -0.715995
53685.147636 20.529 0.192 53685.149302 20.427 0.077 53685.145969 20.185 0.055 53685.146802 20.21 0.056 53685.148469 20.143 0.151 -29.167838 -0.715995
53687.185984 21.001 0.359 53687.18765 20.435 0.082 53687.184317 20.188 0.05 53687.18515 20.268 0.053 53687.186817 20.11 0.137 -29.167838 -0.715995
53694.161524 20.401 0.248 53694.16319 20.366 0.098 53694.159857 20.196 0.087 53694.16069 20.132 0.103 53694.162357 -99.99 0.627 -29.167838 -0.715995
53700.144575 20.415 0.075 53700.146241 20.402 0.025 53700.142908 20.179 0.027 53700.143741 20.257 0.037 53700.145408 20.139 0.121 -29.167838 -0.715995
53705.131245 20.573 0.097 53705.132911 20.366 0.027 53705.129578 20.119 0.028 53705.130411 20.294 0.042 53705.132078 20.023 0.122 -29.167838 -0.715995
53975.216266 20.305 0.058 53975.217933 20.238 0.024 53975.2146 20.034 0.022 53975.215433 20.237 0.032 53975.2171 20.406 0.145 -29.167838 -0.715995
53993.284049 20.317 0.076 53993.285716 20.253 0.033 53993.282383 20.026 0.022 53993.283216 20.096 0.033 53993.284883 20.298 0.144 -29.167838 -0.715995
53996.222964 20.419 0.055 53996.224631 20.259 0.025 53996.221298 20.005 0.021 53996.222131 20.135 0.026 53996.223798 20.051 0.08 -29.167838 -0.715995
53998.19163 20.358 0.053 53998.193297 20.242 0.024 53998.189963 20.047 0.021 53998.190797 20.123 0.025 53998.192463 20.013 0.073 -29.167838 -0.715995
54010.177095 20.573 0.09 54010.178762 20.298 0.035 54010.175428 20.009 0.025 54010.176262 20.155 0.029 54010.177928 20.022 0.074 -29.167838 -0.715995
54012.169917 20.552 0.161 54012.171583 20.243 0.054 54012.16825 20.046 0.051 54012.169083 20.296 0.062 54012.17075 20.163 0.125 -29.167838 -0.715995
54020.175932 20.36 0.075 54020.177599 20.336 0.023 54020.174266 20.098 0.026 54020.175099 20.119 0.032 54020.176766 20.226 0.124 -29.167838 -0.715995
54022.22518 20.485 0.116 54022.226847 20.346 0.027 54022.223513 20.088 0.035 54022.224347 20.222 0.044 54022.226013 19.928 0.106 -29.167838 -0.715995
54028.166269 20.438 0.078 54028.167936 20.31 0.027 54028.164603 -99.99 0.033 54028.165436 20.186 0.043 54028.167103 19.948 0.12 -29.167838 -0.715995
54030.169452 20.408 0.06 54030.171119 20.368 0.023 54030.167786 20.098 0.021 54030.168619 20.16 0.025 54030.170286 20.047 0.085 -29.167838 -0.715995
54035.245233 20.422 0.202 54035.246899 20.348 0.044 54035.243566 20.091 0.037 54035.244399 20.247 0.058 54035.246066 20.096 0.209 -29.167838 -0.715995
54037.150694 20.417 0.121 54037.152361 20.32 0.043 54037.149028 20.048 0.039 54037.149861 20.28 0.062 54037.151528 19.915 0.152 -29.167838 -0.715995
54040.165192 20.976 0.239 54040.166858 20.365 0.066 54040.163525 20.196 0.048 54040.164358 20.235 0.052 54040.166025 20.414 0.195 -29.167838 -0.715995
54050.149808 20.394 0.077 54050.151475 20.265 0.03 54050.148142 20.061 0.037 54050.148975 -99.99 0.053 54050.150642 20.043 0.136 -29.167838 -0.715995
54053.156008 20.587 0.085 54053.157674 20.254 0.024 54053.154341 20.046 0.027 54053.155174 20.108 0.034 54053.156841 20.215 0.135 -29.167838 -0.715995
54057.126302 20.525 0.076 54057.127969 20.276 0.025 54057.124635 20.034 0.024 54057.125469 20.174 0.034 54057.127135 20.106 0.122 -29.167838 -0.715995
54059.151918 20.457 0.085 54059.153585 20.343 0.03 54059.150252 20.089 0.028 54059.151085 20.128 0.038 54059.152752 19.835 0.114 -29.167838 -0.715995
54061.162981 20.692 0.098 54061.164648 20.317 0.03 54061.161315 20.093 0.031 54061.162148 20.2 0.048 54061.163815 20.101 0.146 -29.167838 -0.715995
54062.15682 20.361 0.111 54062.158487 20.302 0.032 54062.155153 20.056 0.034 54062.155987 20.112 0.046 54062.157653 20.164 0.18 -29.167838 -0.715995
54068.146796 20.268 0.284 54068.148463 20.8 0.161 54068.145129 20 0.076 54068.145963 -99.99 0.106 54068.147629 19.662 0.161 -29.167838 -0.715995
54357.195116 20.203 0.072 54357.196783 20.121 0.029 54357.193449 19.92 0.022 54357.194283 20.041 0.032 54357.195949 19.74 0.082 -29.167838 -0.715995
54365.192971 20.343 0.125 54365.194637 20.153 0.047 54365.191304 19.904 0.035 54365.192137 19.99 0.046 54365.193804 19.766 0.105 -29.167838 -0.715995
54385.242939 20.107 0.059 54385.244606 20.134 0.021 54385.241272 19.922 0.026 54385.242106 19.996 0.028 54385.243772 19.907 0.083 -29.167838 -0.715995
54387.243457 20.231 0.069 54387.245123 20.052 0.022 54387.24179 19.897 0.023 54387.242623 19.986 0.031 54387.24429 19.973 0.113 -29.167838 -0.715995
54392.238187 20.195 0.086 54392.239854 20.1 0.027 54392.23652 19.874 0.034 54392.237354 20.052 0.041 54392.23902 20.082 0.144 -29.167838 -0.715995
54402.23663 20.173 0.151 54402.238297 20.208 0.058 54402.234963 19.844 0.037 54402.235797 19.928 0.038 54402.237463 19.907 0.118 -29.167838 -0.715995
