51467.307679 20.954 0.173 51467.309345 20.861 0.06 51467.306012 20.612 0.059 51467.306845 20.301 0.066 51467.308512 19.873 0.155 -25.645488 -1.100746
51819.283679 20.922 0.105 51819.285345 20.656 0.034 51819.282012 20.459 0.033 51819.282845 20.372 0.046 51819.284512 20.019 0.118 -25.645488 -1.100746
52172.299248 20.886 0.088 52172.300914 20.521 0.029 52172.297581 20.321 0.028 52172.298414 20.214 0.038 52172.300081 20.121 0.131 -25.645488 -1.100746
52172.349445 20.863 0.096 52172.351111 20.451 0.03 52172.347778 20.454 0.034 52172.348611 20.255 0.039 52172.350278 20.039 0.13 -25.645488 -1.100746
52558.24895 20.83 0.078 52558.250616 20.466 0.029 52558.247283 20.405 0.031 52558.248116 20.33 0.038 52558.249783 19.922 0.097 -25.645488 -1.100746
52577.136445 20.818 0.085 52577.138111 20.569 0.03 52577.134778 20.387 0.044 52577.135611 20.293 0.064 52577.137278 20.273 0.179 -25.645488 -1.100746
52586.139922 20.839 0.073 52586.141588 20.567 0.028 52586.138255 20.391 0.032 52586.139088 20.335 0.044 52586.140755 20.025 0.124 -25.645488 -1.100746
52931.150605 20.99 0.085 52931.152271 20.667 0.032 52931.148938 20.59 0.031 52931.149771 20.38 0.039 52931.151438 20.006 0.098 -25.645488 -1.100746
52935.147569 21.24 0.105 52935.149235 20.761 0.034 52935.145902 20.508 0.033 52935.146735 20.429 0.044 52935.148402 19.901 0.101 -25.645488 -1.100746
53625.245978 21.559 0.135 53625.247644 21.149 0.047 53625.244311 21.072 0.046 53625.245144 20.875 0.056 53625.246811 20.814 0.227 -25.645488 -1.100746
53636.205016 21.585 0.204 53636.206682 21.222 0.07 53636.203349 21.083 0.061 53636.204182 20.805 0.068 53636.205849 20.338 0.149 -25.645488 -1.100746
53655.177022 20.716 0.213 53655.178688 20.921 0.125 53655.175355 20.899 0.111 53655.176188 20.813 0.129 53655.177855 20.325 0.241 -25.645488 -1.100746
53664.20198 21.793 0.482 53664.203646 21.195 0.129 53664.200313 20.932 0.095 53664.201146 -99.99 0.146 53664.202813 20.44 0.252 -25.645488 -1.100746
53666.165581 21.452 0.131 53666.167247 21.228 0.044 53666.163914 21.103 0.049 53666.164747 20.823 0.061 53666.166414 20.484 0.18 -25.645488 -1.100746
53674.145455 21.332 0.125 53674.147121 21.178 0.048 53674.143788 20.907 0.049 53674.144621 20.704 0.059 53674.146288 20.319 0.138 -25.645488 -1.100746
53676.234951 21.28 0.118 53676.236617 21.271 0.047 53676.233284 21.05 0.043 53676.234117 20.794 0.047 53676.235784 20.396 0.121 -25.645488 -1.100746
53681.198346 21.376 0.143 53681.200012 21.222 0.047 53681.196679 20.977 0.045 53681.197512 20.752 0.054 53681.199179 20.188 0.112 -25.645488 -1.100746
53687.195738 21.396 0.485 53687.197404 21.634 0.243 53687.194071 21.002 0.1 53687.194904 20.914 0.101 53687.196571 20.741 0.234 -25.645488 -1.100746
53694.17128 20.989 0.5 53694.172946 21.317 0.297 53694.169613 20.717 0.171 53694.170446 20.834 0.237 53694.172113 19.984 0.324 -25.645488 -1.100746
53700.154329 21.467 0.159 53700.155995 21.177 0.056 53700.152662 21.1 0.059 53700.153495 20.88 0.072 53700.155162 20.41 0.174 -25.645488 -1.100746
53993.293808 21.335 0.143 53993.295475 21.12 0.06 53993.292141 21.015 0.053 53993.292975 20.857 0.063 53993.294641 20.401 0.137 -25.645488 -1.100746
53996.23272 21.419 0.132 53996.234386 21.13 0.042 53996.231053 21.024 0.041 53996.231886 20.822 0.052 53996.233553 20.22 0.105 -25.645488 -1.100746
53998.201361 21.588 0.121 53998.203027 21.136 0.039 53998.199694 21.067 0.036 53998.200527 20.787 0.044 53998.202194 20.224 0.096 -25.645488 -1.100746
54010.186837 21.29 0.153 54010.188504 21.142 0.067 54010.185171 20.964 0.048 54010.186004 20.677 0.047 54010.187671 20.477 0.121 -25.645488 -1.100746
54012.179707 21.305 0.269 54012.181373 21.11 0.11 54012.17804 21.053 0.095 54012.178873 20.633 0.072 54012.18054 20.191 0.124 -25.645488 -1.100746
54022.23494 21.363 0.121 54022.236606 21.187 0.043 54022.233273 20.97 0.042 54022.234106 20.772 0.05 54022.235773 20.271 0.108 -25.645488 -1.100746
54028.176068 21.148 0.121 54028.177735 21.115 0.051 54028.174401 20.945 0.055 54028.175235 20.747 0.066 54028.176901 20.074 0.13 -25.645488 -1.100746
54035.254991 21.639 0.213 54035.256657 21.023 0.064 54035.253324 21.099 0.09 54035.254157 20.921 0.124 54035.255824 20.421 0.268 -25.645488 -1.100746
54037.160461 21.551 0.191 54037.162128 21.192 0.066 54037.158794 20.985 0.057 54037.159628 20.688 0.067 54037.161294 20.457 0.181 -25.645488 -1.100746
54040.174957 21.3 0.299 54040.176624 21.156 0.142 54040.17329 20.946 0.101 54040.174124 20.705 0.088 54040.17579 20.909 0.322 -25.645488 -1.100746
54050.159566 21.427 0.232 54050.161233 21.122 0.085 54050.1579 21.041 0.065 54050.158733 20.625 0.082 54050.1604 20.468 0.316 -25.645488 -1.100746
54053.16574 21.346 0.143 54053.167407 20.956 0.05 54053.164074 21.051 0.067 54053.164907 20.816 0.079 54053.166574 20.28 0.169 -25.645488 -1.100746
54056.167408 21.194 0.234 54056.169075 20.998 0.063 54056.165742 20.955 0.072 54056.166575 -99.99 0.122 54056.168242 20.435 0.189 -25.645488 -1.100746
54057.136051 21.318 0.115 54057.137718 21.313 0.085 54057.134384 21.06 0.046 54057.135218 20.778 0.053 54057.136884 20.455 0.16 -25.645488 -1.100746
54059.161711 21.227 0.124 54059.163378 21.189 0.056 54059.160044 20.963 0.048 54059.160878 20.701 0.06 54059.162544 20.507 0.183 -25.645488 -1.100746
54061.172746 21.122 0.128 54061.174412 21.161 0.049 54061.171079 20.986 0.053 54061.171912 20.658 0.064 54061.173579 20.362 0.157 -25.645488 -1.100746
54062.166573 21.078 0.143 54062.168239 21.09 0.058 54062.164906 20.819 0.057 54062.165739 20.585 0.064 54062.167406 20.496 0.238 -25.645488 -1.100746
54068.156625 21.267 0.506 54068.158292 20.935 0.157 54068.154958 21.049 0.157 54068.155792 20.814 0.157 54068.157458 20.915 0.437 -25.645488 -1.100746
54357.204878 21.282 0.129 54357.206544 21.036 0.045 54357.203211 20.984 0.045 54357.204044 20.657 0.054 54357.205711 20.533 0.19 -25.645488 -1.100746
54365.202754 21.307 0.239 54365.204421 20.97 0.081 54365.201088 -99.99 0.079 54365.201921 20.727 0.095 54365.203588 20.428 0.211 -25.645488 -1.100746
54376.263393 21.342 0.177 54376.26506 21.014 0.059 54376.261726 -99.99 0.088 54376.26256 20.505 0.065 54376.264226 20.666 0.231 -25.645488 -1.100746
54387.253244 21.3 0.179 54387.254911 21.058 0.064 54387.251577 20.86 0.052 54387.252411 20.712 0.069 54387.254077 20.443 0.192 -25.645488 -1.100746
54392.24795 21.433 0.174 54392.249616 20.893 0.049 54392.246283 20.915 0.056 54392.247116 20.698 0.067 54392.248783 20.324 0.163 -25.645488 -1.100746
54402.246448 21.043 0.316 54402.248114 20.915 0.122 54402.244781 21.015 0.102 54402.245614 20.695 0.087 54402.247281 20.266 0.177 -25.645488 -1.100746
