51464.213032 20.169 0.04 51464.214698 20.1 0.02 51464.211365 19.99 0.021 51464.212198 19.704 0.025 51464.213865 19.584 0.08 -26.968047 -1.026299
52197.238768 20.101 0.044 52197.240434 20.125 0.021 52197.237101 19.931 0.02 52197.237934 19.662 0.023 52197.239601 19.434 0.064 -26.968047 -1.026299
52231.124753 20.12 0.042 52231.126419 20.127 0.02 52231.123086 20.01 0.021 52231.123919 19.717 0.024 52231.125586 19.642 0.07 -26.968047 -1.026299
52557.232758 20.217 0.06 52557.234424 20.177 0.024 52557.231091 19.999 0.024 52557.231924 19.705 0.03 52557.233591 19.536 0.088 -26.968047 -1.026299
52578.128835 20.136 0.043 52578.130501 20.147 0.02 52578.127168 19.998 0.022 52578.128001 19.75 0.025 52578.129668 19.587 0.078 -26.968047 -1.026299
52929.159062 20.316 0.053 52929.160728 20.282 0.022 52929.157395 20.088 0.022 52929.158228 19.801 0.027 52929.159895 19.348 0.062 -26.968047 -1.026299
52934.139218 20.205 0.054 52934.140884 20.285 0.026 52934.137551 20.08 0.026 52934.138384 19.783 0.029 52934.140051 19.626 0.09 -26.968047 -1.026299
52936.135145 20.301 0.045 52936.136811 20.255 0.021 52936.133478 20.111 0.023 52936.134311 19.823 0.025 52936.135978 19.541 0.063 -26.968047 -1.026299
53243.320353 20.161 0.056 53243.322019 20.082 0.03 53243.318686 19.953 0.024 53243.319519 19.695 0.025 53243.321186 19.507 0.062 -26.968047 -1.026299
53270.199207 20.259 0.057 53270.200873 20.091 0.027 53270.19754 19.948 0.024 53270.198373 19.63 0.029 53270.20004 19.486 0.064 -26.968047 -1.026299
53272.249154 20.163 0.099 53272.25082 20.031 0.043 53272.247487 19.934 0.034 53272.24832 19.689 0.03 53272.249987 19.51 0.08 -26.968047 -1.026299
53286.21787 20.264 0.07 53286.219536 19.984 0.022 53286.216203 19.856 0.024 53286.217036 19.683 0.028 53286.218703 19.442 0.076 -26.968047 -1.026299
53288.176358 20.079 0.049 53288.178024 20.039 0.02 53288.174691 19.881 0.02 53288.175524 19.653 0.023 53288.177191 19.441 0.065 -26.968047 -1.026299
53294.203685 20.15 0.048 53294.205352 20.012 0.033 53294.202019 19.876 0.024 53294.202852 19.603 0.026 53294.204519 19.489 0.072 -26.968047 -1.026299
53302.172028 20.041 0.088 53302.173694 19.952 0.042 53302.170361 19.834 0.033 53302.171194 19.554 0.031 53302.172861 19.395 0.079 -26.968047 -1.026299
53312.12756 20.145 0.059 53312.129227 19.938 0.027 53312.125894 19.848 0.027 53312.126727 19.629 0.039 53312.128394 19.541 0.12 -26.968047 -1.026299
53314.128755 20.054 0.043 53314.130421 19.98 0.02 53314.127088 19.841 0.021 53314.127921 19.671 0.027 53314.129588 19.441 0.079 -26.968047 -1.026299
53616.233125 20.233 0.074 53616.234791 20.111 0.044 53616.231458 19.922 0.025 53616.232291 19.715 0.034 53616.233958 19.407 0.107 -26.968047 -1.026299
53623.223335 20.157 0.052 53623.225001 20.086 0.023 53623.221668 19.928 0.022 53623.222501 19.696 0.026 53623.224168 19.417 0.066 -26.968047 -1.026299
53626.209549 20.167 0.08 53626.211215 20.043 0.039 53626.207882 19.95 0.032 53626.208715 19.655 0.03 53626.210382 19.498 0.14 -26.968047 -1.026299
53628.194413 20.327 0.167 53628.196079 19.981 0.057 53628.192746 19.948 0.051 53628.193579 19.607 0.042 53628.195246 19.651 0.124 -26.968047 -1.026299
53637.196027 20.062 0.058 53637.197693 20.045 0.026 53637.19436 19.966 0.026 53637.195193 19.706 0.033 53637.19686 19.38 0.082 -26.968047 -1.026299
53644.188471 20.121 0.041 53644.190138 20.109 0.025 53644.186805 19.931 0.018 53644.187638 19.694 0.023 53644.189305 19.536 0.062 -26.968047 -1.026299
53654.223098 20.128 0.064 53654.224764 20.05 0.03 53654.221431 19.949 0.028 53654.222264 19.741 0.033 53654.223931 19.591 0.106 -26.968047 -1.026299
53656.170689 20.4 0.164 53656.172355 20.083 0.068 53656.169022 19.827 0.049 53656.169855 19.627 0.045 53656.171522 19.38 0.104 -26.968047 -1.026299
53663.184 20.183 0.078 53663.185666 20.145 0.032 53663.182333 19.947 0.025 53663.183166 19.685 0.024 53663.184833 19.472 0.062 -26.968047 -1.026299
53668.1736 20.09 0.056 53668.175266 20.015 0.025 53668.171933 19.96 0.029 53668.172766 19.684 0.036 53668.174433 19.624 0.13 -26.968047 -1.026299
53670.178452 20.101 0.047 53670.180118 20.091 0.021 53670.176785 19.912 0.024 53670.177618 19.662 0.027 53670.179285 19.437 0.074 -26.968047 -1.026299
53673.146435 20.174 0.054 53673.148101 20.085 0.022 53673.144768 19.969 0.025 53673.145601 19.768 0.03 53673.147268 19.551 0.08 -26.968047 -1.026299
53675.143323 20.095 0.048 53675.144989 20.072 0.024 53675.141656 19.999 0.026 53675.142489 19.711 0.032 53675.144156 19.547 0.077 -26.968047 -1.026299
53677.164356 20.217 0.047 53677.166022 20.08 0.02 53677.162689 19.984 0.021 53677.163522 19.715 0.023 53677.165189 19.575 0.065 -26.968047 -1.026299
53680.151022 20.166 0.055 53680.152688 20.102 0.024 53680.149355 19.914 0.025 53680.150188 19.675 0.028 53680.151855 19.467 0.077 -26.968047 -1.026299
53686.217726 19.987 0.256 53686.219392 19.971 0.115 53686.216059 19.942 0.085 53686.216892 19.612 0.073 53686.218559 19.392 0.174 -26.968047 -1.026299
53693.152924 20.173 0.096 53693.15459 20.014 0.044 53693.151257 19.937 0.036 53693.15209 19.742 0.033 53693.153757 19.626 0.086 -26.968047 -1.026299
53702.148679 20.044 0.084 53702.150345 20.171 0.044 53702.147012 19.91 0.043 53702.147845 19.648 0.058 53702.149512 19.424 0.153 -26.968047 -1.026299
53704.13625 20.177 0.056 53704.137916 20.128 0.024 53704.134583 20.016 0.025 53704.135416 19.702 0.028 53704.137083 19.448 0.075 -26.968047 -1.026299
53989.232339 20.145 0.072 53989.234006 20.074 0.035 53989.230672 20.01 0.03 53989.231506 19.763 0.032 53989.233172 19.551 0.075 -26.968047 -1.026299
53995.221551 20.23 0.044 53995.223218 20.135 0.022 53995.219884 19.925 0.022 53995.220718 19.752 0.024 53995.222384 19.417 0.051 -26.968047 -1.026299
53997.199928 20.196 0.059 53997.201594 20.168 0.026 53997.198261 20.02 0.024 53997.199094 19.831 0.034 53997.200761 19.57 0.082 -26.968047 -1.026299
54000.207724 20.128 0.067 54000.209391 20.158 0.029 54000.206058 20.014 0.028 54000.206891 19.731 0.033 54000.208558 19.556 0.106 -26.968047 -1.026299
54007.18454 20.309 0.058 54007.186206 20.13 0.024 54007.182873 20.002 0.022 54007.183706 19.747 0.028 54007.185373 19.504 0.069 -26.968047 -1.026299
54009.181631 20.146 0.053 54009.183297 20.157 0.029 54009.179964 20.045 0.024 54009.180797 19.763 0.027 54009.182464 19.653 0.068 -26.968047 -1.026299
54011.246123 20.298 0.093 54011.247789 20.163 0.042 54011.244456 19.961 0.029 54011.245289 19.796 0.032 54011.246956 19.621 0.069 -26.968047 -1.026299
54019.196329 20.2 0.067 54019.197996 20.164 0.031 54019.194663 19.991 0.021 54019.195496 19.736 0.025 54019.197163 19.463 0.051 -26.968047 -1.026299
54025.245145 20.17 0.068 54025.246811 20.181 0.026 54025.243478 20.023 0.028 54025.244311 19.826 0.037 54025.245978 19.683 0.1 -26.968047 -1.026299
54029.175483 20.331 0.053 54029.177149 20.192 0.025 54029.173816 20.093 0.023 54029.174649 19.783 0.026 54029.176316 19.611 0.075 -26.968047 -1.026299
54356.253671 20.281 0.056 54356.255338 20.272 0.029 54356.252005 20.071 0.024 54356.252838 19.812 0.029 54356.254505 19.602 0.077 -26.968047 -1.026299
54358.198713 20.227 0.076 54358.20038 20.234 0.028 54358.197046 20.113 0.033 54358.19788 19.817 0.037 54358.199546 19.683 0.103 -26.968047 -1.026299
54365.231764 20.19 0.07 54365.233431 20.205 0.039 54365.230098 20.12 0.032 54365.230931 19.847 0.034 54365.232598 19.667 0.095 -26.968047 -1.026299
54373.305989 19.939 0.137 54373.307656 20.311 0.064 54373.304323 20.088 0.042 54373.305156 19.827 0.04 54373.306823 19.635 0.105 -26.968047 -1.026299
54382.240895 20.311 0.073 54382.242562 20.246 0.03 54382.239228 20.075 0.03 54382.240062 19.803 0.035 54382.241728 19.682 0.102 -26.968047 -1.026299
54386.243643 20.231 0.051 54386.24531 20.206 0.027 54386.241977 20.072 0.023 54386.24281 19.764 0.028 54386.244477 19.595 0.072 -26.968047 -1.026299
54388.247945 20.154 0.061 54388.249612 20.14 0.025 54388.246279 20.011 0.028 54388.247112 19.805 0.033 54388.248779 19.701 0.095 -26.968047 -1.026299
54403.161708 20.294 0.071 54403.163374 20.181 0.032 54403.160041 20.042 0.031 54403.160874 19.794 0.03 54403.162541 19.57 0.075 -26.968047 -1.026299
54406.155547 20.128 0.049 54406.157214 20.174 0.024 54406.15388 20.032 0.027 54406.154714 19.783 0.031 54406.15638 19.62 0.091 -26.968047 -1.026299
54412.158446 20.274 0.058 54412.160113 20.14 0.028 54412.15678 20.017 0.029 54412.157613 19.732 0.03 54412.15928 19.478 0.069 -26.968047 -1.026299
