51464.210116 21.087 0.079 51464.211782 20.594 0.025 51464.208449 20.596 0.032 51464.209282 20.422 0.039 51464.210949 20.341 0.142 -28.021506 -0.131968
52197.235856 21.372 0.117 52197.237522 20.904 0.031 52197.234189 20.835 0.038 52197.235022 20.614 0.042 52197.236689 20.363 0.132 -28.021506 -0.131968
52231.121836 21.419 0.105 52231.123502 21.047 0.032 52231.120169 20.835 0.036 52231.121002 20.706 0.044 52231.122669 20.57 0.145 -28.021506 -0.131968
52557.22984 20.986 0.097 52557.231506 20.778 0.033 52557.228173 20.675 0.044 52557.229006 20.591 0.088 52557.230673 20.408 0.177 -28.021506 -0.131968
52578.125918 21.212 0.1 52578.127584 20.667 0.025 52578.124251 20.676 0.037 52578.125084 20.492 0.045 52578.126751 20.354 0.143 -28.021506 -0.131968
52929.156145 20.96 0.086 52929.157811 20.564 0.025 52929.154478 20.528 0.033 52929.155311 20.432 0.043 52929.156978 20.364 0.154 -28.021506 -0.131968
52934.136301 21.094 0.106 52934.137967 20.562 0.026 52934.134634 20.609 0.037 52934.135467 20.45 0.048 52934.137134 20.299 0.142 -28.021506 -0.131968
52936.132228 20.859 0.07 52936.133894 20.59 0.023 52936.130561 20.494 0.028 52936.131394 20.462 0.038 52936.133061 20.114 0.101 -28.021506 -0.131968
53243.317436 21.164 0.124 53243.319102 20.815 0.047 53243.315769 20.789 0.047 53243.316602 20.653 0.049 53243.318269 20.467 0.133 -28.021506 -0.131968
53270.196288 21.085 0.116 53270.197954 20.861 0.044 53270.194621 20.871 0.05 53270.195454 20.542 0.048 53270.197121 20.41 0.141 -28.021506 -0.131968
53272.246236 21.701 0.353 53272.247902 20.834 0.079 53272.244569 20.862 0.073 53272.245402 20.665 0.073 53272.247069 20.575 0.197 -28.021506 -0.131968
53286.214953 21.12 0.13 53286.216619 20.908 0.041 53286.213286 20.815 0.056 53286.214119 20.638 0.059 53286.215786 20.288 0.148 -28.021506 -0.131968
53288.173441 21.133 0.105 53288.175107 20.892 0.032 53288.171774 20.868 0.038 53288.172607 20.743 0.048 53288.174274 20.631 0.156 -28.021506 -0.131968
53294.20076 21.449 0.141 53294.202426 20.845 0.033 53294.199093 20.894 0.047 53294.199926 20.705 0.068 53294.201593 20.389 0.174 -28.021506 -0.131968
53302.169112 21.157 0.232 53302.170778 20.857 0.082 53302.167445 20.815 0.074 53302.168278 20.782 0.119 53302.169945 20.283 0.156 -28.021506 -0.131968
53312.124642 21.204 0.136 53312.126309 20.907 0.04 53312.122976 20.892 0.077 53312.123809 20.718 0.079 53312.125476 20.049 0.22 -28.021506 -0.131968
53314.125837 21.286 0.122 53314.127503 20.92 0.033 53314.12417 20.884 0.053 53314.125003 20.659 0.06 53314.12667 20.226 0.153 -28.021506 -0.131968
53616.230209 21.43 0.288 53616.231875 20.846 0.038 53616.228542 -99.99 0.145 53616.229375 20.757 0.196 53616.231042 20.941 0.335 -28.021506 -0.131968
53623.22042 21.193 0.125 53623.222086 20.819 0.034 53623.218753 20.859 0.047 53623.219586 20.644 0.061 53623.221253 20.399 0.154 -28.021506 -0.131968
53626.206632 21.225 0.191 53626.208298 20.777 0.061 53626.204965 20.692 0.059 53626.205798 20.735 0.074 53626.207465 20.267 0.144 -28.021506 -0.131968
53637.193112 21.259 0.159 53637.194778 20.865 0.039 53637.191445 20.87 0.055 53637.192278 20.711 0.078 53637.193945 20.535 0.248 -28.021506 -0.131968
53644.185571 21.293 0.107 53644.187238 20.807 0.025 53644.183904 20.788 0.033 53644.184738 20.739 0.042 53644.186404 20.305 0.111 -28.021506 -0.131968
53654.220183 21.232 0.153 53654.221849 20.762 0.048 53654.218516 20.742 0.052 53654.219349 20.674 0.066 53654.221016 20.462 0.2 -28.021506 -0.131968
53656.167774 21.592 0.502 53656.16944 20.96 0.126 53656.166107 20.638 0.097 53656.16694 20.761 0.124 53656.168607 20.676 0.314 -28.021506 -0.131968
53663.181071 20.979 0.145 53663.182737 20.861 0.053 53663.179404 20.86 0.049 53663.180237 20.659 0.047 53663.181904 20.216 0.109 -28.021506 -0.131968
53668.170684 21.305 0.141 53668.17235 20.881 0.039 53668.169017 20.697 0.047 53668.16985 20.601 0.069 53668.171517 20.902 0.382 -28.021506 -0.131968
53670.175536 21.123 0.114 53670.177202 20.785 0.032 53670.173869 20.852 0.044 53670.174702 20.667 0.059 53670.176369 20.626 0.209 -28.021506 -0.131968
53673.143519 21.401 0.155 53673.145185 20.843 0.032 53673.141852 20.815 0.046 53673.142685 20.702 0.061 53673.144352 20.721 0.261 -28.021506 -0.131968
53675.140407 21.198 0.129 53675.142073 20.755 0.033 53675.13874 20.719 0.055 53675.139573 20.544 0.057 53675.14124 20.307 0.202 -28.021506 -0.131968
53677.16144 21.179 0.109 53677.163106 20.875 0.029 53677.159773 20.821 0.041 53677.160606 20.669 0.046 53677.162273 20.367 0.129 -28.021506 -0.131968
53680.148107 21.331 0.129 53680.149773 20.884 0.037 53680.14644 20.895 0.047 53680.147273 20.795 0.058 53680.14894 20.522 0.173 -28.021506 -0.131968
53693.150008 21.04 0.24 53693.151674 20.744 0.075 53693.148341 20.884 0.071 53693.149174 20.646 0.067 53693.150841 20.092 0.129 -28.021506 -0.131968
53702.145685 -99.99 0.326 53702.147352 20.907 0.067 53702.144019 20.66 0.086 53702.144852 20.8 0.142 53702.146519 22.744 3.182 -28.021506 -0.131968
53703.154815 21.707 0.499 53703.156481 20.922 0.052 53703.153148 20.833 0.07 53703.153981 20.647 0.094 53703.155648 20.403 0.23 -28.021506 -0.131968
53704.133333 21.374 0.144 53704.134999 20.868 0.034 53704.131666 20.933 0.049 53704.132499 20.822 0.062 53704.134166 20.634 0.232 -28.021506 -0.131968
53989.229374 21.781 0.3 53989.231041 20.944 0.061 53989.227707 20.913 0.055 53989.228541 20.9 0.072 53989.230207 20.276 0.116 -28.021506 -0.131968
53995.218628 21.229 0.094 53995.220294 20.972 0.03 53995.216961 20.904 0.036 53995.217794 20.923 0.044 53995.219461 20.717 0.159 -28.021506 -0.131968
53997.197007 21.176 0.108 53997.198674 21.003 0.034 53997.195341 20.938 0.044 53997.196174 20.839 0.064 53997.197841 20.458 0.157 -28.021506 -0.131968
54000.20479 21.169 0.136 54000.206456 20.947 0.036 54000.203123 20.914 0.061 54000.203956 20.699 0.063 54000.205623 20.44 0.236 -28.021506 -0.131968
54007.181606 21.308 0.114 54007.183273 20.986 0.032 54007.17994 -99.99 0.05 54007.180773 20.752 0.047 54007.18244 20.415 0.12 -28.021506 -0.131968
54009.178779 21.452 0.138 54009.180446 21.021 0.041 54009.177112 21.003 0.046 54009.177946 20.764 0.047 54009.179612 20.412 0.108 -28.021506 -0.131968
54011.243213 21.26 0.189 54011.244879 20.989 0.069 54011.241546 20.915 0.059 54011.242379 20.897 0.063 54011.244046 20.532 0.136 -28.021506 -0.131968
54019.193422 21.328 0.133 54019.195089 20.996 0.068 54019.191756 20.994 0.041 54019.192589 20.877 0.045 54019.194256 20.488 0.106 -28.021506 -0.131968
54025.242219 21.058 0.126 54025.243885 20.937 0.037 54025.240552 20.97 0.053 54025.241385 20.97 0.085 54025.243052 20.957 0.329 -28.021506 -0.131968
54029.172558 21.273 0.1 54029.174225 20.987 0.029 54029.170891 20.887 0.041 54029.171725 20.724 0.049 54029.173391 20.229 0.107 -28.021506 -0.131968
54051.149171 21.628 1 54051.150838 20.588 0.317 54051.147504 20.685 0.136 54051.148338 20.743 0.248 54051.150004 -99.99 0.853 -28.021506 -0.131968
54356.250729 21.203 0.11 54356.252396 20.849 0.029 54356.249063 20.897 0.043 54356.249896 20.782 0.059 54356.251563 20.648 0.184 -28.021506 -0.131968
54358.195782 20.924 0.141 54358.197449 20.96 0.047 54358.194116 20.904 0.069 54358.194949 20.974 0.109 54358.196616 21.223 1.115 -28.021506 -0.131968
54373.303039 21.18 0.317 54373.304705 20.788 0.09 54373.301372 20.845 0.079 54373.302205 20.737 0.089 54373.303872 20.535 0.197 -28.021506 -0.131968
54382.237971 21.128 0.142 54382.239638 20.977 0.04 54382.236305 20.824 0.05 54382.237138 20.732 0.069 54382.238805 20.321 0.176 -28.021506 -0.131968
54386.240733 21.066 0.09 54386.242399 20.929 0.029 54386.239066 20.824 0.038 54386.239899 20.823 0.049 54386.241566 20.771 0.185 -28.021506 -0.131968
54388.245033 21.254 0.114 54388.2467 20.896 0.035 54388.243367 20.856 0.048 54388.2442 20.776 0.062 54388.245867 20.413 0.177 -28.021506 -0.131968
54403.158772 21.285 0.138 54403.160439 20.818 0.042 54403.157105 20.967 0.043 54403.157939 20.778 0.056 54403.159605 20.667 0.197 -28.021506 -0.131968
54406.152615 21.45 0.124 54406.154282 20.894 0.032 54406.150948 20.882 0.041 54406.151782 20.766 0.055 54406.153448 20.574 0.197 -28.021506 -0.131968
54412.155541 21.333 0.142 54412.157208 20.853 0.036 54412.153875 21.074 0.05 54412.154708 20.762 0.057 54412.156375 20.099 0.126 -28.021506 -0.131968
