51464.206476 20.188 0.042 51464.208142 20.032 0.016 51464.204809 19.709 0.018 51464.205642 19.824 0.026 51464.207309 19.786 0.105 -29.337613 0.336074
52197.232221 20.378 0.058 52197.233887 20.154 0.018 52197.230554 19.756 0.017 52197.231387 19.854 0.025 52197.233054 19.85 0.097 -29.337613 0.336074
52231.118189 20.404 0.056 52231.119855 20.175 0.018 52231.116522 19.775 0.018 52231.117355 19.779 0.023 52231.119022 19.824 0.098 -29.337613 0.336074
52557.226194 20.074 0.064 52557.22786 19.876 0.018 52557.224527 19.548 0.019 52557.22536 19.566 0.026 52557.227027 19.522 0.115 -29.337613 0.336074
52578.122273 20.093 0.048 52578.123939 19.859 0.015 52578.120606 19.552 0.017 52578.121439 19.576 0.023 52578.123106 19.631 0.091 -29.337613 0.336074
52929.1525 20.153 0.053 52929.154166 20.007 0.016 52929.150833 19.707 0.017 52929.151666 19.763 0.023 52929.153333 19.694 0.094 -29.337613 0.336074
52934.132656 20.229 0.06 52934.134322 20.049 0.018 52934.130989 19.681 0.019 52934.131822 19.773 0.027 52934.133489 19.677 0.107 -29.337613 0.336074
52936.128582 20.194 0.049 52936.130248 19.978 0.016 52936.126915 19.799 0.019 52936.127748 19.707 0.024 52936.129415 19.782 0.096 -29.337613 0.336074
53243.31379 20.92 0.119 53243.315456 20.621 0.043 53243.312123 20.184 0.03 53243.312956 20.25 0.037 53243.314623 20.186 0.132 -29.337613 0.336074
53270.192646 21.246 0.145 53270.194313 20.735 0.04 53270.19098 20.234 0.035 53270.191813 20.315 0.039 53270.19348 20.433 0.187 -29.337613 0.336074
53272.242591 21.362 0.292 53272.244257 20.711 0.065 53272.240924 20.167 0.04 53272.241757 20.195 0.046 53272.243424 19.925 0.149 -29.337613 0.336074
53286.211308 20.933 0.121 53286.212974 20.605 0.033 53286.209641 20.213 0.03 53286.210474 20.31 0.042 53286.212141 20.188 0.164 -29.337613 0.336074
53288.169797 21.037 0.106 53288.171463 20.663 0.026 53288.16813 20.236 0.024 53288.168963 20.326 0.036 53288.17063 20.417 0.162 -29.337613 0.336074
53294.197171 20.91 0.1 53294.198837 20.671 0.03 53294.195504 20.191 0.025 53294.196337 20.124 0.038 53294.198004 20.128 0.143 -29.337613 0.336074
53302.165467 21.247 0.236 53302.167133 20.581 0.06 53302.1638 20.152 0.038 53302.164633 20.305 0.048 53302.1663 20.302 0.169 -29.337613 0.336074
53312.121002 20.779 0.118 53312.122669 20.527 0.047 53312.119336 20.158 0.035 53312.120169 20.204 0.053 53312.121836 19.764 0.173 -29.337613 0.336074
53314.122192 20.823 0.097 53314.123858 20.512 0.025 53314.120525 20.111 0.027 53314.121358 20.183 0.039 53314.123025 19.827 0.14 -29.337613 0.336074
53616.226564 20.282 0.306 53616.22823 -99.99 0.069 53616.224897 -99.99 0.074 53616.22573 19.868 0.111 53616.227397 -99.99 0.53 -29.337613 0.336074
53623.216773 20.259 0.069 53623.218439 19.997 0.02 53623.215106 19.689 0.018 53623.215939 19.754 0.027 53623.217606 19.736 0.129 -29.337613 0.336074
53626.202986 20.202 0.085 53626.204652 19.999 0.031 53626.201319 19.778 0.027 53626.202152 19.818 0.032 53626.203819 19.698 0.107 -29.337613 0.336074
53637.189466 20.197 0.072 53637.191132 19.99 0.02 53637.187799 19.678 0.021 53637.188632 19.792 0.033 53637.190299 19.582 0.119 -29.337613 0.336074
53644.18192 20.151 0.048 53644.183586 20.001 0.018 53644.180253 19.711 0.018 53644.181086 19.791 0.022 53644.182753 19.839 0.083 -29.337613 0.336074
53654.216535 20.207 0.083 53654.218201 20.003 0.025 53654.214868 19.737 0.026 53654.215701 19.756 0.032 53654.217368 19.836 0.131 -29.337613 0.336074
53656.164127 20.189 0.179 53656.165793 19.99 0.054 53656.16246 19.695 0.046 53656.163293 19.733 0.05 53656.16496 19.967 0.216 -29.337613 0.336074
53663.177436 20.087 0.071 53663.179102 20.005 0.026 53663.175769 19.701 0.02 53663.176602 19.798 0.025 53663.178269 19.836 0.09 -29.337613 0.336074
53665.155405 19.646 0.192 53665.157071 19.772 0.106 53665.153738 19.517 0.102 53665.154571 19.469 0.12 53665.156238 19.204 0.336 -29.337613 0.336074
53668.167037 20.209 0.072 53668.168703 19.975 0.019 53668.16537 19.628 0.021 53668.166203 19.805 0.039 53668.16787 19.692 0.15 -29.337613 0.336074
53670.171889 20.188 0.059 53670.173555 20.037 0.017 53670.170222 19.731 0.022 53670.171055 19.745 0.033 53670.172722 19.769 0.119 -29.337613 0.336074
53673.139873 20.181 0.06 53673.141539 19.977 0.018 53673.138206 19.682 0.019 53673.139039 19.724 0.028 53673.140706 19.974 0.142 -29.337613 0.336074
53675.136761 20.199 0.058 53675.138427 20.017 0.02 53675.135094 19.635 0.02 53675.135927 19.694 0.029 53675.137594 19.753 0.124 -29.337613 0.336074
53677.157794 20.176 0.053 53677.15946 20.035 0.017 53677.156127 19.712 0.019 53677.15696 19.746 0.024 53677.158627 19.915 0.104 -29.337613 0.336074
53680.144459 20.304 0.068 53680.146125 19.991 0.017 53680.142792 19.687 0.019 53680.143625 19.751 0.027 53680.145292 19.677 0.094 -29.337613 0.336074
53686.211163 -99.99 0.47 53686.212829 20.014 0.081 53686.209496 19.648 0.049 53686.210329 19.757 0.059 53686.211996 19.783 0.217 -29.337613 0.336074
53693.146361 20.189 0.111 53693.148027 19.974 0.033 53693.144694 19.694 0.026 53693.145527 19.644 0.028 53693.147194 19.823 0.107 -29.337613 0.336074
53702.142024 20.236 0.106 53702.14369 19.966 0.032 53702.140357 19.719 0.033 53702.14119 19.759 0.053 53702.142857 19.522 0.175 -29.337613 0.336074
53703.151166 20.102 0.084 53703.152833 20.003 0.029 53703.1495 19.721 0.031 53703.150333 19.691 0.037 53703.152 19.52 0.124 -29.337613 0.336074
53704.129687 20.241 0.065 53704.131353 20.001 0.019 53704.12802 19.689 0.02 53704.128853 19.701 0.026 53704.13052 19.702 0.109 -29.337613 0.336074
53989.225749 19.797 0.056 53989.227416 19.783 0.022 53989.224082 19.464 0.025 53989.224916 19.572 0.025 53989.226582 19.568 0.077 -29.337613 0.336074
53995.215005 19.918 0.041 53995.216672 19.74 0.021 53995.213338 19.548 0.022 53995.214172 19.551 0.021 53995.215838 19.592 0.071 -29.337613 0.336074
53997.193368 19.958 0.054 53997.195035 19.805 0.025 53997.191702 19.464 0.017 53997.192535 19.573 0.026 53997.194202 19.598 0.094 -29.337613 0.336074
54000.201163 19.911 0.053 54000.20283 19.765 0.02 54000.199497 19.513 0.019 54000.20033 19.553 0.025 54000.201997 19.264 0.087 -29.337613 0.336074
54007.177958 19.975 0.046 54007.179625 19.724 0.025 54007.176291 19.469 0.019 54007.177125 19.537 0.022 54007.178791 19.533 0.077 -29.337613 0.336074
54009.175078 19.927 0.049 54009.176745 19.73 0.02 54009.173411 19.462 0.017 54009.174245 19.53 0.024 54009.175911 19.647 0.08 -29.337613 0.336074
54011.239563 19.925 0.066 54011.24123 19.76 0.027 54011.237897 19.469 0.024 54011.23873 19.534 0.026 54011.240397 19.538 0.066 -29.337613 0.336074
54019.189769 19.913 0.047 54019.191436 19.743 0.02 54019.188102 19.463 0.016 54019.188936 19.561 0.019 54019.190602 19.773 0.072 -29.337613 0.336074
54025.238584 19.95 0.057 54025.240251 19.754 0.018 54025.236918 19.528 0.021 54025.237751 19.511 0.026 54025.239418 19.681 0.1 -29.337613 0.336074
54029.168929 19.928 0.042 54029.170596 19.794 0.027 54029.167262 19.476 0.018 54029.168096 19.562 0.021 54029.169762 19.647 0.078 -29.337613 0.336074
54051.14559 19.828 0.11 54051.147256 19.81 0.034 54051.143923 19.425 0.046 54051.144756 19.607 0.094 54051.146423 19.544 0.312 -29.337613 0.336074
54356.247099 20.31 0.061 54356.248765 20.12 0.024 54356.245432 19.798 0.02 54356.246265 19.837 0.034 54356.247932 19.652 0.094 -29.337613 0.336074
54358.192178 -99.99 0.224 54358.193845 20.123 0.029 54358.190512 19.755 0.029 54358.191345 -99.99 0.07 54358.193012 20.162 0.407 -29.337613 0.336074
54373.299403 20.462 0.191 54373.301069 20.127 0.057 54373.297736 19.774 0.04 54373.298569 19.725 0.054 54373.300236 19.752 0.125 -29.337613 0.336074
54382.234324 20.476 0.105 54382.23599 20.143 0.022 54382.232657 19.841 0.029 54382.23349 19.833 0.037 54382.235157 19.858 0.153 -29.337613 0.336074
54386.237081 20.391 0.069 54386.238748 20.14 0.021 54386.235414 19.773 0.018 54386.236248 19.866 0.028 54386.237914 19.881 0.104 -29.337613 0.336074
54388.241351 20.473 0.086 54388.243018 20.217 0.023 54388.239684 19.808 0.021 54388.240518 19.851 0.029 54388.242184 19.81 0.116 -29.337613 0.336074
54403.155126 20.557 0.07 54403.156793 20.258 0.023 54403.15346 19.859 0.023 54403.154293 19.872 0.028 54403.15596 19.994 0.101 -29.337613 0.336074
54406.148963 20.484 0.061 54406.15063 20.268 0.021 54406.147297 19.803 0.02 54406.14813 19.879 0.03 54406.149797 19.823 0.106 -29.337613 0.336074
54412.151884 20.447 0.075 54412.15355 20.189 0.022 54412.150217 19.903 0.023 54412.15105 19.881 0.028 54412.152717 19.92 0.116 -29.337613 0.336074
