51467.29644 20.954 0.18 51467.298106 20.444 0.038 51467.294773 20.254 0.041 51467.295606 19.864 0.045 51467.297273 19.844 0.16 -29.701024 0.574105
51819.272442 21.064 0.099 51819.274108 20.557 0.028 51819.270775 20.196 0.028 51819.271608 19.832 0.031 51819.273275 20.097 0.12 -29.701024 0.574105
52172.288016 21.212 0.109 52172.289682 20.594 0.027 52172.286349 20.211 0.025 52172.287182 19.868 0.03 52172.288849 19.942 0.097 -29.701024 0.574105
52172.33818 20.919 0.103 52172.339846 20.608 0.029 52172.336513 20.213 0.028 52172.337346 19.851 0.032 52172.339013 19.842 0.107 -29.701024 0.574105
52558.237718 21.153 0.112 52558.239384 20.574 0.029 52558.236051 20.23 0.027 52558.236884 19.836 0.031 52558.238551 19.849 0.094 -29.701024 0.574105
52577.125211 21.346 0.126 52577.126877 20.578 0.028 52577.123544 20.216 0.031 52577.124377 19.927 0.039 52577.126044 19.807 0.122 -29.701024 0.574105
52586.128689 21.219 0.095 52586.130355 20.622 0.029 52586.127022 20.207 0.028 52586.127855 19.891 0.033 52586.129522 19.687 0.103 -29.701024 0.574105
52935.136337 21.295 0.113 52935.138003 20.543 0.026 52935.13467 20.185 0.027 52935.135503 19.865 0.031 52935.13717 19.804 0.09 -29.701024 0.574105
53313.129537 21.085 0.106 53313.131203 20.562 0.028 53313.12787 20.253 0.032 53313.128703 19.933 0.038 53313.13037 19.752 0.11 -29.701024 0.574105
53622.238783 22.612 0.554 53622.240449 21.176 0.068 53622.237116 20.57 0.051 53622.237949 20.149 0.054 53622.239616 20.274 0.197 -29.701024 0.574105
53634.188252 23.672 4.005 53634.189918 21.083 0.191 53634.186585 20.818 0.136 53634.187418 20.246 0.099 53634.189085 20.578 0.383 -29.701024 0.574105
53636.193785 21.465 0.16 53636.195451 21.018 0.05 53636.192118 20.559 0.041 53636.192951 20.121 0.04 53636.194618 19.942 0.102 -29.701024 0.574105
53655.16579 22.07 0.564 53655.167456 21.147 0.115 53655.164123 20.678 0.069 53655.164956 20.181 0.054 53655.166623 20.2 0.171 -29.701024 0.574105
53664.190748 23.061 1.274 53664.192414 21.128 0.091 53664.189081 20.742 0.068 53664.189914 20.263 0.063 53664.191581 19.904 0.131 -29.701024 0.574105
53666.15435 21.627 0.132 53666.156016 21.004 0.032 53666.152683 20.53 0.033 53666.153516 20.113 0.037 53666.155183 20.318 0.139 -29.701024 0.574105
53669.149988 21.856 0.175 53669.151654 21.127 0.039 53669.148321 20.606 0.036 53669.149154 20.227 0.04 53669.150821 20.175 0.121 -29.701024 0.574105
53671.234778 21.603 0.308 53671.236444 21.123 0.068 53671.233111 20.73 0.068 53671.233944 20.148 0.055 53671.235611 20.102 0.189 -29.701024 0.574105
53674.134224 21.51 0.138 53674.13589 21.073 0.038 53674.132557 20.616 0.038 53674.13339 20.143 0.04 53674.135057 20.085 0.107 -29.701024 0.574105
53676.223719 21.697 0.174 53676.225385 21.016 0.038 53676.222052 20.645 0.037 53676.222885 20.174 0.038 53676.224552 20.312 0.117 -29.701024 0.574105
53679.195602 21.746 0.274 53679.197268 20.964 0.053 53679.193935 20.554 0.048 53679.194768 20.135 0.049 53679.196435 20.084 0.146 -29.701024 0.574105
53681.187114 21.807 0.196 53681.18878 21.041 0.037 53681.185447 20.582 0.039 53681.18628 20.188 0.043 53681.187947 20.305 0.124 -29.701024 0.574105
53685.146159 21.702 0.472 53685.147825 21.096 0.158 53685.144492 20.542 0.104 53685.145325 20.179 0.094 53685.146992 20.006 0.138 -29.701024 0.574105
53687.184506 21.113 0.317 53687.186172 21.195 0.149 53687.182839 20.685 0.082 53687.183672 20.06 0.053 53687.185339 20.122 0.129 -29.701024 0.574105
53700.143098 21.313 0.131 53700.144764 20.952 0.036 53700.141431 20.533 0.038 53700.142264 20.154 0.042 53700.143931 20.004 0.107 -29.701024 0.574105
53705.129768 21.318 0.15 53705.131434 20.977 0.043 53705.128101 20.607 0.045 53705.128934 20.132 0.043 53705.130601 20.101 0.123 -29.701024 0.574105
53975.215057 21.47 0.116 53975.216724 20.744 0.029 53975.213391 20.436 0.026 53975.214224 19.991 0.03 53975.215891 19.927 0.096 -29.701024 0.574105
53993.282565 21.391 0.14 53993.284232 20.705 0.038 53993.280898 20.34 0.031 53993.281732 19.972 0.032 53993.283398 19.837 0.092 -29.701024 0.574105
53998.190153 21.167 0.085 53998.19182 20.716 0.024 53998.188486 20.352 0.024 53998.18932 20.038 0.029 53998.190986 20.118 0.087 -29.701024 0.574105
54010.175702 21.274 1 54010.177369 20.782 0.048 54010.174035 20.423 0.037 54010.174869 20.07 0.033 54010.176535 19.846 0.07 -29.701024 0.574105
54012.168495 21.153 1 54012.170162 20.832 0.098 54012.166829 20.416 0.075 54012.167662 20.068 0.064 54012.169329 19.753 0.108 -29.701024 0.574105
54020.17442 21.446 0.132 54020.176087 20.781 0.033 54020.172753 20.387 0.033 54020.173587 20.076 0.039 54020.175253 19.812 0.095 -29.701024 0.574105
54028.164797 21.278 0.155 54028.166464 20.782 0.034 54028.16313 20.364 0.039 54028.163964 19.973 0.045 54028.16563 19.908 0.113 -29.701024 0.574105
54030.167997 21.437 0.106 54030.169663 20.716 0.026 54030.16633 20.387 0.027 54030.167163 19.994 0.03 54030.16883 20.05 0.087 -29.701024 0.574105
54035.243757 21.063 0.187 54035.245424 20.7 0.047 54035.242091 20.503 0.061 54035.242924 19.983 0.059 54035.244591 20.05 0.187 -29.701024 0.574105
54037.149355 21.195 0.162 54037.151021 20.688 0.07 54037.147688 20.335 0.05 54037.148521 20.046 0.051 54037.150188 20.005 0.176 -29.701024 0.574105
54040.16371 21.605 0.335 54040.165376 20.756 0.087 54040.162043 20.393 0.069 54040.162876 20.128 0.062 54040.164543 19.944 0.119 -29.701024 0.574105
54050.148331 21.027 0.122 54050.149997 20.753 0.034 54050.146664 20.363 0.036 54050.147497 19.974 0.043 54050.149164 -99.99 0.169 -29.701024 0.574105
54053.154492 21.428 0.147 54053.156158 20.73 0.031 54053.152825 20.367 0.035 54053.153658 20.007 0.039 54053.155325 20.045 0.12 -29.701024 0.574105
54056.156218 21.679 0.239 54056.157885 20.695 0.046 54056.154552 20.312 0.067 54056.155385 20.094 0.101 54056.157052 20.228 0.195 -29.701024 0.574105
54057.124863 21.197 0.104 54057.12653 20.726 0.028 54057.123196 20.376 0.036 54057.12403 20.018 0.037 54057.125696 19.776 0.084 -29.701024 0.574105
54059.150451 21.545 0.191 54059.152118 20.715 0.034 54059.148785 20.372 0.041 54059.149618 20.07 0.045 54059.151285 20.024 0.116 -29.701024 0.574105
54061.16159 21.107 0.124 54061.163256 20.775 0.037 54061.159923 20.315 0.04 54061.160756 20.045 0.043 54061.162423 20.084 0.147 -29.701024 0.574105
54062.155351 21.34 0.169 54062.157018 20.735 0.042 54062.153684 20.444 0.048 54062.154518 20.01 0.048 54062.156184 20.087 0.174 -29.701024 0.574105
54068.145408 100.002 99.999 54068.147075 20.706 0.157 54068.143742 20.585 0.131 54068.144575 20.049 0.101 54068.146242 19.894 0.237 -29.701024 0.574105
54357.19364 21.719 0.185 54357.195307 20.943 0.037 54357.191973 20.512 0.035 54357.192807 20.162 0.041 54357.194473 20.17 0.119 -29.701024 0.574105
54365.19151 21.256 0.278 54365.193176 20.894 0.081 54365.189843 20.62 0.061 54365.190676 20.081 0.051 54365.192343 19.983 0.131 -29.701024 0.574105
54385.241471 21.509 0.134 54385.243138 20.989 0.04 54385.239805 20.68 0.059 54385.240638 20.201 0.048 54385.242305 20.005 0.089 -29.701024 0.574105
54387.241969 21.556 0.308 54387.243636 20.878 0.037 54387.240303 20.477 0.038 54387.241136 20.126 0.042 54387.242803 19.983 0.105 -29.701024 0.574105
54392.236942 21.533 0.245 54392.238608 20.826 0.049 54392.235275 20.498 0.048 54392.236108 20.152 0.052 54392.237775 20.212 0.15 -29.701024 0.574105
54402.23526 21.177 0.31 54402.236927 20.79 0.086 54402.233594 20.502 0.064 54402.234427 20.07 0.051 54402.236094 20.116 0.129 -29.701024 0.574105
