51464.208207 19.993 0.037 51464.209873 19.919 0.016 51464.20654 19.674 0.017 51464.207373 19.244 0.017 51464.20904 19.209 0.063 -28.711401 0.287032
52197.233948 20.24 0.054 52197.235614 20.196 0.02 52197.232281 19.915 0.022 52197.233114 19.406 0.021 52197.234781 19.408 0.069 -28.711401 0.287032
52231.119924 20.309 0.051 52231.12159 20.201 0.018 52231.118257 19.923 0.02 52231.11909 19.415 0.018 52231.120757 19.39 0.064 -28.711401 0.287032
52557.227929 20.475 0.082 52557.229595 20.256 0.02 52557.226262 19.941 0.026 52557.227095 19.394 0.024 52557.228762 19.454 0.091 -28.711401 0.287032
52578.124008 20.307 0.055 52578.125674 20.215 0.019 52578.122341 19.959 0.021 52578.123174 19.443 0.02 52578.124841 19.474 0.084 -28.711401 0.287032
52929.154234 20.32 0.059 52929.1559 20.203 0.019 52929.152567 19.937 0.02 52929.1534 19.386 0.018 52929.155067 19.393 0.075 -28.711401 0.287032
52934.134391 20.288 0.061 52934.136057 20.177 0.021 52934.132724 19.876 0.022 52934.133557 19.413 0.021 52934.135224 19.264 0.077 -28.711401 0.287032
52936.130317 20.253 0.049 52936.131983 20.236 0.019 52936.12865 19.947 0.019 52936.129483 19.448 0.018 52936.13115 19.403 0.067 -28.711401 0.287032
53243.315525 20.319 0.07 53243.317191 20.198 0.029 53243.313858 19.906 0.023 53243.314691 19.379 0.018 53243.316358 19.404 0.066 -28.711401 0.287032
53270.194415 20.202 0.064 53270.196082 20.107 0.033 53270.192749 19.924 0.025 53270.193582 19.396 0.021 53270.195249 19.388 0.074 -28.711401 0.287032
53272.244326 20.391 0.109 53272.245992 20.146 0.039 53272.242659 19.903 0.031 53272.243492 19.397 0.027 53272.245159 19.369 0.078 -28.711401 0.287032
53286.213043 20.183 0.08 53286.214709 20.188 0.022 53286.211376 19.902 0.022 53286.212209 19.382 0.02 53286.213876 19.349 0.087 -28.711401 0.287032
53288.171532 20.262 0.057 53288.173198 20.185 0.019 53288.169865 19.944 0.02 53288.170698 19.426 0.018 53288.172365 19.468 0.073 -28.711401 0.287032
53294.198848 20.359 0.059 53294.200515 20.183 0.026 53294.197182 19.942 0.027 53294.198015 19.429 0.021 53294.199682 19.287 0.081 -28.711401 0.287032
53302.167201 20.182 0.1 53302.168867 20.237 0.046 53302.165534 19.874 0.03 53302.166367 19.405 0.024 53302.168034 19.47 0.085 -28.711401 0.287032
53312.122732 20.3 0.094 53312.124398 20.16 0.024 53312.121065 19.9 0.033 53312.121898 19.373 0.031 53312.123565 19.375 0.12 -28.711401 0.287032
53314.123927 20.217 0.06 53314.125593 20.177 0.02 53314.12226 19.91 0.025 53314.123093 19.422 0.023 53314.12476 19.498 0.1 -28.711401 0.287032
53616.228298 -99.99 0.607 53616.229964 20.283 0.036 53616.226631 -99.99 0.089 53616.227464 -99.99 0.062 53616.229131 -99.99 0.332 -28.711401 0.287032
53623.218508 20.259 0.067 53623.220174 20.269 0.024 53623.216841 19.94 0.024 53623.217674 19.478 0.023 53623.219341 19.689 0.124 -28.711401 0.287032
53626.204721 20.272 0.096 53626.206387 20.191 0.036 53626.203054 19.996 0.033 53626.203887 19.472 0.026 53626.205554 19.309 0.078 -28.711401 0.287032
53628.189586 20.287 0.179 53628.191252 20.258 0.07 53628.187919 19.908 0.056 53628.188752 19.398 0.037 53628.190419 19.299 0.103 -28.711401 0.287032
53637.1912 20.199 0.072 53637.192866 20.234 0.024 53637.189533 19.987 0.026 53637.190366 19.452 0.025 53637.192033 19.522 0.127 -28.711401 0.287032
53644.183653 20.434 0.057 53644.185319 20.286 0.019 53644.181986 20 0.023 53644.182819 19.47 0.02 53644.184486 19.549 0.067 -28.711401 0.287032
53654.218269 20.379 0.084 53654.219935 20.327 0.031 53654.216602 19.944 0.031 53654.217435 19.438 0.025 53654.219102 19.59 0.11 -28.711401 0.287032
53656.165862 20.391 0.181 53656.167528 20.327 0.071 53656.164195 19.995 0.063 53656.165028 19.46 0.041 53656.166695 19.368 0.119 -28.711401 0.287032
53663.179171 20.332 0.086 53663.180837 20.255 0.032 53663.177504 19.977 0.024 53663.178337 19.478 0.019 53663.180004 19.473 0.066 -28.711401 0.287032
53668.168771 20.31 0.076 53668.170437 20.227 0.021 53668.167104 19.968 0.027 53668.167937 19.383 0.026 53668.169604 19.294 0.098 -28.711401 0.287032
53670.173624 20.485 0.07 53670.17529 20.258 0.021 53670.171957 19.973 0.023 53670.17279 19.401 0.021 53670.174457 19.307 0.075 -28.711401 0.287032
53673.141607 20.386 0.072 53673.143273 20.259 0.022 53673.13994 19.895 0.022 53673.140773 19.419 0.022 53673.14244 19.364 0.084 -28.711401 0.287032
53675.138495 20.355 0.076 53675.140161 20.229 0.022 53675.136828 19.927 0.025 53675.137661 19.413 0.024 53675.139328 19.337 0.082 -28.711401 0.287032
53677.159528 20.419 0.064 53677.161194 20.221 0.019 53677.157861 19.954 0.021 53677.158694 19.429 0.019 53677.160361 19.491 0.07 -28.711401 0.287032
53680.146193 20.39 0.068 53680.147859 20.249 0.021 53680.144526 19.996 0.025 53680.145359 19.4 0.019 53680.147026 19.408 0.076 -28.711401 0.287032
53686.212897 20.83 0.494 53686.214563 20.396 0.119 53686.21123 19.924 0.075 53686.212063 19.452 0.048 53686.21373 19.444 0.175 -28.711401 0.287032
53693.148095 20.455 0.132 53693.149761 20.167 0.045 53693.146428 19.96 0.036 53693.147261 19.4 0.023 53693.148928 19.35 0.082 -28.711401 0.287032
53702.143774 20.375 0.136 53702.145441 20.297 0.035 53702.142108 19.937 0.044 53702.142941 19.381 0.039 53702.144608 19.354 0.164 -28.711401 0.287032
53703.15289 20.328 0.103 53703.154557 20.34 0.046 53703.151223 20.03 0.035 53703.152057 19.466 0.031 53703.153723 19.348 0.119 -28.711401 0.287032
53704.131421 20.385 0.075 53704.133087 20.268 0.022 53704.129754 19.97 0.023 53704.130587 19.489 0.022 53704.132254 19.424 0.081 -28.711401 0.287032
53989.227473 20.311 0.083 53989.22914 20.261 0.038 53989.225806 19.952 0.027 53989.22664 19.431 0.025 53989.228306 19.324 0.067 -28.711401 0.287032
53995.216717 20.383 0.057 53995.218384 20.214 0.021 53995.21505 19.94 0.02 53995.215884 19.433 0.017 53995.21755 19.435 0.061 -28.711401 0.287032
53997.195107 20.416 0.071 53997.196774 20.22 0.023 53997.19344 19.887 0.024 53997.194274 19.479 0.027 53997.19594 19.398 0.08 -28.711401 0.287032
54000.202926 20.619 0.113 54000.204593 20.224 0.026 54000.20126 19.9 0.026 54000.202093 19.377 0.027 54000.20376 19.327 0.09 -28.711401 0.287032
54007.179696 20.346 0.079 54007.181363 20.298 0.026 54007.178029 19.934 0.02 54007.178863 19.429 0.02 54007.180529 19.394 0.071 -28.711401 0.287032
54009.176803 20.278 0.062 54009.17847 20.236 0.026 54009.175136 19.892 0.023 54009.17597 19.401 0.021 54009.177636 19.371 0.056 -28.711401 0.287032
54011.241299 20.281 0.082 54011.242966 20.281 0.035 54011.239633 19.92 0.027 54011.240466 19.418 0.022 54011.242133 19.436 0.062 -28.711401 0.287032
54019.191509 20.497 0.071 54019.193176 20.25 0.024 54019.189842 19.958 0.021 54019.190676 19.427 0.019 54019.192342 19.441 0.053 -28.711401 0.287032
54025.240312 20.454 0.08 54025.241979 20.252 0.024 54025.238646 19.893 0.027 54025.239479 19.394 0.022 54025.241146 19.402 0.089 -28.711401 0.287032
54029.170651 20.44 0.066 54029.172318 20.249 0.021 54029.168985 19.885 0.019 54029.169818 19.432 0.019 54029.171485 19.425 0.068 -28.711401 0.287032
54051.147223 20.21 0.143 54051.14889 20.2 0.094 54051.145556 19.885 0.072 54051.14639 19.36 0.064 54051.148056 18.916 0.19 -28.711401 0.287032
54356.248838 20.319 0.066 54356.250505 20.219 0.022 54356.247172 19.845 0.029 54356.248005 19.331 0.022 54356.249672 19.237 0.073 -28.711401 0.287032
54358.193908 20.356 0.118 54358.195575 20.099 0.033 54358.192242 -99.99 0.081 54358.193075 -99.99 0.039 54358.194742 19.362 0.122 -28.711401 0.287032
54373.30114 20.513 0.214 54373.302807 20.199 0.052 54373.299474 19.876 0.039 54373.300307 19.399 0.027 54373.301974 19.186 0.078 -28.711401 0.287032
54382.236071 20.238 0.077 54382.237737 20.095 0.02 54382.234404 19.812 0.026 54382.235237 19.322 0.026 54382.236904 19.323 0.088 -28.711401 0.287032
54386.238826 20.382 0.062 54386.240493 20.18 0.021 54386.237159 19.847 0.024 54386.237993 19.351 0.021 54386.239659 19.382 0.064 -28.711401 0.287032
54388.24311 20.333 0.076 54388.244777 20.133 0.022 54388.241443 19.811 0.023 54388.242277 19.318 0.022 54388.243943 19.149 0.066 -28.711401 0.287032
54403.156864 20.357 0.059 54403.158531 20.223 0.027 54403.155198 19.792 0.025 54403.156031 19.382 0.023 54403.157698 19.375 0.063 -28.711401 0.287032
54406.150702 20.238 0.053 54406.152369 20.165 0.02 54406.149036 19.827 0.019 54406.149869 19.328 0.021 54406.151536 19.265 0.063 -28.711401 0.287032
54412.153618 20.302 0.066 54412.155284 20.146 0.024 54412.151951 19.839 0.025 54412.152784 19.353 0.023 54412.154451 19.273 0.071 -28.711401 0.287032
