51464.207762 20.69 0.073 51464.209428 20.542 0.025 51464.206095 20.53 0.032 51464.206928 20.155 0.036 51464.208595 19.789 0.094 -28.873349 -0.424421
51467.298747 20.864 0.155 51467.300413 20.562 0.04 51467.29708 20.507 0.057 51467.297913 20.303 0.058 51467.29958 20.11 0.202 -28.873349 -0.424421
51819.274729 20.964 0.096 51819.276395 20.557 0.027 51819.273062 20.536 0.031 51819.273895 20.2 0.034 51819.275562 20.001 0.12 -28.873349 -0.424421
52172.290307 21.155 0.102 52172.291973 20.848 0.032 52172.28864 20.722 0.037 52172.289473 20.364 0.037 52172.29114 20.269 0.136 -28.873349 -0.424421
52172.340477 21.308 0.136 52172.342143 20.859 0.034 52172.33881 20.767 0.04 52172.339643 20.346 0.042 52172.34131 20.111 0.144 -28.873349 -0.424421
52197.233519 21.15 0.11 52197.235185 20.728 0.028 52197.231852 20.734 0.034 52197.232685 20.344 0.031 52197.234352 20.003 0.09 -28.873349 -0.424421
52231.119476 20.945 0.093 52231.121142 20.691 0.026 52231.117809 20.595 0.032 52231.118642 20.27 0.031 52231.120309 20.231 0.166 -28.873349 -0.424421
52557.227481 20.996 0.138 52557.229147 20.613 0.029 52557.225814 20.631 0.047 52557.226647 20.237 0.047 52557.228314 20.204 0.161 -28.873349 -0.424421
52558.24001 21.137 0.113 52558.241676 20.702 0.031 52558.238343 20.587 0.037 52558.239176 20.142 0.035 52558.240843 19.81 0.099 -28.873349 -0.424421
52577.127504 20.986 0.096 52577.12917 20.662 0.03 52577.125837 20.556 0.04 52577.12667 20.284 0.049 52577.128337 19.817 0.132 -28.873349 -0.424421
52578.123558 21.093 0.111 52578.125224 20.589 0.025 52578.121891 20.599 0.035 52578.122724 20.267 0.034 52578.124391 19.925 0.106 -28.873349 -0.424421
52586.130983 20.945 0.09 52586.132649 20.585 0.029 52586.129316 20.534 0.04 52586.130149 20.208 0.044 52586.131816 19.983 0.138 -28.873349 -0.424421
52929.153786 21.11 0.114 52929.155452 20.705 0.028 52929.152119 20.647 0.034 52929.152952 20.312 0.036 52929.154619 20.239 0.132 -28.873349 -0.424421
52931.141666 21.215 0.09 52931.143332 20.656 0.025 52931.139999 20.624 0.032 52931.140832 20.259 0.032 52931.142499 20.05 0.098 -28.873349 -0.424421
52934.133941 20.862 0.107 52934.135607 20.686 0.031 52934.132274 20.606 0.039 52934.133107 20.271 0.039 52934.134774 20.253 0.163 -28.873349 -0.424421
52935.138628 21.024 0.095 52935.140294 20.603 0.027 52935.136961 20.417 0.031 52935.137794 20.217 0.036 52935.139461 20.084 0.126 -28.873349 -0.424421
52936.129867 20.969 0.087 52936.131533 20.639 0.025 52936.1282 20.643 0.033 52936.129033 20.228 0.031 52936.1307 19.938 0.087 -28.873349 -0.424421
53243.315076 20.889 0.122 53243.316742 20.619 0.043 53243.313409 20.622 0.042 53243.314242 20.184 0.032 53243.315909 20.109 0.098 -28.873349 -0.424421
53270.193929 21.185 0.152 53270.195596 20.698 0.041 53270.192262 20.628 0.04 53270.193096 20.298 0.038 53270.194762 19.915 0.092 -28.873349 -0.424421
53272.243877 21.38 0.319 53272.245543 20.625 0.065 53272.24221 20.628 0.056 53272.243043 20.333 0.048 53272.24471 19.814 0.096 -28.873349 -0.424421
53286.212593 20.921 0.141 53286.214259 20.591 0.034 53286.210926 20.602 0.04 53286.211759 20.32 0.037 53286.213426 19.999 0.123 -28.873349 -0.424421
53288.171081 21.114 0.119 53288.172747 20.617 0.028 53288.169414 20.708 0.036 53288.170247 20.217 0.031 53288.171914 19.984 0.087 -28.873349 -0.424421
53294.1984 20.95 0.094 53294.200067 20.606 0.035 53294.196733 20.588 0.039 53294.197567 20.182 0.035 53294.199233 -99.99 0.11 -28.873349 -0.424421
53302.166753 20.677 0.188 53302.168419 20.653 0.068 53302.165086 20.667 0.059 53302.165919 20.274 0.043 53302.167586 20.153 0.134 -28.873349 -0.424421
53312.122308 20.876 0.152 53312.123975 20.567 0.033 53312.120641 20.572 0.053 53312.121475 20.225 0.053 53312.123141 20.306 0.243 -28.873349 -0.424421
53313.131831 20.844 0.091 53313.133497 20.634 0.029 53313.130164 20.567 0.04 53313.130997 20.219 0.042 53313.132664 19.926 0.125 -28.873349 -0.424421
53314.123476 20.827 0.105 53314.125142 20.603 0.028 53314.121809 20.519 0.037 53314.122642 20.109 0.038 53314.124309 19.922 0.134 -28.873349 -0.424421
53616.227848 21.096 0.53 53616.229514 20.746 0.073 53616.226181 -99.99 0.143 53616.227014 -99.99 0.281 53616.228681 19.88 0.321 -28.873349 -0.424421
53623.218059 21.219 0.158 53623.219725 20.742 0.037 53623.216392 20.662 0.039 53623.217225 20.287 0.042 53623.218892 20.049 0.128 -28.873349 -0.424421
53625.237041 20.891 0.082 53625.238707 20.71 0.034 53625.235374 20.614 0.035 53625.236207 20.263 0.034 53625.237874 19.955 0.086 -28.873349 -0.424421
53626.20427 20.739 0.155 53626.205936 20.629 0.06 53626.202603 20.542 0.054 53626.203436 20.233 0.046 53626.205103 19.851 0.105 -28.873349 -0.424421
53628.189137 21.255 0.435 53628.190803 20.647 0.1 53628.18747 20.625 0.103 53628.188303 20.317 0.082 53628.18997 20.154 0.18 -28.873349 -0.424421
53636.196078 20.9 0.105 53636.197744 20.687 0.036 53636.194411 20.628 0.041 53636.195244 20.259 0.038 53636.196911 19.899 0.098 -28.873349 -0.424421
53637.190751 21.126 0.168 53637.192417 20.668 0.038 53637.189084 20.599 0.047 53637.189917 20.183 0.047 53637.191584 20.525 0.258 -28.873349 -0.424421
53644.183197 21.178 0.105 53644.184864 20.739 0.026 53644.18153 20.676 0.028 53644.182364 20.259 0.028 53644.18403 20.054 0.087 -28.873349 -0.424421
53654.217821 21.049 0.15 53654.219487 20.773 0.048 53654.216154 20.652 0.055 53654.216987 20.398 0.052 53654.218654 20.225 0.161 -28.873349 -0.424421
53655.168083 21.353 0.322 53655.169749 20.774 0.086 53655.166416 20.611 0.066 53655.167249 20.276 0.06 53655.168916 19.852 0.149 -28.873349 -0.424421
53656.165413 21.997 0.921 53656.167079 21.078 0.169 53656.163746 20.691 0.123 53656.164579 -99.99 0.086 53656.166246 20.208 0.237 -28.873349 -0.424421
53663.178723 20.928 0.168 53663.180389 20.703 0.051 53663.177056 20.718 0.045 53663.177889 20.265 0.033 53663.179556 20.114 0.099 -28.873349 -0.424421
53664.193042 21.097 0.219 53664.194708 20.869 0.094 53664.191375 20.765 0.07 53664.192208 20.213 0.047 53664.193875 19.971 0.163 -28.873349 -0.424421
53666.156643 20.997 0.084 53666.158309 20.786 0.027 53666.154976 20.58 0.032 53666.155809 20.303 0.037 53666.157476 19.894 0.102 -28.873349 -0.424421
53668.168322 21.143 0.158 53668.169988 20.757 0.033 53668.166655 20.752 0.052 53668.167488 20.321 0.053 53668.169155 19.788 0.127 -28.873349 -0.424421
53669.152281 21.139 0.104 53669.153947 20.722 0.03 53669.150614 20.618 0.036 53669.151447 20.236 0.038 53669.153114 20.179 0.151 -28.873349 -0.424421
53670.173176 21.281 0.138 53670.174842 20.819 0.032 53670.171509 20.748 0.044 53670.172342 20.295 0.044 53670.174009 19.891 0.106 -28.873349 -0.424421
53671.237072 20.836 0.155 53671.238738 20.762 0.051 53671.235405 20.654 0.057 53671.236238 20.22 0.055 53671.237905 20.146 0.245 -28.873349 -0.424421
53673.141158 21.112 0.131 53673.142824 20.673 0.03 53673.139491 20.628 0.042 53673.140324 20.224 0.038 53673.141991 20.038 0.13 -28.873349 -0.424421
53674.136518 20.999 0.094 53674.138184 20.778 0.028 53674.134851 20.705 0.038 53674.135684 20.327 0.037 53674.137351 19.984 0.099 -28.873349 -0.424421
53675.138046 21.468 0.175 53675.139712 20.72 0.03 53675.136379 20.761 0.046 53675.137212 20.317 0.04 53675.138879 20.135 0.155 -28.873349 -0.424421
53676.226014 21.02 0.107 53676.22768 20.813 0.03 53676.224347 20.721 0.037 53676.22518 20.289 0.034 53676.226847 19.932 0.098 -28.873349 -0.424421
53677.159078 21.167 0.119 53677.160744 20.76 0.028 53677.157411 20.69 0.035 53677.158244 20.291 0.032 53677.159911 20.027 0.094 -28.873349 -0.424421
53679.197896 21.102 0.165 53679.199562 20.759 0.04 53679.196229 20.599 0.048 53679.197062 20.352 0.058 53679.198729 20.09 0.152 -28.873349 -0.424421
53680.145745 21.191 0.133 53680.147411 20.779 0.031 53680.144078 20.697 0.043 53680.144911 20.358 0.039 53680.146578 20.114 0.113 -28.873349 -0.424421
53681.189409 21.075 0.101 53681.191075 20.829 0.032 53681.187742 20.701 0.037 53681.188575 20.285 0.034 53681.190242 20.079 0.101 -28.873349 -0.424421
53685.148454 21.139 0.289 53685.15012 20.82 0.103 53685.146787 20.695 0.082 53685.14762 20.226 0.062 53685.149287 19.965 0.127 -28.873349 -0.424421
53687.186799 21.418 0.51 53687.188465 20.601 0.096 53687.185132 20.528 0.073 53687.185965 20.141 0.054 53687.187632 20.06 0.148 -28.873349 -0.424421
53693.147647 20.855 0.19 53693.149313 20.774 0.072 53693.14598 20.665 0.06 53693.146813 20.306 0.043 53693.14848 19.943 0.099 -28.873349 -0.424421
53694.162341 20.996 0.439 53694.164007 20.861 0.161 53694.160674 20.53 0.132 53694.161507 20.15 0.108 53694.163174 20.541 0.498 -28.873349 -0.424421
53700.145392 21.372 0.135 53700.147058 20.818 0.033 53700.143725 20.655 0.038 53700.144558 20.294 0.039 53700.146225 20.188 0.133 -28.873349 -0.424421
53702.143342 21.323 0.31 53702.145008 20.792 0.063 53702.141675 20.783 0.085 53702.142508 20.275 0.079 53702.144175 19.947 0.25 -28.873349 -0.424421
53704.130972 21.343 0.177 53704.132638 20.746 0.033 53704.129305 20.682 0.042 53704.130138 20.269 0.04 53704.131805 19.814 0.1 -28.873349 -0.424421
53705.13206 21.335 0.151 53705.133726 20.766 0.034 53705.130393 20.636 0.043 53705.131226 20.246 0.042 53705.132893 19.925 0.107 -28.873349 -0.424421
53975.217055 21.008 0.101 53975.218722 20.778 0.029 53975.215388 20.65 0.033 53975.216222 20.238 0.033 53975.217888 20.144 0.126 -28.873349 -0.424421
53989.227015 21.616 0.286 53989.228682 20.705 0.055 53989.225349 20.662 0.045 53989.226182 20.302 0.038 53989.227849 20.054 0.096 -28.873349 -0.424421
53993.284921 21.133 0.135 53993.286588 20.787 0.039 53993.283254 20.662 0.039 53993.284088 20.252 0.038 53993.285754 19.803 0.106 -28.873349 -0.424421
53995.21627 20.983 0.091 53995.217936 20.764 0.026 53995.214603 20.658 0.03 53995.215436 20.279 0.029 53995.217103 20.439 0.124 -28.873349 -0.424421
53997.194647 21.058 0.115 53997.196314 20.752 0.031 53997.192981 20.667 0.037 53997.193814 20.207 0.038 53997.195481 19.966 0.106 -28.873349 -0.424421
53998.192446 21.135 0.086 53998.194113 20.812 0.026 53998.190779 20.654 0.025 53998.191613 20.237 0.026 53998.193279 20.134 0.088 -28.873349 -0.424421
54000.202433 21.265 0.176 54000.204099 20.718 0.034 54000.200766 20.745 0.043 54000.201599 20.273 0.044 54000.203266 19.869 0.124 -28.873349 -0.424421
54007.179242 21.243 0.146 54007.180908 20.799 0.032 54007.177575 20.693 0.034 54007.178408 20.303 0.034 54007.180075 20.017 0.11 -28.873349 -0.424421
54009.176374 21.253 0.164 54009.178041 20.786 0.04 54009.174708 20.617 0.037 54009.175541 20.317 0.034 54009.177208 20.076 0.087 -28.873349 -0.424421
54010.177903 21.255 0.144 54010.179569 20.822 0.046 54010.176236 20.67 0.038 54010.177069 20.253 0.032 54010.178736 20.063 0.079 -28.873349 -0.424421
54011.240851 20.769 0.158 54011.242518 20.785 0.062 54011.239185 20.678 0.049 54011.240018 20.31 0.041 54011.241685 20.076 0.087 -28.873349 -0.424421
54012.170738 20.931 0.191 54012.172405 20.71 0.078 54012.169072 20.682 0.078 54012.169905 20.195 0.055 54012.171572 20.279 0.138 -28.873349 -0.424421
54019.191056 21.148 0.156 54019.192722 20.7 0.037 54019.189389 20.66 0.032 54019.190222 20.306 0.032 54019.191889 20.045 0.071 -28.873349 -0.424421
54020.176722 21.418 0.12 54020.178389 20.731 0.031 54020.175056 20.585 0.033 54020.175889 20.292 0.038 54020.177556 20.483 0.167 -28.873349 -0.424421
54022.226047 21.266 0.135 54022.227713 -99.99 0.031 54022.22438 20.581 0.047 54022.225213 20.245 0.06 54022.22688 20.077 0.115 -28.873349 -0.424421
54025.239859 20.954 0.12 54025.241526 20.695 0.035 54025.238193 20.665 0.045 54025.239026 20.345 0.041 54025.240693 19.951 0.112 -28.873349 -0.424421
54028.167085 20.976 0.11 54028.168752 20.736 0.035 54028.165418 20.703 0.048 54028.166252 20.229 0.042 54028.167918 20.104 0.151 -28.873349 -0.424421
54029.170215 21.042 0.099 54029.171882 20.775 0.028 54029.168548 20.643 0.033 54029.169382 20.338 0.031 54029.171048 20.171 0.118 -28.873349 -0.424421
54030.170271 21.213 0.098 54030.171938 20.786 0.025 54030.168605 20.611 0.029 54030.169438 20.309 0.031 54030.171105 19.925 0.079 -28.873349 -0.424421
54032.159537 21.05 1.033 54032.161204 -99.99 0.118 54032.15787 22.139 1.706 54032.158704 -99.99 0.515 54032.16037 -99.99 99.999 -28.873349 -0.424421
54035.246098 20.792 0.17 54035.247765 20.715 0.048 54035.244431 20.593 0.06 54035.245265 20.289 0.067 54035.246931 99.994 99.999 -28.873349 -0.424421
54037.151549 21.219 0.18 54037.153216 20.758 0.045 54037.149882 20.716 0.073 54037.150716 20.326 0.08 54037.152382 20.053 0.163 -28.873349 -0.424421
54040.165996 21.101 0.252 54040.167663 20.672 0.079 54040.16433 20.603 0.07 54040.165163 20.202 0.053 54040.16683 20.014 0.141 -28.873349 -0.424421
54050.150624 21.119 0.117 54050.152291 20.757 0.036 54050.148957 -99.99 0.066 54050.149791 20.232 0.049 54050.151457 20.354 0.182 -28.873349 -0.424421
54053.156784 21.142 0.11 54053.158451 20.658 0.029 54053.155117 20.54 0.036 54053.155951 20.285 0.042 54053.157617 20.038 0.128 -28.873349 -0.424421
54056.158475 21.018 0.222 54056.160142 20.782 0.077 54056.156809 20.613 0.054 54056.157642 20.25 0.058 54056.159309 -99.99 0.233 -28.873349 -0.424421
54057.127119 21.023 0.091 54057.128785 20.736 0.03 54057.125452 20.612 0.035 54057.126285 20.269 0.041 54057.127952 19.876 0.112 -28.873349 -0.424421
54061.163837 21.216 0.13 54061.165503 20.676 0.038 54061.16217 20.562 0.044 54061.163003 20.19 0.043 54061.16467 20.007 0.141 -28.873349 -0.424421
54062.157649 20.857 0.116 54062.159316 20.735 0.042 54062.155983 20.663 0.053 54062.156816 99.986 99.999 54062.158483 99.992 99.999 -28.873349 -0.424421
54356.24838 20.996 0.106 54356.250047 20.669 0.031 54356.246713 20.61 0.032 54356.247547 20.23 0.034 54356.249213 19.963 0.102 -28.873349 -0.424421
54357.195981 20.93 0.089 54357.197648 20.631 0.034 54357.194315 20.582 0.034 54357.195148 20.262 0.044 54357.196815 20.092 0.12 -28.873349 -0.424421
54358.193441 20.911 0.225 54358.195108 20.638 0.043 54358.191775 -99.99 0.133 54358.192608 -99.99 0.123 54358.194275 20.418 0.225 -28.873349 -0.424421
54382.235619 20.729 0.123 54382.237286 20.533 0.03 54382.233953 20.525 0.042 54382.234786 20.149 0.043 54382.236453 20.229 0.16 -28.873349 -0.424421
54385.243762 20.51 0.073 54385.245428 20.562 0.026 54385.242095 20.502 0.034 54385.242928 20.159 0.034 54385.244595 20.601 0.17 -28.873349 -0.424421
54386.238367 20.733 0.092 54386.240033 20.545 0.027 54386.2367 20.546 0.034 54386.237533 20.233 0.032 54386.2392 20.19 0.111 -28.873349 -0.424421
54387.244329 20.866 0.108 54387.245996 20.612 0.032 54387.242663 20.588 0.038 54387.243496 20.143 0.037 54387.245163 19.97 0.12 -28.873349 -0.424421
54388.242645 20.943 0.13 54388.244312 20.614 0.031 54388.240978 20.604 0.038 54388.241812 20.251 0.038 54388.243478 19.956 0.11 -28.873349 -0.424421
54392.23902 20.627 0.104 54392.240686 20.583 0.034 54392.237353 20.596 0.052 54392.238186 20.295 0.055 54392.239853 19.968 0.116 -28.873349 -0.424421
54403.156412 20.807 0.09 54403.158079 20.529 0.035 54403.154745 20.535 0.034 54403.155579 20.248 0.032 54403.157245 20.147 0.101 -28.873349 -0.424421
54406.150249 20.697 0.072 54406.151916 20.559 0.026 54406.148582 20.574 0.034 54406.149416 20.164 0.034 54406.151082 20.17 0.123 -28.873349 -0.424421
54412.15319 20.847 0.099 54412.154857 20.531 0.029 54412.151524 20.53 0.033 54412.152357 20.117 0.033 54412.154024 20.003 0.102 -28.873349 -0.424421
