51464.204746 26.143 0.413 51464.206412 24.419 0.452 51464.203079 20.689 0.037 51464.203912 19.148 0.017 51464.205579 19.332 0.069 -29.963889 0.29583
52197.230471 23.737 0.81 52197.232137 23.811 0.3 52197.228804 20.672 0.034 52197.229637 19.134 0.015 52197.231304 19.316 0.066 -29.963889 0.29583
52231.116455 23.551 0.607 52231.118121 24.671 0.453 52231.114788 20.822 0.036 52231.115621 19.185 0.015 52231.117288 19.25 0.058 -29.963889 0.29583
52557.224459 24.936 1.665 52557.226125 24.109 0.612 52557.222792 20.657 0.047 52557.223625 19.114 0.019 52557.225292 19.289 0.092 -29.963889 0.29583
52578.120538 26.256 0.507 52578.122204 24.159 0.4 52578.118871 20.685 0.04 52578.119704 19.109 0.016 52578.121371 19.275 0.072 -29.963889 0.29583
52929.150765 24.576 1.221 52929.152431 24.254 0.437 52929.149098 20.899 0.044 52929.149931 19.166 0.017 52929.151598 19.217 0.064 -29.963889 0.29583
52934.130922 22.662 0.428 52934.132588 24.405 0.555 52934.129255 20.806 0.042 52934.130088 19.147 0.017 52934.131755 19.242 0.073 -29.963889 0.29583
52936.126847 25.107 0.921 52936.128513 24.817 0.471 52936.12518 20.847 0.038 52936.126013 19.211 0.016 52936.12768 19.418 0.07 -29.963889 0.29583
53243.312056 22.918 0.631 53243.313722 24.361 0.926 53243.310389 20.773 0.047 53243.311222 19.2 0.017 53243.312889 19.275 0.059 -29.963889 0.29583
53270.190941 24.608 2.809 53270.192608 99.99 99.999 53270.189274 20.803 0.044 53270.190108 19.189 0.021 53270.191774 19.417 0.076 -29.963889 0.29583
53272.240856 27.041 0.62 53272.242522 25.754 1.587 53272.239189 20.832 0.071 53272.240022 19.214 0.02 53272.241689 19.358 0.075 -29.963889 0.29583
53288.168062 25.197 1.056 53288.169728 24.613 0.498 53288.166395 20.816 0.038 53288.167228 19.193 0.015 53288.168895 19.529 0.079 -29.963889 0.29583
53294.195377 23.307 0.73 53294.197044 23.911 0.457 53294.193711 20.74 0.049 53294.194544 19.221 0.022 53294.196211 19.21 0.073 -29.963889 0.29583
53302.163732 26.665 0.792 53302.165398 23.08 0.498 53302.162065 20.864 0.066 53302.162898 19.171 0.019 53302.164565 19.352 0.07 -29.963889 0.29583
53312.11927 99.998 99.999 53312.120937 99.989 99.999 53312.117604 20.794 0.062 53312.118437 19.189 0.024 53312.120104 19.565 0.126 -29.963889 0.29583
53314.120457 26.278 0.582 53314.122123 23.345 0.26 53314.11879 20.633 0.041 53314.119623 19.158 0.019 53314.12129 19.268 0.083 -29.963889 0.29583
53623.215039 25.326 0.795 53623.216705 25.065 0.687 53623.213372 20.709 0.04 53623.214205 19.171 0.019 53623.215872 19.527 0.098 -29.963889 0.29583
53626.201252 24.646 1.946 53626.202918 24.722 1.388 53626.199585 20.835 0.066 53626.200418 19.199 0.02 53626.202085 19.334 0.078 -29.963889 0.29583
53628.186117 -99.99 1.141 53628.187783 23.444 1.457 53628.18445 20.672 0.128 53628.185283 19.06 0.031 53628.18695 -99.99 0.116 -29.963889 0.29583
53637.187731 23.673 1.354 53637.189397 24.235 0.614 53637.186064 20.836 0.053 53637.186897 19.14 0.021 53637.188564 19.252 0.099 -29.963889 0.29583
53644.180175 24.3 1.417 53644.181841 23.801 0.265 53644.178508 20.777 0.031 53644.179341 19.175 0.018 53644.181008 19.356 0.055 -29.963889 0.29583
53654.2148 25.063 1.729 53654.216466 24.625 1.167 53654.213133 20.791 0.055 53654.213966 19.194 0.02 53654.215633 19.26 0.082 -29.963889 0.29583
53656.162392 26.228 1.982 53656.164058 22.062 0.404 53656.160725 20.755 0.106 53656.161558 19.215 0.033 53656.163225 19.386 0.121 -29.963889 0.29583
53665.153671 22.209 1.109 53665.155337 22.961 0.86 53665.152004 -99.99 0.149 53665.152837 19.156 0.051 53665.154504 19.07 0.288 -29.963889 0.29583
53668.165302 26.45 0.539 53668.166968 24.683 0.668 53668.163635 20.851 0.055 53668.164468 19.242 0.025 53668.166135 19.403 0.111 -29.963889 0.29583
53670.170154 25.004 1.38 53670.17182 23.558 0.267 53670.168487 20.724 0.044 53670.16932 19.145 0.019 53670.170987 19.24 0.087 -29.963889 0.29583
53673.138138 23.564 0.869 53673.139804 24.851 0.6 53673.136471 20.713 0.041 53673.137304 19.163 0.017 53673.138971 19.207 0.073 -29.963889 0.29583
53675.135026 23.307 0.777 53675.136692 24.32 0.448 53675.133359 20.725 0.042 53675.134192 19.197 0.018 53675.135859 19.23 0.077 -29.963889 0.29583
53677.156058 22.794 0.473 53677.157724 23.571 0.252 53677.154391 20.721 0.042 53677.155224 19.154 0.016 53677.156891 19.235 0.063 -29.963889 0.29583
53680.142724 25.539 0.964 53680.14439 24.225 0.513 53680.141057 20.759 0.039 53680.14189 19.158 0.016 53680.143557 19.326 0.075 -29.963889 0.29583
53686.209429 27.445 1.059 53686.211095 22.003 0.555 53686.207762 20.703 0.13 53686.208595 19.136 0.035 53686.210262 19.422 0.148 -29.963889 0.29583
53693.144626 26.466 0.868 53693.146292 26.798 0.733 53693.142959 20.784 0.062 53693.143792 19.161 0.019 53693.145459 19.257 0.071 -29.963889 0.29583
53702.140348 22.569 0.822 53702.142014 30.538 99.999 53702.138681 20.979 0.1 53702.139514 19.156 0.035 53702.141181 19.224 0.137 -29.963889 0.29583
53703.149443 99.98 99.999 53703.151109 99.994 99.999 53703.147776 20.849 0.068 53703.148609 19.219 0.024 53703.150276 19.364 0.108 -29.963889 0.29583
53704.127953 23.643 1.075 53704.129619 23.927 0.399 53704.126286 20.757 0.044 53704.127119 19.145 0.017 53704.128786 19.244 0.073 -29.963889 0.29583
53989.224001 22.518 0.559 53989.225667 99.994 99.999 53989.222334 20.738 0.044 53989.223167 19.117 0.02 53989.224834 19.194 0.056 -29.963889 0.29583
53995.213259 26.018 7.412 53995.214926 24.073 0.358 53995.211592 20.651 0.029 53995.212426 19.144 0.018 53995.214092 19.287 0.053 -29.963889 0.29583
53997.191636 24.891 3.933 53997.193303 24.72 0.903 53997.189969 20.643 0.036 53997.190803 19.129 0.019 53997.192469 19.277 0.069 -29.963889 0.29583
54000.199431 23.231 1.064 54000.201098 24.004 0.51 54000.197764 20.697 0.041 54000.198598 19.125 0.023 54000.200264 19.172 0.075 -29.963889 0.29583
54007.176236 23.827 1.296 54007.177902 24.249 0.509 54007.174569 20.669 0.035 54007.175402 19.167 0.02 54007.177069 19.252 0.057 -29.963889 0.29583
54009.173361 24.353 2.118 54009.175027 24.026 0.657 54009.171694 20.624 0.033 54009.172527 19.114 0.019 54009.174194 19.321 0.055 -29.963889 0.29583
54011.237827 99.996 99.999 54011.239494 23.065 0.422 54011.23616 20.707 0.051 54011.236994 19.131 0.021 54011.23866 19.239 0.053 -29.963889 0.29583
54019.188037 24.508 2.484 54019.189704 26.561 6.263 54019.18637 20.696 0.036 54019.187204 19.161 0.021 54019.18887 19.222 0.048 -29.963889 0.29583
54025.236852 23.843 0.94 54025.238519 23.529 0.319 54025.235185 20.601 0.047 54025.236019 19.137 0.018 54025.237685 19.236 0.075 -29.963889 0.29583
54029.167177 22.809 0.428 54029.168844 23.72 0.262 54029.16551 20.667 0.031 54029.166344 19.142 0.016 54029.16801 19.36 0.063 -29.963889 0.29583
54051.143754 24.278 5.698 54051.145421 22.539 0.393 54051.142087 20.649 0.137 54051.142921 19.173 0.049 54051.144587 -99.99 0.229 -29.963889 0.29583
54356.245341 25.668 6.718 54356.247008 24.507 0.616 54356.243675 20.823 0.039 54356.244508 19.213 0.019 54356.246175 19.283 0.072 -29.963889 0.29583
54358.190405 -99.99 2.174 54358.192072 23.7 2.151 54358.188739 -99.99 0.161 54358.189572 19.233 0.033 54358.191239 19.542 0.21 -29.963889 0.29583
54373.297681 100.018 99.999 54373.299348 24.297 2.118 54373.296014 20.619 0.069 54373.296848 19.217 0.03 54373.298514 19.47 0.142 -29.963889 0.29583
54381.235209 23.454 1.587 54381.236876 23.543 0.379 54381.233543 20.79 0.062 54381.234376 19.191 0.028 54381.236043 19.509 0.15 -29.963889 0.29583
54382.23259 99.99 99.999 54382.234256 24.239 0.762 54382.230923 20.898 0.054 54382.231756 19.215 0.021 54382.233423 19.331 0.103 -29.963889 0.29583
54386.235352 99.991 99.999 54386.237019 24.491 0.608 54386.233685 20.792 0.034 54386.234519 19.209 0.017 54386.236185 19.203 0.062 -29.963889 0.29583
54388.239614 24.011 2.074 54388.241281 24.264 0.598 54388.237947 20.814 0.046 54388.238781 19.201 0.02 54388.240447 19.348 0.078 -29.963889 0.29583
54403.153431 25.368 4.938 54403.155098 24.179 0.626 54403.151764 20.614 0.039 54403.152598 19.225 0.023 54403.154264 19.389 0.063 -29.963889 0.29583
54406.147224 24.495 2.058 54406.148891 23.841 0.302 54406.145558 20.786 0.038 54406.146391 19.238 0.021 54406.148058 19.389 0.075 -29.963889 0.29583
54412.150151 99.99 99.999 54412.151818 24.539 0.688 54412.148485 20.656 0.039 54412.149318 19.197 0.025 54412.150985 19.267 0.062 -29.963889 0.29583
