51467.296841 19.457 0.053 51467.298507 19.347 0.017 51467.295174 19.137 0.017 51467.296007 19.094 0.023 51467.297674 18.888 0.066 -29.559058 0.547255
51819.272844 19.537 0.033 51819.27451 19.338 0.012 51819.271177 19.212 0.013 51819.27201 19.162 0.018 51819.273677 19.001 0.046 -29.559058 0.547255
52172.288415 19.557 0.034 52172.290081 19.35 0.012 52172.286748 19.226 0.013 52172.287581 19.146 0.018 52172.289248 18.93 0.042 -29.559058 0.547255
52172.338573 19.49 0.037 52172.340239 19.359 0.013 52172.336906 19.232 0.014 52172.337739 19.131 0.019 52172.339406 18.935 0.049 -29.559058 0.547255
52558.238111 19.305 0.03 52558.239777 19.098 0.011 52558.236444 19.047 0.012 52558.237277 19.003 0.016 52558.238944 18.843 0.039 -29.559058 0.547255
52577.125605 19.28 0.027 52577.127271 19.119 0.011 52577.123938 19.065 0.013 52577.124771 19.031 0.019 52577.126438 18.918 0.055 -29.559058 0.547255
52586.129083 -99.99 0.029 52586.130749 19.141 0.011 52586.127416 19.06 0.012 52586.128249 19.041 0.017 52586.129916 18.845 0.048 -29.559058 0.547255
52931.139766 19.437 0.028 52931.141432 19.226 0.011 52931.138099 19.146 0.012 52931.138932 19.081 0.016 52931.140599 18.896 0.039 -29.559058 0.547255
52935.13673 19.456 0.03 52935.138396 19.233 0.011 52935.135063 19.123 0.013 52935.135896 19.104 0.017 52935.137563 18.99 0.045 -29.559058 0.547255
53313.129931 19.664 0.037 53313.131597 19.52 0.014 53313.128264 19.359 0.016 53313.129097 19.276 0.021 53313.130764 18.993 0.055 -29.559058 0.547255
53622.239176 19.647 0.045 53622.240842 19.561 0.018 53622.237509 19.402 0.019 53622.238342 19.28 0.025 53622.240009 18.999 0.068 -29.559058 0.547255
53625.235141 19.73 0.037 53625.236807 19.533 0.015 53625.233474 19.361 0.015 53625.234307 19.265 0.019 53625.235974 18.986 0.039 -29.559058 0.547255
53636.194178 19.742 0.042 53636.195844 19.551 0.016 53636.192511 19.393 0.017 53636.193344 19.293 0.021 53636.195011 19.058 0.046 -29.559058 0.547255
53655.166183 19.714 0.07 53655.167849 19.546 0.028 53655.164516 19.387 0.022 53655.165349 19.232 0.025 53655.167016 19.014 0.061 -29.559058 0.547255
53664.191141 19.757 0.07 53664.192807 19.497 0.023 53664.189474 19.327 0.021 53664.190307 19.228 0.026 53664.191974 19.132 0.061 -29.559058 0.547255
53666.154743 19.676 0.033 53666.156409 19.513 0.013 53666.153076 19.338 0.014 53666.153909 19.238 0.019 53666.155576 18.945 0.043 -29.559058 0.547255
53669.150381 19.726 0.035 53669.152047 19.5 0.013 53669.148714 19.348 0.014 53669.149547 19.223 0.019 53669.151214 19.044 0.046 -29.559058 0.547255
53671.235171 19.793 0.068 53671.236837 19.573 0.018 53671.233504 19.357 0.018 53671.234337 19.199 0.026 53671.236004 -99.99 0.07 -29.559058 0.547255
53674.134616 19.704 0.037 53674.136282 19.495 0.013 53674.132949 19.329 0.014 53674.133782 19.262 0.02 53674.135449 19.014 0.042 -29.559058 0.547255
53676.224112 19.7 0.039 53676.225778 19.517 0.014 53676.222445 19.314 0.014 53676.223278 19.221 0.018 53676.224945 19.037 0.041 -29.559058 0.547255
53679.195995 19.59 0.044 53679.197661 19.465 0.016 53679.194328 19.292 0.017 53679.195161 19.202 0.022 53679.196828 18.918 0.054 -29.559058 0.547255
53681.187506 19.701 0.039 53681.189172 19.457 0.013 53681.185839 19.324 0.015 53681.186672 19.199 0.019 53681.188339 19.011 0.041 -29.559058 0.547255
53685.146552 19.449 0.063 53685.148218 19.466 0.064 53685.144885 19.203 0.033 53685.145718 19.122 0.031 53685.147385 18.99 0.059 -29.559058 0.547255
53687.184899 19.585 0.086 53687.186565 19.385 0.031 53687.183232 19.307 0.028 53687.184065 19.203 0.025 53687.185732 18.966 0.049 -29.559058 0.547255
53694.160442 19.439 0.105 53694.162108 19.41 0.042 53694.158775 -99.99 0.042 53694.159608 -99.99 0.045 53694.161275 -99.99 0.125 -29.559058 0.547255
53700.143492 19.582 0.042 53700.145158 19.44 0.013 53700.141825 19.263 0.015 53700.142658 19.171 0.019 53700.144325 18.965 0.043 -29.559058 0.547255
53705.130162 19.641 0.041 53705.131828 19.382 0.013 53705.128495 19.222 0.014 53705.129328 19.17 0.02 53705.130995 18.999 0.047 -29.559058 0.547255
53975.215156 19.479 0.03 53975.216823 19.278 0.015 53975.213489 19.193 0.013 53975.214323 19.128 0.018 53975.215989 18.872 0.041 -29.559058 0.547255
53993.282982 19.581 0.037 53993.284648 19.292 0.021 53993.281315 19.175 0.019 53993.282148 19.079 0.022 53993.283815 18.97 0.045 -29.559058 0.547255
53996.221936 19.507 0.028 53996.223603 19.334 0.016 53996.22027 19.182 0.015 53996.221103 19.159 0.016 53996.22277 18.918 0.034 -29.559058 0.547255
53998.190522 19.513 0.028 53998.192189 19.303 0.014 53998.188856 19.181 0.015 53998.189689 19.083 0.021 53998.191356 18.953 0.034 -29.559058 0.547255
54010.176002 19.46 0.034 54010.177669 19.284 0.017 54010.174336 19.188 0.016 54010.175169 19.148 0.019 54010.176836 18.933 0.034 -29.559058 0.547255
54012.16886 19.527 0.058 54012.170526 19.385 0.029 54012.167193 19.201 0.026 54012.168026 19.09 0.028 54012.169693 18.89 0.05 -29.559058 0.547255
54020.174825 19.524 0.031 54020.176491 19.326 0.018 54020.173158 19.192 0.016 54020.173991 19.111 0.018 54020.175658 19.005 0.048 -29.559058 0.547255
54022.224093 19.651 0.044 54022.225759 -99.99 0.014 54022.222426 -99.99 0.022 54022.223259 19.11 0.028 54022.224926 19.034 0.055 -29.559058 0.547255
54028.165208 19.583 0.044 54028.166875 19.344 0.017 54028.163542 19.174 0.022 54028.164375 19.13 0.027 54028.166042 18.967 0.05 -29.559058 0.547255
54030.168371 19.633 0.032 54030.170038 19.358 0.017 54030.166705 19.189 0.013 54030.167538 19.171 0.018 54030.169205 19.02 0.038 -29.559058 0.547255
54032.157658 20.393 0.465 54032.159325 -99.99 0.079 54032.155992 -99.99 0.123 54032.156825 19.403 0.234 54032.158492 -99.99 0.578 -29.559058 0.547255
54035.244156 19.675 0.059 54035.245823 19.382 0.024 54035.242489 19.213 0.025 54035.243323 19.072 0.026 54035.244989 18.906 0.068 -29.559058 0.547255
54037.149612 19.61 0.046 54037.151279 19.384 0.026 54037.147946 19.202 0.02 54037.148779 19.151 0.026 54037.150446 18.956 0.073 -29.559058 0.547255
54040.164108 19.539 0.058 54040.165775 19.391 0.027 54040.162441 19.239 0.025 54040.163275 19.155 0.027 54040.164941 18.921 0.049 -29.559058 0.547255
54050.148733 19.549 0.072 54050.1504 19.36 0.014 54050.147067 19.228 0.023 54050.1479 19.218 0.033 54050.149567 18.966 0.064 -29.559058 0.547255
54053.154885 19.567 0.036 54053.156552 19.367 0.013 54053.153218 19.226 0.015 54053.154052 19.181 0.021 54053.155718 19.131 0.054 -29.559058 0.547255
54056.156572 19.555 0.054 54056.158238 19.364 0.027 54056.154905 -99.99 0.044 54056.155738 19.23 0.085 54056.157405 18.915 0.066 -29.559058 0.547255
54057.125217 19.58 0.037 54057.126883 19.388 0.016 54057.12355 19.23 0.018 54057.124383 19.205 0.021 54057.12605 19.002 0.045 -29.559058 0.547255
54059.150843 19.633 0.041 54059.152509 19.408 0.017 54059.149176 19.188 0.018 54059.150009 19.168 0.023 54059.151676 18.972 0.048 -29.559058 0.547255
54061.161889 19.453 0.043 54061.163556 -99.99 0.027 54061.160223 19.227 0.024 54061.161056 19.118 0.023 54061.162723 19.053 0.061 -29.559058 0.547255
54062.15575 19.455 0.042 54062.157416 19.365 0.017 54062.154083 19.226 0.02 54062.154916 19.12 0.025 54062.156583 18.862 0.064 -29.559058 0.547255
54068.145708 19.552 0.131 54068.147374 19.431 0.044 54068.144041 19.24 0.045 54068.144874 19.137 0.042 54068.146541 18.888 0.096 -29.559058 0.547255
54357.194051 19.435 0.031 54357.195718 19.283 0.017 54357.192385 19.211 0.016 54357.193218 19.103 0.02 54357.194885 18.976 0.042 -29.559058 0.547255
54365.191901 19.469 0.048 54365.193568 19.293 0.026 54365.190234 19.188 0.026 54365.191068 19.137 0.029 54365.192734 18.885 0.054 -29.559058 0.547255
54385.241862 19.474 0.035 54385.243528 19.289 0.02 54385.240195 19.189 0.025 54385.241028 19.138 0.021 54385.242695 18.96 0.041 -29.559058 0.547255
54387.242388 19.514 0.035 54387.244055 19.318 0.021 54387.240721 19.183 0.017 54387.241555 19.144 0.02 54387.243221 18.991 0.047 -29.559058 0.547255
54392.237119 19.46 0.041 54392.238786 19.322 0.02 54392.235453 19.153 0.026 54392.236286 19.144 0.026 54392.237953 18.881 0.046 -29.559058 0.547255
54402.235547 19.516 0.082 54402.237213 19.35 0.03 54402.23388 19.157 0.023 54402.234713 19.124 0.022 54402.23638 18.937 0.047 -29.559058 0.547255
