51464.215622 20.537 0.058 51464.217288 20.284 0.024 51464.213955 20.244 0.026 51464.214788 19.781 0.026 51464.216455 19.539 0.075 -26.040866 -0.944925
52197.241386 20.565 0.061 52197.243052 20.958 0.041 52197.239719 21.642 0.081 52197.240552 20.246 0.036 52197.242219 19.79 0.082 -26.040866 -0.944925
52231.127321 20.383 0.05 52231.128987 20.459 0.027 52231.125654 20.127 0.023 52231.126487 20.244 0.036 52231.128154 19.891 0.09 -26.040866 -0.944925
52578.131404 20.034 0.04 52578.13307 19.953 0.017 52578.129737 19.872 0.02 52578.13057 19.569 0.022 52578.132237 20.623 0.184 -26.040866 -0.944925
53286.220438 20.374 0.071 53286.222104 19.837 0.021 53286.218771 19.936 0.025 53286.219604 19.374 0.02 53286.221271 19.471 0.071 -26.040866 -0.944925
53644.191046 20.26 0.045 53644.192712 20.025 0.029 53644.189379 19.842 0.024 53644.190212 19.726 0.034 53644.191879 19.623 0.06 -26.040866 -0.944925
53663.186568 20.045 0.075 53663.188234 19.895 0.03 53663.184901 19.629 0.022 53663.185734 19.605 0.026 53663.187401 19.385 0.064 -26.040866 -0.944925
53704.138817 20.154 0.052 53704.140483 20.225 0.027 53704.13715 20.895 0.052 53704.137983 20.151 0.039 53704.13965 20.56 0.188 -26.040866 -0.944925
53995.224132 20.451 0.049 53995.225799 20.097 0.03 53995.222465 20.247 0.046 53995.223299 19.807 0.037 53995.224965 99.989 99.999 -26.040866 -0.944925
54009.184197 20.386 0.06 54009.185864 20.04 0.035 54009.182531 20.773 0.154 54009.183364 19.703 0.037 54009.185031 19.429 0.054 -26.040866 -0.944925
54019.198957 -99.99 0.062 54019.200623 20.135 0.042 54019.19729 19.789 0.023 54019.198123 19.797 0.04 54019.19979 19.461 0.051 -26.040866 -0.944925
54025.247724 19.999 0.053 54025.249391 20.001 0.041 54025.246057 21.387 0.37 54025.246891 22.257 1.216 54025.248557 99.999 99.999 -26.040866 -0.944925
54356.25621 20.39 0.064 54356.257877 20.14 0.034 54356.254544 20.121 0.045 54356.255377 19.668 0.037 54356.257044 19.441 0.066 -26.040866 -0.944925
