51464.213432 20.56 0.057 51464.215098 20.172 0.019 51464.211765 19.848 0.018 51464.212598 19.701 0.023 51464.214265 19.507 0.082 -26.825048 0.415333
51467.304408 20.37 0.103 51467.306074 20.238 0.032 51467.302741 19.873 0.03 51467.303574 19.738 0.039 51467.305241 19.379 0.097 -26.825048 0.415333
51819.2804 20.372 0.063 51819.282066 20.057 0.02 51819.278733 19.771 0.019 51819.279566 19.671 0.027 51819.281233 19.527 0.077 -26.825048 0.415333
52172.296005 20.707 0.074 52172.297671 20.191 0.02 52172.294338 19.815 0.019 52172.295171 19.773 0.026 52172.296838 19.446 0.064 -26.825048 0.415333
52172.346163 20.739 0.088 52172.347829 20.22 0.022 52172.344496 19.879 0.02 52172.345329 19.722 0.027 52172.346996 19.504 0.073 -26.825048 0.415333
52197.239165 20.751 0.08 52197.240831 20.205 0.019 52197.237498 19.819 0.018 52197.238331 19.706 0.022 52197.239998 19.384 0.068 -26.825048 0.415333
52231.125149 20.42 0.056 52231.126815 20.129 0.017 52231.123482 19.803 0.018 52231.124315 19.714 0.021 52231.125982 19.381 0.064 -26.825048 0.415333
52557.233154 20.753 0.1 52557.23482 20.236 0.021 52557.231487 19.87 0.021 52557.23232 19.875 0.032 52557.233987 19.498 0.091 -26.825048 0.415333
52558.245683 20.61 0.07 52558.247349 20.197 0.021 52558.244016 19.855 0.021 52558.244849 19.737 0.028 52558.246516 19.385 0.061 -26.825048 0.415333
52577.133178 20.722 0.084 52577.134844 20.223 0.024 52577.131511 19.848 0.023 52577.132344 19.72 0.035 52577.134011 19.391 0.101 -26.825048 0.415333
52578.129232 20.637 0.068 52578.130898 20.238 0.018 52578.127565 19.865 0.019 52578.128398 19.769 0.024 52578.130065 19.554 0.083 -26.825048 0.415333
52586.136655 20.671 0.068 52586.138321 20.273 0.02 52586.134988 19.925 0.025 52586.135821 19.77 0.033 52586.137488 19.568 0.076 -26.825048 0.415333
52929.159459 20.807 0.085 52929.161125 20.317 0.02 52929.157792 19.919 0.019 52929.158625 19.788 0.024 52929.160292 19.546 0.09 -26.825048 0.415333
52931.147339 20.719 0.067 52931.149005 20.321 0.021 52931.145672 19.927 0.018 52931.146505 19.769 0.025 52931.148172 19.486 0.06 -26.825048 0.415333
52934.139616 20.8 0.098 52934.141282 20.333 0.022 52934.137949 19.904 0.021 52934.138782 19.759 0.026 52934.140449 19.361 0.086 -26.825048 0.415333
52935.144303 20.729 0.072 52935.145969 20.275 0.021 52935.142636 19.919 0.02 52935.143469 19.791 0.026 52935.145136 19.412 0.061 -26.825048 0.415333
52936.135542 20.819 0.072 52936.137208 20.326 0.018 52936.133875 19.933 0.019 52936.134708 19.824 0.022 52936.136375 19.624 0.076 -26.825048 0.415333
53243.32075 20.507 0.078 53243.322416 20.253 0.029 53243.319083 19.882 0.022 53243.319916 19.746 0.023 53243.321583 19.505 0.076 -26.825048 0.415333
53270.199614 20.526 0.073 53270.20128 20.223 0.029 53270.197947 19.908 0.024 53270.19878 19.713 0.025 53270.200447 19.428 0.072 -26.825048 0.415333
53272.249551 20.784 0.171 53272.251217 20.244 0.043 53272.247884 19.904 0.033 53272.248717 19.791 0.032 53272.250384 19.568 0.106 -26.825048 0.415333
53286.218267 20.597 0.108 53286.219933 20.279 0.022 53286.2166 19.892 0.023 53286.217433 19.753 0.027 53286.2191 19.438 0.083 -26.825048 0.415333
53288.176757 20.654 0.084 53288.178423 20.286 0.021 53288.17509 19.898 0.02 53288.175923 19.806 0.023 53288.17759 19.478 0.081 -26.825048 0.415333
53294.204091 20.59 0.069 53294.205757 20.285 0.035 53294.202424 19.902 0.022 53294.203257 19.77 0.03 53294.204924 19.253 0.07 -26.825048 0.415333
53302.172425 20.521 0.14 53302.174091 20.291 0.053 53302.170758 19.859 0.033 53302.171591 19.778 0.034 53302.173258 19.596 0.103 -26.825048 0.415333
53313.137504 20.49 0.084 53313.13917 20.196 0.023 53313.135837 19.978 0.028 53313.13667 19.735 0.033 53313.138337 19.336 0.095 -26.825048 0.415333
53314.129152 20.864 0.093 53314.130818 20.309 0.021 53314.127485 19.908 0.023 53314.128318 19.728 0.027 53314.129985 19.279 0.081 -26.825048 0.415333
53616.233523 20.736 0.132 53616.235189 -99.99 0.045 53616.231856 19.94 0.025 53616.232689 19.857 0.037 53616.234356 19.459 0.139 -26.825048 0.415333
53623.223732 20.812 0.094 53623.225398 20.376 0.024 53623.222065 19.95 0.021 53623.222898 19.854 0.026 53623.224565 19.599 0.093 -26.825048 0.415333
53625.242713 20.848 0.074 53625.244379 20.358 0.024 53625.241046 19.946 0.021 53625.241879 19.869 0.026 53625.243546 19.566 0.057 -26.825048 0.415333
53636.20175 20.877 0.109 53636.203416 20.339 0.03 53636.200083 20.021 0.025 53636.200916 19.81 0.029 53636.202583 19.612 0.071 -26.825048 0.415333
53637.196425 21.198 0.158 53637.198091 20.382 0.027 53637.194758 19.978 0.025 53637.195591 19.852 0.034 53637.197258 19.276 0.091 -26.825048 0.415333
53644.188886 20.866 0.081 53644.190553 20.398 0.021 53644.187219 20.04 0.021 53644.188053 19.833 0.024 53644.189719 19.696 0.078 -26.825048 0.415333
53654.223494 20.982 0.147 53654.22516 20.322 0.03 53654.221827 19.963 0.029 53654.22266 19.846 0.034 53654.224327 19.552 0.118 -26.825048 0.415333
53655.173756 20.826 0.214 53655.175422 20.212 0.053 53655.172089 19.885 0.039 53655.172922 19.751 0.044 53655.174589 19.472 0.089 -26.825048 0.415333
53656.171087 21.221 0.366 53656.172753 20.312 0.075 53656.16942 19.856 0.048 53656.170253 19.772 0.05 53656.17192 19.518 0.149 -26.825048 0.415333
53663.184396 20.943 0.15 53663.186062 20.357 0.034 53663.182729 19.973 0.025 53663.183562 19.804 0.025 53663.185229 19.546 0.072 -26.825048 0.415333
53664.198714 20.587 0.169 53664.20038 20.347 0.062 53664.197047 19.845 0.042 53664.19788 19.617 0.04 53664.199547 19.224 0.085 -26.825048 0.415333
53666.162316 20.908 0.079 53666.163982 20.343 0.02 53666.160649 20.003 0.021 53666.161482 19.889 0.029 53666.163149 19.615 0.076 -26.825048 0.415333
53668.173997 20.818 0.121 53668.175663 20.301 0.023 53668.17233 20.009 0.029 53668.173163 19.881 0.039 53668.17483 -99.99 0.116 -26.825048 0.415333
53669.157955 20.685 0.07 53669.159621 20.313 0.02 53669.156288 19.955 0.021 53669.157121 19.795 0.028 53669.158788 19.583 0.07 -26.825048 0.415333
53670.178849 20.688 0.078 53670.180515 -99.99 0.02 53670.177182 19.975 0.024 53670.178015 19.843 0.027 53670.179682 19.608 0.093 -26.825048 0.415333
53671.242742 20.903 0.209 53671.244408 20.343 0.04 53671.241075 19.921 0.03 53671.241908 19.807 0.041 53671.243575 19.577 0.123 -26.825048 0.415333
53673.146833 20.686 0.086 53673.148499 20.309 0.021 53673.145166 19.95 0.023 53673.145999 19.794 0.03 53673.147666 19.314 0.077 -26.825048 0.415333
53674.14219 20.829 0.082 53674.143856 20.343 0.021 53674.140523 19.945 0.021 53674.141356 19.827 0.028 53674.143023 19.472 0.064 -26.825048 0.415333
53675.143721 20.79 0.093 53675.145387 20.322 0.02 53675.142054 19.938 0.026 53675.142887 19.749 0.029 53675.144554 19.389 0.087 -26.825048 0.415333
53676.231683 20.643 0.072 53676.233349 20.345 0.021 53676.230016 19.945 0.02 53676.230849 19.82 0.025 53676.232516 19.613 0.059 -26.825048 0.415333
53677.164753 20.796 0.083 53677.166419 20.357 0.02 53677.163086 19.994 0.02 53677.163919 19.806 0.023 53677.165586 19.723 0.086 -26.825048 0.415333
53679.203567 20.837 0.133 53679.205233 20.237 0.029 53679.2019 19.86 0.031 53679.202733 19.715 0.035 53679.2044 19.43 0.086 -26.825048 0.415333
53680.151419 20.716 0.108 53680.153085 20.388 0.024 53680.149752 19.845 0.025 53680.150585 19.777 0.03 53680.152252 19.442 0.091 -26.825048 0.415333
53681.195079 20.78 0.079 53681.196745 20.336 0.022 53681.193412 19.944 0.022 53681.194245 19.814 0.027 53681.195912 19.512 0.055 -26.825048 0.415333
53685.154125 20.915 0.262 53685.155791 20.323 0.068 53685.152458 19.939 0.046 53685.153291 19.691 0.043 53685.154958 19.549 0.091 -26.825048 0.415333
53686.21812 21.093 0.644 53686.219786 20.627 0.174 53686.216453 19.993 0.08 53686.217286 19.818 0.073 53686.218953 19.271 0.158 -26.825048 0.415333
53687.192472 20.951 0.333 53687.194138 20.23 0.063 53687.190805 19.851 0.039 53687.191638 19.788 0.041 53687.193305 19.523 0.083 -26.825048 0.415333
53693.153319 21.075 0.219 53693.154985 20.336 0.048 53693.151652 19.979 0.035 53693.152485 19.844 0.032 53693.154152 19.605 0.096 -26.825048 0.415333
53700.151064 20.635 0.077 53700.15273 20.297 0.022 53700.149397 19.868 0.021 53700.15023 19.774 0.028 53700.151897 19.439 0.063 -26.825048 0.415333
53702.149036 20.912 0.226 53702.150703 20.204 0.04 53702.147369 19.87 0.047 53702.148203 19.772 0.064 53702.149869 19.236 0.153 -26.825048 0.415333
53704.136645 20.425 0.076 53704.138311 20.264 0.021 53704.134978 19.917 0.022 53704.135811 19.799 0.027 53704.137478 19.502 0.091 -26.825048 0.415333
53705.137733 20.773 0.099 53705.139399 20.254 0.023 53705.136066 19.929 0.024 53705.136899 19.826 0.032 53705.138566 19.43 0.068 -26.825048 0.415333
53975.222728 20.823 0.08 53975.224394 20.274 0.028 53975.221061 19.959 0.023 53975.221894 19.77 0.029 53975.223561 19.557 0.11 -26.825048 0.415333
53989.232706 20.928 0.151 53989.234373 20.28 0.038 53989.231039 19.942 0.028 53989.231873 19.86 0.03 53989.233539 19.514 0.076 -26.825048 0.415333
53993.29054 20.826 0.087 53993.292206 20.342 0.027 53993.288873 19.945 0.023 53993.289706 19.757 0.027 53993.291373 19.645 0.069 -26.825048 0.415333
53995.221958 20.68 0.065 53995.223624 20.315 0.019 53995.220291 19.922 0.02 53995.221124 19.847 0.025 53995.222791 19.62 0.07 -26.825048 0.415333
53997.200334 20.807 0.1 53997.202001 20.317 0.024 53997.198668 19.935 0.025 53997.199501 19.801 0.027 53997.201168 19.564 0.094 -26.825048 0.415333
53998.198088 20.675 0.061 53998.199755 20.338 0.019 53998.196421 19.952 0.02 53998.197255 19.847 0.025 53998.198921 19.527 0.051 -26.825048 0.415333
54000.208109 20.7 0.114 54000.209776 20.231 0.026 54000.206443 19.952 0.024 54000.207276 19.892 0.038 54000.208943 19.313 0.098 -26.825048 0.415333
54007.18493 20.661 0.08 54007.186597 20.378 0.025 54007.183264 19.984 0.02 54007.184097 19.8 0.028 54007.185764 19.526 0.081 -26.825048 0.415333
54009.182036 20.653 0.079 54009.183703 20.369 0.029 54009.180369 19.944 0.023 54009.181203 19.841 0.024 54009.182869 19.527 0.064 -26.825048 0.415333
54010.183562 20.57 0.072 54010.185228 20.362 0.031 54010.181895 19.926 0.022 54010.182728 19.839 0.026 54010.184395 19.613 0.052 -26.825048 0.415333
54011.246524 20.926 0.145 54011.248191 20.359 0.039 54011.244857 19.973 0.03 54011.245691 19.793 0.027 54011.247357 19.619 0.075 -26.825048 0.415333
54012.176433 20.832 0.166 54012.1781 20.296 0.052 54012.174766 19.95 0.036 54012.1756 19.81 0.038 54012.177266 19.471 0.067 -26.825048 0.415333
54019.196744 20.76 0.102 54019.198411 20.384 0.028 54019.195078 19.97 0.021 54019.195911 19.83 0.025 54019.197578 19.576 0.065 -26.825048 0.415333
54020.18239 20.907 0.088 54020.184057 20.299 0.026 54020.180723 19.927 0.023 54020.181557 19.781 0.028 54020.183223 19.705 0.087 -26.825048 0.415333
54022.231685 20.741 0.078 54022.233351 -99.99 0.023 54022.230018 -99.99 0.026 54022.230851 19.829 0.03 54022.232518 19.579 0.066 -26.825048 0.415333
54028.172768 20.881 0.103 54028.174435 20.307 0.025 54028.171101 19.929 0.027 54028.171935 19.835 0.033 54028.173601 19.57 0.08 -26.825048 0.415333
54029.175872 21.016 0.097 54029.177538 20.324 0.022 54029.174205 19.99 0.022 54029.175038 19.816 0.025 54029.176705 19.443 0.072 -26.825048 0.415333
54030.17595 20.621 0.058 54030.177616 20.296 0.02 54030.174283 19.973 0.019 54030.175116 19.866 0.024 54030.176783 19.548 0.054 -26.825048 0.415333
54032.165205 -99.99 0.57 54032.166871 -99.99 0.167 54032.163538 -99.99 0.078 54032.164371 19.911 0.082 54032.166038 -99.99 0.458 -26.825048 0.415333
54037.157209 20.691 0.072 54037.158876 20.35 0.029 54037.155542 19.939 0.024 54037.156376 19.842 0.033 54037.158042 19.446 0.06 -26.825048 0.415333
54040.171663 21.11 0.256 54040.17333 20.351 0.061 54040.169997 19.992 0.046 54040.17083 19.712 0.046 54040.172497 19.406 0.078 -26.825048 0.415333
54050.156303 20.751 0.122 54050.157969 20.299 0.026 54050.154636 19.955 0.032 54050.155469 19.762 0.044 54050.157136 19.452 0.088 -26.825048 0.415333
54053.162454 20.967 0.105 54053.164121 20.324 0.03 54053.160788 19.896 0.025 54053.161621 19.741 0.032 54053.163288 19.612 0.093 -26.825048 0.415333
54056.164125 20.789 0.159 54056.165792 20.328 0.047 54056.162459 19.94 0.041 54056.163292 19.785 0.052 54056.164959 19.476 0.1 -26.825048 0.415333
54057.132789 20.895 0.076 54057.134455 20.366 0.026 54057.131122 19.935 0.023 54057.131955 19.847 0.03 54057.133622 19.561 0.065 -26.825048 0.415333
54068.153297 20.668 0.291 54068.154964 20.228 0.078 54068.15163 19.976 0.076 54068.152464 19.731 0.078 54068.15413 19.42 0.118 -26.825048 0.415333
54356.254045 20.644 0.086 54356.255711 20.214 0.021 54356.252378 19.863 0.022 54356.253211 19.834 0.03 54356.254878 19.306 0.072 -26.825048 0.415333
54357.201637 20.7 0.07 54357.203304 20.211 0.024 54357.19997 19.914 0.02 54357.200804 19.764 0.028 54357.20247 19.552 0.067 -26.825048 0.415333
54358.199096 20.779 0.125 54358.200763 20.239 0.026 54358.197429 20.003 0.032 54358.198263 19.731 0.033 54358.199929 19.532 0.109 -26.825048 0.415333
54365.232158 20.412 0.093 54365.233825 20.102 0.032 54365.230491 19.834 0.025 54365.231325 -99.99 0.031 54365.232991 19.496 0.087 -26.825048 0.415333
54373.30636 20.148 0.172 54373.308027 20.155 0.052 54373.304693 19.898 0.039 54373.305527 19.79 0.041 54373.307193 19.526 0.111 -26.825048 0.415333
54382.241287 20.359 0.089 54382.242953 20.166 0.024 54382.23962 19.826 0.024 54382.240453 19.748 0.032 54382.24212 19.536 0.101 -26.825048 0.415333
54385.249431 20.477 0.076 54385.251097 20.136 0.027 54385.247764 19.83 0.023 54385.248597 19.709 0.027 54385.250264 19.491 0.069 -26.825048 0.415333
54386.244065 20.659 0.077 54386.245732 20.134 0.018 54386.242398 19.794 0.021 54386.243232 19.727 0.026 54386.244898 19.412 0.069 -26.825048 0.415333
54387.249931 20.725 0.102 54387.251597 20.138 0.024 54387.248264 19.849 0.025 54387.249097 19.725 0.034 54387.250764 19.441 0.07 -26.825048 0.415333
54388.248344 20.495 0.091 54388.25001 20.186 0.023 54388.246677 19.831 0.024 54388.24751 19.769 0.029 54388.249177 19.408 0.087 -26.825048 0.415333
54392.244678 20.751 0.096 54392.246345 20.185 0.028 54392.243011 19.852 0.026 54392.243845 19.738 0.033 54392.245511 19.454 0.069 -26.825048 0.415333
54403.162117 20.583 0.082 54403.163783 20.204 0.029 54403.16045 19.859 0.025 54403.161283 19.745 0.029 54403.16295 19.515 0.076 -26.825048 0.415333
54406.155933 20.6 0.078 54406.1576 20.187 0.022 54406.154266 19.871 0.024 54406.1551 19.71 0.032 54406.156766 19.478 0.089 -26.825048 0.415333
54412.158844 20.798 0.094 54412.160511 20.201 0.022 54412.157177 19.832 0.025 54412.158011 19.803 0.026 54412.159677 19.462 0.081 -26.825048 0.415333
