51075.384895 19.905 0.036 51075.386561 19.888 0.018 51075.383228 19.518 0.017 51075.384061 19.555 0.027 51075.385728 19.643 0.102 30.699661 -0.981145
51818.354534 19.693 0.031 51818.3562 19.766 0.016 51818.352867 19.442 0.015 51818.3537 19.494 0.022 51818.355367 19.522 0.067 30.699661 -0.981145
52170.405572 19.778 0.036 52170.407238 19.756 0.019 52170.403905 19.49 0.015 52170.404738 19.465 0.021 52170.406405 19.568 0.078 30.699661 -0.981145
52173.318929 19.795 0.044 52173.320595 19.838 0.02 52173.317262 19.473 0.019 52173.318095 19.516 0.028 52173.319762 19.557 0.102 30.699661 -0.981145
52207.370875 19.788 0.038 52207.372541 19.798 0.017 52207.369208 19.524 0.016 52207.370041 19.467 0.021 52207.371708 19.625 0.08 30.699661 -0.981145
52224.299061 19.735 0.036 52224.300727 19.805 0.018 52224.297394 19.478 0.015 52224.298227 19.492 0.021 52224.299894 19.498 0.07 30.699661 -0.981145
52231.284475 19.783 0.035 52231.286141 -99.99 0.017 52231.282808 19.517 0.015 52231.283641 19.478 0.02 52231.285308 19.593 0.069 30.699661 -0.981145
52234.255565 19.769 0.035 52234.257231 19.886 0.018 52234.253898 19.478 0.015 52234.254731 19.506 0.02 52234.256398 19.64 0.072 30.699661 -0.981145
52261.218921 19.871 0.037 52261.220587 19.904 0.018 52261.217254 19.525 0.015 52261.218087 19.541 0.02 52261.219754 19.563 0.069 30.699661 -0.981145
52287.099412 19.887 0.037 52287.101078 19.939 0.019 52287.097745 19.567 0.016 52287.098578 19.571 0.022 52287.100245 19.674 0.076 30.699661 -0.981145
52552.418115 20.005 0.05 52552.419781 20.072 0.023 52552.416448 19.635 0.018 52552.417281 19.649 0.027 52552.418948 19.789 0.107 30.699661 -0.981145
52557.392474 -99.99 0.042 52557.39414 20.027 0.02 52557.390807 19.69 0.017 52557.39164 19.648 0.025 52557.393307 19.755 0.095 30.699661 -0.981145
52908.36704 19.97 0.043 52908.368706 19.971 0.02 52908.365373 19.652 0.017 52908.366206 19.616 0.024 52908.367873 19.72 0.09 30.699661 -0.981145
52912.346478 20.007 0.051 52912.348144 20.01 0.023 52912.344811 19.665 0.018 52912.345644 19.673 0.028 52912.347311 19.671 0.091 30.699661 -0.981145
52934.298944 19.897 0.042 52934.30061 20.019 0.021 52934.297277 19.633 0.019 52934.29811 19.642 0.028 52934.299777 19.807 0.116 30.699661 -0.981145
52936.29487 19.961 0.039 52936.296536 20.02 0.018 52936.293203 19.603 0.016 52936.294036 19.608 0.022 52936.295703 19.704 0.078 30.699661 -0.981145
53270.358939 20.001 0.041 53270.360605 20.029 0.027 53270.357272 19.625 0.025 53270.358105 19.692 0.025 53270.359772 19.734 0.071 30.699661 -0.981145
53272.408871 20.021 0.053 53272.410537 20.057 0.024 53272.407204 19.66 0.019 53272.408037 19.668 0.029 53272.409704 19.8 0.096 30.699661 -0.981145
53286.37759 19.89 0.047 53286.379256 20 0.023 53286.375923 19.616 0.018 53286.376756 19.61 0.023 53286.378423 19.595 0.073 30.699661 -0.981145
53288.33608 -99.99 0.043 53288.337746 20.051 0.019 53288.334413 19.651 0.016 53288.335246 19.645 0.021 53288.336913 19.712 0.077 30.699661 -0.981145
53294.383755 -99.99 0.046 53294.385421 20.006 0.022 53294.382088 19.618 0.018 53294.382921 19.6 0.024 53294.384588 19.655 0.082 30.699661 -0.981145
53296.330765 -99.99 0.042 53296.332432 20.011 0.024 53296.329098 -99.99 0.069 53296.329932 19.571 0.031 53296.331598 19.791 0.107 30.699661 -0.981145
53298.380533 20.008 0.051 53298.382199 19.99 0.022 53298.378866 19.661 0.021 53298.379699 19.645 0.031 53298.381366 19.7 0.103 30.699661 -0.981145
53302.331751 19.819 0.058 53302.333417 19.979 0.032 53302.330084 19.63 0.026 53302.330917 19.621 0.027 53302.332584 19.719 0.084 30.699661 -0.981145
53312.287295 19.993 0.06 53312.288962 19.972 0.034 53312.285628 19.635 0.028 53312.286462 19.641 0.032 53312.288128 19.739 0.112 30.699661 -0.981145
53314.28848 20.011 0.05 53314.290146 19.951 0.025 53314.286813 19.627 0.02 53314.287646 19.64 0.028 53314.289313 19.898 0.131 30.699661 -0.981145
53319.276277 20.043 0.061 53319.277943 -99.99 0.031 53319.27461 19.573 0.027 53319.275443 19.625 0.041 53319.27711 -99.99 0.324 30.699661 -0.981145
53616.392836 -99.99 0.05 53616.394502 19.794 0.021 53616.391169 19.468 0.018 53616.392002 19.491 0.027 53616.393669 19.449 0.088 30.699661 -0.981145
53626.369263 19.745 0.042 53626.370929 -99.99 0.032 53626.367596 19.487 0.019 53626.368429 19.519 0.027 53626.370096 -99.99 0.088 30.699661 -0.981145
53628.354128 19.761 0.058 53628.355794 19.809 0.031 53628.352461 19.492 0.024 53628.353294 19.548 0.029 53628.354961 19.394 0.077 30.699661 -0.981145
53637.355745 19.786 0.061 53637.357411 19.812 0.029 53637.354078 19.494 0.021 53637.354911 19.458 0.028 53637.356578 19.499 0.098 30.699661 -0.981145
53639.401123 19.798 0.04 53639.402789 19.816 0.019 53639.399456 19.456 0.015 53639.400289 19.453 0.019 53639.401956 19.454 0.058 30.699661 -0.981145
53641.400289 -99.99 0.037 53641.401955 19.831 0.019 53641.398622 19.478 0.015 53641.399455 19.445 0.02 53641.401122 19.454 0.06 30.699661 -0.981145
53657.359173 19.775 0.091 53657.360839 -99.99 0.048 53657.357506 19.484 0.033 53657.358339 19.426 0.038 53657.360006 19.359 0.102 30.699661 -0.981145
53663.343721 19.909 0.076 53663.345387 -99.99 0.037 53663.342054 19.454 0.021 53663.342887 19.486 0.025 53663.344554 -99.99 0.087 30.699661 -0.981145
53666.413811 19.78 0.067 53666.415477 -99.99 0.029 53666.412144 19.477 0.019 53666.412977 19.462 0.023 53666.414644 19.428 0.07 30.699661 -0.981145
53668.333322 19.784 0.051 53668.334988 19.807 0.025 53668.331655 19.481 0.02 53668.332488 19.477 0.027 53668.334155 19.563 0.092 30.699661 -0.981145
53669.420944 19.803 0.073 53669.42261 19.845 0.029 53669.419277 19.504 0.023 53669.42011 19.445 0.028 53669.421777 19.375 0.083 30.699661 -0.981145
53670.338174 19.778 0.041 53670.33984 19.779 0.02 53670.336507 19.472 0.017 53670.33734 19.616 0.027 53670.339007 19.509 0.073 30.699661 -0.981145
53673.30616 19.84 0.038 53673.307826 19.808 0.016 53673.304493 19.459 0.014 53673.305326 19.453 0.018 53673.306993 19.49 0.057 30.699661 -0.981145
53675.303048 19.758 0.036 53675.304714 19.79 0.017 53675.301381 19.443 0.016 53675.302214 19.479 0.023 53675.303881 19.516 0.073 30.699661 -0.981145
53677.324079 19.857 0.037 53677.325745 19.819 0.016 53677.322412 19.463 0.014 53677.323245 19.461 0.018 53677.324912 19.51 0.054 30.699661 -0.981145
53680.310745 19.745 0.037 53680.312411 -99.99 0.018 53680.309078 19.482 0.016 53680.309911 19.458 0.02 53680.311578 19.502 0.065 30.699661 -0.981145
53683.369304 19.874 0.055 53683.37097 19.882 0.02 53683.367637 19.476 0.019 53683.36847 19.502 0.027 53683.370137 19.496 0.107 30.699661 -0.981145
53686.310178 19.768 0.095 53686.311844 19.769 0.051 53686.308511 19.445 0.033 53686.309344 19.47 0.036 53686.311011 19.579 0.113 30.699661 -0.981145
53693.312639 19.77 0.097 53693.314305 -99.99 0.045 53693.310972 19.468 0.027 53693.311805 19.493 0.032 53693.313472 19.508 0.09 30.699661 -0.981145
53698.310028 19.739 0.044 53698.311694 19.831 0.022 53698.308361 19.497 0.018 53698.309194 19.445 0.025 53698.310861 19.551 0.073 30.699661 -0.981145
53704.29596 19.874 0.044 53704.297626 19.846 0.02 53704.294293 19.46 0.017 53704.295126 19.462 0.022 53704.296793 19.721 0.098 30.699661 -0.981145
53989.392021 19.561 0.066 53989.393687 19.566 0.031 53989.390354 19.266 0.022 53989.391187 19.275 0.024 53989.392854 19.321 0.057 30.699661 -0.981145
53995.430751 19.596 0.028 53995.432418 19.608 0.021 53995.429084 19.292 0.015 53995.429918 19.334 0.02 53995.431584 19.383 0.048 30.699661 -0.981145
54000.367449 19.544 0.037 54000.369116 19.6 0.029 54000.365782 19.318 0.023 54000.366616 19.343 0.025 54000.368282 19.226 0.061 30.699661 -0.981145
54007.417588 19.525 0.069 54007.419255 19.568 0.029 54007.415921 19.28 0.027 54007.416755 19.332 0.028 54007.418421 19.383 0.053 30.699661 -0.981145
54009.341363 -99.99 0.027 54009.343029 19.586 0.021 54009.339696 19.279 0.019 54009.340529 19.323 0.024 54009.342196 19.328 0.049 30.699661 -0.981145
54011.405838 19.586 0.03 54011.407505 19.592 0.025 54011.404171 19.287 0.016 54011.405005 19.316 0.022 54011.406671 19.397 0.049 30.699661 -0.981145
54025.404868 19.523 0.048 54025.406535 19.54 0.023 54025.403201 19.257 0.021 54025.404035 19.27 0.023 54025.405701 19.314 0.064 30.699661 -0.981145
54029.3352 -99.99 0.036 54029.336867 19.559 0.023 54029.333534 19.221 0.023 54029.334367 -99.99 0.026 54029.336034 19.34 0.059 30.699661 -0.981145
54346.398636 19.469 0.047 54346.400302 19.534 0.031 54346.396969 19.273 0.022 54346.397802 19.242 0.027 54346.399469 19.33 0.061 30.699661 -0.981145
54348.402602 19.439 0.034 54348.404268 19.503 0.023 54348.400935 19.229 0.026 54348.401768 19.236 0.027 54348.403435 19.306 0.058 30.699661 -0.981145
54358.358447 19.432 0.041 54358.360114 19.548 0.026 54358.35678 19.206 0.024 54358.357614 19.202 0.025 54358.35928 19.336 0.064 30.699661 -0.981145
54365.391533 19.397 0.035 54365.3932 19.515 0.027 54365.389866 19.233 0.022 54365.3907 19.197 0.021 54365.392366 19.353 0.056 30.699661 -0.981145
54381.411049 19.447 0.035 54381.412716 -99.99 0.035 54381.409382 19.185 0.018 54381.410216 19.213 0.023 54381.411882 19.247 0.049 30.699661 -0.981145
54384.417769 -99.99 0.046 54384.419436 19.543 0.021 54384.416103 19.251 0.018 54384.416936 19.19 0.019 54384.418603 19.287 0.056 30.699661 -0.981145
54386.403363 -99.99 0.034 54386.40503 19.529 0.027 54386.401696 19.227 0.022 54386.40253 19.23 0.023 54386.404196 19.149 0.054 30.699661 -0.981145
54388.407642 19.426 0.048 54388.409309 19.546 0.023 54388.405976 19.232 0.022 54388.406809 19.276 0.023 54388.408476 19.18 0.049 30.699661 -0.981145
54392.405186 19.38 0.047 54392.406853 19.556 0.022 54392.403519 19.261 0.024 54392.404353 19.229 0.038 54392.406019 19.383 0.075 30.699661 -0.981145
54403.321418 -99.99 0.335 54403.323084 -99.99 0.13 54403.319751 -99.99 0.071 54403.320584 -99.99 0.223 54403.322251 19.352 0.382 30.699661 -0.981145
54404.378995 19.492 0.058 54404.380662 19.559 0.032 54404.377329 19.274 0.022 54404.378162 19.206 0.025 54404.379829 19.154 0.073 30.699661 -0.981145
54405.37698 19.518 0.042 54405.378647 19.577 0.024 54405.375314 19.249 0.019 54405.376147 19.235 0.021 54405.377814 19.365 0.068 30.699661 -0.981145
54406.315329 19.566 0.033 54406.316996 19.574 0.022 54406.313663 19.258 0.017 54406.314496 19.287 0.027 54406.316163 19.321 0.053 30.699661 -0.981145
54412.341024 19.479 0.04 54412.34269 19.625 0.029 54412.339357 19.263 0.021 54412.34019 19.284 0.022 54412.341857 19.265 0.067 30.699661 -0.981145
