51075.396501 22.217 0.286 51075.398167 21.36 0.05 51075.394834 21.208 0.069 51075.395667 21.346 0.127 51075.397334 21.737 0.65 34.889113 -0.452786
51818.366179 21.878 0.212 51818.367845 21.268 0.043 51818.364512 21.242 0.051 51818.365345 21.334 0.082 51818.367012 21.238 0.273 34.889113 -0.452786
52173.330512 22.289 0.393 52173.332178 21.583 0.064 52173.328845 21.518 0.091 52173.329678 22.217 0.263 52173.331345 21.297 0.498 34.889113 -0.452786
52224.31066 22.341 0.31 52224.312326 21.598 0.053 52224.308993 21.596 0.07 52224.309826 21.666 0.098 52224.311493 20.764 0.182 34.889113 -0.452786
52234.26717 22.59 0.424 52234.268836 21.741 0.065 52234.265503 21.587 0.079 52234.266336 21.803 0.114 52234.268003 21.78 0.385 34.889113 -0.452786
52261.230525 22.307 0.333 52261.232191 21.63 0.056 52261.228858 21.584 0.07 52261.229691 21.745 0.108 52261.231358 21.551 0.357 34.889113 -0.452786
52283.097895 21.666 0.229 52283.099561 21.759 0.086 52283.096228 21.722 0.139 52283.097061 21.695 0.168 52283.098728 20.946 0.401 34.889113 -0.452786
52287.111017 22.473 0.33 52287.112683 21.693 0.068 52287.10935 21.606 0.086 52287.110183 21.386 0.084 52287.11185 21.396 0.323 34.889113 -0.452786
52552.429718 24.084 1.908 52552.431384 21.478 0.079 52552.428051 21.389 0.107 52552.428884 22.103 0.284 52552.430551 22.261 1.001 34.889113 -0.452786
52557.404076 22.531 0.439 52557.405742 21.62 0.061 52557.402409 21.556 0.083 52557.403242 21.768 0.14 52557.404909 21.197 0.348 34.889113 -0.452786
52908.378644 23.052 0.575 52908.38031 22.154 0.082 52908.376977 21.923 0.102 52908.37781 22.205 0.19 52908.379477 21.262 0.288 34.889113 -0.452786
52912.358082 22.994 0.671 52912.359748 21.979 0.082 52912.356415 21.85 0.094 52912.357248 22.059 0.172 52912.358915 21.71 0.407 34.889113 -0.452786
52934.310548 22.711 0.51 52934.312214 22.034 0.094 52934.308881 21.68 0.104 52934.309714 21.9 0.184 52934.311381 21.168 0.367 34.889113 -0.452786
52936.306475 22.833 0.458 52936.308141 22.04 0.077 52936.304808 21.76 0.091 52936.305641 22.441 0.229 52936.307308 21.799 0.47 34.889113 -0.452786
53270.370536 22.886 0.354 53270.372203 21.633 0.05 53270.368869 21.612 0.068 53270.369703 21.713 0.099 53270.371369 21.575 0.346 34.889113 -0.452786
53272.420473 23.174 0.839 53272.422139 21.715 0.064 53272.418806 21.606 0.082 53272.419639 21.551 0.122 53272.421306 22.36 0.624 34.889113 -0.452786
53286.389193 22.327 0.407 53286.390859 21.674 0.068 53286.387526 21.681 0.09 53286.388359 21.606 0.108 53286.390026 21.106 0.25 34.889113 -0.452786
53288.347685 22.257 0.316 53288.349351 21.85 0.062 53288.346018 21.573 0.075 53288.346851 21.722 0.127 53288.348518 21.415 0.314 34.889113 -0.452786
53296.342365 22.636 0.464 53296.344032 21.604 0.064 53296.340699 21.779 0.116 53296.341532 21.579 0.114 53296.343199 21.567 0.453 34.889113 -0.452786
53298.392135 22.27 0.438 53298.393801 21.609 0.076 53298.390468 21.529 0.131 53298.391301 22.269 0.321 53298.392968 21.164 0.474 34.889113 -0.452786
53314.300084 22.422 0.493 53314.30175 21.469 0.081 53314.298417 21.536 0.104 53314.29925 21.86 0.177 53314.300917 21.164 0.389 34.889113 -0.452786
53319.287881 22.454 0.629 53319.289547 21.556 0.081 53319.286214 21.585 0.125 53319.287047 21.735 0.175 53319.288714 21.579 0.566 34.889113 -0.452786
53626.380866 -99.99 1.046 53626.382532 -99.99 0.111 53626.379199 21.696 0.145 53626.380032 22.156 0.412 53626.381699 -99.99 0.575 34.889113 -0.452786
53637.367349 22.43 0.836 53637.369015 21.973 0.234 53637.365682 21.756 0.197 53637.366515 22.135 0.32 53637.368182 21.553 0.636 34.889113 -0.452786
53639.412726 22.957 0.73 53639.414392 21.903 0.094 53639.411059 21.898 0.11 53639.411892 21.733 0.127 53639.413559 21.712 0.425 34.889113 -0.452786
53670.349776 23.841 1.81 53670.351442 22.034 0.111 53670.348109 21.901 0.137 53670.348942 22.112 0.235 53670.350609 22.308 0.814 34.889113 -0.452786
53673.317764 22.707 0.447 53673.31943 22.171 0.081 53673.316097 21.828 0.087 53673.31693 21.582 0.092 53673.318597 21.629 0.321 34.889113 -0.452786
53675.314651 23.646 1.021 53675.316317 22.067 0.08 53675.312984 21.922 0.126 53675.313817 21.922 0.17 53675.315484 21.689 0.463 34.889113 -0.452786
53704.307561 22.662 0.616 53704.309227 21.887 0.093 53704.305894 21.932 0.145 53704.306727 22.236 0.261 53704.308394 21.441 0.517 34.889113 -0.452786
53989.403617 26.443 99.999 53989.405284 21.705 0.182 53989.40195 21.879 0.18 53989.402784 22.027 0.193 53989.40445 21.499 0.331 34.889113 -0.452786
53995.442346 22.894 0.517 53995.444013 21.795 0.058 53995.440679 21.843 0.069 53995.441513 22.222 0.132 53995.443179 21.852 0.38 34.889113 -0.452786
54007.429187 22.745 1.199 54007.430853 22.171 0.079 54007.42752 21.862 0.08 54007.428353 22.101 0.146 54007.43002 21.2 0.272 34.889113 -0.452786
54009.352958 22.607 0.306 54009.354625 22.01 0.059 54009.351292 21.88 0.069 54009.352125 22.013 0.11 54009.353792 21.809 0.364 34.889113 -0.452786
54011.417445 22.563 0.269 54011.419112 22.002 0.058 54011.415778 21.958 0.07 54011.416612 21.945 0.09 54011.418278 21.276 0.215 34.889113 -0.452786
54025.416464 23.851 99.999 54025.418131 22.056 0.099 54025.414798 21.673 0.099 54025.415631 22.252 0.232 54025.417298 21.737 0.498 34.889113 -0.452786
54346.41022 22.63 0.918 54346.411887 21.996 0.196 54346.408553 21.799 0.161 54346.409387 22.252 0.247 54346.411053 22.774 1.067 34.889113 -0.452786
54355.42429 24.16 1.467 54355.425957 22.023 0.065 54355.422623 21.896 0.074 54355.423457 22.233 0.136 54355.425123 20.76 0.175 34.889113 -0.452786
54365.403081 23.308 0.569 54365.404747 22.078 0.06 54365.401414 21.944 0.066 54365.402247 22.069 0.109 54365.403914 21.923 0.391 34.889113 -0.452786
54384.429313 23.245 0.604 54384.430979 21.986 0.091 54384.427646 22.01 0.094 54384.428479 22.664 0.223 54384.430146 21.207 0.258 34.889113 -0.452786
54392.416811 22.618 0.624 54392.418477 22.294 0.113 54392.415144 21.888 0.129 54392.415977 22.156 0.191 54392.417644 21.702 0.572 34.889113 -0.452786
54406.326875 23.385 0.794 54406.328542 22.122 0.094 54406.325209 22.168 0.112 54406.326042 22.175 0.134 54406.327709 21.433 1 34.889113 -0.452786
54412.352625 22.357 0.381 54412.354292 21.969 0.072 54412.350959 21.869 0.094 54412.351792 22.069 0.152 54412.353459 22.172 0.678 34.889113 -0.452786
