51081.368154 22.623 0.369 51081.36982 20.924 0.037 51081.366487 19.999 0.022 51081.36732 19.919 0.028 51081.368987 20.12 0.123 30.54573 -0.373815
51819.439289 22.352 0.333 51819.440955 20.849 0.039 51819.437622 19.918 0.022 51819.438455 19.907 0.028 51819.440122 19.904 0.113 30.54573 -0.373815
52225.263987 22.732 0.366 52225.265653 20.979 0.035 52225.26232 19.969 0.022 52225.263153 19.947 0.026 52225.26482 19.994 0.098 30.54573 -0.373815
52288.098408 22.86 0.429 52288.100074 21.011 0.039 52288.096741 20.041 0.025 52288.097574 19.935 0.028 52288.099241 20.116 0.116 30.54573 -0.373815
52551.3717 -99.99 0.7 52551.373366 21.072 0.037 52551.370033 20.009 0.023 52551.370866 19.996 0.031 52551.372533 20.171 0.149 30.54573 -0.373815
52558.404576 23.482 0.562 52558.406242 21.097 0.033 52558.402909 20.038 0.02 52558.403742 19.989 0.024 52558.405409 20.054 0.09 30.54573 -0.373815
52576.237625 23.528 0.749 52576.239291 21.022 0.035 52576.235958 20.031 0.024 52576.236791 19.974 0.031 52576.238458 20.142 0.121 30.54573 -0.373815
52577.292082 23.466 0.663 52577.293748 21.018 0.035 52577.290415 20.019 0.023 52577.291248 19.997 0.027 52577.292915 19.98 0.099 30.54573 -0.373815
52585.23916 23.359 0.531 52585.240826 21.009 0.032 52585.237493 20.036 0.023 52585.238326 20.045 0.034 52585.239993 20.186 0.172 30.54573 -0.373815
52909.405795 24.563 0.983 52909.407461 21.326 0.044 52909.404128 20.164 0.022 52909.404961 20.222 0.031 52909.406628 20.193 0.112 30.54573 -0.373815
52910.376038 -99.99 0.426 52910.377704 21.194 0.04 52910.374371 20.188 0.023 52910.375204 20.192 0.033 52910.376871 20.009 0.099 30.54573 -0.373815
52935.303207 22.18 0.273 52935.304873 21.204 0.047 52935.30154 20.175 0.028 52935.302373 20.245 0.041 52935.30404 20.056 0.139 30.54573 -0.373815
52963.226282 -99.99 0.373 52963.227948 21.259 0.037 52963.224615 20.181 0.021 52963.225448 20.196 0.027 52963.227115 20.227 0.093 30.54573 -0.373815
52971.217197 24.221 1.296 52971.218863 21.388 0.053 52971.21553 20.241 0.028 52971.216363 20.147 0.037 52971.21803 20.157 0.125 30.54573 -0.373815
53351.148586 23.374 0.729 53351.150252 21.331 0.051 53351.146919 20.223 0.027 53351.147752 20.181 0.039 53351.149419 20.433 0.22 30.54573 -0.373815
53622.405639 23.266 0.64 53622.407305 21.403 0.046 53622.403972 20.309 0.03 53622.404805 20.283 0.039 53622.406472 20.237 0.127 30.54573 -0.373815
53634.355111 23.98 3.628 53634.356777 21.036 0.159 53634.353444 20.111 0.061 53634.354277 -99.99 0.066 53634.355944 -99.99 0.172 30.54573 -0.373815
53638.396448 22.729 0.45 53638.398114 21.434 0.062 53638.394781 20.25 0.029 53638.395614 20.177 0.033 53638.397281 20.353 0.137 30.54573 -0.373815
53640.360483 -99.99 1.361 53640.362149 21.361 0.052 53640.358816 20.226 0.029 53640.359649 20.275 0.043 53640.361316 20.334 0.149 30.54573 -0.373815
53646.421893 23.061 0.768 53646.423559 21.231 0.06 53646.420226 20.283 0.027 53646.421059 20.2 0.037 53646.422726 20.15 0.17 30.54573 -0.373815
53655.332657 -99.99 1.058 53655.334323 21.36 0.047 53655.33099 20.233 0.03 53655.331823 -99.99 0.04 53655.33349 20.28 0.158 30.54573 -0.373815
53664.357613 21.895 0.646 53664.359279 21.43 0.204 53664.355946 20.234 0.073 53664.356779 20.189 0.082 53664.358446 20.026 0.216 30.54573 -0.373815
53665.422248 -99.99 0.858 53665.423914 21.15 0.091 53665.420581 20.152 0.041 53665.421414 20.254 0.052 53665.423081 20.606 0.249 30.54573 -0.373815
53669.316857 23.024 0.566 53669.318523 21.204 0.049 53669.31519 20.228 0.028 53669.316023 20.214 0.038 53669.31769 20.221 0.142 30.54573 -0.373815
53671.401613 23.486 0.981 53671.403279 21.262 0.056 53671.399946 20.289 0.033 53671.400779 20.161 0.037 53671.402446 20.344 0.152 30.54573 -0.373815
53674.301092 23.134 0.938 53674.302758 -99.99 0.051 53674.299425 20.103 0.039 53674.300258 20.121 0.052 53674.301925 20.216 0.188 30.54573 -0.373815
53676.390556 22.965 0.567 53676.392222 21.236 0.047 53676.388889 20.232 0.03 53676.389722 20.179 0.033 53676.391389 20.274 0.124 30.54573 -0.373815
53679.362455 25.731 1.335 53679.364121 21.208 0.059 53679.360788 -99.99 0.051 53679.361621 -99.99 0.051 53679.363288 20.836 0.388 30.54573 -0.373815
53681.353968 22.39 0.321 53681.355634 21.26 0.041 53681.352301 20.252 0.026 53681.353134 20.275 0.034 53681.354801 20.291 0.116 30.54573 -0.373815
53684.315462 22.31 0.495 53684.317128 21.544 0.106 53684.313795 20.201 0.039 53684.314628 -99.99 0.055 53684.316295 20.247 0.196 30.54573 -0.373815
53697.310992 22.766 0.678 53697.312658 21.285 0.072 53697.309325 20.208 0.029 53697.310158 20.163 0.036 53697.311825 20.306 0.153 30.54573 -0.373815
53700.309949 22.979 0.742 53700.311615 21.24 0.056 53700.308282 20.216 0.034 53700.309115 20.173 0.045 53700.310782 20.515 0.276 30.54573 -0.373815
53705.29662 -99.99 1.525 53705.298286 21.23 0.056 53705.294953 20.272 0.036 53705.295786 20.078 0.039 53705.297453 20.204 0.165 30.54573 -0.373815
53975.381624 22.283 0.313 53975.383291 21.095 0.045 53975.379958 20.086 0.031 53975.380791 20.086 0.034 53975.382458 20.033 0.116 30.54573 -0.373815
53993.393764 -99.99 6.314 53993.395431 -99.99 99.999 53993.392097 20.148 0.043 53993.392931 -99.99 0.079 53993.394597 -99.99 99.999 30.54573 -0.373815
53994.404623 22.793 0.444 53994.406289 21.101 0.048 53994.402956 20.159 0.024 53994.403789 20.106 0.032 53994.405456 20.091 0.102 30.54573 -0.373815
53996.388356 23.142 0.612 53996.390023 21.106 0.04 53996.386689 20.116 0.027 53996.387523 20.114 0.034 53996.389189 20.206 0.129 30.54573 -0.373815
54005.401517 22.618 0.282 54005.403184 21.068 0.033 54005.39985 20.124 0.02 54005.400684 20.068 0.028 54005.40235 20.299 0.107 30.54573 -0.373815
54010.342471 23.128 0.474 54010.344138 21.097 0.033 54010.340804 20.137 0.021 54010.341638 20.051 0.028 54010.343304 20.092 0.074 30.54573 -0.373815
54012.335367 23.711 2.247 54012.337034 21.066 0.092 54012.3337 20.098 0.037 54012.334534 20.117 0.043 54012.3362 20.216 0.146 30.54573 -0.373815
54020.341338 22.425 0.605 54020.343005 21.056 0.068 54020.339672 20.125 0.037 54020.340505 20.061 0.042 54020.342172 20.056 0.142 30.54573 -0.373815
54024.422916 23.238 1.084 54024.424582 21.125 0.051 54024.421249 20.069 0.035 54024.422082 20.048 0.048 54024.423749 20.302 0.17 30.54573 -0.373815
54028.411184 23.212 0.725 54028.412851 21.082 0.049 54028.409518 20.108 0.028 54028.410351 20.072 0.037 54028.412018 20.003 0.116 30.54573 -0.373815
54030.33487 26.25 7.816 54030.336537 21.13 0.035 54030.333203 20.107 0.026 54030.334037 20.039 0.032 54030.335703 20.198 0.1 30.54573 -0.373815
54035.410605 23.936 2.191 54035.412271 21.132 0.052 54035.408938 20.145 0.035 54035.409771 20.046 0.051 54035.411438 19.961 0.153 30.54573 -0.373815
54037.31609 22.281 0.192 54037.317757 21.075 0.034 54037.314424 20.107 0.021 54037.315257 -99.99 0.034 54037.316924 20.145 0.074 30.54573 -0.373815
54040.330599 23.824 1.815 54040.332266 21.342 0.097 54040.328933 20.095 0.032 54040.329766 20.019 0.036 54040.331433 20.271 0.158 30.54573 -0.373815
54049.357034 21.702 0.447 54049.358701 -99.99 0.098 54049.355367 20.121 0.039 54049.356201 20.13 0.047 54049.357867 20.169 0.184 30.54573 -0.373815
54053.321381 22.205 0.27 54053.323048 21.137 0.036 54053.319714 20.189 0.036 54053.320548 20.08 0.05 54053.322214 20.165 0.129 30.54573 -0.373815
54056.323026 99.97 99.999 54056.324692 21.162 0.055 54056.321359 20.15 0.041 54056.322192 20.044 0.035 54056.323859 19.994 0.127 30.54573 -0.373815
54059.317328 22.662 0.544 54059.318994 21.15 0.043 54059.315661 -99.99 0.029 54059.316494 -99.99 0.048 54059.318161 20.174 0.15 30.54573 -0.373815
54061.328442 22.492 0.683 54061.330109 21.078 0.065 54061.326776 20.097 0.056 54061.327609 20.156 0.058 54061.329276 20.92 0.523 30.54573 -0.373815
54062.322191 23.48 0.81 54062.323858 21.135 0.042 54062.320524 20.16 0.029 54062.321358 20.115 0.037 54062.323024 19.814 0.101 30.54573 -0.373815
54064.318642 22.622 0.399 54064.320308 21.069 0.035 54064.316975 20.157 0.025 54064.317808 20.105 0.034 54064.319475 20.141 0.115 30.54573 -0.373815
54357.360558 -99.99 0.309 54357.362225 21.084 0.031 54357.358892 20.095 0.029 54357.359725 20.03 0.027 54357.361392 20.014 0.067 30.54573 -0.373815
54359.392223 23.769 1.349 54359.39389 21.118 0.051 54359.390556 20.074 0.032 54359.39139 20.062 0.043 54359.393056 20.086 0.134 30.54573 -0.373815
54362.410326 22.935 0.398 54362.411992 21.032 0.033 54362.408659 20.092 0.023 54362.409492 20.041 0.028 54362.411159 20.044 0.085 30.54573 -0.373815
54376.405413 22.904 0.535 54376.40708 21.097 0.041 54376.403746 20.067 0.026 54376.40458 20.036 0.038 54376.406246 19.973 0.085 30.54573 -0.373815
54382.390523 22.655 0.547 54382.392189 21.113 0.056 54382.388856 20.131 0.043 54382.389689 -99.99 0.068 54382.391356 19.917 0.13 30.54573 -0.373815
54385.408348 21.911 0.188 54385.410014 21.112 0.038 54385.406681 20.143 0.021 54385.407514 20.07 0.027 54385.409181 20.175 0.088 30.54573 -0.373815
54387.408879 22 0.627 54387.410546 21.084 0.071 54387.407212 -99.99 0.053 54387.408046 -99.99 0.068 54387.409712 20.279 0.288 30.54573 -0.373815
54390.401238 -99.99 2.438 54390.402905 21.087 0.044 54390.399571 -99.99 0.263 54390.400405 -99.99 0.061 54390.402071 20.541 0.391 30.54573 -0.373815
54391.409693 21.35 0.337 54391.411359 21.115 0.065 54391.408026 20.142 0.065 54391.408859 19.985 0.08 54391.410526 20.124 0.292 30.54573 -0.373815
54402.402106 22.835 1.621 54402.403773 21.156 0.114 54402.400439 20.09 0.044 54402.401273 20.055 0.045 54402.402939 20.065 0.122 30.54573 -0.373815
