51081.367295 20.329 0.057 51081.368961 20.003 0.019 51081.365628 20.106 0.026 51081.366461 19.992 0.032 51081.368128 19.714 0.081 30.233404 0.490753
51819.438425 -99.99 0.053 51819.440091 19.877 0.019 51819.436758 19.976 0.024 51819.437591 19.901 0.035 51819.439258 19.545 0.08 30.233404 0.490753
52225.263122 20.232 0.049 52225.264788 19.996 0.017 52225.261455 20.133 0.025 52225.262288 20.074 0.033 52225.263955 19.675 0.071 30.233404 0.490753
52288.097543 20.315 0.053 52288.099209 20.13 0.02 52288.095876 20.203 0.029 52288.096709 20.082 0.035 52288.098376 19.78 0.08 30.233404 0.490753
52551.370834 20.479 0.061 52551.3725 20.248 0.024 52551.369167 20.41 0.031 52551.37 20.245 0.041 52551.371667 19.974 0.102 30.233404 0.490753
52558.403709 20.447 0.053 52558.405375 20.281 0.02 52558.402042 20.42 0.027 52558.402875 20.227 0.033 52558.404542 19.812 0.069 30.233404 0.490753
52576.236761 20.571 0.065 52576.238427 20.279 0.021 52576.235094 20.414 0.031 52576.235927 20.261 0.041 52576.237594 19.953 0.108 30.233404 0.490753
52577.291217 20.454 0.056 52577.292883 20.298 0.021 52577.28955 20.393 0.03 52577.290383 20.222 0.038 52577.29205 19.939 0.092 30.233404 0.490753
52585.238294 -99.99 0.053 52585.23996 20.33 0.021 52585.236627 20.444 0.032 52585.23746 20.266 0.046 52585.239127 19.875 0.113 30.233404 0.490753
52909.40493 20.523 0.058 52909.406596 20.328 0.021 52909.403263 20.433 0.027 52909.404096 20.335 0.039 52909.405763 19.787 0.075 30.233404 0.490753
52910.375173 20.517 0.065 52910.376839 20.367 0.022 52910.373506 20.436 0.03 52910.374339 20.275 0.036 52910.376006 19.955 0.109 30.233404 0.490753
52935.302341 -99.99 0.069 52935.304007 20.374 0.025 52935.300674 20.45 0.038 52935.301507 20.288 0.048 52935.303174 19.797 0.11 30.233404 0.490753
52963.225417 20.634 0.055 52963.227083 20.374 0.022 52963.22375 20.497 0.027 52963.224583 20.28 0.034 52963.22625 19.933 0.073 30.233404 0.490753
52971.216333 20.509 0.07 52971.217999 20.35 0.023 52971.214666 20.463 0.033 52971.215499 20.352 0.046 52971.217166 19.901 0.101 30.233404 0.490753
53351.147722 20.621 0.066 53351.149388 20.295 0.024 53351.146055 20.457 0.035 53351.146888 -99.99 0.045 53351.148555 19.943 0.127 30.233404 0.490753
53622.404775 20.985 0.094 53622.406441 20.628 0.027 53622.403108 20.703 0.038 53622.403941 20.446 0.059 53622.405608 20.046 0.11 30.233404 0.490753
53638.395582 21.041 0.113 53638.397248 20.659 0.034 53638.393915 20.755 0.046 53638.394748 20.499 0.049 53638.396415 20.396 0.13 30.233404 0.490753
53640.359617 20.797 0.106 53640.361283 20.647 0.032 53640.35795 20.765 0.039 53640.358783 20.546 0.052 53640.36045 20 0.102 30.233404 0.490753
53646.421026 20.678 0.089 53646.422692 20.637 0.037 53646.419359 20.721 0.047 53646.420192 20.463 0.052 53646.421859 20.048 0.15 30.233404 0.490753
53655.33179 -99.99 0.101 53655.333456 20.649 0.029 53655.330123 20.757 0.043 53655.330956 20.536 0.059 53655.332623 20.376 0.17 30.233404 0.490753
53664.356746 21.043 0.273 53664.358412 20.729 0.107 53664.355079 20.804 0.131 53664.355912 20.297 0.103 53664.357579 20.054 0.2 30.233404 0.490753
53665.421381 -99.99 0.272 53665.423047 20.673 0.058 53665.419714 20.809 0.069 53665.420547 20.468 0.065 53665.422214 19.891 0.11 30.233404 0.490753
53669.315991 20.983 0.096 53669.317657 20.702 0.034 53669.314324 20.713 0.039 53669.315157 20.512 0.055 53669.316824 20.438 0.147 30.233404 0.490753
53671.400747 -99.99 0.091 53671.402413 20.643 0.033 53671.39908 20.602 0.051 53671.399913 20.402 0.056 53671.40158 20.005 0.105 30.233404 0.490753
53674.300227 20.665 0.11 53674.301893 20.61 0.033 53674.29856 20.836 0.064 53674.299393 20.53 0.082 53674.30106 19.958 0.135 30.233404 0.490753
53676.38969 20.867 0.096 53676.391356 20.624 0.028 53676.388023 20.793 0.042 53676.388856 20.481 0.049 53676.390523 19.993 0.083 30.233404 0.490753
53679.361588 20.731 0.113 53679.363254 20.613 0.037 53679.359921 20.637 0.068 53679.360754 20.666 0.117 53679.362421 20.175 0.193 30.233404 0.490753
53681.353102 20.886 0.092 53681.354768 20.599 0.026 53681.351435 20.816 0.041 53681.352268 20.415 0.043 53681.353935 20.042 0.088 30.233404 0.490753
53684.314596 20.841 0.14 53684.316262 20.635 0.043 53684.312929 20.678 0.053 53684.313762 20.353 0.069 53684.315429 19.91 0.148 30.233404 0.490753
53694.326041 -99.99 0.27 53694.327707 20.585 0.085 53694.324374 20.741 0.117 53694.325207 -99.99 0.122 53694.326874 -99.99 0.169 30.233404 0.490753
53697.310127 20.99 0.135 53697.311793 20.561 0.039 53697.30846 20.588 0.041 53697.309293 20.415 0.05 53697.31096 20.111 0.115 30.233404 0.490753
53700.309084 20.614 0.1 53700.31075 20.591 0.035 53700.307417 20.706 0.054 53700.30825 20.574 0.079 53700.309917 20.051 0.148 30.233404 0.490753
53705.295754 20.85 0.112 53705.29742 20.51 0.029 53705.294087 20.657 0.047 53705.29492 20.548 0.068 53705.296587 -99.99 0.191 30.233404 0.490753
53975.380819 20.607 0.069 53975.382486 20.399 0.032 53975.379153 20.547 0.034 53975.379986 20.393 0.048 53975.381653 20.031 0.116 30.233404 0.490753
53994.403816 20.663 0.071 53994.405483 20.4 0.027 53994.40215 20.525 0.031 53994.402983 20.339 0.039 53994.40465 20.213 0.107 30.233404 0.490753
53996.387534 20.73 0.066 53996.389201 20.385 0.033 53996.385867 20.518 0.038 53996.386701 20.329 0.054 53996.388367 20.076 0.11 30.233404 0.490753
54005.400673 20.562 0.055 54005.40234 20.405 0.028 54005.399007 20.565 0.027 54005.39984 20.392 0.038 54005.401507 20.193 0.085 30.233404 0.490753
54010.341646 20.556 0.054 54010.343312 20.385 0.021 54010.339979 20.536 0.025 54010.340812 20.372 0.031 54010.342479 19.971 0.065 30.233404 0.490753
54012.334456 20.775 0.143 54012.336123 20.408 0.05 54012.33279 20.585 0.053 54012.333623 20.45 0.062 54012.33529 19.967 0.113 30.233404 0.490753
54020.34045 -99.99 0.099 54020.342117 20.424 0.044 54020.338783 20.581 0.05 54020.339617 20.498 0.072 54020.341283 20.044 0.129 30.233404 0.490753
54024.422022 -99.99 0.097 54024.423689 20.449 0.038 54024.420356 20.547 0.045 54024.421189 20.42 0.066 54024.422856 20.26 0.15 30.233404 0.490753
54028.410308 20.636 0.076 54028.411975 20.464 0.032 54028.408641 20.584 0.039 54028.409475 20.347 0.047 54028.411141 19.973 0.101 30.233404 0.490753
54030.334014 20.7 0.069 54030.33568 20.459 0.022 54030.332347 20.568 0.029 54030.33318 20.353 0.04 54030.334847 20.031 0.082 30.233404 0.490753
54035.409776 20.48 0.091 54035.411443 20.388 0.033 54035.40811 20.575 0.052 54035.408943 20.557 0.074 54035.41061 20.146 0.177 30.233404 0.490753
54037.315227 20.67 0.056 54037.316893 20.406 0.023 54037.31356 20.599 0.029 54037.314393 20.401 0.034 54037.31606 20.071 0.067 30.233404 0.490753
54040.329783 -99.99 0.11 54040.33145 20.395 0.042 54040.328117 20.532 0.052 54040.32895 20.377 0.055 54040.330617 20.085 0.116 30.233404 0.490753
54049.356159 20.68 0.168 54049.357825 20.379 0.053 54049.354492 20.545 0.055 54049.355325 20.482 0.069 54049.356992 20.206 0.149 30.233404 0.490753
54053.320492 -99.99 0.075 54053.322159 20.463 0.028 54053.318826 20.575 0.038 54053.319659 20.275 0.051 54053.321326 20.067 0.112 30.233404 0.490753
54053.33587 20.702 0.077 54053.337537 -99.99 0.031 54053.334203 -99.99 0.039 54053.335037 20.375 0.049 54053.336703 -99.99 0.125 30.233404 0.490753
54056.322227 20.864 0.099 54056.323894 20.454 0.03 54056.320561 20.591 0.063 54056.321394 -99.99 0.063 54056.323061 20.001 0.116 30.233404 0.490753
54059.316523 20.638 0.081 54059.318189 20.441 0.03 54059.314856 20.608 0.047 54059.315689 20.382 0.056 54059.317356 20.185 0.148 30.233404 0.490753
54062.321344 20.627 0.07 54062.32301 20.442 0.026 54062.319677 20.581 0.033 54062.32051 20.393 0.044 54062.322177 19.883 0.086 30.233404 0.490753
54064.317817 20.898 0.087 54064.319483 20.459 0.024 54064.31615 20.589 0.037 54064.316983 20.442 0.052 54064.31865 20.054 0.094 30.233404 0.490753
54068.301971 20.774 0.17 54068.303638 -99.99 0.05 54068.300305 20.658 0.068 54068.301138 20.511 0.103 54068.302805 20.237 0.171 30.233404 0.490753
54357.359635 -99.99 0.062 54357.361302 20.593 0.028 54357.357969 20.7 0.032 54357.358802 20.49 0.037 54357.360469 20.199 0.077 30.233404 0.490753
54359.391418 20.984 0.118 54359.393085 20.547 0.035 54359.389752 20.67 0.047 54359.390585 20.462 0.065 54359.392252 20.024 0.125 30.233404 0.490753
54362.409453 -99.99 0.064 54362.411119 20.591 0.024 54362.407786 20.733 0.035 54362.408619 20.541 0.052 54362.410286 20.368 0.112 30.233404 0.490753
54376.404536 20.803 0.082 54376.406203 20.57 0.035 54376.40287 20.725 0.041 54376.403703 20.527 0.05 54376.40537 20.138 0.094 30.233404 0.490753
54382.389715 20.869 0.107 54382.391382 20.63 0.036 54382.388049 20.82 0.055 54382.388882 20.682 0.087 54382.390549 20.068 0.15 30.233404 0.490753
54385.407522 -99.99 0.081 54385.409189 20.636 0.026 54385.405855 20.714 0.032 54385.406689 20.527 0.041 54385.408355 20.086 0.079 30.233404 0.490753
54390.400408 -99.99 0.234 54390.402075 -99.99 0.049 54390.398742 -99.99 0.836 54390.399575 -99.99 0.345 54390.401242 -99.99 0.413 30.233404 0.490753
54402.401148 -99.99 0.182 54402.402814 20.597 0.075 54402.399481 20.91 0.095 54402.400314 20.448 0.07 54402.401981 20.444 0.16 30.233404 0.490753
