51819.441093 20.021 0.053 51819.442759 19.976 0.024 51819.439426 19.881 0.022 51819.440259 19.667 0.027 51819.441926 19.223 0.069 31.187876 -1.253724
52225.265765 20.149 0.046 52225.267431 19.986 0.019 52225.264098 19.789 0.019 52225.264931 19.652 0.024 52225.266598 19.422 0.063 31.187876 -1.253724
52288.100184 19.988 0.041 52288.10185 19.902 0.019 52288.098517 19.841 0.022 52288.09935 19.606 0.025 52288.101017 19.233 0.056 31.187876 -1.253724
52551.373477 19.795 0.036 52551.375143 19.655 0.016 52551.37181 19.53 0.017 52551.372643 19.42 0.024 52551.37431 19.079 0.049 31.187876 -1.253724
52558.406352 19.883 0.036 52558.408018 19.647 0.014 52558.404685 19.557 0.015 52558.405518 19.42 0.018 52558.407185 19.079 0.041 31.187876 -1.253724
52576.239402 19.729 0.033 52576.241068 19.606 0.015 52576.237735 19.537 0.018 52576.238568 19.36 0.021 52576.240235 19.142 0.052 31.187876 -1.253724
52577.29386 19.636 0.032 52577.295526 19.611 0.014 52577.292193 19.528 0.017 52577.293026 19.397 0.02 52577.294693 19.112 0.049 31.187876 -1.253724
52585.240937 19.753 0.032 52585.242603 19.627 0.014 52585.23927 19.51 0.017 52585.240103 19.443 0.026 52585.24177 19.14 0.064 31.187876 -1.253724
52909.407574 19.866 0.039 52909.40924 19.707 0.016 52909.405907 19.577 0.015 52909.40674 19.433 0.019 52909.408407 19.131 0.048 31.187876 -1.253724
52910.377816 19.935 0.04 52910.379482 19.728 0.016 52910.376149 19.618 0.019 52910.376982 19.395 0.02 52910.378649 19.166 0.05 31.187876 -1.253724
52935.304984 20.01 0.046 52935.30665 19.73 0.018 52935.303317 19.65 0.02 52935.30415 19.439 0.024 52935.305817 19.136 0.066 31.187876 -1.253724
52963.228059 19.996 0.039 52963.229725 19.777 0.016 52963.226392 19.61 0.015 52963.227225 19.443 0.018 52963.228892 19.202 0.042 31.187876 -1.253724
52971.218975 19.929 0.043 52971.220641 19.736 0.018 52971.217308 19.631 0.019 52971.218141 19.344 0.022 52971.219808 19.125 0.054 31.187876 -1.253724
53351.150363 19.942 0.045 53351.152029 19.733 0.018 53351.148696 19.595 0.019 53351.149529 19.414 0.026 53351.151196 19.077 0.068 31.187876 -1.253724
53622.407416 19.974 0.041 53622.409082 19.688 0.016 53622.405749 19.456 0.016 53622.406582 19.311 0.02 53622.408249 19.033 0.049 31.187876 -1.253724
53634.356887 19.883 0.129 53634.358553 19.543 0.04 53634.35522 19.331 0.032 53634.356053 19.295 0.036 53634.35772 18.907 0.057 31.187876 -1.253724
53638.398223 19.947 0.049 53638.399889 19.728 0.018 53638.396556 19.509 0.016 53638.397389 19.293 0.018 53638.399056 19.069 0.048 31.187876 -1.253724
53640.362259 19.87 0.044 53640.363925 19.67 0.019 53640.360592 19.512 0.017 53640.361425 19.326 0.019 53640.363092 19.024 0.047 31.187876 -1.253724
53646.42367 19.929 0.062 53646.425336 19.6 0.021 53646.422003 19.49 0.022 53646.422836 19.354 0.026 53646.424503 19.045 0.061 31.187876 -1.253724
53655.334432 19.853 0.044 53655.336098 19.674 0.016 53655.332765 19.485 0.017 53655.333598 19.302 0.021 53655.335265 19.011 0.053 31.187876 -1.253724
53664.359389 19.924 0.11 53664.361055 19.677 0.043 53664.357722 19.528 0.04 53664.358555 19.344 0.043 53664.360222 19.208 0.11 31.187876 -1.253724
53665.424025 19.893 0.08 53665.425691 19.754 0.027 53665.422358 19.436 0.021 53665.423191 19.3 0.023 53665.424858 19.018 0.058 31.187876 -1.253724
53669.318633 19.853 0.043 53669.320299 19.641 0.018 53669.316966 19.453 0.018 53669.317799 19.292 0.02 53669.319466 19.007 0.051 31.187876 -1.253724
53671.403391 -99.99 0.06 53671.405057 19.638 0.018 53671.401724 19.488 0.017 53671.402557 19.274 0.019 53671.404224 18.984 0.046 31.187876 -1.253724
53674.30287 19.917 0.048 53674.304536 19.662 0.017 53674.301203 19.53 0.019 53674.302036 19.297 0.022 53674.303703 19.097 0.055 31.187876 -1.253724
53676.392333 19.768 0.048 53676.393999 19.642 0.018 53676.390666 19.467 0.016 53676.391499 19.249 0.018 53676.393166 18.939 0.044 31.187876 -1.253724
53679.364232 19.761 0.049 53679.365898 19.636 0.022 53679.362565 19.473 0.022 53679.363398 19.255 0.027 53679.365065 -99.99 0.069 31.187876 -1.253724
53681.355746 19.803 0.041 53681.357412 19.631 0.016 53681.354079 19.444 0.015 53681.354912 19.271 0.017 53681.356579 19.001 0.042 31.187876 -1.253724
53684.317239 19.726 0.062 53684.318905 19.709 0.025 53684.315572 19.456 0.024 53684.316405 19.272 0.026 53684.318072 18.909 0.077 31.187876 -1.253724
53694.328687 -99.99 0.158 53694.330353 19.751 0.054 53694.32702 19.471 0.03 53694.327853 19.332 0.032 53694.32952 19.001 0.072 31.187876 -1.253724
53697.312769 19.845 0.057 53697.314435 19.651 0.022 53697.311102 19.461 0.018 53697.311935 19.288 0.02 53697.313602 18.93 0.049 31.187876 -1.253724
53700.311727 19.914 0.055 53700.313393 19.616 0.02 53700.31006 19.468 0.019 53700.310893 19.308 0.026 53700.31256 18.98 0.066 31.187876 -1.253724
53705.298396 19.88 0.052 53705.300062 19.595 0.021 53705.296729 19.44 0.02 53705.297562 19.209 0.021 53705.299229 18.94 0.055 31.187876 -1.253724
53975.383387 19.904 0.043 53975.385054 19.682 0.022 53975.381721 19.462 0.02 53975.382554 19.299 0.028 53975.384221 18.961 0.046 31.187876 -1.253724
53993.395521 -99.99 3.605 53993.397187 -99.99 0.046 53993.393854 -99.99 0.059 53993.394687 -99.99 99.999 53993.396354 -99.99 0.057 31.187876 -1.253724
53994.406387 19.82 0.051 53994.408054 19.607 0.026 53994.404721 19.444 0.019 53994.405554 19.271 0.022 53994.407221 18.91 0.046 31.187876 -1.253724
53996.390144 19.859 0.041 53996.391811 19.534 0.046 53996.388478 19.447 0.037 53996.389311 19.276 0.023 53996.390978 18.948 0.076 31.187876 -1.253724
54005.40331 -99.99 0.037 54005.404976 19.627 0.025 54005.401643 19.451 0.023 54005.402476 19.249 0.03 54005.404143 19.055 0.038 31.187876 -1.253724
54010.344276 19.871 0.033 54010.345942 19.637 0.018 54010.342609 19.425 0.021 54010.343442 19.259 0.021 54010.345109 18.958 0.038 31.187876 -1.253724
54012.337084 -99.99 0.064 54012.338751 19.561 0.031 54012.335417 19.498 0.027 54012.336251 19.213 0.031 54012.337917 18.92 0.054 31.187876 -1.253724
54020.343117 19.799 0.058 54020.344784 19.543 0.026 54020.341451 19.446 0.021 54020.342284 19.269 0.024 54020.343951 18.853 0.051 31.187876 -1.253724
54024.424651 19.826 0.05 54024.426318 19.632 0.02 54024.422985 19.4 0.023 54024.423818 19.298 0.024 54024.425485 18.984 0.052 31.187876 -1.253724
54028.413081 19.82 0.042 54028.414748 19.634 0.02 54028.411415 19.417 0.021 54028.412248 19.214 0.023 54028.413915 18.911 0.051 31.187876 -1.253724
54030.336626 19.873 0.034 54030.338292 19.67 0.023 54030.334959 19.432 0.026 54030.335792 19.256 0.023 54030.337459 18.832 0.037 31.187876 -1.253724
54035.412408 19.782 0.048 54035.414075 19.641 0.023 54035.410741 19.431 0.024 54035.411575 19.234 0.027 54035.413241 18.982 0.061 31.187876 -1.253724
54037.317918 19.899 0.033 54037.319585 19.619 0.027 54037.316251 19.418 0.023 54037.317085 19.263 0.042 54037.318751 18.934 0.035 31.187876 -1.253724
54040.332351 19.918 0.063 54040.334017 19.701 0.027 54040.330684 19.424 0.021 54040.331517 19.258 0.025 54040.333184 18.816 0.05 31.187876 -1.253724
54047.362982 19.736 0.183 54047.364649 19.589 0.071 54047.361316 19.453 0.047 54047.362149 19.339 0.051 54047.363816 18.956 0.096 31.187876 -1.253724
54049.358812 19.726 0.092 54049.360479 19.605 0.027 54049.357145 19.451 0.027 54049.357979 19.257 0.025 54049.359645 18.959 0.058 31.187876 -1.253724
54053.32312 19.843 0.045 54053.324787 19.637 0.023 54053.321453 19.514 0.024 54053.322287 19.278 0.023 54053.323953 18.921 0.051 31.187876 -1.253724
54053.33845 19.862 0.041 54053.340117 19.62 0.023 54053.336784 19.446 0.021 54053.337617 19.277 0.019 54053.339284 -99.99 0.047 31.187876 -1.253724
54056.324832 19.878 0.056 54056.326498 19.748 0.02 54056.323165 19.424 0.021 54056.323998 19.255 0.024 54056.325665 19.047 0.059 31.187876 -1.253724
54059.319087 19.928 0.049 54059.320754 19.64 0.026 54059.317421 19.511 0.021 54059.318254 19.269 0.024 54059.319921 18.93 0.05 31.187876 -1.253724
54061.330296 19.941 0.07 54061.331962 19.671 0.024 54061.328629 19.43 0.036 54061.329462 19.277 0.061 54061.331129 18.937 0.074 31.187876 -1.253724
54062.324052 19.926 0.044 54062.325719 19.66 0.025 54062.322386 19.435 0.022 54062.323219 19.351 0.023 54062.324886 18.946 0.051 31.187876 -1.253724
54064.32042 19.946 0.045 54064.322087 19.715 0.023 54064.318754 19.407 0.017 54064.319587 19.261 0.018 54064.321254 19.028 0.046 31.187876 -1.253724
54068.304568 20.061 0.084 54068.306234 19.67 0.03 54068.302901 19.473 0.024 54068.303734 19.242 0.025 54068.305401 18.906 0.061 31.187876 -1.253724
54357.36229 20 0.034 54357.363956 19.751 0.022 54357.360623 19.454 0.024 54357.361456 19.294 0.023 54357.363123 18.935 0.037 31.187876 -1.253724
54359.394003 19.86 0.051 54359.39567 19.626 0.023 54359.392337 19.468 0.027 54359.39317 19.303 0.028 54359.394837 18.859 0.068 31.187876 -1.253724
54362.412131 19.88 0.032 54362.413798 19.691 0.028 54362.410465 19.48 0.016 54362.411298 19.281 0.022 54362.412965 18.972 0.04 31.187876 -1.253724
54376.407222 19.945 0.057 54376.408889 19.703 0.024 54376.405555 19.489 0.02 54376.406389 19.295 0.024 54376.408055 18.911 0.038 31.187876 -1.253724
54382.392308 19.931 0.063 54382.393974 19.688 0.028 54382.390641 19.498 0.022 54382.391474 19.25 0.036 54382.393141 18.986 0.06 31.187876 -1.253724
54385.410108 19.802 0.038 54385.411775 19.738 0.024 54385.408441 19.452 0.017 54385.409275 19.291 0.024 54385.410941 18.969 0.039 31.187876 -1.253724
54390.403003 19.84 0.048 54390.404669 19.692 0.024 54390.401336 19.558 0.062 54390.402169 19.31 0.03 54390.403836 18.897 0.072 31.187876 -1.253724
54391.411425 -99.99 0.069 54391.413092 19.767 0.046 54391.409759 19.483 0.033 54391.410592 19.292 0.046 54391.412259 18.878 0.083 31.187876 -1.253724
54402.403782 19.749 0.096 54402.405448 19.669 0.038 54402.402115 19.461 0.03 54402.402948 19.228 0.024 54402.404615 18.892 0.045 31.187876 -1.253724
