51075.331077 19.762 0.036 51075.332743 19.618 0.016 51075.32941 19.387 0.016 51075.330243 19.226 0.02 51075.33191 19.124 0.067 11.271086 -0.925669
52196.350258 19.814 0.04 52196.351924 19.623 0.016 52196.348591 19.332 0.015 52196.349424 19.156 0.017 52196.351091 19.077 0.054 11.271086 -0.925669
52197.344675 19.825 0.038 52197.346341 19.652 0.016 52197.343008 19.382 0.014 52197.343841 19.175 0.017 52197.345508 19.122 0.054 11.271086 -0.925669
52207.317067 19.883 0.039 52207.318733 19.605 0.015 52207.3154 19.301 0.014 52207.316233 19.143 0.016 52207.3179 19.042 0.049 11.271086 -0.925669
52225.19488 19.844 0.037 52225.196546 19.659 0.016 52225.193213 19.39 0.015 52225.194046 19.233 0.019 52225.195713 19.094 0.052 11.271086 -0.925669
52231.230663 20.006 0.04 52231.232329 19.666 0.015 52231.228996 19.403 0.014 52231.229829 19.082 0.015 52231.231496 19.128 0.045 11.271086 -0.925669
52253.216831 20.028 0.046 52253.218497 19.759 0.018 52253.215164 19.419 0.015 52253.215997 19.253 0.018 52253.217664 19.253 0.059 11.271086 -0.925669
52557.338666 19.751 0.041 52557.340332 19.584 0.016 52557.336999 19.35 0.016 52557.337832 19.212 0.021 52557.339499 19.145 0.064 11.271086 -0.925669
52578.23475 19.758 0.035 52578.236416 19.555 0.014 52578.233083 19.379 0.014 52578.233916 19.191 0.017 52578.235583 19.124 0.05 11.271086 -0.925669
52908.313231 19.979 0.044 52908.314897 19.769 0.018 52908.311564 19.52 0.016 52908.312397 19.291 0.019 52908.314064 19.169 0.06 11.271086 -0.925669
52934.245133 19.905 0.049 52934.246799 19.754 0.019 52934.243466 19.529 0.019 52934.244299 19.268 0.024 52934.245966 19.223 0.075 11.271086 -0.925669
52936.24106 19.955 0.039 52936.242726 19.741 0.016 52936.239393 19.485 0.015 52936.240226 19.274 0.017 52936.241893 19.407 0.058 11.271086 -0.925669
53270.305118 19.647 0.036 53270.306785 19.547 0.018 53270.303452 19.357 0.018 53270.304285 19.18 0.021 53270.305952 19.08 0.044 11.271086 -0.925669
53272.355063 19.644 0.034 53272.356729 19.555 0.015 53272.353396 19.388 0.015 53272.354229 19.162 0.017 53272.355896 19.146 0.05 11.271086 -0.925669
53286.323781 19.766 0.045 53286.325447 19.512 0.017 53286.322114 19.375 0.016 53286.322947 19.186 0.019 53286.324614 19.123 0.054 11.271086 -0.925669
53288.282271 19.761 0.04 53288.283937 19.591 0.016 53288.280604 19.424 0.016 53288.281437 19.241 0.02 53288.283104 19.192 0.055 11.271086 -0.925669
53294.329948 19.836 0.044 53294.331614 19.583 0.018 53294.328281 19.354 0.017 53294.329114 19.192 0.021 53294.330781 19.139 0.061 11.271086 -0.925669
53296.276953 19.766 0.037 53296.27862 19.589 0.027 53296.275286 19.363 0.02 53296.27612 19.175 0.02 53296.277786 19.149 0.069 11.271086 -0.925669
53298.326727 19.743 0.043 53298.328393 19.545 0.017 53298.32506 19.385 0.018 53298.325893 19.196 0.02 53298.32756 19.165 0.071 11.271086 -0.925669
53302.27794 19.645 0.056 53302.279606 19.624 0.028 53302.276273 19.376 0.022 53302.277106 19.173 0.021 53302.278773 19.151 0.054 11.271086 -0.925669
53312.233502 19.803 0.043 53312.235169 19.646 0.026 53312.231835 19.402 0.021 53312.232669 19.169 0.023 53312.234335 19.07 0.058 11.271086 -0.925669
53314.234669 19.769 0.038 53314.236335 19.613 0.015 53314.233002 19.403 0.017 53314.233835 19.213 0.02 53314.235502 19.123 0.056 11.271086 -0.925669
53616.339029 19.86 0.056 53616.340695 19.73 0.022 53616.337362 19.554 0.02 53616.338195 19.332 0.028 53616.339862 19.139 0.074 11.271086 -0.925669
53626.315455 19.917 0.041 53626.317121 19.763 0.017 53626.313788 19.523 0.016 53626.314621 19.348 0.02 53626.316288 19.275 0.055 11.271086 -0.925669
53628.300321 19.752 0.07 53628.301987 19.671 0.031 53628.298654 19.533 0.027 53628.299487 19.284 0.029 53628.301154 19.314 0.076 11.271086 -0.925669
53637.301937 19.867 0.069 53637.303603 19.754 0.03 53637.30027 19.506 0.022 53637.301103 19.309 0.027 53637.30277 19.278 0.094 11.271086 -0.925669
53639.347314 19.917 0.043 53639.34898 19.781 0.018 53639.345647 19.505 0.015 53639.34648 19.309 0.017 53639.348147 19.311 0.048 11.271086 -0.925669
53654.329007 19.996 0.048 53654.330673 19.725 0.016 53654.32734 19.505 0.016 53654.328173 19.296 0.019 53654.32984 19.303 0.064 11.271086 -0.925669
53663.289911 19.837 0.073 53663.291577 19.768 0.029 53663.288244 19.544 0.023 53663.289077 19.33 0.021 53663.290744 19.261 0.056 11.271086 -0.925669
53665.267881 19.938 0.067 53665.269547 -99.99 0.04 53665.266214 19.53 0.021 53665.267047 19.355 0.02 53665.268714 -99.99 0.255 11.271086 -0.925669
53666.360011 19.923 0.081 53666.361677 19.725 0.026 53666.358344 19.53 0.02 53666.359177 19.333 0.021 53666.360844 19.299 0.062 11.271086 -0.925669
53668.279511 19.809 0.049 53668.281177 19.727 0.023 53668.277844 19.506 0.021 53668.278677 19.252 0.022 53668.280344 19.338 0.087 11.271086 -0.925669
53670.284364 19.759 0.039 53670.28603 19.721 0.017 53670.282697 19.522 0.017 53670.28353 19.298 0.02 53670.285197 19.197 0.055 11.271086 -0.925669
53673.252349 19.821 0.038 53673.254015 19.755 0.017 53673.250682 19.524 0.016 53673.251515 19.311 0.018 53673.253182 19.326 0.056 11.271086 -0.925669
53675.249237 19.886 0.041 53675.250903 19.764 0.017 53675.24757 19.557 0.018 53675.248403 19.342 0.02 53675.25007 19.23 0.056 11.271086 -0.925669
53677.270269 19.773 0.036 53677.271935 19.733 0.016 53677.268602 19.506 0.016 53677.269435 19.281 0.017 53677.271102 19.206 0.048 11.271086 -0.925669
53680.256935 19.897 0.041 53680.258601 19.743 0.017 53680.255268 19.532 0.016 53680.256101 19.315 0.019 53680.257768 19.262 0.051 11.271086 -0.925669
53693.258831 19.804 0.085 53693.260497 19.77 0.031 53693.257164 19.498 0.023 53693.257997 19.34 0.022 53693.259664 19.291 0.065 11.271086 -0.925669
53698.256221 19.925 0.049 53698.257887 19.752 0.018 53698.254554 19.502 0.017 53698.255387 19.295 0.02 53698.257054 19.318 0.065 11.271086 -0.925669
53704.242153 19.817 0.06 53704.243819 19.715 0.021 53704.240486 19.508 0.021 53704.241319 -99.99 0.031 53704.242986 19.39 0.112 11.271086 -0.925669
53974.334825 19.531 0.037 53974.336492 19.42 0.028 53974.333159 19.309 0.015 53974.333992 19.117 0.023 53974.335659 19.091 0.046 11.271086 -0.925669
53977.383435 19.61 0.035 53977.385102 19.476 0.012 53977.381768 19.278 0.016 53977.382602 19.137 0.02 53977.384268 19.09 0.045 11.271086 -0.925669
53989.338245 19.604 0.069 53989.339912 -99.99 0.032 53989.336578 19.293 0.023 53989.337412 19.069 0.024 53989.339078 19.086 0.052 11.271086 -0.925669
53995.352862 19.501 0.032 53995.354529 19.443 0.02 53995.351196 19.253 0.014 53995.352029 19.091 0.017 53995.353696 19.113 0.041 11.271086 -0.925669
54000.313699 19.615 0.038 54000.315365 19.438 0.025 54000.312032 19.288 0.02 54000.312865 19.095 0.029 54000.314532 19.112 0.062 11.271086 -0.925669
54006.260386 19.558 0.041 54006.262052 19.414 0.024 54006.258719 19.251 0.025 54006.259552 19.098 0.021 54006.261219 -99.99 0.047 11.271086 -0.925669
54007.36381 19.597 0.033 54007.365476 19.386 0.019 54007.362143 19.286 0.022 54007.362976 19.055 0.018 54007.364643 18.986 0.051 11.271086 -0.925669
54009.287546 19.516 0.029 54009.289213 19.438 0.039 54009.28588 19.229 0.014 54009.286713 19.098 0.021 54009.28838 19.061 0.046 11.271086 -0.925669
54011.352044 19.586 0.041 54011.353711 19.443 0.021 54011.350378 19.272 0.016 54011.351211 19.101 0.022 54011.352878 19.138 0.045 11.271086 -0.925669
54025.351056 19.538 0.033 54025.352722 19.415 0.018 54025.349389 19.258 0.019 54025.350222 19.079 0.019 54025.351889 19.059 0.052 11.271086 -0.925669
54029.281404 19.521 0.035 54029.28307 19.389 0.045 54029.279737 -99.99 0.028 54029.28057 19.097 0.023 54029.282237 19.158 0.084 11.271086 -0.925669
54348.348787 19.671 0.036 54348.350454 19.519 0.016 54348.347121 19.354 0.019 54348.347954 19.159 0.019 54348.349621 19.109 0.049 11.271086 -0.925669
54358.304633 19.668 0.038 54358.3063 19.537 0.024 54358.302967 19.301 0.023 54358.3038 19.127 0.026 54358.305467 19.157 0.068 11.271086 -0.925669
54359.29864 -99.99 0.067 54359.300307 19.544 0.03 54359.296974 19.347 0.024 54359.297807 19.237 0.041 54359.299474 19.028 0.1 11.271086 -0.925669
54365.337675 19.689 0.03 54365.339342 19.559 0.018 54365.336009 19.325 0.022 54365.336842 19.167 0.027 54365.338509 19.06 0.044 11.271086 -0.925669
54381.357245 19.617 0.03 54381.358912 19.504 0.024 54381.355578 19.315 0.03 54381.356412 19.12 0.019 54381.358078 19.079 0.041 11.271086 -0.925669
54384.363901 19.632 0.049 54384.365567 19.515 0.021 54384.362234 19.299 0.018 54384.363067 19.168 0.022 54384.364734 19.065 0.049 11.271086 -0.925669
54386.349557 19.624 0.039 54386.351224 19.488 0.025 54386.347891 19.311 0.019 54386.348724 19.116 0.023 54386.350391 19.064 0.058 11.271086 -0.925669
54388.353869 19.68 0.035 54388.355536 19.532 0.028 54388.352202 19.311 0.017 54388.353036 19.118 0.022 54388.354702 19.139 0.046 11.271086 -0.925669
54404.325239 -99.99 0.055 54404.326906 19.584 0.024 54404.323572 19.354 0.019 54404.324406 19.132 0.023 54404.326072 19.052 0.047 11.271086 -0.925669
54405.323173 19.59 0.045 54405.324839 19.59 0.024 54405.321506 19.347 0.019 54405.322339 19.13 0.019 54405.324006 19.145 0.051 11.271086 -0.925669
54406.261451 19.696 0.041 54406.263117 19.596 0.025 54406.259784 19.339 0.021 54406.260617 19.181 0.045 54406.262284 19.088 0.048 11.271086 -0.925669
54412.264381 19.697 0.038 54412.266047 19.616 0.023 54412.262714 19.339 0.018 54412.263547 19.128 0.026 54412.265214 19.19 0.058 11.271086 -0.925669
