51075.390737 19.608 0.03 51075.392403 19.397 0.013 51075.38907 19.218 0.013 51075.389903 19.012 0.018 51075.39157 19.132 0.07 32.808444 -0.890988
51818.360375 19.498 0.029 51818.362041 19.28 0.012 51818.358708 19.133 0.012 51818.359541 18.924 0.014 51818.361208 18.998 0.044 32.808444 -0.890988
52170.411386 19.619 0.032 52170.413052 19.388 0.013 52170.409719 19.189 0.012 52170.410552 18.989 0.016 52170.412219 19.036 0.047 32.808444 -0.890988
52173.324767 19.614 0.036 52173.326433 -99.99 0.015 52173.3231 19.2 0.014 52173.323933 19.006 0.018 52173.3256 19 0.065 32.808444 -0.890988
52224.304896 19.617 0.032 52224.306562 19.41 0.014 52224.303229 19.163 0.012 52224.304062 19.006 0.014 52224.305729 18.958 0.042 32.808444 -0.890988
52234.261406 19.631 0.033 52234.263072 19.414 0.013 52234.259739 19.191 0.013 52234.260572 18.998 0.014 52234.262239 19.059 0.042 32.808444 -0.890988
52261.224761 19.615 0.033 52261.226427 19.436 0.013 52261.223094 19.191 0.012 52261.223927 19.012 0.015 52261.225594 18.997 0.043 32.808444 -0.890988
52287.105253 19.583 0.03 52287.106919 19.385 0.014 52287.103586 19.153 0.013 52287.104419 18.982 0.014 52287.106086 19.183 0.047 32.808444 -0.890988
52552.423956 19.459 0.035 52552.425622 19.219 0.015 52552.422289 19.108 0.015 52552.423122 18.852 0.018 52552.424789 18.916 0.067 32.808444 -0.890988
52557.398313 19.434 0.029 52557.399979 19.27 0.012 52557.396646 19.104 0.012 52557.397479 18.899 0.015 52557.399146 18.981 0.051 32.808444 -0.890988
52908.37288 19.337 0.03 52908.374546 19.157 0.012 52908.371213 19.016 0.012 52908.372046 18.884 0.015 52908.373713 18.966 0.047 32.808444 -0.890988
52912.352318 19.373 0.03 52912.353984 19.17 0.013 52912.350651 19.047 0.015 52912.351484 18.883 0.017 52912.353151 18.959 0.044 32.808444 -0.890988
52934.304784 19.358 0.029 52934.30645 19.158 0.012 52934.303117 19.046 0.013 52934.30395 18.913 0.015 52934.305617 19.084 0.062 32.808444 -0.890988
52936.300711 19.294 0.027 52936.302377 19.178 0.011 52936.299044 19.041 0.012 52936.299877 18.893 0.013 52936.301544 19.019 0.045 32.808444 -0.890988
53270.364775 19.317 0.027 53270.366442 19.238 0.023 53270.363108 19.081 0.018 53270.363942 18.921 0.018 53270.365608 19.032 0.04 32.808444 -0.890988
53272.414711 19.447 0.031 53272.416377 19.223 0.012 53272.413044 19.105 0.013 53272.413877 18.945 0.015 53272.415544 19.033 0.051 32.808444 -0.890988
53286.38343 19.38 0.031 53286.385096 19.211 0.014 53286.381763 19.078 0.012 53286.382596 18.893 0.014 53286.384263 18.939 0.044 32.808444 -0.890988
53288.34192 19.443 0.058 53288.343586 19.197 0.011 53288.340253 19.063 0.012 53288.341086 18.907 0.014 53288.342753 18.969 0.041 32.808444 -0.890988
53294.389596 19.423 0.033 53294.391262 19.196 0.013 53294.387929 19.097 0.013 53294.388762 18.93 0.016 53294.390429 18.903 0.046 32.808444 -0.890988
53296.336664 19.475 0.033 53296.33833 19.227 0.03 53296.334997 19.09 0.017 53296.33583 18.907 0.018 53296.337497 19.065 0.049 32.808444 -0.890988
53298.386373 19.422 0.034 53298.388039 19.185 0.014 53298.384706 19.074 0.016 53298.385539 18.886 0.017 53298.387206 18.955 0.063 32.808444 -0.890988
53302.33759 19.348 0.04 53302.339256 19.207 0.021 53302.335923 19.069 0.015 53302.336756 18.906 0.016 53302.338423 18.986 0.048 32.808444 -0.890988
53312.293167 19.329 0.043 53312.294833 19.162 0.023 53312.2915 19.123 0.02 53312.292333 18.937 0.021 53312.294 19.03 0.06 32.808444 -0.890988
53314.294321 19.402 0.033 53314.295987 19.164 0.014 53314.292654 19.089 0.014 53314.293487 18.892 0.016 53314.295154 19.021 0.058 32.808444 -0.890988
53319.282118 19.38 0.037 53319.283784 19.176 0.014 53319.280451 19.044 0.016 53319.281284 18.913 0.02 53319.282951 18.853 0.068 32.808444 -0.890988
53616.398676 19.478 0.035 53616.400342 19.25 0.014 53616.397009 19.128 0.013 53616.397842 18.986 0.017 53616.399509 19.013 0.055 32.808444 -0.890988
53626.375103 19.398 0.035 53626.376769 -99.99 0.02 53626.373436 19.129 0.013 53626.374269 18.945 0.017 53626.375936 -99.99 0.072 32.808444 -0.890988
53628.359968 19.469 0.047 53628.361634 19.286 0.021 53628.358301 19.125 0.016 53628.359134 18.957 0.019 53628.360801 18.913 0.049 32.808444 -0.890988
53637.361586 19.46 0.048 53637.363252 19.251 0.02 53637.359919 19.157 0.017 53637.360752 18.975 0.018 53637.362419 19.023 0.061 32.808444 -0.890988
53639.406963 19.411 0.032 53639.408629 19.273 0.013 53639.405296 19.107 0.012 53639.406129 18.98 0.014 53639.407796 19.048 0.041 32.808444 -0.890988
53641.406129 19.425 0.031 53641.407795 19.293 0.013 53641.404462 19.139 0.012 53641.405295 18.976 0.014 53641.406962 19.025 0.042 32.808444 -0.890988
53657.365013 19.547 0.065 53657.366679 19.273 0.028 53657.363346 19.124 0.023 53657.364179 18.95 0.024 53657.365846 19.036 0.071 32.808444 -0.890988
53663.349562 19.502 0.057 53663.351228 19.318 0.021 53663.347895 19.154 0.017 53663.348728 18.952 0.018 53663.350395 19.088 0.05 32.808444 -0.890988
53665.327533 19.438 0.048 53665.329199 19.238 0.017 53665.325866 19.134 0.017 53665.326699 18.958 0.02 53665.328366 19.011 0.062 32.808444 -0.890988
53666.419651 19.403 0.055 53666.421317 19.306 0.019 53666.417984 19.104 0.015 53666.418817 18.939 0.016 53666.420484 19.012 0.052 32.808444 -0.890988
53668.339162 19.47 0.042 53668.340828 19.287 0.016 53668.337495 19.129 0.016 53668.338328 18.979 0.021 53668.339995 19.036 0.062 32.808444 -0.890988
53669.426783 19.407 0.053 53669.428449 19.318 0.02 53669.425116 19.128 0.017 53669.425949 18.957 0.018 53669.427616 19.079 0.064 32.808444 -0.890988
53670.344014 19.421 0.035 53670.34568 19.258 0.014 53670.342347 19.134 0.014 53670.34318 18.973 0.017 53670.344847 19.071 0.059 32.808444 -0.890988
53673.312 19.429 0.03 53673.313666 19.277 0.011 53673.310333 19.152 0.012 53673.311166 18.958 0.013 53673.312833 19.066 0.04 32.808444 -0.890988
53675.308888 19.478 0.03 53675.310554 19.286 0.013 53675.307221 19.144 0.013 53675.308054 18.952 0.015 53675.309721 19.025 0.053 32.808444 -0.890988
53677.329918 19.403 0.031 53677.331584 19.3 0.012 53677.328251 19.124 0.012 53677.329084 18.966 0.014 53677.330751 19.042 0.04 32.808444 -0.890988
53680.316586 19.387 0.03 53680.318252 19.284 0.012 53680.314919 19.154 0.013 53680.315752 18.977 0.015 53680.317419 19.055 0.048 32.808444 -0.890988
53683.375144 19.471 0.04 53683.37681 19.27 0.015 53683.373477 19.108 0.016 53683.37431 18.941 0.02 53683.375977 19.061 0.079 32.808444 -0.890988
53686.316018 19.325 0.061 53686.317684 19.336 0.036 53686.314351 19.172 0.025 53686.315184 18.956 0.022 53686.316851 19.193 0.07 32.808444 -0.890988
53693.318479 19.351 0.07 53693.320145 19.278 0.03 53693.316812 19.149 0.021 53693.317645 18.936 0.02 53693.319312 18.969 0.059 32.808444 -0.890988
53698.315867 19.468 0.039 53698.317533 19.282 0.017 53698.3142 19.143 0.014 53698.315033 18.962 0.016 53698.3167 19.069 0.052 32.808444 -0.890988
53704.301799 19.422 0.033 53704.303465 19.263 0.014 53704.300132 19.141 0.014 53704.300965 18.955 0.016 53704.302632 19.07 0.056 32.808444 -0.890988
53989.39786 19.455 0.052 53989.399527 19.282 0.029 53989.396193 19.203 0.022 53989.397027 19.034 0.021 53989.398693 19.041 0.044 32.808444 -0.890988
53995.43659 19.452 0.029 53995.438257 19.338 0.02 53995.434924 19.202 0.014 53995.435757 19.026 0.02 53995.437424 19.099 0.038 32.808444 -0.890988
54000.373266 19.411 0.039 54000.374933 19.306 0.016 54000.3716 19.21 0.02 54000.372433 19.003 0.021 54000.3741 19.058 0.048 32.808444 -0.890988
54007.423474 19.48 0.036 54007.425141 19.372 0.021 54007.421807 19.202 0.018 54007.422641 19.027 0.025 54007.424307 19.074 0.045 32.808444 -0.890988
54009.3472 19.515 0.028 54009.348867 19.398 0.017 54009.345534 19.246 0.021 54009.346367 19.068 0.024 54009.348034 19.114 0.038 32.808444 -0.890988
54011.411678 19.484 0.027 54011.413345 19.387 0.023 54011.410012 19.224 0.022 54011.410845 19.05 0.026 54011.412512 19.135 0.039 32.808444 -0.890988
54025.410703 19.617 0.037 54025.41237 19.377 0.018 54025.409036 19.249 0.02 54025.40987 19.018 0.017 54025.411536 19.062 0.05 32.808444 -0.890988
54346.404474 19.819 0.065 54346.406141 19.687 0.033 54346.402807 19.454 0.025 54346.403641 19.209 0.026 54346.405307 19.409 0.062 32.808444 -0.890988
54348.4085 19.79 0.05 54348.410167 19.652 0.027 54348.406833 19.435 0.019 54348.407667 19.301 0.024 54348.409333 19.321 0.066 32.808444 -0.890988
54355.418511 -99.99 0.051 54355.420178 -99.99 0.021 54355.416845 -99.99 0.023 54355.417678 -99.99 0.066 54355.419345 -99.99 0.061 32.808444 -0.890988
54358.364345 19.831 0.053 54358.366012 19.7 0.027 54358.362679 19.437 0.026 54358.363512 19.229 0.047 54358.365179 19.445 0.085 32.808444 -0.890988
54365.39734 19.798 0.031 54365.399007 19.647 0.03 54365.395673 19.486 0.023 54365.396507 19.287 0.018 54365.398173 19.324 0.051 32.808444 -0.890988
54381.416891 19.817 0.034 54381.418557 19.668 0.023 54381.415224 19.44 0.022 54381.416057 19.226 0.02 54381.417724 19.216 0.045 32.808444 -0.890988
54384.423573 19.725 0.038 54384.42524 19.685 0.023 54384.421907 19.438 0.022 54384.42274 19.21 0.024 54384.424407 19.288 0.051 32.808444 -0.890988
54386.409254 19.826 0.042 54386.410921 19.596 0.028 54386.407587 19.396 0.021 54386.408421 19.193 0.02 54386.410087 19.454 0.065 32.808444 -0.890988
54388.413459 19.877 0.043 54388.415126 19.646 0.02 54388.411793 19.407 0.019 54388.412626 19.189 0.025 54388.414293 19.378 0.051 32.808444 -0.890988
54392.411036 19.735 0.056 54392.412702 19.63 0.02 54392.409369 19.411 0.017 54392.410202 19.234 0.023 54392.411869 19.468 0.076 32.808444 -0.890988
54403.327312 19.664 0.091 54403.328979 19.461 0.055 54403.325645 19.319 0.034 54403.326479 19.181 0.043 54403.328145 19.395 0.154 32.808444 -0.890988
54404.384845 -99.99 0.187 54404.386511 19.561 0.062 54404.383178 19.366 0.027 54404.384011 19.313 0.032 54404.385678 -99.99 0.841 32.808444 -0.890988
54405.382912 -99.99 0.057 54405.384579 19.564 0.022 54405.381246 19.379 0.021 54405.382079 19.236 0.023 54405.383746 19.287 0.074 32.808444 -0.890988
54406.321136 19.635 0.032 54406.322803 19.553 0.019 54406.319469 19.412 0.021 54406.320303 19.188 0.022 54406.321969 19.269 0.05 32.808444 -0.890988
54412.346852 19.776 0.045 54412.348519 19.573 0.021 54412.345185 19.399 0.02 54412.346019 19.199 0.024 54412.347685 19.228 0.058 32.808444 -0.890988
