51075.306971 -99.99 0.055 51075.308637 -99.99 0.026 51075.305304 20.138 0.029 51075.306137 20.232 0.051 51075.307804 20.283 0.179 2.567595 0.787061
52196.307488 19.739 0.036 52196.309154 19.773 0.015 52196.305821 19.664 0.017 52196.306654 19.704 0.026 52196.308321 19.771 0.08 2.567595 0.787061
52197.320596 19.77 0.037 52197.322262 19.832 0.015 52197.318929 19.687 0.017 52197.319762 19.718 0.025 52197.321429 19.908 0.093 2.567595 0.787061
52225.170775 19.7 0.035 52225.172441 19.74 0.015 52225.169108 19.67 0.018 52225.169941 19.65 0.028 52225.171608 19.665 0.086 2.567595 0.787061
52231.206558 19.662 0.033 52231.208224 19.795 0.015 52231.204891 19.692 0.017 52231.205724 19.699 0.024 52231.207391 19.748 0.071 2.567595 0.787061
52253.192729 19.693 0.05 52253.194395 19.84 0.023 52253.191062 19.751 0.028 52253.191895 19.801 0.04 52253.193562 19.831 0.138 2.567595 0.787061
52557.31456 20.855 0.095 52557.316226 20.696 0.029 52557.312893 20.29 0.031 52557.313726 20.321 0.05 52557.315393 20.288 0.155 2.567595 0.787061
52578.210645 20.717 0.069 52578.212311 20.72 0.028 52578.208978 20.37 0.028 52578.209811 20.425 0.044 52578.211478 20.438 0.147 2.567595 0.787061
52908.289127 -99.99 0.124 52908.290793 21.008 0.038 52908.28746 20.693 0.041 52908.288293 20.625 0.064 52908.28996 21.074 0.3 2.567595 0.787061
52911.302913 21.394 0.137 52911.304579 21.156 0.056 52911.301246 20.631 0.042 52911.302079 20.855 0.077 52911.303746 21.058 0.341 2.567595 0.787061
52930.180286 21.164 0.128 52930.181952 21.029 0.041 52930.178619 20.598 0.041 52930.179452 20.667 0.063 52930.181119 20.344 0.166 2.567595 0.787061
52934.221028 21.007 0.118 52934.222694 20.947 0.039 52934.219361 20.525 0.042 52934.220194 20.567 0.07 52934.221861 20.408 0.185 2.567595 0.787061
52936.216955 21.065 0.091 52936.218621 20.983 0.036 52936.215288 20.561 0.032 52936.216121 20.614 0.054 52936.217788 20.813 0.195 2.567595 0.787061
52962.142476 21.083 0.089 52962.144142 21.02 0.04 52962.140809 20.563 0.038 52962.141642 20.579 0.058 52962.143309 20.661 0.198 2.567595 0.787061
53270.281036 21.444 0.102 53270.282702 21.384 0.044 53270.279369 20.902 0.04 53270.280202 21.207 0.087 53270.281869 20.789 0.155 2.567595 0.787061
53272.330958 -99.99 0.191 53272.332624 21.307 0.073 53272.329291 20.874 0.056 53272.330124 20.979 0.084 53272.331791 21.057 0.253 2.567595 0.787061
53288.258168 21.168 0.122 53288.259834 21.275 0.048 53288.256501 20.833 0.044 53288.257334 20.854 0.069 53288.259001 21.151 0.278 2.567595 0.787061
53294.305843 21.278 0.132 53294.307509 21.236 0.051 53294.304176 20.855 0.052 53294.305009 20.98 0.096 53294.306676 20.929 0.245 2.567595 0.787061
53302.253837 21.371 0.261 53302.255503 21.291 0.126 53302.25217 20.677 0.072 53302.253003 20.841 0.104 53302.25467 21.319 0.381 2.567595 0.787061
53312.209419 21.761 0.191 53312.211086 21.33 0.075 53312.207752 20.761 0.055 53312.208586 20.82 0.089 53312.210252 21.2 0.404 2.567595 0.787061
53314.210564 21.124 0.101 53314.21223 21.326 0.046 53314.208897 20.746 0.045 53314.20973 20.824 0.079 53314.211397 20.977 0.272 2.567595 0.787061
53623.305139 21.5 0.162 53623.306805 21.421 0.058 53623.303472 20.88 0.047 53623.304305 20.916 0.13 53623.305972 20.823 0.225 2.567595 0.787061
53626.291352 -99.99 0.161 53626.293018 21.418 0.077 53626.289685 20.827 0.052 53626.290518 20.907 0.08 53626.292185 21.346 0.351 2.567595 0.787061
53628.276218 21.369 0.318 53628.277884 21.544 0.175 53628.274551 20.885 0.084 53628.275384 20.987 0.116 53628.277051 21.066 0.321 2.567595 0.787061
53637.277834 21.079 0.2 53637.2795 21.459 0.13 53637.276167 20.888 0.079 53637.277 20.888 0.127 53637.278667 20.322 0.235 2.567595 0.787061
53639.32321 21.21 0.124 53639.324876 21.342 0.06 53639.321543 20.842 0.047 53639.322376 20.88 0.071 53639.324043 20.736 0.188 2.567595 0.787061
53644.27028 21.494 0.125 53644.271946 -99.99 0.055 53644.268613 20.878 0.046 53644.269446 20.943 0.079 53644.271113 20.886 0.204 2.567595 0.787061
53654.304903 21.411 0.137 53654.306569 21.284 0.043 53654.303236 20.887 0.047 53654.304069 21.047 0.081 53654.305736 20.711 0.193 2.567595 0.787061
53666.335908 21.061 0.225 53666.337574 21.24 0.095 53666.334241 20.834 0.067 53666.335074 20.889 0.095 53666.336741 20.721 0.236 2.567595 0.787061
53668.255406 21.167 0.172 53668.257072 21.218 0.07 53668.253739 20.612 0.053 53668.254572 20.872 0.123 53668.256239 20.493 0.305 2.567595 0.787061
53670.260258 21.24 0.115 53670.261924 21.202 0.042 53670.258591 20.813 0.042 53670.259424 20.81 0.064 53670.261091 20.938 0.232 2.567595 0.787061
53673.228243 21.141 0.096 53673.229909 21.218 0.07 53673.226576 20.69 0.036 53673.227409 20.851 0.064 53673.229076 20.799 0.188 2.567595 0.787061
53675.225132 21.159 0.104 53675.226798 21.16 0.04 53675.223465 20.697 0.046 53675.224298 20.741 0.073 53675.225965 20.894 0.241 2.567595 0.787061
53677.246162 21.176 0.094 53677.247828 21.121 0.035 53677.244495 20.742 0.035 53677.245328 20.808 0.053 53677.246995 20.64 0.13 2.567595 0.787061
53680.232829 21.145 0.107 53680.234495 21.087 0.037 53680.231162 20.678 0.038 53680.231995 20.763 0.06 53680.233662 20.66 0.158 2.567595 0.787061
53693.234725 20.953 0.215 53693.236391 20.814 0.074 53693.233058 20.563 0.055 53693.233891 20.783 0.082 53693.235558 20.302 0.142 2.567595 0.787061
53704.21805 20.918 0.096 53704.219716 21.05 0.04 53704.216383 20.622 0.042 53704.217216 20.568 0.064 53704.218883 20.869 0.24 2.567595 0.787061
53974.310711 20.575 0.058 53974.312378 20.755 0.032 53974.309045 20.378 0.025 53974.309878 20.547 0.042 53974.311545 20.421 0.129 2.567595 0.787061
53989.31426 -99.99 0.191 53989.315927 20.915 0.088 53989.312593 20.426 0.056 53989.313427 20.61 0.079 53989.315093 20.574 0.173 2.567595 0.787061
53997.409888 20.821 0.088 53997.411555 -99.99 0.034 53997.408222 -99.99 0.035 53997.409055 20.451 0.05 53997.410722 -99.99 0.142 2.567595 0.787061
54000.289531 20.861 0.079 54000.291197 20.743 0.031 54000.287864 20.421 0.037 54000.288697 20.528 0.058 54000.290364 20.58 0.185 2.567595 0.787061
54006.23645 -99.99 0.131 54006.238117 -99.99 0.056 54006.234784 -99.99 0.055 54006.235617 20.585 0.095 54006.237284 -99.99 0.29 2.567595 0.787061
54007.339672 20.75 0.072 54007.341338 20.77 0.033 54007.338005 20.449 0.03 54007.338838 20.529 0.048 54007.340505 20.341 0.118 2.567595 0.787061
54009.263446 20.718 0.071 54009.265112 20.768 0.035 54009.261779 20.428 0.031 54009.262612 20.477 0.05 54009.264279 20.475 0.146 2.567595 0.787061
54011.32793 20.654 0.083 54011.329597 20.831 0.05 54011.326264 20.418 0.044 54011.327097 20.523 0.052 54011.328764 20.478 0.129 2.567595 0.787061
54019.278166 -99.99 0.095 54019.279833 20.786 0.047 54019.2765 20.522 0.039 54019.277333 20.602 0.054 54019.279 20.778 0.212 2.567595 0.787061
54025.326944 20.881 0.096 54025.32861 20.812 0.038 54025.325277 20.425 0.036 54025.32611 20.42 0.06 54025.327777 21.19 0.35 2.567595 0.787061
54029.257279 20.868 0.112 54029.258946 -99.99 0.038 54029.255613 20.427 0.049 54029.256446 20.688 0.095 54029.258113 21.002 0.356 2.567595 0.787061
54348.324691 21.149 0.118 54348.326358 21.065 0.044 54348.323024 20.663 0.043 54348.323858 20.789 0.066 54348.325524 20.712 0.188 2.567595 0.787061
54358.280537 -99.99 0.128 54358.282203 -99.99 0.107 54358.27887 20.701 0.047 54358.279703 20.888 0.095 54358.28137 -99.99 0.381 2.567595 0.787061
54359.274545 20.564 0.159 54359.276212 21.03 0.074 54359.272878 20.534 0.065 54359.273712 20.963 0.161 54359.275378 20.661 0.467 2.567595 0.787061
54365.313606 20.983 0.084 54365.315273 21.035 0.042 54365.311939 20.734 0.042 54365.312773 20.757 0.055 54365.314439 21.019 0.206 2.567595 0.787061
54381.333146 21.109 0.093 54381.334812 21.167 0.04 54381.331479 20.687 0.042 54381.332312 20.912 0.076 54381.333979 20.977 0.218 2.567595 0.787061
54388.329731 21.238 0.106 54388.331398 21.154 0.036 54388.328064 20.704 0.037 54388.328898 20.965 0.065 54388.330564 20.865 0.175 2.567595 0.787061
54403.243628 21.205 0.232 54403.245295 21.207 0.095 54403.241961 20.618 0.076 54403.242795 20.771 0.129 54403.244461 21.48 0.423 2.567595 0.787061
54404.301144 21.646 0.258 54404.302811 21.455 0.082 54404.299478 20.832 0.05 54404.300311 20.754 0.062 54404.301978 20.766 0.173 2.567595 0.787061
54405.299069 21.03 0.125 54405.300735 21.216 0.057 54405.297402 20.867 0.05 54405.298235 20.859 0.067 54405.299902 20.755 0.171 2.567595 0.787061
54406.237346 -99.99 0.076 54406.239013 21.304 0.036 54406.23568 20.746 0.032 54406.236513 20.827 0.05 54406.23818 20.834 0.152 2.567595 0.787061
54412.240297 21.542 0.201 54412.241964 21.358 0.066 54412.23863 20.762 0.054 54412.239464 21.028 0.109 54412.24113 20.595 0.239 2.567595 0.787061
