51081.37496 20.962 0.096 51081.376626 -99.99 0.019 51081.373293 19.788 0.019 51081.374126 19.638 0.025 51081.375793 19.461 0.089 33.003548 0.073812
51819.446142 20.718 0.097 51819.447808 19.742 0.017 51819.444475 19.587 0.018 51819.445308 19.445 0.021 51819.446975 19.243 0.079 33.003548 0.073812
51875.189944 20.864 0.08 51875.19161 19.763 0.015 51875.188277 19.61 0.017 51875.18911 19.509 0.023 51875.190777 19.31 0.083 33.003548 0.073812
52225.270795 20.608 0.069 52225.272461 19.692 0.014 52225.269128 19.511 0.015 52225.269961 19.418 0.018 52225.271628 19.361 0.065 33.003548 0.073812
52288.105215 20.754 0.082 52288.106881 19.764 0.015 52288.103548 19.597 0.017 52288.104381 19.485 0.02 52288.106048 19.372 0.071 33.003548 0.073812
52551.378507 21.088 0.106 52551.380173 19.947 0.016 52551.37684 19.753 0.019 52551.377673 19.592 0.021 52551.37934 19.303 0.07 33.003548 0.073812
52558.411382 21.02 0.089 52558.413048 19.902 0.015 52558.409715 19.735 0.017 52558.410548 19.618 0.019 52558.412215 19.38 0.06 33.003548 0.073812
52576.244433 21.169 0.106 52576.246099 19.969 0.016 52576.242766 19.776 0.019 52576.243599 19.574 0.021 52576.245266 19.367 0.067 33.003548 0.073812
52577.298889 21.063 0.096 52577.300555 19.904 0.016 52577.297222 19.753 0.018 52577.298055 19.561 0.02 52577.299722 19.372 0.066 33.003548 0.073812
52578.282987 20.89 0.087 52578.284653 19.921 0.016 52578.28132 19.706 0.018 52578.282153 19.541 0.021 52578.28382 19.45 0.08 33.003548 0.073812
52585.245967 20.848 0.083 52585.247633 19.886 0.015 52585.2443 19.692 0.018 52585.245133 19.585 0.025 52585.2468 19.623 0.113 33.003548 0.073812
52909.412602 20.84 0.083 52909.414268 19.912 0.015 52909.410935 19.679 0.017 52909.411768 19.587 0.02 52909.413435 19.323 0.063 33.003548 0.073812
52910.382845 21.06 0.136 52910.384511 19.892 0.016 52910.381178 19.663 0.018 52910.382011 19.547 0.025 52910.383678 19.319 0.068 33.003548 0.073812
52935.310013 20.99 0.104 52935.311679 19.807 0.016 52935.308346 19.674 0.019 52935.309179 19.556 0.024 52935.310846 19.436 0.086 33.003548 0.073812
52963.23309 20.932 0.079 52963.234756 19.836 0.014 52963.231423 19.656 0.016 52963.232256 19.531 0.018 52963.233923 19.389 0.06 33.003548 0.073812
52971.224004 20.801 0.095 52971.22567 19.875 0.017 52971.222337 19.687 0.019 52971.22317 19.528 0.022 52971.224837 19.501 0.08 33.003548 0.073812
53351.155393 20.773 0.101 53351.157059 19.797 0.015 53351.153726 19.642 0.021 53351.154559 19.529 0.024 53351.156226 19.423 0.103 33.003548 0.073812
53622.412446 -99.99 0.077 53622.414112 19.706 0.014 53622.410779 19.536 0.016 53622.411612 19.447 0.019 53622.413279 19.298 0.063 33.003548 0.073812
53634.361918 20.951 0.319 53634.363584 19.835 0.041 53634.360251 19.589 0.034 53634.361084 19.452 0.033 53634.362751 19.447 0.098 33.003548 0.073812
53638.403254 20.786 0.093 53638.40492 19.734 0.016 53638.401587 19.547 0.017 53638.40242 19.494 0.02 53638.404087 19.292 0.061 33.003548 0.073812
53640.367289 20.76 0.093 53640.368955 19.724 0.016 53640.365622 19.539 0.017 53640.366455 19.485 0.021 53640.368122 19.201 0.07 33.003548 0.073812
53646.428699 20.796 0.139 53646.430365 19.717 0.019 53646.427032 19.515 0.018 53646.427865 19.459 0.024 53646.429532 19.105 0.081 33.003548 0.073812
53655.339462 20.575 0.08 53655.341128 19.692 0.014 53655.337795 19.513 0.016 53655.338628 19.417 0.021 53655.340295 19.347 0.074 33.003548 0.073812
53664.364418 20.954 0.298 53664.366084 19.769 0.052 53664.362751 19.518 0.041 53664.363584 19.438 0.045 53664.365251 19.31 0.148 33.003548 0.073812
53665.429052 20.427 0.126 53665.430718 19.717 0.024 53665.427385 19.53 0.022 53665.428218 19.421 0.023 53665.429885 19.183 0.07 33.003548 0.073812
53669.323663 20.754 0.107 53669.325329 19.68 0.018 53669.321996 19.538 0.019 53669.322829 19.422 0.022 53669.324496 19.169 0.072 33.003548 0.073812
53670.423643 20.572 0.161 53670.425309 19.781 0.024 53670.421976 19.562 0.024 53670.422809 19.448 0.027 53670.424476 19.383 0.128 33.003548 0.073812
53671.408417 20.765 0.117 53671.410083 19.721 0.018 53671.40675 19.585 0.019 53671.407583 19.46 0.023 53671.40925 19.332 0.081 33.003548 0.073812
53674.307899 20.739 0.112 53674.309565 19.731 0.016 53674.306232 19.579 0.019 53674.307065 19.508 0.023 53674.308732 19.29 0.093 33.003548 0.073812
53676.397361 20.747 0.097 53676.399027 19.739 0.016 53676.395694 19.544 0.018 53676.396527 19.428 0.02 53676.398194 19.272 0.065 33.003548 0.073812
53679.36926 20.771 0.117 53679.370926 19.751 0.016 53679.367593 19.6 0.024 53679.368426 19.518 0.028 53679.370093 19.405 0.094 33.003548 0.073812
53681.360774 20.515 0.078 53681.36244 19.738 0.015 53681.359107 19.575 0.017 53681.35994 19.478 0.018 53681.361607 19.279 0.061 33.003548 0.073812
53684.322268 20.774 0.218 53684.323934 19.694 0.033 53684.320601 19.538 0.027 53684.321434 19.442 0.036 53684.323101 19.138 0.171 33.003548 0.073812
53687.263581 20.65 0.215 53687.265247 19.791 0.039 53687.261914 19.536 0.03 53687.262747 19.518 0.035 53687.264414 19.302 0.082 33.003548 0.073812
53694.333716 20.753 0.264 53694.335382 19.665 0.032 53694.332049 19.505 0.031 53694.332882 19.463 0.035 53694.334549 19.32 0.102 33.003548 0.073812
53697.317799 20.831 0.136 53697.319465 19.779 0.021 53697.316132 19.598 0.021 53697.316965 19.466 0.022 53697.318632 19.377 0.076 33.003548 0.073812
53700.316755 20.629 0.111 53700.318421 19.777 0.018 53700.315088 19.571 0.021 53700.315921 19.488 0.028 53700.317588 19.518 0.116 33.003548 0.073812
53705.303425 20.925 0.14 53705.305091 19.858 0.019 53705.301758 19.581 0.02 53705.302591 19.571 0.031 53705.304258 19.359 0.103 33.003548 0.073812
53975.388422 21.172 0.127 53975.390089 19.947 0.022 53975.386755 19.842 0.029 53975.387589 19.639 0.028 53975.389255 19.382 0.075 33.003548 0.073812
53993.400546 -99.99 0.11 53993.402212 -99.99 0.032 53993.398879 -99.99 0.026 53993.399712 -99.99 0.057 53993.401379 -99.99 0.186 33.003548 0.073812
53994.411446 21.014 0.101 53994.413113 19.972 0.022 53994.40978 19.743 0.021 53994.410613 19.558 0.023 53994.41228 19.504 0.075 33.003548 0.073812
53996.395162 21.141 0.11 53996.396828 20.013 0.016 53996.393495 19.779 0.025 53996.394328 19.587 0.024 53996.395995 19.432 0.066 33.003548 0.073812
54005.408348 21.084 0.086 54005.410015 19.975 0.018 54005.406681 19.777 0.023 54005.407515 19.602 0.019 54005.409181 19.388 0.055 33.003548 0.073812
54010.349296 21.005 0.076 54010.350963 19.921 0.015 54010.34763 19.733 0.02 54010.348463 19.641 0.018 54010.35013 19.41 0.052 33.003548 0.073812
54012.342117 21.227 0.227 54012.343784 19.944 0.035 54012.340451 19.755 0.027 54012.341284 19.621 0.029 54012.342951 19.412 0.087 33.003548 0.073812
54020.348124 21.024 0.172 54020.34979 19.895 0.031 54020.346457 19.709 0.024 54020.34729 19.631 0.027 54020.348957 19.425 0.093 33.003548 0.073812
54024.42972 20.968 0.138 54024.431387 19.949 0.023 54024.428053 19.739 0.023 54024.428887 19.64 0.027 54024.430553 19.417 0.084 33.003548 0.073812
54028.417984 21.135 0.121 54028.419651 -99.99 0.055 54028.416318 19.752 0.026 54028.417151 19.61 0.025 54028.418818 19.466 0.077 33.003548 0.073812
54030.341662 20.988 0.079 54030.343328 19.957 0.022 54030.339995 19.76 0.018 54030.340828 19.616 0.021 54030.342495 19.577 0.065 33.003548 0.073812
54037.322893 21.088 0.089 54037.32456 19.959 0.016 54037.321226 19.71 0.022 54037.32206 19.58 0.019 54037.323726 19.526 0.067 33.003548 0.073812
54040.337374 -99.99 0.153 54040.339041 19.924 0.024 54040.335707 19.773 0.026 54040.336541 19.611 0.031 54040.338207 19.483 0.078 33.003548 0.073812
54047.367927 21.552 1.019 54047.369594 19.898 0.075 54047.36626 19.697 0.062 54047.367094 19.6 0.067 54047.36876 19.465 0.15 33.003548 0.073812
54049.363858 -99.99 0.208 54049.365525 19.952 0.03 54049.362192 19.753 0.03 54049.363025 19.569 0.03 54049.364692 19.583 0.102 33.003548 0.073812
54053.343498 20.839 0.105 54053.345164 -99.99 0.025 54053.341831 -99.99 0.021 54053.342664 -99.99 0.026 54053.344331 -99.99 0.087 33.003548 0.073812
54056.329878 21.035 0.153 54056.331545 19.936 0.043 54056.328211 19.707 0.025 54056.329045 19.589 0.028 54056.330711 19.398 0.09 33.003548 0.073812
54059.324179 20.858 0.108 54059.325846 19.958 0.032 54059.322513 19.693 0.026 54059.323346 19.603 0.028 54059.325013 19.485 0.09 33.003548 0.073812
54061.335214 22.255 0.624 54061.336881 19.873 0.039 54061.333548 19.72 0.029 54061.334381 19.628 0.05 54061.336048 19.123 0.102 33.003548 0.073812
54062.329017 20.892 0.099 54062.330684 19.941 0.022 54062.327351 19.727 0.021 54062.328184 19.611 0.025 54062.329851 19.497 0.083 33.003548 0.073812
54064.325513 20.913 0.109 54064.327179 19.897 0.024 54064.323846 19.706 0.021 54064.324679 19.547 0.025 54064.326346 19.263 0.071 33.003548 0.073812
54068.309582 20.628 0.133 54068.311249 19.95 0.037 54068.307915 19.786 0.038 54068.308749 19.55 0.035 54068.310415 19.537 0.112 33.003548 0.073812
54357.367303 -99.99 0.074 54357.36897 19.846 0.018 54357.365636 19.662 0.021 54357.36647 19.494 0.026 54357.368136 19.362 0.05 33.003548 0.073812
54362.417149 20.858 0.073 54362.418816 19.826 0.017 54362.415482 19.649 0.019 54362.416316 19.496 0.018 54362.417982 19.441 0.062 33.003548 0.073812
54376.412235 21.006 0.1 54376.413901 19.843 0.019 54376.410568 19.646 0.021 54376.411401 19.549 0.024 54376.413068 19.319 0.056 33.003548 0.073812
54382.397345 20.613 0.1 54382.399011 19.896 0.023 54382.395678 19.656 0.026 54382.396511 19.473 0.034 54382.398178 19.355 0.093 33.003548 0.073812
54385.415172 20.785 0.083 54385.416839 19.858 0.035 54385.413506 19.641 0.025 54385.414339 19.514 0.022 54385.416006 19.492 0.069 33.003548 0.073812
54387.415628 20.783 0.155 54387.417295 19.826 0.031 54387.413962 19.571 0.036 54387.414795 -99.99 0.05 54387.416462 19.153 0.101 33.003548 0.073812
54390.40806 20.985 0.145 54390.409726 19.875 0.02 54390.406393 -99.99 0.053 54390.407226 19.484 0.027 54390.408893 19.419 0.105 33.003548 0.073812
54391.416448 20.702 0.241 54391.418115 19.835 0.029 54391.414781 19.596 0.039 54391.415615 19.474 0.046 54391.417281 19.405 0.16 33.003548 0.073812
54402.408843 21.318 0.4 54402.41051 19.809 0.039 54402.407177 19.608 0.028 54402.40801 19.5 0.027 54402.409677 19.424 0.074 33.003548 0.073812
