51081.3786 19.516 0.035 51081.380266 19.228 0.012 51081.376933 19.131 0.014 51081.377766 18.95 0.016 51081.379433 18.775 0.045 34.284762 -0.305766
51819.449651 19.688 0.046 51819.451317 19.344 0.014 51819.447984 19.206 0.015 51819.448817 19.057 0.017 51819.450484 18.956 0.057 34.284762 -0.305766
51875.193473 19.574 0.032 51875.195139 19.242 0.011 51875.191806 19.139 0.013 51875.192639 18.971 0.016 51875.194306 18.836 0.05 34.284762 -0.305766
52225.274344 19.696 0.036 52225.27601 19.39 0.012 52225.272677 19.198 0.013 52225.27351 19.069 0.015 52225.275177 18.78 0.038 34.284762 -0.305766
52288.108765 19.726 0.036 52288.110431 19.402 0.012 52288.107098 19.3 0.015 52288.107931 19.081 0.015 52288.109598 18.84 0.041 34.284762 -0.305766
52551.382055 -99.99 0.04 52551.383721 19.466 0.012 52551.380388 19.323 0.014 52551.381221 19.152 0.018 52551.382888 18.908 0.046 34.284762 -0.305766
52558.414929 19.824 0.037 52558.416595 19.528 0.012 52558.413262 19.37 0.014 52558.414095 19.225 0.016 52558.415762 19.009 0.042 34.284762 -0.305766
52576.247981 19.652 0.036 52576.249647 19.425 0.013 52576.246314 19.271 0.015 52576.247147 19.129 0.017 52576.248814 18.983 0.048 34.284762 -0.305766
52578.286537 19.685 0.034 52578.288203 19.447 0.012 52578.28487 19.315 0.014 52578.285703 19.169 0.016 52578.28737 18.955 0.044 34.284762 -0.305766
52585.249516 19.722 0.036 52585.251182 19.477 0.012 52585.247849 19.329 0.014 52585.248682 19.2 0.02 52585.250349 18.979 0.063 34.284762 -0.305766
52909.416151 19.901 0.041 52909.417817 19.6 0.013 52909.414484 19.415 0.014 52909.415317 19.217 0.016 52909.416984 19.006 0.043 34.284762 -0.305766
52910.386393 19.941 0.05 52910.388059 19.573 0.014 52910.384726 19.398 0.015 52910.385559 19.144 0.017 52910.387226 18.918 0.05 34.284762 -0.305766
52935.313562 19.984 0.05 52935.315228 19.684 0.017 52935.311895 19.406 0.018 52935.312728 19.176 0.02 52935.314395 18.878 0.059 34.284762 -0.305766
52963.236639 19.917 0.037 52963.238305 19.65 0.013 52963.234972 19.467 0.014 52963.235805 19.285 0.016 52963.237472 19.015 0.04 34.284762 -0.305766
52971.227554 19.96 0.047 52971.22922 19.588 0.015 52971.225887 19.416 0.016 52971.22672 19.188 0.018 52971.228387 18.904 0.045 34.284762 -0.305766
53351.158941 19.737 0.043 53351.160607 19.382 0.012 53351.157274 19.21 0.014 53351.158107 19.007 0.017 53351.159774 18.867 0.057 34.284762 -0.305766
53622.415995 19.313 0.029 53622.417661 19.007 0.01 53622.414328 18.902 0.011 53622.415161 18.86 0.013 53622.416828 18.64 0.034 34.284762 -0.305766
53634.365466 19.192 0.061 53634.367132 19.057 0.022 53634.363799 18.939 0.018 53634.364632 18.827 0.019 53634.366299 18.623 0.044 34.284762 -0.305766
53638.406803 19.326 0.031 53638.408469 19.044 0.011 53638.405136 18.956 0.011 53638.405969 18.857 0.013 53638.407636 18.726 0.035 34.284762 -0.305766
53640.370838 19.353 0.037 53640.372504 19.024 0.011 53640.369171 18.93 0.012 53640.370004 -99.99 0.014 53640.371671 18.612 0.041 34.284762 -0.305766
53646.432249 19.381 0.039 53646.433915 19.047 0.011 53646.430582 18.894 0.015 53646.431415 18.788 0.015 53646.433082 18.621 0.045 34.284762 -0.305766
53655.343011 19.295 0.029 53655.344677 19.004 0.01 53655.341344 18.937 0.011 53655.342177 18.797 0.013 53655.343844 18.639 0.036 34.284762 -0.305766
53663.432655 19.235 0.061 53663.434321 19.073 0.022 53663.430988 18.921 0.016 53663.431821 18.842 0.016 53663.433488 18.68 0.04 34.284762 -0.305766
53664.367968 19.339 0.074 53664.369634 18.997 0.024 53664.366301 18.869 0.031 53664.367134 18.795 0.033 53664.368801 18.573 0.065 34.284762 -0.305766
53665.432603 19.328 0.053 53665.434269 19.019 0.016 53665.430936 18.908 0.015 53665.431769 18.814 0.016 53665.433436 18.637 0.044 34.284762 -0.305766
53668.421208 19.193 0.052 53668.422874 18.976 0.015 53668.419541 18.879 0.016 53668.420374 18.757 0.018 53668.422041 18.488 0.05 34.284762 -0.305766
53669.327213 19.23 0.037 53669.328879 -99.99 0.033 53669.325546 18.856 0.013 53669.326379 -99.99 0.034 53669.328046 18.569 0.049 34.284762 -0.305766
53670.42718 19.19 0.047 53670.428846 19.003 0.014 53670.425513 18.872 0.015 53670.426346 18.757 0.018 53670.428013 18.601 0.052 34.284762 -0.305766
53671.411967 19.173 0.034 53671.413633 18.982 0.011 53671.4103 18.896 0.012 53671.411133 18.784 0.014 53671.4128 18.624 0.036 34.284762 -0.305766
53674.311449 19.307 0.038 53674.313115 18.926 0.01 53674.309782 18.888 0.012 53674.310615 -99.99 0.014 53674.312282 18.631 0.051 34.284762 -0.305766
53676.40091 19.187 0.038 53676.402576 18.993 0.011 53676.399243 18.879 0.012 53676.400076 18.748 0.014 53676.401743 18.629 0.035 34.284762 -0.305766
53679.372809 19.219 0.037 53679.374475 18.934 0.011 53679.371142 18.871 0.013 53679.371975 18.756 0.017 53679.373642 18.604 0.046 34.284762 -0.305766
53681.364323 19.188 0.03 53681.365989 18.958 0.01 53681.362656 18.905 0.011 53681.363489 18.781 0.012 53681.365156 18.562 0.032 34.284762 -0.305766
53684.325818 19.179 0.086 53684.327484 18.969 0.031 53684.324151 18.893 0.028 53684.324984 18.905 0.038 53684.326651 18.365 0.121 34.284762 -0.305766
53687.267122 -99.99 0.052 53687.268788 18.931 0.022 53687.265455 18.878 0.019 53687.266288 18.783 0.019 53687.267955 18.588 0.045 34.284762 -0.305766
53694.337267 19.144 0.067 53694.338933 18.974 0.027 53694.3356 18.876 0.017 53694.336433 18.72 0.017 53694.3381 18.51 0.051 34.284762 -0.305766
53697.321347 19.26 0.038 53697.323013 18.934 0.012 53697.31968 18.889 0.012 53697.320513 18.753 0.014 53697.32218 18.546 0.037 34.284762 -0.305766
53700.320304 19.16 0.036 53700.32197 18.926 0.01 53700.318637 18.834 0.013 53700.31947 18.708 0.017 53700.321137 18.603 0.054 34.284762 -0.305766
53705.306975 19.22 0.033 53705.308641 18.943 0.01 53705.305308 18.851 0.013 53705.306141 18.717 0.013 53705.307808 18.579 0.039 34.284762 -0.305766
53975.392009 19.208 0.028 53975.393676 18.944 0.033 53975.390342 18.896 0.012 53975.391176 18.763 0.025 53975.392842 18.614 0.035 34.284762 -0.305766
53993.404214 -99.99 0.038 53993.405881 -99.99 0.087 53993.402548 -99.99 0.065 53993.403381 -99.99 0.058 53993.405048 -99.99 0.062 34.284762 -0.305766
53994.415008 19.172 0.024 53994.416674 18.922 0.018 53994.413341 18.905 0.018 53994.414174 18.795 0.015 53994.415841 18.641 0.033 34.284762 -0.305766
53996.398724 19.143 0.025 53996.40039 18.962 0.016 53996.397057 18.865 0.019 53996.39789 18.789 0.019 53996.399557 18.635 0.03 34.284762 -0.305766
54005.411915 19.218 0.026 54005.413582 18.909 0.02 54005.410248 18.998 0.021 54005.411082 18.808 0.023 54005.412748 18.643 0.028 34.284762 -0.305766
54010.352817 19.171 0.025 54010.354484 18.938 0.014 54010.351151 18.884 0.012 54010.351984 18.832 0.017 54010.353651 18.678 0.031 34.284762 -0.305766
54012.345658 19.166 0.041 54012.347325 -99.99 0.026 54012.343992 18.911 0.019 54012.344825 18.801 0.019 54012.346492 18.619 0.049 34.284762 -0.305766
54020.351654 -99.99 0.035 54020.353321 18.943 0.017 54020.349987 -99.99 0.022 54020.350821 18.749 0.021 54020.352487 18.619 0.036 34.284762 -0.305766
54024.433234 19.189 0.03 54024.4349 18.965 0.016 54024.431567 18.869 0.016 54024.4324 18.743 0.021 54024.434067 18.614 0.038 34.284762 -0.305766
54028.421618 19.19 0.029 54028.423284 18.915 0.02 54028.419951 -99.99 0.028 54028.420784 -99.99 0.064 54028.422451 18.625 0.041 34.284762 -0.305766
54030.345205 19.198 0.024 54030.346871 18.97 0.016 54030.343538 18.906 0.015 54030.344371 18.807 0.018 54030.346038 18.599 0.031 34.284762 -0.305766
54030.376956 19.163 0.023 54030.378623 18.97 0.018 54030.375289 18.891 0.014 54030.376123 18.783 0.015 54030.377789 18.653 0.033 34.284762 -0.305766
54035.420976 19.253 0.041 54035.422643 18.955 0.016 54035.419309 18.855 0.02 54035.420143 18.746 0.022 54035.421809 18.485 0.044 34.284762 -0.305766
54037.326527 19.235 0.024 54037.328194 18.96 0.018 54037.324861 18.925 0.02 54037.325694 18.852 0.023 54037.327361 18.666 0.027 34.284762 -0.305766
54040.340987 19.266 0.035 54040.342653 19.004 0.017 54040.33932 18.961 0.02 54040.340153 18.774 0.019 54040.34182 18.582 0.042 34.284762 -0.305766
54049.367423 19.326 0.051 54049.369089 19.019 0.024 54049.365756 18.955 0.017 54049.366589 18.787 0.02 54049.368256 18.574 0.039 34.284762 -0.305766
54053.347029 -99.99 0.036 54053.348696 -99.99 0.018 54053.345363 18.917 0.021 54053.346196 -99.99 0.019 54053.347863 -99.99 0.059 34.284762 -0.305766
54056.333387 19.216 0.04 54056.335053 18.976 0.03 54056.33172 18.915 0.016 54056.332553 18.777 0.02 54056.33422 18.685 0.048 34.284762 -0.305766
54059.327669 19.369 0.038 54059.329335 19.055 0.032 54059.326002 18.926 0.021 54059.326835 18.776 0.019 54059.328502 18.551 0.038 34.284762 -0.305766
54061.33884 19.294 0.048 54061.340506 -99.99 0.03 54061.337173 -99.99 0.054 54061.338006 18.761 0.067 54061.339673 18.502 0.053 34.284762 -0.305766
54062.332588 19.37 0.031 54062.334255 19.048 0.023 54062.330921 18.996 0.015 54062.331755 18.834 0.021 54062.333421 18.69 0.04 34.284762 -0.305766
54064.32903 19.329 0.033 54064.330697 19.094 0.025 54064.327364 19 0.018 54064.328197 18.845 0.015 54064.329864 18.739 0.043 34.284762 -0.305766
54068.31313 19.477 0.045 54068.314796 19.048 0.019 54068.311463 18.966 0.016 54068.312296 18.803 0.023 54068.313963 18.681 0.051 34.284762 -0.305766
54357.370863 19.632 0.034 54357.372529 19.345 0.025 54357.369196 19.231 0.021 54357.370029 19.068 0.019 54357.371696 18.911 0.034 34.284762 -0.305766
54362.420666 19.55 0.031 54362.422333 19.312 0.016 54362.418999 19.231 0.017 54362.419833 19.046 0.025 54362.421499 18.957 0.04 34.284762 -0.305766
54376.415754 19.596 0.042 54376.417421 19.285 0.021 54376.414088 19.194 0.014 54376.414921 19.067 0.02 54376.416588 18.874 0.041 34.284762 -0.305766
54382.400917 19.492 0.035 54382.402584 19.205 0.025 54382.39925 19.109 0.021 54382.400084 18.966 0.024 54382.40175 18.784 0.048 34.284762 -0.305766
54385.41869 19.554 0.033 54385.420356 19.224 0.018 54385.417023 19.15 0.019 54385.417856 19.083 0.022 54385.419523 18.881 0.037 34.284762 -0.305766
54387.419172 -99.99 0.053 54387.420838 19.243 0.021 54387.417505 -99.99 0.046 54387.418338 18.914 0.031 54387.420005 18.825 0.056 34.284762 -0.305766
54390.411687 19.552 0.051 54390.413354 19.206 0.022 54390.410021 19.112 0.017 54390.410854 18.923 0.025 54390.412521 18.786 0.062 34.284762 -0.305766
54402.41236 19.361 0.087 54402.414026 19.273 0.029 54402.410693 19.147 0.02 54402.411526 18.981 0.02 54402.413193 18.807 0.049 34.284762 -0.305766
