51081.375451 21.325 0.129 51081.377117 20.764 0.034 51081.373784 20.237 0.028 51081.374617 19.779 0.026 51081.376284 19.575 0.084 33.179592 -0.25002
51819.446606 -99.99 0.237 51819.448272 -99.99 0.044 51819.444939 20.394 0.032 51819.445772 19.979 0.032 51819.447439 20.119 0.151 33.179592 -0.25002
51875.190447 22.136 0.23 51875.192113 20.979 0.036 51875.18878 20.375 0.03 51875.189613 19.929 0.033 51875.19128 19.88 0.114 33.179592 -0.25002
52225.271283 21.783 0.158 52225.272949 20.913 0.032 52225.269616 20.411 0.028 52225.270449 19.933 0.025 52225.272116 19.829 0.086 33.179592 -0.25002
52288.105703 21.739 0.171 52288.107369 20.927 0.034 52288.104036 20.354 0.029 52288.104869 19.929 0.029 52288.106536 19.909 0.089 33.179592 -0.25002
52551.378994 21.34 0.123 52551.38066 20.887 0.033 52551.377327 20.247 0.026 52551.37816 19.877 0.026 52551.379827 19.803 0.095 33.179592 -0.25002
52558.411869 21.563 0.125 52558.413535 20.798 0.027 52558.410202 20.195 0.023 52558.411035 19.834 0.022 52558.412702 19.725 0.07 33.179592 -0.25002
52576.244919 21.408 0.12 52576.246585 20.774 0.03 52576.243252 20.252 0.028 52576.244085 19.75 0.024 52576.245752 19.618 0.074 33.179592 -0.25002
52577.299377 21.324 0.115 52577.301043 20.793 0.029 52577.29771 20.213 0.025 52577.298543 19.81 0.025 52577.30021 19.767 0.086 33.179592 -0.25002
52578.283475 21.703 0.163 52578.285141 20.809 0.031 52578.281808 20.214 0.025 52578.282641 19.81 0.025 52578.284308 19.731 0.094 33.179592 -0.25002
52585.246455 21.556 0.128 52585.248121 20.728 0.026 52585.244788 20.235 0.027 52585.245621 19.794 0.031 52585.247288 19.685 0.111 33.179592 -0.25002
52909.41309 21.513 0.135 52909.414756 20.705 0.027 52909.411423 20.24 0.025 52909.412256 19.833 0.025 52909.413923 19.721 0.075 33.179592 -0.25002
52910.383333 21.501 0.15 52910.384999 20.805 0.03 52910.381666 20.26 0.029 52910.382499 19.83 0.033 52910.384166 19.756 0.078 33.179592 -0.25002
52935.310501 21.21 0.108 52935.312167 20.757 0.033 52935.308834 20.193 0.028 52935.309667 19.845 0.031 52935.311334 19.597 0.091 33.179592 -0.25002
52963.233578 21.4 0.107 52963.235244 20.749 0.026 52963.231911 20.204 0.021 52963.232744 19.776 0.021 52963.234411 19.723 0.068 33.179592 -0.25002
52971.224492 21.302 0.132 52971.226158 20.746 0.03 52971.222825 20.264 0.031 52971.223658 19.868 0.029 52971.225325 19.775 0.085 33.179592 -0.25002
53351.155881 -99.99 0.167 53351.157547 20.729 0.031 53351.154214 20.23 0.028 53351.155047 19.843 0.032 53351.156714 19.709 0.109 33.179592 -0.25002
53622.412934 21.648 0.148 53622.4146 20.919 0.031 53622.411267 20.382 0.028 53622.4121 19.977 0.027 53622.413767 19.928 0.091 33.179592 -0.25002
53634.362406 21.055 0.353 53634.364072 20.861 0.102 53634.360739 20.317 0.063 53634.361572 19.971 0.057 53634.363239 19.858 0.129 33.179592 -0.25002
53638.403742 21.623 0.187 53638.405408 20.944 0.042 53638.402075 20.434 0.035 53638.402908 19.969 0.033 53638.404575 19.948 0.092 33.179592 -0.25002
53640.367777 21.569 0.183 53640.369443 20.947 0.041 53640.36611 20.481 0.033 53640.366943 20.038 0.031 53640.36861 19.814 0.09 33.179592 -0.25002
53646.429188 21.976 0.355 53646.430854 20.945 0.044 53646.427521 20.405 0.041 53646.428354 20.006 0.036 53646.430021 19.843 0.132 33.179592 -0.25002
53655.339951 -99.99 0.166 53655.341617 20.909 0.03 53655.338284 20.408 0.033 53655.339117 19.976 0.033 53655.340784 19.896 0.098 33.179592 -0.25002
53663.429595 22.057 0.857 53663.431261 20.845 0.093 53663.427928 20.326 0.052 53663.428761 19.995 0.041 53663.430428 19.775 0.097 33.179592 -0.25002
53664.364907 23.523 2.908 53664.366573 20.765 0.156 53664.36324 20.262 0.094 53664.364073 19.665 0.07 53664.36574 19.829 0.278 33.179592 -0.25002
53665.429542 22.032 0.525 53665.431208 20.938 0.071 53665.427875 20.317 0.041 53665.428708 20.014 0.038 53665.430375 19.807 0.118 33.179592 -0.25002
53668.418147 21.737 0.418 53668.419813 21.053 0.084 53668.41648 20.395 0.051 53668.417313 20.075 0.047 53668.41898 20.001 0.178 33.179592 -0.25002
53669.324152 21.332 0.155 53669.325818 20.906 0.048 53669.322485 20.436 0.035 53669.323318 19.989 0.035 53669.324985 19.801 0.106 33.179592 -0.25002
53670.42412 21.983 0.625 53670.425786 20.872 0.062 53670.422453 20.44 0.05 53670.423286 19.941 0.042 53670.424953 19.969 0.18 33.179592 -0.25002
53671.408907 -99.99 0.278 53671.410573 20.934 0.041 53671.40724 20.387 0.034 53671.408073 19.939 0.033 53671.40974 20.019 0.125 33.179592 -0.25002
53674.308388 21.797 0.264 53674.310054 20.899 0.037 53674.306721 20.341 0.033 53674.307554 19.988 0.036 53674.309221 19.933 0.147 33.179592 -0.25002
53676.39785 21.399 0.16 53676.399516 20.966 0.04 53676.396183 20.302 0.032 53676.397016 19.908 0.029 53676.398683 20.065 0.167 33.179592 -0.25002
53679.369749 22.015 0.332 53679.371415 20.881 0.04 53679.368082 20.358 0.044 53679.368915 19.94 0.039 53679.370582 19.931 0.142 33.179592 -0.25002
53681.361262 21.785 0.208 53681.362928 20.908 0.035 53681.359595 20.378 0.032 53681.360428 19.975 0.032 53681.362095 19.759 0.083 33.179592 -0.25002
53684.322756 21.869 0.58 53684.324422 21.181 0.132 53684.321089 20.319 0.058 53684.321922 20.054 0.08 53684.323589 19.502 0.232 33.179592 -0.25002
53687.26406 21.552 0.494 53687.265726 20.883 0.11 53687.262393 20.416 0.071 53687.263226 19.993 0.054 53687.264893 20 0.136 33.179592 -0.25002
53694.334205 21.317 0.452 53694.335871 20.946 0.108 53694.332538 20.388 0.067 53694.333371 19.97 0.052 53694.335038 19.673 0.12 33.179592 -0.25002
53697.318287 21.82 0.313 53697.319953 20.851 0.051 53697.31662 20.351 0.037 53697.317453 19.918 0.034 53697.31912 19.999 0.121 33.179592 -0.25002
53700.317243 21.55 0.22 53700.318909 -99.99 0.043 53700.315576 20.342 0.037 53700.316409 19.979 0.04 53700.318076 20.105 0.179 33.179592 -0.25002
53705.303914 21.686 0.272 53705.30558 -99.99 0.041 53705.302247 20.324 0.04 53705.30308 19.908 0.036 53705.304747 19.777 0.125 33.179592 -0.25002
53975.388908 21.499 0.144 53975.390574 20.856 0.033 53975.387241 20.319 0.028 53975.388074 19.895 0.028 53975.389741 19.826 0.091 33.179592 -0.25002
53994.411906 21.541 0.152 53994.413573 20.885 0.033 53994.410239 20.376 0.033 53994.411073 19.982 0.029 53994.412739 19.997 0.093 33.179592 -0.25002
53996.395644 21.534 0.125 53996.397311 20.918 0.03 53996.393977 20.412 0.038 53996.394811 20 0.032 53996.396477 19.741 0.073 33.179592 -0.25002
54005.408813 21.624 0.124 54005.410479 20.858 0.024 54005.407146 20.413 0.026 54005.407979 19.959 0.025 54005.409646 19.873 0.071 33.179592 -0.25002
54010.349792 -99.99 0.111 54010.351459 20.885 0.024 54010.348125 20.376 0.021 54010.348959 19.953 0.025 54010.350625 19.957 0.064 33.179592 -0.25002
54012.342621 21.461 0.284 54012.344288 20.916 0.076 54012.340954 20.393 0.045 54012.341788 19.923 0.043 54012.343454 19.955 0.124 33.179592 -0.25002
54020.34863 21.774 0.329 54020.350297 -99.99 0.068 54020.346964 20.387 0.038 54020.347797 19.958 0.038 54020.349464 19.988 0.141 33.179592 -0.25002
54024.430231 21.692 0.187 54024.431898 20.888 0.044 54024.428564 20.358 0.036 54024.429398 20.007 0.04 54024.431064 19.965 0.112 33.179592 -0.25002
54028.418472 21.61 0.167 54028.420139 -99.99 0.054 54028.416806 20.436 0.034 54028.417639 19.967 0.03 54028.419306 19.98 0.113 33.179592 -0.25002
54030.342178 21.58 0.116 54030.343845 20.846 0.026 54030.340512 20.344 0.026 54030.341345 19.992 0.027 54030.343012 19.869 0.074 33.179592 -0.25002
54035.417938 21.808 0.284 54035.419605 20.861 0.051 54035.416271 20.386 0.045 54035.417105 20.016 0.043 54035.418771 19.972 0.149 33.179592 -0.25002
54037.323383 21.463 0.12 54037.325049 20.904 0.031 54037.321716 20.369 0.025 54037.322549 19.994 0.034 54037.324216 19.893 0.076 33.179592 -0.25002
54040.337863 21.798 0.258 54040.33953 20.856 0.055 54040.336196 20.378 0.045 54040.33703 19.908 0.033 54040.338696 20.031 0.115 33.179592 -0.25002
54047.368502 25.552 99.999 54047.370169 20.545 0.131 54047.366836 20.285 0.107 54047.367669 19.914 0.08 54047.369336 19.983 0.216 33.179592 -0.25002
54049.364324 21.433 0.311 54049.365991 -99.99 0.068 54049.362658 20.38 0.047 54049.363491 19.956 0.04 54049.365158 20.103 0.146 33.179592 -0.25002
54053.344077 21.523 0.18 54053.345744 -99.99 0.043 54053.34241 20.319 0.032 54053.343244 -99.99 0.032 54053.34491 -99.99 0.123 33.179592 -0.25002
54056.330344 21.348 0.181 54056.332011 20.873 0.042 54056.328678 20.338 0.036 54056.329511 20.022 0.04 54056.331178 19.986 0.131 33.179592 -0.25002
54059.324646 21.446 0.165 54059.326313 -99.99 0.043 54059.32298 20.352 0.037 54059.323813 20.001 0.037 54059.32548 19.899 0.116 33.179592 -0.25002
54061.335715 21.998 0.731 54061.337382 20.869 0.06 54061.334049 -99.99 0.147 54061.334882 19.986 0.052 54061.336549 19.601 0.147 33.179592 -0.25002
54062.329487 21.537 0.163 54062.331153 20.948 0.03 54062.32782 20.35 0.03 54062.328653 19.979 0.034 54062.33032 20.032 0.119 33.179592 -0.25002
54064.325931 21.942 0.233 54064.327598 20.963 0.034 54064.324264 20.325 0.03 54064.325098 19.953 0.031 54064.326764 20.122 0.123 33.179592 -0.25002
54068.310085 21.473 0.254 54068.311752 20.909 0.067 54068.308419 20.496 0.064 54068.309252 19.978 0.045 54068.310919 19.853 0.14 33.179592 -0.25002
54357.367878 21.647 0.122 54357.369545 20.911 0.027 54357.366212 20.343 0.021 54357.367045 19.973 0.027 54357.368712 19.817 0.058 33.179592 -0.25002
54362.417605 21.737 0.141 54362.419271 20.91 0.029 54362.415938 20.383 0.028 54362.416771 19.962 0.029 54362.418438 20.1 0.094 33.179592 -0.25002
54376.412692 22.045 0.26 54376.414358 20.839 0.036 54376.411025 20.412 0.035 54376.411858 19.981 0.037 54376.413525 19.901 0.078 33.179592 -0.25002
54382.397866 21.583 0.188 54382.399533 20.869 0.036 54382.3962 20.424 0.038 54382.397033 19.935 0.039 54382.3987 19.891 0.13 33.179592 -0.25002
54385.415626 21.514 0.145 54385.417293 20.88 0.032 54385.41396 20.363 0.028 54385.414793 20.027 0.028 54385.41646 19.972 0.081 33.179592 -0.25002
54390.40852 21.466 0.156 54390.410186 20.898 0.041 54390.406853 -99.99 0.045 54390.407686 19.938 0.037 54390.409353 19.929 0.142 33.179592 -0.25002
54391.416951 -99.99 0.385 54391.418618 20.995 0.07 54391.415284 20.444 0.064 54391.416118 19.981 0.071 54391.417784 20.235 0.335 33.179592 -0.25002
54402.409357 21.329 0.306 54402.411023 20.971 0.103 54402.40769 20.399 0.053 54402.408523 20.02 0.037 54402.41019 20.005 0.114 33.179592 -0.25002
