51081.375984 -99.99 0.131 51081.37765 -99.99 0.024 51081.374317 20.09 0.026 51081.37515 20.111 0.033 51081.376817 19.533 0.081 33.363547 -0.246359
51819.447092 21.37 0.168 51819.448758 -99.99 0.027 51819.445425 20.231 0.029 51819.446258 20.073 0.036 51819.447925 19.516 0.086 33.363547 -0.246359
51875.190979 21.466 0.124 51875.192645 20.32 0.022 51875.189312 20.147 0.026 51875.190145 20.03 0.034 51875.191812 19.607 0.089 33.363547 -0.246359
52225.271792 21.929 0.18 52225.273458 20.381 0.022 52225.270125 20.254 0.025 52225.270958 20.182 0.03 52225.272625 19.764 0.085 33.363547 -0.246359
52288.106213 21.626 0.144 52288.107879 20.405 0.023 52288.104546 20.304 0.029 52288.105379 20.178 0.034 52288.107046 19.739 0.08 33.363547 -0.246359
52551.379503 -99.99 0.16 52551.381169 20.387 0.024 52551.377836 20.275 0.027 52551.378669 20.075 0.033 52551.380336 19.599 0.078 33.363547 -0.246359
52558.412379 21.544 0.126 52558.414045 20.387 0.02 52558.410712 20.244 0.023 52558.411545 20.099 0.027 52558.413212 19.689 0.069 33.363547 -0.246359
52576.245429 21.571 0.139 52576.247095 20.366 0.022 52576.243762 20.234 0.026 52576.244595 20.146 0.032 52576.246262 19.586 0.074 33.363547 -0.246359
52578.283984 21.366 0.129 52578.28565 20.367 0.022 52578.282317 20.234 0.025 52578.28315 20.152 0.034 52578.284817 19.683 0.09 33.363547 -0.246359
52585.246965 21.649 0.14 52585.248631 20.347 0.022 52585.245298 20.224 0.026 52585.246131 20.119 0.04 52585.247798 19.615 0.101 33.363547 -0.246359
52909.4136 21.638 0.141 52909.415266 20.406 0.022 52909.411933 20.299 0.025 52909.412766 20.135 0.03 52909.414433 19.666 0.069 33.363547 -0.246359
52910.383842 21.474 0.145 52910.385508 20.333 0.023 52910.382175 20.221 0.032 52910.383008 20.175 0.038 52910.384675 19.761 0.085 33.363547 -0.246359
52935.31101 21.405 0.142 52935.312676 20.389 0.024 52935.309343 20.206 0.032 52935.310176 20.218 0.038 52935.311843 19.767 0.114 33.363547 -0.246359
52963.234086 21.661 0.124 52963.235752 20.427 0.02 52963.232419 20.267 0.022 52963.233252 20.191 0.028 52963.234919 19.73 0.066 33.363547 -0.246359
52971.225002 21.747 0.182 52971.226668 20.434 0.024 52971.223335 20.263 0.028 52971.224168 20.135 0.034 52971.225835 19.707 0.079 33.363547 -0.246359
53351.156389 21.581 0.179 53351.158055 20.415 0.025 53351.154722 20.297 0.032 53351.155555 20.116 0.044 53351.157222 19.812 0.115 33.363547 -0.246359
53622.413444 21.638 0.152 53622.41511 20.454 0.023 53622.411777 20.242 0.025 53622.41261 20.176 0.032 53622.414277 19.844 0.087 33.363547 -0.246359
53634.362915 22.305 1.128 53634.364581 20.336 0.071 53634.361248 20.247 0.07 53634.362081 20.155 0.072 53634.363748 19.888 0.122 33.363547 -0.246359
53638.404252 21.711 0.195 53638.405918 20.434 0.028 53638.402585 20.313 0.029 53638.403418 20.199 0.032 53638.405085 19.759 0.079 33.363547 -0.246359
53640.368287 22.365 0.407 53640.369953 20.397 0.03 53640.36662 20.235 0.03 53640.367453 20.18 0.036 53640.36912 19.921 0.108 33.363547 -0.246359
53646.429698 -99.99 0.676 53646.431364 -99.99 0.029 53646.428031 20.309 0.034 53646.428864 20.207 0.049 53646.430531 19.752 0.126 33.363547 -0.246359
53655.340461 21.729 0.179 53655.342127 20.412 0.022 53655.338794 20.318 0.031 53655.339627 20.213 0.039 53655.341294 19.754 0.088 33.363547 -0.246359
53663.430104 21.218 0.36 53663.43177 20.442 0.065 53663.428437 20.346 0.054 53663.42927 20.221 0.054 53663.430937 19.709 0.087 33.363547 -0.246359
53664.365417 21.973 0.852 53664.367083 20.435 0.097 53664.36375 20.305 0.082 53664.364583 20.286 0.105 53664.36625 19.423 0.163 33.363547 -0.246359
53665.430052 22.06 0.553 53665.431718 20.557 0.05 53665.428385 20.377 0.042 53665.429218 20.306 0.048 53665.430885 19.662 0.1 33.363547 -0.246359
53668.418657 21.855 0.498 53668.420323 20.576 0.056 53668.41699 20.305 0.047 53668.417823 20.192 0.057 53668.41949 19.686 0.141 33.363547 -0.246359
53669.324661 21.844 0.242 53669.326327 -99.99 0.069 53669.322994 20.272 0.033 53669.323827 20.182 0.042 53669.325494 19.648 0.102 33.363547 -0.246359
53670.42463 21.981 0.602 53670.426296 20.446 0.043 53670.422963 20.365 0.046 53670.423796 20.159 0.055 53670.425463 19.545 0.11 33.363547 -0.246359
53671.409416 21.531 0.225 53671.411082 -99.99 0.031 53671.407749 20.274 0.035 53671.408582 20.193 0.038 53671.410249 19.86 0.104 33.363547 -0.246359
53674.308898 22.402 0.487 53674.310564 -99.99 0.032 53674.307231 20.316 0.033 53674.308064 20.227 0.045 53674.309731 19.722 0.107 33.363547 -0.246359
53676.398359 22.309 0.351 53676.400025 20.459 0.027 53676.396692 20.31 0.032 53676.397525 20.194 0.033 53676.399192 19.812 0.092 33.363547 -0.246359
53679.370258 21.839 0.257 53679.371924 20.466 0.03 53679.368591 20.302 0.041 53679.369424 20.19 0.05 53679.371091 19.884 0.135 33.363547 -0.246359
53681.361772 22.238 0.314 53681.363438 20.452 0.023 53681.360105 20.324 0.027 53681.360938 20.188 0.032 53681.362605 19.901 0.088 33.363547 -0.246359
53684.323266 21.177 0.338 53684.324932 20.289 0.064 53684.321599 20.322 0.069 53684.322432 20.107 0.097 53684.324099 19.39 0.221 33.363547 -0.246359
53687.26457 21.121 0.296 53687.266236 20.466 0.078 53687.262903 20.324 0.065 53687.263736 20.355 0.078 53687.265403 19.798 0.115 33.363547 -0.246359
53694.334715 21.725 0.634 53694.336381 20.428 0.067 53694.333048 -99.99 0.063 53694.333881 -99.99 0.058 53694.335548 19.929 0.145 33.363547 -0.246359
53697.318797 22.478 0.557 53697.320463 20.576 0.041 53697.31713 20.264 0.034 53697.317963 20.175 0.04 53697.31963 19.791 0.094 33.363547 -0.246359
53700.317754 21.584 0.225 53700.31942 20.432 0.031 53700.316087 20.308 0.036 53700.31692 20.118 0.049 53700.318587 19.723 0.151 33.363547 -0.246359
53705.304424 21.373 0.214 53705.30609 -99.99 0.026 53705.302757 20.334 0.043 53705.30359 20.143 0.046 53705.305257 -99.99 0.163 33.363547 -0.246359
53975.389414 21.732 0.176 53975.391081 20.43 0.03 53975.387748 20.341 0.028 53975.388581 20.227 0.032 53975.390248 19.856 0.095 33.363547 -0.246359
53994.412413 21.56 0.149 53994.414079 20.448 0.025 53994.410746 20.321 0.029 53994.411579 20.188 0.032 53994.413246 19.821 0.08 33.363547 -0.246359
53996.396231 21.643 0.133 53996.397898 20.422 0.024 53996.394564 20.261 0.036 53996.395398 20.234 0.035 53996.397064 19.685 0.07 33.363547 -0.246359
54005.409324 21.827 0.182 54005.41099 20.474 0.023 54005.407657 20.282 0.022 54005.40849 20.217 0.026 54005.410157 19.813 0.068 33.363547 -0.246359
54010.350278 21.673 0.113 54010.351944 20.513 0.021 54010.348611 20.295 0.021 54010.349444 20.205 0.028 54010.351111 19.786 0.057 33.363547 -0.246359
54012.343162 22.3 1.001 54012.344828 20.449 0.052 54012.341495 20.357 0.046 54012.342328 20.282 0.057 54012.343995 19.963 0.117 33.363547 -0.246359
54020.349114 21.546 0.187 54020.350781 20.407 0.048 54020.347448 20.292 0.036 54020.348281 20.223 0.044 54020.349948 19.732 0.109 33.363547 -0.246359
54024.430718 22.155 0.348 54024.432384 20.471 0.031 54024.429051 20.299 0.034 54024.429884 20.196 0.039 54024.431551 19.799 0.099 33.363547 -0.246359
54028.419006 21.466 0.15 54028.420673 -99.99 0.049 54028.41734 20.351 0.031 54028.418173 20.206 0.034 54028.41984 -99.99 0.108 33.363547 -0.246359
54030.342646 -99.99 0.173 54030.344313 20.495 0.025 54030.340979 20.267 0.025 54030.341813 20.159 0.029 54030.343479 19.887 0.075 33.363547 -0.246359
54030.37442 21.743 0.142 54030.376087 20.493 0.029 54030.372754 20.311 0.027 54030.373587 20.202 0.032 54030.375254 19.643 0.064 33.363547 -0.246359
54035.41848 21.69 0.162 54035.420146 20.518 0.038 54035.416813 20.303 0.044 54035.417646 20.197 0.057 54035.419313 20 0.133 33.363547 -0.246359
54037.323915 21.634 0.143 54037.325581 20.483 0.025 54037.322248 20.319 0.022 54037.323081 20.152 0.034 54037.324748 19.822 0.066 33.363547 -0.246359
54040.338404 21.654 0.187 54040.34007 -99.99 0.041 54040.336737 20.297 0.041 54040.33757 20.261 0.051 54040.339237 19.877 0.099 33.363547 -0.246359
54047.368922 20.82 0.477 54047.370589 -99.99 0.138 54047.367256 20.216 0.094 54047.368089 -99.99 0.073 54047.369756 19.635 0.171 33.363547 -0.246359
54049.36496 22.44 0.873 54049.366627 20.527 0.048 54049.363294 20.412 0.049 54049.364127 20.193 0.046 54049.365794 19.73 0.103 33.363547 -0.246359
54053.344566 21.782 0.216 54053.346232 -99.99 0.033 54053.342899 20.263 0.031 54053.343732 -99.99 0.041 54053.345399 -99.99 0.131 33.363547 -0.246359
54056.330828 21.659 0.218 54056.332495 20.458 0.029 54056.329162 20.297 0.035 54056.329995 20.178 0.043 54056.331662 19.646 0.105 33.363547 -0.246359
54059.32513 21.508 0.174 54059.326797 20.479 0.03 54059.323463 20.296 0.033 54059.324297 20.283 0.043 54059.325963 19.774 0.11 33.363547 -0.246359
54061.336235 21.256 0.293 54061.337902 -99.99 0.053 54061.334569 20.259 0.073 54061.335402 20.112 0.063 54061.337069 19.764 0.152 33.363547 -0.246359
54062.329997 21.621 0.174 54062.331664 20.516 0.025 54062.328331 20.3 0.028 54062.329164 20.203 0.039 54062.330831 19.682 0.089 33.363547 -0.246359
54064.326441 21.814 0.223 54064.328108 20.534 0.026 54064.324774 20.28 0.029 54064.325608 20.203 0.036 54064.327274 19.769 0.091 33.363547 -0.246359
54068.310571 21.565 0.246 54068.312238 20.448 0.045 54068.308904 20.373 0.055 54068.309738 20.117 0.051 54068.311404 20.232 0.208 33.363547 -0.246359
54357.368345 21.793 0.133 54357.370012 20.446 0.018 54357.366678 20.273 0.024 54357.367512 20.149 0.029 54357.369178 19.697 0.053 33.363547 -0.246359
54362.41812 21.749 0.13 54362.419786 20.461 0.022 54362.416453 20.257 0.024 54362.417286 20.157 0.032 54362.418953 19.656 0.062 33.363547 -0.246359
54376.413207 21.855 0.176 54376.414873 20.436 0.03 54376.41154 20.241 0.026 54376.412373 20.162 0.031 54376.41404 19.659 0.067 33.363547 -0.246359
54382.398335 22.271 0.344 54382.400002 20.366 0.03 54382.396669 20.173 0.038 54382.397502 20.128 0.04 54382.399169 19.893 0.133 33.363547 -0.246359
54385.41615 21.486 0.135 54385.417817 20.395 0.028 54385.414484 20.227 0.022 54385.415317 20.142 0.029 54385.416984 19.716 0.069 33.363547 -0.246359
54387.416672 22.073 0.285 54387.418339 20.457 0.035 54387.415005 20.293 0.056 54387.415839 20.064 0.056 54387.417505 19.875 0.153 33.363547 -0.246359
54390.409049 21.327 0.171 54390.410716 20.353 0.027 54390.407383 20.28 0.037 54390.408216 20.17 0.051 54390.409883 19.795 0.121 33.363547 -0.246359
54391.417526 23.556 2.062 54391.419193 20.36 0.04 54391.415859 20.448 0.076 54391.416693 20.103 0.078 54391.418359 19.877 0.228 33.363547 -0.246359
54402.409896 21.182 0.349 54402.411563 20.397 0.067 54402.40823 20.316 0.05 54402.409063 20.007 0.04 54402.41073 19.666 0.084 33.363547 -0.246359
