51081.370135 24.052 1.016 51081.371801 21.042 0.039 51081.368468 20.228 0.028 51081.369301 20.064 0.032 51081.370968 20.025 0.109 31.261715 -0.294184
51819.441293 25.879 0.835 51819.442959 20.974 0.043 51819.439626 20.203 0.027 51819.440459 20.107 0.038 51819.442126 20.088 0.142 31.261715 -0.294184
52225.26597 23.14 0.539 52225.267636 21.14 0.038 52225.264303 20.201 0.025 52225.265136 20.098 0.031 52225.266803 20.07 0.109 31.261715 -0.294184
52288.10039 23.7 0.814 52288.102056 21.107 0.041 52288.098723 20.247 0.029 52288.099556 20.135 0.034 52288.101223 20.241 0.13 31.261715 -0.294184
52551.373682 25.378 0.846 52551.375348 21.086 0.04 52551.372015 20.158 0.028 52551.372848 20.13 0.036 52551.374515 20.222 0.122 31.261715 -0.294184
52558.406559 23.676 0.661 52558.408225 21.09 0.034 52558.404892 20.289 0.024 52558.405725 20.1 0.026 52558.407392 19.983 0.085 31.261715 -0.294184
52576.239609 23.92 0.827 52576.241275 21.079 0.036 52576.237942 20.311 0.029 52576.238775 20.2 0.035 52576.240442 20.201 0.119 31.261715 -0.294184
52577.294065 22.85 0.412 52577.295731 21.077 0.037 52577.292398 20.223 0.026 52577.293231 20.133 0.031 52577.294898 20.001 0.101 31.261715 -0.294184
52585.241142 24.597 0.911 52585.242808 21.052 0.033 52585.239475 20.236 0.027 52585.240308 20.104 0.04 52585.241975 19.983 0.136 31.261715 -0.294184
52909.407779 25.365 0.824 52909.409445 21.187 0.041 52909.406112 20.366 0.026 52909.406945 20.304 0.034 52909.408612 20.211 0.119 31.261715 -0.294184
52910.378021 24.289 0.988 52910.379687 21.204 0.04 52910.376354 20.39 0.031 52910.377187 20.278 0.033 52910.378854 20.347 0.131 31.261715 -0.294184
52935.305189 24.309 1.282 52935.306855 21.187 0.046 52935.303522 20.365 0.033 52935.304355 20.233 0.041 52935.306022 20.299 0.183 31.261715 -0.294184
52963.228265 24.409 0.734 52963.229931 21.123 0.035 52963.226598 20.327 0.022 52963.227431 20.256 0.029 52963.229098 20.194 0.097 31.261715 -0.294184
52971.21918 23.315 0.695 52971.220846 21.149 0.045 52971.217513 20.354 0.032 52971.218346 20.217 0.038 52971.220013 20.073 0.116 31.261715 -0.294184
53351.150569 25.182 1.204 53351.152235 21.074 0.04 53351.148902 20.287 0.03 53351.149735 20.114 0.04 53351.151402 20.16 0.159 31.261715 -0.294184
53622.407623 23.833 0.864 53622.409289 21.189 0.04 53622.405956 20.323 0.028 53622.406789 20.209 0.035 53622.408456 20.259 0.142 31.261715 -0.294184
53634.357094 22.272 1.112 53634.35876 21.274 0.165 53634.355427 20.489 0.079 53634.35626 20.293 0.072 53634.357927 20.078 0.145 31.261715 -0.294184
53638.398431 23.08 0.643 53638.400097 21.115 0.046 53638.396764 20.349 0.03 53638.397597 20.246 0.035 53638.399264 20.086 0.11 31.261715 -0.294184
53640.362466 23.664 0.923 53640.364132 21.182 0.053 53640.360799 20.409 0.034 53640.361632 20.269 0.038 53640.363299 20.131 0.123 31.261715 -0.294184
53646.423876 23.584 0.957 53646.425542 21.27 0.06 53646.422209 20.336 0.04 53646.423042 20.298 0.05 53646.424709 20.245 0.156 31.261715 -0.294184
53655.334639 25.68 0.881 53655.336305 21.184 0.043 53655.332972 20.42 0.034 53655.333805 20.296 0.041 53655.335472 20.278 0.157 31.261715 -0.294184
53664.359596 23.088 1.853 53664.361262 21.513 0.225 53664.357929 20.415 0.09 53664.358762 20.108 0.084 53664.360429 20.026 0.226 31.261715 -0.294184
53665.424231 23.191 1.489 53665.425897 21.164 0.089 53665.422564 20.417 0.048 53665.423397 20.271 0.05 53665.425064 20.105 0.157 31.261715 -0.294184
53669.31884 24.917 1.171 53669.320506 21.362 0.056 53669.317173 20.426 0.033 53669.318006 20.304 0.041 53669.319673 20.234 0.141 31.261715 -0.294184
53671.403596 22.661 0.574 53671.405262 21.267 0.051 53671.401929 20.352 0.033 53671.402762 20.28 0.039 53671.404429 20.275 0.14 31.261715 -0.294184
53674.303076 25.54 1.01 53674.304742 21.358 0.051 53674.301409 20.403 0.039 53674.302242 20.286 0.045 53674.303909 20.475 0.175 31.261715 -0.294184
53676.392538 23.082 0.709 53676.394204 21.253 0.047 53676.390871 20.366 0.029 53676.391704 20.348 0.036 53676.393371 20.396 0.141 31.261715 -0.294184
53679.364437 24.414 1.837 53679.366103 -99.99 0.077 53679.36277 20.364 0.046 53679.363603 20.374 0.067 53679.36527 20.647 0.383 31.261715 -0.294184
53681.355951 25.518 0.779 53681.357617 21.297 0.041 53681.354284 20.484 0.03 53681.355117 20.338 0.034 53681.356784 20.082 0.107 31.261715 -0.294184
53684.317445 23.825 1.547 53684.319111 21.137 0.068 53684.315778 20.48 0.051 53684.316611 20.246 0.056 53684.318278 20.621 0.336 31.261715 -0.294184
53694.328892 25.421 3.527 53694.330558 21.602 0.271 53694.327225 20.569 0.081 53694.328058 20.328 0.071 53694.329725 20.128 0.218 31.261715 -0.294184
53697.312976 22.716 0.64 53697.314642 21.23 0.071 53697.311309 20.431 0.037 53697.312142 20.377 0.046 53697.313809 20.12 0.131 31.261715 -0.294184
53700.311932 22.342 0.493 53700.313598 21.259 0.057 53700.310265 20.361 0.038 53700.311098 20.361 0.061 53700.312765 20.408 0.255 31.261715 -0.294184
53705.298603 25.301 1.383 53705.300269 21.304 0.065 53705.296936 20.459 0.042 53705.297769 20.275 0.048 53705.299436 20.143 0.152 31.261715 -0.294184
53975.383627 23.388 0.909 53975.385293 21.277 0.046 53975.38196 20.379 0.036 53975.382793 20.263 0.041 53975.38446 20.674 0.213 31.261715 -0.294184
53994.406625 99.998 99.999 53994.408292 21.199 0.047 53994.404958 20.44 0.03 53994.405792 20.275 0.037 53994.407458 20.55 0.166 31.261715 -0.294184
53996.390353 23.902 1.24 53996.39202 21.243 0.06 53996.388686 20.352 0.036 53996.38952 20.281 0.045 53996.391186 20.236 0.172 31.261715 -0.294184
54005.403493 24.954 2.169 54005.405159 21.275 0.033 54005.401826 20.417 0.027 54005.402659 20.278 0.03 54005.404326 20.283 0.096 31.261715 -0.294184
54010.344453 24.095 0.978 54010.346119 21.264 0.035 54010.342786 20.456 0.024 54010.343619 20.3 0.032 54010.345286 20.236 0.086 31.261715 -0.294184
54012.337308 22.644 0.816 54012.338974 21.203 0.088 54012.335641 20.534 0.057 54012.336474 20.321 0.052 54012.338141 19.912 0.118 31.261715 -0.294184
54020.343289 24.292 3.375 54020.344956 21.3 0.089 54020.341622 20.46 0.041 54020.342456 20.269 0.05 54020.344122 20.294 0.182 31.261715 -0.294184
54024.424906 100.016 99.999 54024.426573 21.363 0.062 54024.423239 20.493 0.043 54024.424073 20.333 0.046 54024.425739 20.724 0.229 31.261715 -0.294184
54028.413156 100.002 99.999 54028.414822 21.292 0.041 54028.411489 20.47 0.033 54028.412322 20.273 0.039 54028.413989 20.41 0.164 31.261715 -0.294184
54030.336834 23.279 0.495 54030.338501 21.263 0.037 54030.335167 20.478 0.025 54030.336001 20.288 0.029 54030.337667 20.377 0.113 31.261715 -0.294184
54035.412596 22.11 0.385 54035.414263 21.232 0.06 54035.410929 20.405 0.045 54035.411763 20.368 0.055 54035.413429 20.456 0.241 31.261715 -0.294184
54037.318069 99.995 99.999 54037.319736 21.342 0.035 54037.316402 20.467 0.024 54037.317236 20.333 0.031 54037.318902 20.291 0.084 31.261715 -0.294184
54040.332592 24.575 3.765 54040.334258 21.396 0.095 54040.330925 20.537 0.048 54040.331758 20.298 0.048 54040.333425 20.457 0.168 31.261715 -0.294184
54047.363336 99.987 99.999 54047.365003 21.749 0.489 54047.36167 20.311 0.102 54047.362503 20.206 0.11 54047.36417 20.856 0.522 31.261715 -0.294184
54049.359011 100.002 99.999 54049.360677 21.601 0.139 54049.357344 20.45 0.053 54049.358177 20.349 0.061 54049.359844 20.498 0.216 31.261715 -0.294184
54056.325025 25.043 4.324 54056.326692 21.295 0.047 54056.323359 20.468 0.037 54056.324192 20.439 0.048 54056.325859 20.061 0.131 31.261715 -0.294184
54059.31933 27.318 99.999 54059.320997 21.407 0.053 54059.317664 20.451 0.039 54059.318497 20.309 0.046 54059.320164 19.878 0.117 31.261715 -0.294184
54061.330383 100.003 99.999 54061.332049 21.389 0.077 54061.328716 20.572 0.065 54061.329549 20.414 0.079 54061.331216 20.054 0.184 31.261715 -0.294184
54062.324173 24.024 1.489 54062.325839 21.344 0.044 54062.322506 20.466 0.033 54062.323339 20.404 0.043 54062.325006 20.314 0.158 31.261715 -0.294184
54064.320613 24.52 2.233 54064.32228 21.35 0.045 54064.318947 20.436 0.03 54064.31978 20.348 0.036 54064.321447 20.206 0.13 31.261715 -0.294184
54068.30475 24.545 4.49 54068.306417 21.097 0.098 54068.303084 20.543 0.056 54068.303917 20.287 0.052 54068.305584 20.188 0.189 31.261715 -0.294184
54357.362497 23.562 0.633 54357.364164 21.082 0.028 54357.36083 20.305 0.031 54357.361664 20.158 0.027 54357.36333 20.195 0.078 31.261715 -0.294184
54359.394223 99.998 99.999 54359.395889 20.974 0.049 54359.392556 20.274 0.034 54359.393389 20.191 0.044 54359.395056 20.238 0.22 31.261715 -0.294184
54362.412292 99.992 99.999 54362.413958 21.109 0.029 54362.410625 20.247 0.025 54362.411458 20.238 0.031 54362.413125 20.069 0.086 31.261715 -0.294184
54376.407379 99.991 99.999 54376.409045 21.117 0.042 54376.405712 20.334 0.025 54376.406545 20.24 0.034 54376.408212 20.146 0.096 31.261715 -0.294184
54382.392522 23.31 1.073 54382.394189 21.162 0.046 54382.390855 20.311 0.036 54382.391689 20.255 0.05 54382.393355 19.972 0.14 31.261715 -0.294184
54385.410329 23.889 1.15 54385.411996 21.178 0.043 54385.408663 20.305 0.026 54385.409496 20.226 0.03 54385.411163 20.099 0.09 31.261715 -0.294184
54390.403238 22.444 0.48 54390.404904 21.192 0.052 54390.401571 -99.99 0.086 54390.402404 20.19 0.053 54390.404071 20.233 0.221 31.261715 -0.294184
54391.411638 -99.99 0.554 54391.413305 21.228 0.085 54391.409972 20.289 0.067 54391.410805 20.218 0.082 54391.412472 20.343 0.294 31.261715 -0.294184
54402.404197 21.583 0.484 54402.405864 21.155 0.118 54402.402531 20.358 0.049 54402.403364 20.162 0.046 54402.405031 20.069 0.124 31.261715 -0.294184
