51075.388549 19.069 0.022 51075.390215 18.976 0.01 51075.386882 18.639 0.009 51075.387715 18.65 0.012 51075.389382 18.622 0.043 32.018699 -0.006424
51818.358203 19.008 0.023 51818.359869 18.939 0.009 51818.356536 18.601 0.009 51818.357369 18.585 0.011 51818.359036 18.659 0.033 32.018699 -0.006424
51819.443402 19.166 0.03 51819.445068 18.991 0.01 51819.441735 18.602 0.01 51819.442568 18.605 0.012 51819.444235 18.658 0.046 32.018699 -0.006424
52173.322573 19.17 0.031 52173.324239 19.04 0.011 52173.320906 18.726 0.011 52173.321739 18.66 0.014 52173.323406 18.707 0.045 32.018699 -0.006424
52231.288129 19.103 0.024 52231.289795 19.008 0.01 52231.286462 18.674 0.01 52231.287295 18.683 0.012 52231.288962 18.725 0.034 32.018699 -0.006424
52234.25922 19.145 0.025 52234.260886 19.067 0.01 52234.257553 18.68 0.01 52234.258386 18.644 0.011 52234.260053 18.718 0.033 32.018699 -0.006424
52287.103067 19.082 0.023 52287.104733 18.996 0.01 52287.1014 18.647 0.01 52287.102233 18.642 0.011 52287.1039 18.769 0.035 32.018699 -0.006424
52557.396126 19.291 0.03 52557.397792 19.17 0.011 52557.394459 18.777 0.01 52557.395292 18.777 0.013 52557.396959 18.802 0.044 32.018699 -0.006424
52912.350133 18.972 0.026 52912.351799 18.901 0.009 52912.348466 18.617 0.01 52912.349299 18.603 0.012 52912.350966 18.762 0.036 32.018699 -0.006424
52935.307286 18.88 0.025 52935.308952 18.8 0.009 52935.305619 18.623 0.01 52935.306452 18.63 0.013 52935.308119 -99.99 0.048 32.018699 -0.006424
52936.298524 18.837 0.02 52936.30019 18.832 0.009 52936.296857 18.597 0.009 52936.29769 18.578 0.011 52936.299357 18.652 0.033 32.018699 -0.006424
52963.230361 18.877 0.021 52963.232027 18.818 0.008 52963.228694 18.576 0.009 52963.229527 18.588 0.01 52963.231194 18.649 0.035 32.018699 -0.006424
53270.362607 19.207 0.031 53270.364274 19.075 0.016 53270.36094 18.724 0.017 53270.361774 18.703 0.016 53270.36344 18.748 0.033 32.018699 -0.006424
53288.339735 19.249 0.027 53288.341401 19.128 0.01 53288.338068 18.757 0.01 53288.338901 18.707 0.011 53288.340568 18.755 0.034 32.018699 -0.006424
53296.334451 -99.99 0.027 53296.336118 19.141 0.022 53296.332785 18.798 0.022 53296.333618 18.745 0.016 53296.335285 18.788 0.043 32.018699 -0.006424
53312.290938 19.329 0.039 53312.292605 19.128 0.024 53312.289272 18.817 0.016 53312.290105 18.746 0.017 53312.291772 18.75 0.048 32.018699 -0.006424
53314.292136 19.304 0.033 53314.293802 19.191 0.013 53314.290469 18.817 0.012 53314.291302 18.73 0.014 53314.292969 18.794 0.046 32.018699 -0.006424
53319.279931 19.285 0.04 53319.281597 19.205 0.014 53319.278264 18.804 0.016 53319.279097 18.727 0.019 53319.280764 18.726 0.056 32.018699 -0.006424
53351.152666 19.264 0.031 53351.154332 19.128 0.011 53351.150999 18.823 0.011 53351.151832 18.767 0.014 53351.153499 18.827 0.063 32.018699 -0.006424
53616.396491 19.299 0.033 53616.398157 19.212 0.012 53616.394824 18.827 0.011 53616.395657 18.769 0.014 53616.397324 18.762 0.045 32.018699 -0.006424
53626.372918 19.299 0.03 53626.374584 19.229 0.012 53626.371251 -99.99 0.013 53626.372084 -99.99 0.021 53626.373751 18.908 0.053 32.018699 -0.006424
53628.357783 19.2 0.039 53628.359449 19.198 0.018 53628.356116 18.877 0.014 53628.356949 18.853 0.016 53628.358616 18.913 0.05 32.018699 -0.006424
53639.404779 19.416 0.034 53639.406445 19.178 0.011 53639.403112 18.864 0.01 53639.403945 18.813 0.012 53639.405612 18.824 0.036 32.018699 -0.006424
53640.364561 19.283 0.034 53640.366227 19.175 0.012 53640.362894 18.852 0.011 53640.363727 18.833 0.014 53640.365394 18.927 0.052 32.018699 -0.006424
53657.36283 19.333 0.059 53657.364496 19.218 0.025 53657.361163 18.945 0.02 53657.361996 18.863 0.022 53657.363663 19.095 0.08 32.018699 -0.006424
53663.347376 19.426 0.056 53663.349042 19.303 0.022 53663.345709 18.817 0.016 53663.346542 18.836 0.016 53663.348209 18.951 0.047 32.018699 -0.006424
53664.361691 19.299 0.073 53664.363357 19.306 0.031 53664.360024 18.883 0.023 53664.360857 18.875 0.026 53664.362524 -99.99 0.084 32.018699 -0.006424
53665.325348 19.305 0.046 53665.327014 19.267 0.02 53665.323681 18.857 0.014 53665.324514 18.823 0.018 53665.326181 18.934 0.051 32.018699 -0.006424
53665.426325 19.481 0.056 53665.427991 19.25 0.017 53665.424658 18.802 0.014 53665.425491 18.863 0.015 53665.427158 18.823 0.052 32.018699 -0.006424
53666.417466 19.316 0.047 53666.419132 -99.99 0.018 53666.415799 18.873 0.013 53666.416632 18.811 0.014 53666.418299 18.874 0.044 32.018699 -0.006424
53668.336976 19.369 0.045 53668.338642 -99.99 0.015 53668.335309 18.866 0.013 53668.336142 18.84 0.017 53668.337809 18.874 0.061 32.018699 -0.006424
53669.424596 19.329 0.053 53669.426262 19.316 0.017 53669.422929 18.871 0.015 53669.423762 18.854 0.017 53669.425429 18.856 0.056 32.018699 -0.006424
53670.341829 19.365 0.035 53670.343495 19.281 0.013 53670.340162 18.862 0.012 53670.340995 18.85 0.014 53670.342662 19.005 0.049 32.018699 -0.006424
53676.394633 -99.99 0.042 53676.396299 19.25 0.012 53676.392966 18.791 0.012 53676.393799 18.889 0.014 53676.395466 18.875 0.05 32.018699 -0.006424
53683.372956 19.374 0.037 53683.374622 19.242 0.013 53683.371289 18.877 0.012 53683.372122 18.847 0.017 53683.373789 18.795 0.059 32.018699 -0.006424
53684.31954 19.461 0.053 53684.321206 19.253 0.018 53684.317873 18.887 0.017 53684.318706 18.798 0.019 53684.320373 18.838 0.076 32.018699 -0.006424
53693.316293 19.423 0.081 53693.317959 19.28 0.026 53693.314626 18.863 0.017 53693.315459 18.863 0.019 53693.317126 18.887 0.053 32.018699 -0.006424
53704.299614 19.387 0.036 53704.30128 -99.99 0.012 53704.297947 18.874 0.012 53704.29878 18.852 0.015 53704.300447 18.894 0.056 32.018699 -0.006424
53989.395758 19.434 0.059 53989.397425 19.298 0.02 53989.394091 18.852 0.019 53989.394925 18.846 0.019 53989.396591 18.816 0.036 32.018699 -0.006424
53995.434405 19.408 0.03 53995.436071 19.234 0.02 53995.432738 18.846 0.015 53995.433571 18.793 0.016 53995.435238 18.894 0.037 32.018699 -0.006424
54000.371084 -99.99 0.04 54000.372751 19.258 0.025 54000.369418 18.884 0.019 54000.370251 18.878 0.015 54000.371918 18.89 0.044 32.018699 -0.006424
54007.421274 19.391 0.03 54007.42294 19.256 0.014 54007.419607 18.871 0.014 54007.42044 18.842 0.019 54007.422107 18.785 0.035 32.018699 -0.006424
54009.345009 -99.99 0.031 54009.346676 19.241 0.018 54009.343343 18.823 0.014 54009.344176 18.787 0.015 54009.345843 18.904 0.038 32.018699 -0.006424
54010.346583 19.489 0.031 54010.34825 19.199 0.029 54010.344917 18.851 0.023 54010.34575 18.824 0.027 54010.347417 18.912 0.035 32.018699 -0.006424
54011.409556 -99.99 0.028 54011.411222 19.251 0.019 54011.407889 18.838 0.018 54011.408722 18.862 0.015 54011.410389 18.87 0.034 32.018699 -0.006424
54025.408536 19.316 0.042 54025.410203 19.258 0.02 54025.40687 18.871 0.016 54025.407703 18.798 0.015 54025.40937 18.898 0.046 32.018699 -0.006424
54030.338932 19.367 0.032 54030.340599 19.207 0.032 54030.337266 18.791 0.023 54030.338099 18.797 0.015 54030.339766 18.914 0.042 32.018699 -0.006424
54047.365257 -99.99 0.148 54047.366923 19.226 0.041 54047.36359 18.958 0.036 54047.364423 18.837 0.059 54047.36609 19.172 0.133 32.018699 -0.006424
54049.361113 19.285 0.056 54049.362779 19.221 0.025 54049.359446 18.903 0.017 54049.360279 18.846 0.031 54049.361946 -99.99 99.999 32.018699 -0.006424
54053.340749 19.304 0.041 54053.342416 -99.99 0.025 54053.339082 -99.99 0.015 54053.339916 18.834 0.02 54053.341582 -99.99 0.055 32.018699 -0.006424
54346.402284 19.276 0.043 54346.403951 19.223 0.024 54346.400618 18.833 0.018 54346.401451 18.813 0.029 54346.403118 18.774 0.04 32.018699 -0.006424
54348.406289 19.337 0.042 54348.407955 19.181 0.02 54348.404622 18.762 0.017 54348.405455 18.764 0.024 54348.407122 18.886 0.044 32.018699 -0.006424
54358.362136 19.289 0.036 54358.363803 19.143 0.038 54358.360469 18.794 0.022 54358.361303 18.729 0.018 54358.362969 18.776 0.05 32.018699 -0.006424
54365.395132 19.232 0.029 54365.396799 19.163 0.017 54365.393465 18.782 0.012 54365.394299 18.75 0.015 54365.395965 18.793 0.033 32.018699 -0.006424
54381.4147 -99.99 0.026 54381.416367 19.087 0.019 54381.413034 18.751 0.021 54381.413867 18.771 0.018 54381.415534 18.796 0.039 32.018699 -0.006424
54384.421361 19.242 0.031 54384.423027 19.155 0.024 54384.419694 18.768 0.015 54384.420527 18.785 0.018 54384.422194 18.739 0.045 32.018699 -0.006424
54386.407039 19.144 0.036 54386.408706 -99.99 0.023 54386.405373 18.757 0.015 54386.406206 18.715 0.015 54386.407873 18.733 0.038 32.018699 -0.006424
54388.411293 -99.99 0.03 54388.41296 19.148 0.018 54388.409627 18.797 0.021 54388.41046 18.749 0.019 54388.412127 18.782 0.034 32.018699 -0.006424
54392.408925 -99.99 0.035 54392.410591 19.109 0.025 54392.407258 18.805 0.018 54392.408091 18.761 0.018 54392.409758 18.812 0.039 32.018699 -0.006424
54403.325078 -99.99 0.052 54403.326744 19.11 0.028 54403.323411 -99.99 0.103 54403.324244 -99.99 0.065 54403.325911 18.809 0.068 32.018699 -0.006424
54404.382638 -99.99 0.081 54404.384304 -99.99 0.023 54404.380971 18.79 0.021 54404.381804 -99.99 0.064 54404.383471 18.675 0.048 32.018699 -0.006424
54405.380663 -99.99 0.038 54405.382329 -99.99 0.018 54405.378996 18.789 0.018 54405.379829 18.761 0.023 54405.381496 18.753 0.039 32.018699 -0.006424
54406.318923 19.244 0.053 54406.320589 19.128 0.018 54406.317256 18.801 0.012 54406.318089 18.745 0.02 54406.319756 18.773 0.035 32.018699 -0.006424
54412.34467 19.205 0.053 54412.346337 19.116 0.022 54412.343004 -99.99 0.019 54412.343837 18.714 0.022 54412.345504 18.887 0.044 32.018699 -0.006424
