51075.395306 21.008 0.099 51075.396972 20.779 0.031 51075.393639 20.558 0.039 51075.394472 20.515 0.06 51075.396139 20.707 0.348 34.458147 0.355077
51818.364964 20.541 0.063 51818.36663 20.542 0.024 51818.363297 20.315 0.025 51818.36413 20.284 0.035 51818.365797 20.384 0.181 34.458147 0.355077
52170.415946 20.533 0.067 52170.417612 20.475 0.022 52170.414279 20.29 0.026 52170.415112 20.247 0.036 52170.416779 20.399 0.185 34.458147 0.355077
52173.329323 20.614 0.087 52173.330989 20.509 0.028 52173.327656 20.282 0.031 52173.328489 20.268 0.044 52173.330156 20.628 0.296 34.458147 0.355077
52224.309514 20.536 0.065 52224.31118 20.555 0.023 52224.307847 20.299 0.025 52224.30868 20.27 0.032 52224.310347 20.197 0.129 34.458147 0.355077
52234.265976 20.842 0.087 52234.267642 20.616 0.026 52234.264309 20.337 0.028 52234.265142 20.335 0.035 52234.266809 20.217 0.135 34.458147 0.355077
52261.22933 20.454 0.064 52261.230996 20.439 0.023 52261.227663 20.196 0.024 52261.228496 20.265 0.033 52261.230163 20.555 0.204 34.458147 0.355077
52287.109825 20.715 0.07 52287.111491 20.536 0.024 52287.108158 20.295 0.029 52287.108991 20.289 0.036 52287.110658 20.129 0.122 34.458147 0.355077
52552.428525 20.489 0.098 52552.430191 -99.99 0.029 52552.426858 20.245 0.037 52552.427691 20.272 0.055 52552.429358 20.065 0.207 34.458147 0.355077
52557.402882 20.425 0.069 52557.404548 20.446 0.024 52557.401215 20.273 0.028 52557.402048 20.253 0.038 52557.403715 20.387 0.19 34.458147 0.355077
52908.377451 20.975 0.106 52908.379117 20.794 0.028 52908.375784 20.528 0.033 52908.376617 20.501 0.046 52908.378284 20.663 0.228 34.458147 0.355077
52912.356889 20.953 0.098 52912.358555 20.858 0.03 52912.355222 20.578 0.033 52912.356055 20.572 0.041 52912.357722 20.625 0.204 34.458147 0.355077
52934.309355 20.881 0.096 52934.311021 20.749 0.029 52934.307688 20.536 0.034 52934.308521 20.433 0.047 52934.310188 21.009 0.366 34.458147 0.355077
52936.305282 -99.99 0.085 52936.306948 20.719 0.026 52936.303615 20.442 0.031 52936.304448 20.422 0.04 52936.306115 20.489 0.185 34.458147 0.355077
53270.369339 20.356 0.057 53270.371006 20.337 0.029 53270.367673 20.244 0.027 53270.368506 20.244 0.031 53270.370173 20.382 0.162 34.458147 0.355077
53272.41928 20.414 0.072 53272.420946 20.368 0.021 53272.417613 20.226 0.025 53272.418446 20.264 0.036 53272.420113 20.28 0.194 34.458147 0.355077
53286.388 20.409 0.076 53286.389666 20.344 0.025 53286.386333 20.169 0.028 53286.387166 20.171 0.035 53286.388833 20.224 0.151 34.458147 0.355077
53288.346492 20.57 0.075 53288.348158 20.257 0.02 53288.344825 20.204 0.023 53288.345658 20.169 0.032 53288.347325 20.154 0.139 34.458147 0.355077
53294.394166 20.294 0.066 53294.395832 20.325 0.023 53294.392499 20.103 0.028 53294.393332 20.103 0.035 53294.394999 19.925 0.128 34.458147 0.355077
53296.341209 20.388 0.064 53296.342875 20.304 0.027 53296.339542 20.173 0.035 53296.340375 20.227 0.045 53296.342042 20.025 0.135 34.458147 0.355077
53298.390941 20.366 0.08 53298.392607 20.336 0.026 53298.389274 20.188 0.034 53298.390107 20.143 0.046 53298.391774 20.062 0.189 34.458147 0.355077
53302.34216 20.179 0.086 53302.343826 20.298 0.038 53302.340493 20.182 0.038 53302.341326 20.058 0.04 53302.342993 20.108 0.136 34.458147 0.355077
53312.297705 20.404 0.108 53312.299371 20.301 0.041 53312.296038 20.128 0.036 53312.296871 20.018 0.044 53312.298538 20.072 0.182 34.458147 0.355077
53314.298892 20.467 0.076 53314.300558 20.337 0.028 53314.297225 20.137 0.03 53314.298058 20.104 0.039 53314.299725 20.256 0.18 34.458147 0.355077
53319.286688 20.372 0.078 53319.288354 -99.99 0.029 53319.285021 20.12 0.038 53319.285854 20.161 0.046 53319.287521 20.05 0.178 34.458147 0.355077
53616.403246 20.789 0.109 53616.404912 20.727 0.031 53616.401579 20.429 0.033 53616.402412 20.446 0.053 53616.404079 20.72 0.312 34.458147 0.355077
53628.364538 20.819 0.162 53628.366204 20.698 0.067 53628.362871 20.414 0.048 53628.363704 20.486 0.067 53628.365371 20.431 0.241 34.458147 0.355077
53637.366156 20.907 0.17 53637.367822 20.718 0.057 53637.364489 20.422 0.045 53637.365322 20.534 0.063 53637.366989 21.111 0.443 34.458147 0.355077
53639.411533 20.69 0.082 53639.413199 20.812 0.033 53639.409866 20.516 0.03 53639.410699 20.478 0.04 53639.412366 20.501 0.181 34.458147 0.355077
53641.410698 20.981 0.114 53641.412364 20.823 0.034 53641.409031 20.496 0.034 53641.409864 20.426 0.044 53641.411531 20.538 0.208 34.458147 0.355077
53657.369583 20.729 0.202 53657.371249 20.628 0.083 53657.367916 20.384 0.066 53657.368749 20.467 0.082 53657.370416 20.359 0.296 34.458147 0.355077
53663.354131 20.885 0.194 53663.355797 20.851 0.069 53663.352464 20.504 0.053 53663.353297 20.413 0.052 53663.354964 20.637 0.213 34.458147 0.355077
53666.424219 20.92 0.2 53666.425885 20.828 0.059 53666.422552 20.561 0.049 53666.423385 20.492 0.055 53666.425052 20.486 0.214 34.458147 0.355077
53668.343731 20.651 0.119 53668.345397 20.676 0.042 53668.342064 20.517 0.043 53668.342897 20.401 0.055 53668.344564 20.701 0.301 34.458147 0.355077
53669.43135 21.028 0.229 53669.433016 20.794 0.06 53669.429683 20.453 0.05 53669.430516 20.425 0.058 53669.432183 20.492 0.256 34.458147 0.355077
53670.348583 20.958 0.142 53670.350249 20.778 0.04 53670.346916 20.528 0.049 53670.347749 20.569 0.056 53670.349416 20.742 0.319 34.458147 0.355077
53673.31657 20.764 0.083 53673.318236 20.796 0.027 53673.314903 20.514 0.03 53673.315736 20.473 0.036 53673.317403 20.415 0.154 34.458147 0.355077
53675.313458 20.791 0.098 53675.315124 20.75 0.031 53675.311791 20.491 0.04 53675.312624 20.455 0.055 53675.314291 20.416 0.215 34.458147 0.355077
53677.334489 20.904 0.093 53677.336155 20.849 0.027 53677.332822 20.559 0.031 53677.333655 20.529 0.037 53677.335322 20.585 0.161 34.458147 0.355077
53680.321156 20.824 0.086 53680.322822 20.822 0.029 53680.319489 20.546 0.034 53680.320322 20.466 0.041 53680.321989 20.527 0.179 34.458147 0.355077
53683.379711 20.672 0.126 53683.381377 20.755 0.036 53683.378044 20.39 0.044 53683.378877 20.348 0.067 53683.380544 20.491 0.322 34.458147 0.355077
53698.320436 20.677 0.121 53698.322102 20.782 0.042 53698.318769 20.515 0.041 53698.319602 20.426 0.054 53698.321269 20.335 0.2 34.458147 0.355077
53699.343888 20.704 0.111 53699.345554 20.783 0.036 53699.342221 20.51 0.035 53699.343054 20.535 0.047 53699.344721 20.595 0.22 34.458147 0.355077
53704.306369 20.686 0.105 53704.308035 20.828 0.035 53704.304702 20.565 0.042 53704.305535 20.326 0.05 53704.307202 20.221 0.201 34.458147 0.355077
53989.40245 21.226 0.23 53989.404117 20.684 0.064 53989.400783 20.529 0.054 53989.401617 20.55 0.057 53989.403283 20.477 0.161 34.458147 0.355077
53995.441146 20.859 0.078 53995.442812 20.754 0.028 53995.439479 20.526 0.028 53995.440312 20.451 0.033 53995.441979 20.558 0.153 34.458147 0.355077
54000.377858 20.875 0.1 54000.379525 20.719 0.027 54000.376192 20.477 0.034 54000.377025 20.458 0.046 54000.378692 20.694 0.267 34.458147 0.355077
54007.428029 20.711 0.081 54007.429696 20.759 0.029 54007.426362 20.469 0.033 54007.427196 20.481 0.039 54007.428862 20.738 0.216 34.458147 0.355077
54009.351766 20.82 0.074 54009.353433 20.655 0.034 54009.3501 20.455 0.025 54009.350933 20.42 0.034 54009.3526 20.366 0.118 34.458147 0.355077
54011.416288 20.663 0.06 54011.417954 20.673 0.028 54011.414621 20.429 0.026 54011.415454 20.466 0.037 54011.417121 20.615 0.138 34.458147 0.355077
54025.415254 20.877 0.115 54025.41692 20.679 0.034 54025.413587 20.452 0.036 54025.41442 20.424 0.048 54025.416087 20.788 0.27 34.458147 0.355077
54348.413046 20.976 0.133 54348.414712 21.088 0.048 54348.411379 20.793 0.052 54348.412212 20.742 0.067 54348.413879 20.836 0.271 34.458147 0.355077
54355.423077 21.139 0.097 54355.424744 21.027 0.032 54355.42141 20.704 0.032 54355.422244 20.649 0.041 54355.42391 20.882 0.199 34.458147 0.355077
54358.368892 20.986 0.113 54358.370559 21.032 0.034 54358.367226 20.723 0.042 54358.368059 20.723 0.058 54358.369726 20.42 0.192 34.458147 0.355077
54365.401937 21.109 0.08 54365.403603 21.053 0.033 54365.40027 20.769 0.028 54365.401103 20.725 0.042 54365.40277 20.674 0.161 34.458147 0.355077
54381.421457 21.074 0.095 54381.423123 20.947 0.029 54381.41979 20.673 0.03 54381.420623 20.714 0.042 54381.42229 20.567 0.141 34.458147 0.355077
54384.428114 21.149 0.117 54384.429781 20.985 0.033 54384.426447 20.71 0.036 54384.427281 20.788 0.048 54384.428947 21.278 0.332 34.458147 0.355077
54386.413795 20.944 0.099 54386.415461 20.919 0.034 54386.412128 20.764 0.047 54386.412961 20.553 0.053 54386.414628 20.597 0.169 34.458147 0.355077
54392.415595 21.059 0.135 54392.417262 20.949 0.051 54392.413929 20.684 0.054 54392.414762 20.639 0.058 54392.416429 19.936 0.148 34.458147 0.355077
54404.389451 21.917 1.261 54404.391118 -99.99 0.128 54404.387784 20.531 0.119 54404.388618 20.643 0.093 54404.390284 21.081 1.252 34.458147 0.355077
54405.387417 20.643 0.104 54405.389084 20.923 0.046 54405.385751 20.719 0.043 54405.386584 20.738 0.051 54405.388251 20.585 0.179 34.458147 0.355077
54406.325679 -99.99 0.102 54406.327345 20.953 0.033 54406.324012 20.67 0.036 54406.324845 20.622 0.04 54406.326512 20.759 0.168 34.458147 0.355077
54412.351418 21.044 0.12 54412.353084 21.017 0.036 54412.349751 20.777 0.041 54412.350584 20.645 0.046 54412.352251 20.696 0.214 34.458147 0.355077
