51075.389022 17.054 0.008 51075.390688 17.181 0.004 51075.387355 17.126 0.005 51075.388188 16.858 0.005 51075.389855 16.796 0.013 32.189731 0.376677
51818.358661 17.028 0.009 51818.360327 17.092 0.005 51818.356994 17.061 0.005 51818.357827 16.792 0.005 51818.359494 16.705 0.011 32.189731 0.376677
52170.40971 17.042 0.009 52170.411376 17.063 0.004 52170.408043 17.051 0.005 52170.408876 16.776 0.005 52170.410543 16.693 0.011 32.189731 0.376677
52173.323069 17.026 0.009 52173.324735 17.087 0.004 52173.321402 17.057 0.005 52173.322235 16.781 0.005 52173.323902 16.695 0.012 32.189731 0.376677
52224.303186 17.062 0.009 52224.304852 17.116 0.005 52224.301519 17.095 0.005 52224.302352 16.801 0.006 52224.304019 16.705 0.011 32.189731 0.376677
52231.288603 17.106 0.009 52231.290269 17.13 0.005 52231.286936 17.087 0.006 52231.287769 16.804 0.006 52231.289436 16.704 0.011 32.189731 0.376677
52234.259694 17.101 0.009 52234.26136 17.145 0.005 52234.258027 17.087 0.005 52234.25886 16.812 0.006 52234.260527 16.714 0.01 32.189731 0.376677
52261.223048 17.099 0.009 52261.224714 17.144 0.005 52261.221381 17.054 0.005 52261.222214 16.81 0.006 52261.223881 16.728 0.011 32.189731 0.376677
52287.103541 17.118 0.009 52287.105207 17.162 0.004 52287.101874 17.115 0.005 52287.102707 16.82 0.005 52287.104374 16.744 0.01 32.189731 0.376677
52552.422243 17.155 0.01 52552.423909 17.169 0.004 52552.420576 17.141 0.005 52552.421409 16.855 0.005 52552.423076 16.757 0.013 32.189731 0.376677
52557.396599 17.116 0.009 52557.398265 17.199 0.005 52557.394932 17.141 0.005 52557.395765 16.863 0.006 52557.397432 16.772 0.011 32.189731 0.376677
52908.371167 17.064 0.009 52908.372833 17.1 0.004 52908.3695 17.082 0.005 52908.370333 16.812 0.005 52908.372 16.766 0.012 32.189731 0.376677
52912.350606 -99.99 0.011 52912.352272 17.125 0.008 52912.348939 17.089 0.007 52912.349772 16.816 0.008 52912.351439 16.726 0.015 32.189731 0.376677
52934.303072 17.075 0.009 52934.304738 17.11 0.004 52934.301405 17.094 0.005 52934.302238 16.819 0.005 52934.303905 16.727 0.011 32.189731 0.376677
52936.298998 17.067 0.009 52936.300664 17.116 0.005 52936.297331 17.079 0.006 52936.298164 16.82 0.006 52936.299831 16.74 0.011 32.189731 0.376677
53270.363052 17.055 0.012 53270.364719 17.083 0.013 53270.361385 17.046 0.008 53270.362219 16.802 0.011 53270.363885 16.698 0.012 32.189731 0.376677
53272.412999 16.986 0.009 53272.414665 17.062 0.004 53272.411332 17.046 0.005 53272.412165 16.775 0.005 53272.413832 16.718 0.011 32.189731 0.376677
53286.381717 17.014 0.009 53286.383383 17.084 0.004 53286.38005 17.05 0.005 53286.380883 16.773 0.005 53286.38255 16.702 0.01 32.189731 0.376677
53288.340208 17.029 0.009 53288.341874 17.068 0.005 53288.338541 17.052 0.006 53288.339374 16.775 0.006 53288.341041 16.699 0.01 32.189731 0.376677
53294.387882 17.031 0.009 53294.389548 17.079 0.004 53294.386215 17.052 0.005 53294.387048 16.79 0.005 53294.388715 16.716 0.011 32.189731 0.376677
53296.334996 17.033 0.016 53296.336663 17.079 0.023 53296.333329 17.056 0.02 53296.334163 16.759 0.022 53296.335829 16.7 0.023 32.189731 0.376677
53298.38466 17.03 0.01 53298.386326 17.076 0.005 53298.382993 17.049 0.006 53298.383826 16.79 0.006 53298.385493 16.704 0.012 32.189731 0.376677
53302.335878 16.987 0.01 53302.337544 17.076 0.005 53302.334211 17.046 0.006 53302.335044 16.777 0.006 53302.336711 16.698 0.011 32.189731 0.376677
53312.291408 17.036 0.011 53312.293074 -99.99 0.03 53312.289741 17.032 0.012 53312.290574 16.76 0.009 53312.292241 16.741 0.025 32.189731 0.376677
53314.292609 17.001 0.009 53314.294275 17.071 0.004 53314.290942 17.037 0.005 53314.291775 16.778 0.005 53314.293442 16.706 0.011 32.189731 0.376677
53319.280405 17.024 0.011 53319.282071 17.045 0.004 53319.278738 17.048 0.005 53319.279571 16.757 0.005 53319.281238 16.676 0.013 32.189731 0.376677
53616.396964 16.936 0.01 53616.39863 16.997 0.005 53616.395297 17.011 0.007 53616.39613 16.757 0.008 53616.397797 16.69 0.014 32.189731 0.376677
53626.373391 16.965 0.009 53626.375057 -99.99 0.004 53626.371724 -99.99 0.008 53626.372557 -99.99 0.005 53626.374224 -99.99 0.012 32.189731 0.376677
53628.358256 16.973 0.009 53628.359922 17.018 0.005 53628.356589 16.997 0.005 53628.357422 16.745 0.005 53628.359089 16.684 0.011 32.189731 0.376677
53637.359874 16.916 0.01 53637.36154 16.997 0.005 53637.358207 17.009 0.005 53637.35904 16.757 0.005 53637.360707 16.709 0.011 32.189731 0.376677
53639.405251 16.974 0.009 53639.406917 17.007 0.005 53639.403584 17 0.005 53639.404417 16.746 0.006 53639.406084 16.685 0.01 32.189731 0.376677
53641.404417 16.94 0.009 53641.406083 16.988 0.004 53641.40275 17.007 0.005 53641.403583 16.75 0.005 53641.40525 16.677 0.01 32.189731 0.376677
53657.3633 16.944 0.011 53657.364966 16.983 0.005 53657.361633 16.986 0.005 53657.362466 16.748 0.005 53657.364133 16.676 0.013 32.189731 0.376677
53663.347848 16.957 0.01 53663.349514 -99.99 0.005 53663.346181 16.993 0.005 53663.347014 16.771 0.006 53663.348681 16.576 0.01 32.189731 0.376677
53665.32582 16.94 0.01 53665.327486 17.024 0.005 53665.324153 16.985 0.006 53665.324986 16.748 0.006 53665.326653 16.671 0.012 32.189731 0.376677
53666.417938 16.935 0.011 53666.419604 17.007 0.005 53666.416271 17.006 0.005 53666.417104 16.737 0.006 53666.418771 16.683 0.011 32.189731 0.376677
53668.337449 16.976 0.009 53668.339115 17.003 0.004 53668.335782 16.991 0.005 53668.336615 16.743 0.005 53668.338282 16.67 0.012 32.189731 0.376677
53669.425069 16.972 0.011 53669.426735 17.02 0.005 53669.423402 17.01 0.005 53669.424235 16.76 0.005 53669.425902 16.695 0.012 32.189731 0.376677
53670.342301 16.972 0.01 53670.343967 17.012 0.006 53670.340634 17.006 0.007 53670.341467 16.738 0.008 53670.343134 16.695 0.013 32.189731 0.376677
53673.310288 16.958 0.009 53673.311954 17.007 0.005 53673.308621 16.999 0.006 53673.309454 16.743 0.006 53673.311121 16.688 0.01 32.189731 0.376677
53675.307176 16.979 0.009 53675.308842 17.008 0.004 53675.305509 16.993 0.005 53675.306342 16.759 0.005 53675.308009 16.693 0.01 32.189731 0.376677
53677.328206 16.956 0.009 53677.329872 17.011 0.005 53677.326539 16.992 0.005 53677.327372 16.743 0.005 53677.329039 16.695 0.01 32.189731 0.376677
53680.314873 16.976 0.009 53680.316539 17.008 0.004 53680.313206 16.995 0.005 53680.314039 16.735 0.005 53680.315706 16.676 0.01 32.189731 0.376677
53683.373429 16.951 0.01 53683.375095 17.02 0.004 53683.371762 17.021 0.005 53683.372595 16.748 0.005 53683.374262 16.666 0.013 32.189731 0.376677
53686.314305 16.948 0.012 53686.315971 17.023 0.005 53686.312638 17.005 0.005 53686.313471 16.747 0.005 53686.315138 16.712 0.012 32.189731 0.376677
53693.316765 16.95 0.012 53693.318431 17.025 0.005 53693.315098 16.995 0.005 53693.315931 -99.99 0.005 53693.317598 16.727 0.011 32.189731 0.376677
53698.314154 16.983 0.009 53698.31582 17.031 0.004 53698.312487 16.997 0.005 53698.31332 16.743 0.005 53698.314987 16.661 0.011 32.189731 0.376677
53704.300086 16.992 0.01 53704.301752 17.009 0.004 53704.298419 17.002 0.005 53704.299252 16.75 0.005 53704.300919 16.709 0.011 32.189731 0.376677
53989.39613 17.015 0.013 53989.397797 17.1 0.017 53989.394464 17.056 0.014 53989.395297 16.782 0.017 53989.396964 16.704 0.016 32.189731 0.376677
53995.434871 17.041 0.011 53995.436538 17.1 0.021 53995.433204 17.036 0.015 53995.434038 16.794 0.017 53995.435704 16.692 0.026 32.189731 0.376677
54000.371587 17.055 0.019 54000.373253 17.126 0.017 54000.36992 17.015 0.025 54000.370753 16.765 0.021 54000.37242 16.665 0.019 32.189731 0.376677
54007.421718 -99.99 0.033 54007.423384 17.09 0.024 54007.420051 17.052 0.014 54007.420884 16.786 0.012 54007.422551 16.688 0.015 32.189731 0.376677
54009.345496 17.025 0.016 54009.347162 17.085 0.018 54009.343829 17.039 0.01 54009.344662 16.764 0.013 54009.346329 16.678 0.023 32.189731 0.376677
54011.409969 -99.99 0.018 54011.411635 17.127 0.027 54011.408302 17.044 0.009 54011.409135 16.762 0.01 54011.410802 16.719 0.017 32.189731 0.376677
54025.40897 16.99 0.019 54025.410637 17.078 0.016 54025.407303 17.058 0.011 54025.408137 16.768 0.012 54025.409803 16.693 0.021 32.189731 0.376677
54346.402935 16.972 0.013 54346.404602 16.999 0.017 54346.401269 16.973 0.013 54346.402102 16.724 0.011 54346.403769 16.648 0.02 32.189731 0.376677
54348.406734 16.893 0.015 54348.408401 16.984 0.015 54348.405068 16.964 0.012 54348.405901 16.731 0.014 54348.407568 16.681 0.016 32.189731 0.376677
54358.362538 16.928 0.021 54358.364204 16.981 0.022 54358.360871 16.968 0.03 54358.361704 16.721 0.009 54358.363371 16.663 0.019 32.189731 0.376677
54365.395672 16.908 0.015 54365.397338 16.982 0.017 54365.394005 16.987 0.012 54365.394838 16.729 0.019 54365.396505 16.675 0.03 32.189731 0.376677
54381.415186 16.919 0.012 54381.416853 16.986 0.016 54381.41352 16.961 0.014 54381.414353 16.705 0.015 54381.41602 16.651 0.018 32.189731 0.376677
54384.421902 16.9 0.016 54384.423568 17.016 0.027 54384.420235 16.982 0.012 54384.421068 16.719 0.013 54384.422735 16.661 0.017 32.189731 0.376677
54386.407484 -99.99 0.018 54386.409151 16.958 0.02 54386.405818 16.971 0.014 54386.406651 16.726 0.012 54386.408318 16.681 0.013 32.189731 0.376677
54388.411749 16.878 0.023 54388.413415 16.975 0.014 54388.410082 16.982 0.013 54388.410915 16.723 0.011 54388.412582 16.652 0.026 32.189731 0.376677
54392.409323 16.915 0.022 54392.410989 16.987 0.023 54392.407656 16.958 0.021 54392.408489 16.713 0.016 54392.410156 16.647 0.023 32.189731 0.376677
54403.325553 -99.99 0.018 54403.327219 16.985 0.008 54403.323886 -99.99 0.022 54403.324719 16.643 0.012 54403.326386 16.678 0.015 32.189731 0.376677
54404.383288 -99.99 0.02 54404.384955 -99.99 0.01 54404.381622 -99.99 0.015 54404.382455 -99.99 0.017 54404.384122 16.678 0.016 32.189731 0.376677
54405.381205 16.915 0.022 54405.382872 16.98 0.011 54405.379539 16.95 0.016 54405.380372 16.702 0.012 54405.382039 16.665 0.022 32.189731 0.376677
54406.319466 16.927 0.031 54406.321132 17.015 0.014 54406.317799 16.968 0.014 54406.318632 16.744 0.013 54406.320299 16.66 0.014 32.189731 0.376677
54412.345171 16.922 0.021 54412.346838 17.003 0.017 54412.343504 16.991 0.024 54412.344338 16.731 0.014 54412.346004 16.654 0.016 32.189731 0.376677
