51081.369216 19.369 0.031 51081.370882 19 0.01 51081.367549 18.853 0.011 51081.368382 18.755 0.015 51081.370049 18.602 0.037 30.921167 0.982896
51819.440348 19.206 0.033 51819.442014 18.957 0.011 51819.438681 18.772 0.011 51819.439514 18.715 0.015 51819.441181 18.482 0.038 30.921167 0.982896
52225.265028 19.579 0.035 52225.266694 19.232 0.011 52225.263361 18.995 0.012 52225.264194 18.867 0.015 52225.265861 18.697 0.037 30.921167 0.982896
52288.099447 19.695 0.038 52288.101113 19.213 0.011 52288.09778 19.013 0.012 52288.098613 18.919 0.016 52288.10028 18.789 0.039 30.921167 0.982896
52551.372739 -99.99 0.047 52551.374405 19.475 0.012 52551.371072 19.239 0.015 52551.371905 19.097 0.019 52551.373572 18.774 0.039 30.921167 0.982896
52558.405614 19.958 0.041 52558.40728 19.47 0.012 52558.403947 19.227 0.013 52558.40478 19.057 0.015 52558.406447 18.846 0.037 30.921167 0.982896
52576.238665 -99.99 0.041 52576.240331 19.486 0.012 52576.236998 19.194 0.013 52576.237831 19.074 0.018 52576.239498 18.791 0.041 30.921167 0.982896
52577.293122 19.855 0.039 52577.294788 19.428 0.012 52577.291455 19.222 0.013 52577.292288 19.092 0.018 52577.293955 18.87 0.077 30.921167 0.982896
52585.240199 19.776 0.038 52585.241865 19.406 0.012 52585.238532 19.182 0.013 52585.239365 19.061 0.02 52585.241032 18.778 0.053 30.921167 0.982896
52909.406834 19.683 0.036 52909.4085 19.255 0.011 52909.405167 19.04 0.011 52909.406 18.919 0.015 52909.407667 18.706 0.037 30.921167 0.982896
52910.377078 19.604 0.036 52910.378744 19.258 0.011 52910.375411 19.025 0.012 52910.376244 18.986 0.017 52910.377911 18.745 0.037 30.921167 0.982896
52935.304247 19.608 0.039 52935.305913 19.308 0.012 52935.30258 19.075 0.014 52935.303413 18.963 0.02 52935.30508 18.873 0.059 30.921167 0.982896
52963.227322 19.478 0.03 52963.228988 19.153 0.011 52963.225655 19.014 0.011 52963.226488 19.033 0.014 52963.228155 18.781 0.036 30.921167 0.982896
52971.218238 19.504 0.036 52971.219904 19.168 0.011 52971.216571 18.999 0.013 52971.217404 18.88 0.016 52971.219071 18.761 0.041 30.921167 0.982896
53351.149626 19.88 0.049 53351.151292 19.521 0.014 53351.147959 19.276 0.014 53351.148792 19.042 0.02 53351.150459 18.928 0.065 30.921167 0.982896
53622.406681 20.238 0.058 53622.408347 19.704 0.015 53622.405014 19.439 0.016 53622.405847 19.31 0.02 53622.407514 19.133 0.053 30.921167 0.982896
53634.356152 -99.99 0.163 53634.357818 -99.99 0.039 53634.354485 19.412 0.033 53634.355318 19.182 0.031 53634.356985 18.998 0.07 30.921167 0.982896
53638.397487 20.124 0.059 53638.399153 19.725 0.017 53638.39582 19.448 0.016 53638.396653 19.266 0.02 53638.39832 19.015 0.049 30.921167 0.982896
53640.361524 20.184 0.061 53640.36319 19.738 0.017 53640.359857 19.459 0.018 53640.36069 19.301 0.022 53640.362357 19.046 0.05 30.921167 0.982896
53646.422932 20.316 0.092 53646.424598 19.706 0.018 53646.421265 19.4 0.021 53646.422098 19.286 0.027 53646.423765 18.983 0.081 30.921167 0.982896
53655.333696 20.134 0.056 53655.335362 19.697 0.015 53655.332029 19.445 0.018 53655.332862 19.274 0.022 53655.334529 19.108 0.066 30.921167 0.982896
53664.358652 20.145 0.141 53664.360318 19.805 0.047 53664.356985 19.423 0.038 53664.357818 19.258 0.043 53664.359485 19.121 0.108 30.921167 0.982896
53665.423274 -99.99 0.106 53665.42494 19.707 0.026 53665.421607 19.474 0.025 53665.42244 19.289 0.026 53665.424107 18.986 0.06 30.921167 0.982896
53669.317897 20.125 0.059 53669.319563 19.695 0.017 53669.31623 19.411 0.016 53669.317063 19.259 0.021 53669.31873 19.051 0.057 30.921167 0.982896
53671.402652 20.149 0.069 53671.404318 19.7 0.016 53671.400985 19.417 0.018 53671.401818 19.269 0.022 53671.403485 19.128 0.062 30.921167 0.982896
53674.302134 20.021 0.061 53674.3038 19.726 0.017 53674.300467 19.473 0.02 53674.3013 19.259 0.024 53674.302967 19.007 0.055 30.921167 0.982896
53676.391594 20.106 0.062 53676.39326 19.708 0.016 53676.389927 19.462 0.017 53676.39076 19.268 0.02 53676.392427 18.933 0.047 30.921167 0.982896
53679.363494 20.405 0.1 53679.36516 -99.99 0.02 53679.361827 19.483 0.021 53679.36266 19.268 0.028 53679.364327 18.984 0.067 30.921167 0.982896
53681.355007 20.18 0.058 53681.356673 19.729 0.015 53681.35334 19.465 0.017 53681.354173 19.257 0.019 53681.35584 18.911 0.042 30.921167 0.982896
53684.316502 -99.99 0.078 53684.318168 19.788 0.025 53684.314835 19.41 0.023 53684.315668 19.28 0.03 53684.317335 19.076 0.088 30.921167 0.982896
53694.327947 20.13 0.163 53694.329613 19.738 0.046 53694.32628 19.389 0.031 53694.327113 19.264 0.033 53694.32878 19.024 0.072 30.921167 0.982896
53697.312033 20.164 0.075 53697.313699 19.746 0.045 53697.310366 19.503 0.019 53697.311199 19.302 0.024 53697.312866 19.025 0.053 30.921167 0.982896
53700.310989 20.068 0.074 53700.312655 19.739 0.018 53700.309322 19.505 0.02 53700.310155 19.301 0.025 53700.311822 19.187 0.086 30.921167 0.982896
53705.297659 20.16 0.073 53705.299325 19.688 0.016 53705.295992 19.396 0.018 53705.296825 19.344 0.026 53705.298492 19.098 0.062 30.921167 0.982896
53975.382683 20.367 0.066 53975.384349 19.802 0.027 53975.381016 19.575 0.023 53975.381849 19.347 0.027 53975.383516 19.089 0.06 30.921167 0.982896
53994.405681 20.206 0.058 53994.407348 19.765 0.021 53994.404014 19.504 0.018 53994.404848 19.358 0.022 53994.406514 19.02 0.052 30.921167 0.982896
53996.38941 20.175 0.054 53996.391076 19.72 0.022 53996.387743 19.477 0.02 53996.388576 19.294 0.022 53996.390243 19.111 0.059 30.921167 0.982896
54005.402628 20.075 0.043 54005.404295 19.713 0.018 54005.400961 19.487 0.017 54005.401795 19.317 0.031 54005.403461 19.076 0.042 30.921167 0.982896
54010.343539 20.014 0.043 54010.345205 19.657 0.022 54010.341872 19.462 0.019 54010.342705 19.283 0.021 54010.344372 -99.99 0.043 30.921167 0.982896
54012.336351 19.923 0.072 54012.338018 19.639 0.028 54012.334685 19.469 0.025 54012.335518 19.252 0.029 54012.337185 -99.99 0.074 30.921167 0.982896
54020.342369 20.124 0.083 54020.344035 19.654 0.035 54020.340702 19.415 0.021 54020.341535 19.274 0.027 54020.343202 19.024 0.06 30.921167 0.982896
54024.423938 20.084 0.069 54024.425604 19.645 0.025 54024.422271 19.44 0.025 54024.423104 19.265 0.025 54024.424771 19.04 0.052 30.921167 0.982896
54028.412334 20.031 0.051 54028.414001 -99.99 0.029 54028.410667 19.395 0.017 54028.411501 19.297 0.025 54028.413167 19.074 0.056 30.921167 0.982896
54030.335888 19.964 0.046 54030.337555 19.637 0.015 54030.334222 19.397 0.018 54030.335055 19.289 0.021 54030.336722 19.026 0.047 30.921167 0.982896
54035.411669 -99.99 0.062 54035.413336 19.604 0.025 54035.410002 19.426 0.035 54035.410836 19.282 0.029 54035.412502 19.047 0.065 30.921167 0.982896
54037.31724 19.981 0.045 54037.318907 19.642 0.025 54037.315574 19.407 0.016 54037.316407 -99.99 0.021 54037.318074 19.06 0.039 30.921167 0.982896
54040.331649 19.863 0.059 54040.333315 19.571 0.028 54040.329982 19.443 0.023 54040.330815 19.251 0.027 54040.332482 18.915 0.05 30.921167 0.982896
54047.362156 -99.99 0.315 54047.363823 19.505 0.073 54047.360489 19.383 0.047 54047.361323 19.222 0.056 54047.362989 -99.99 0.104 30.921167 0.982896
54049.358059 20.062 0.1 54049.359725 19.615 0.028 54049.356392 19.383 0.023 54049.357225 19.174 0.026 54049.358892 19.035 0.06 30.921167 0.982896
54053.322407 19.893 0.043 54053.324074 19.573 0.038 54053.32074 19.341 0.023 54053.321574 19.213 0.024 54053.32324 18.976 0.053 30.921167 0.982896
54053.337705 19.962 0.047 54053.339372 19.619 0.019 54053.336039 19.354 0.017 54053.336872 -99.99 0.029 54053.338539 -99.99 0.049 30.921167 0.982896
54056.324075 19.967 0.057 54056.325742 19.614 0.02 54056.322409 19.362 0.022 54056.323242 19.214 0.025 54056.324909 19.037 0.055 30.921167 0.982896
54059.318385 19.999 0.057 54059.320052 19.55 0.016 54059.316718 19.371 0.02 54059.317552 19.19 0.027 54059.319218 19 0.06 30.921167 0.982896
54061.329423 19.913 0.101 54061.33109 19.585 0.027 54061.327756 19.415 0.041 54061.32859 19.188 0.03 54061.330256 18.893 0.07 30.921167 0.982896
54062.323309 19.91 0.047 54062.324975 19.565 0.021 54062.321642 19.348 0.017 54062.322475 19.203 0.022 54062.324142 19.036 0.054 30.921167 0.982896
54064.31967 19.997 0.054 54064.321337 19.571 0.018 54064.318003 19.339 0.019 54064.318837 19.221 0.02 54064.320503 19.031 0.047 30.921167 0.982896
54068.303825 20.004 0.073 54068.305492 -99.99 0.058 54068.302159 19.391 0.037 54068.302992 19.172 0.026 54068.304659 18.934 0.057 30.921167 0.982896
54357.361541 19.713 0.035 54357.363208 19.362 0.015 54357.359874 19.113 0.019 54357.360708 19.011 0.022 54357.362374 18.866 0.035 30.921167 0.982896
54359.393282 19.881 0.052 54359.394948 19.339 0.022 54359.391615 19.172 0.02 54359.392448 19.024 0.024 54359.394115 18.686 0.056 30.921167 0.982896
54362.411372 19.74 0.037 54362.413039 19.39 0.017 54362.409705 19.149 0.016 54362.410539 19.008 0.019 54362.412205 18.798 0.038 30.921167 0.982896
54376.406455 -99.99 0.044 54376.408122 19.402 0.017 54376.404788 19.151 0.016 54376.405622 19.005 0.019 54376.407288 18.825 0.038 30.921167 0.982896
54382.391578 19.837 0.052 54382.393245 19.418 0.025 54382.389912 19.186 0.024 54382.390745 19.048 0.023 54382.392412 18.896 0.06 30.921167 0.982896
54385.409412 19.78 0.04 54385.411079 19.397 0.035 54385.407746 19.166 0.019 54385.408579 19.07 0.022 54385.410246 18.85 0.037 30.921167 0.982896
54387.409889 -99.99 0.078 54387.411556 19.424 0.025 54387.408223 -99.99 0.023 54387.409056 19.019 0.032 54387.410723 -99.99 0.082 30.921167 0.982896
54390.402292 19.914 0.064 54390.403959 -99.99 0.02 54390.400626 -99.99 0.024 54390.401459 -99.99 0.06 54390.403126 18.758 0.063 30.921167 0.982896
54391.410689 19.777 0.079 54391.412356 19.386 0.022 54391.409023 19.122 0.029 54391.409856 19.088 0.04 54391.411523 18.922 0.081 30.921167 0.982896
54402.403034 19.908 0.11 54402.4047 19.402 0.029 54402.401367 19.176 0.025 54402.4022 19.037 0.022 54402.403867 18.776 0.043 30.921167 0.982896
