51081.378243 -99.99 0.022 51081.379909 18.746 0.009 51081.376576 18.561 0.009 51081.377409 18.502 0.011 51081.379076 18.514 0.041 34.187568 0.14517
51819.449393 18.895 0.026 51819.451059 18.793 0.009 51819.447726 18.584 0.01 51819.448559 18.533 0.012 51819.450226 18.615 0.048 34.187568 0.14517
51875.193201 18.818 0.02 51875.194867 18.726 0.008 51875.191534 18.522 0.009 51875.192367 18.53 0.011 51875.194034 18.509 0.041 34.187568 0.14517
52225.274074 18.976 0.024 52225.27574 18.887 0.009 52225.272407 18.666 0.009 52225.27324 18.595 0.011 52225.274907 18.674 0.038 34.187568 0.14517
52288.108496 19.143 0.027 52288.110162 19.042 0.01 52288.106829 18.741 0.01 52288.107662 18.666 0.012 52288.109329 18.688 0.042 34.187568 0.14517
52551.381786 18.885 0.023 52551.383452 18.825 0.009 52551.380119 18.649 0.009 52551.380952 18.598 0.011 52551.382619 18.732 0.045 34.187568 0.14517
52558.414661 -99.99 0.022 52558.416327 18.838 0.009 52558.412994 18.633 0.009 52558.413827 18.58 0.011 52558.415494 18.631 0.033 34.187568 0.14517
52576.247712 18.968 0.024 52576.249378 18.827 0.009 52576.246045 18.635 0.009 52576.246878 18.614 0.011 52576.248545 18.621 0.069 34.187568 0.14517
52578.286267 18.927 0.022 52578.287933 18.815 0.008 52578.2846 18.65 0.01 52578.285433 18.606 0.011 52578.2871 18.603 0.037 34.187568 0.14517
52585.249247 -99.99 0.023 52585.250913 18.802 0.008 52585.24758 18.656 0.01 52585.248413 18.584 0.012 52585.25008 18.653 0.05 34.187568 0.14517
52909.415881 19.191 0.028 52909.417547 19.068 0.009 52909.414214 18.784 0.01 52909.415047 18.71 0.011 52909.416714 18.828 0.042 34.187568 0.14517
52910.386124 19.137 0.03 52910.38779 19.067 0.01 52910.384457 18.777 0.01 52910.38529 18.724 0.012 52910.386957 18.766 0.049 34.187568 0.14517
52935.313292 19.261 0.03 52935.314958 19.067 0.01 52935.311625 18.79 0.011 52935.312458 18.711 0.013 52935.314125 18.785 0.053 34.187568 0.14517
52963.23637 19.232 0.026 52963.238036 19.118 0.01 52963.234703 18.843 0.01 52963.235536 18.766 0.011 52963.237203 18.853 0.04 34.187568 0.14517
52971.227285 19.297 0.031 52971.228951 19.1 0.011 52971.225618 18.824 0.01 52971.226451 18.759 0.013 52971.228118 18.741 0.044 34.187568 0.14517
53351.158672 19.211 0.032 53351.160338 19.004 0.01 53351.157005 18.77 0.011 53351.157838 18.713 0.014 53351.159505 18.764 0.056 34.187568 0.14517
53622.415725 18.999 0.025 53622.417391 18.915 0.009 53622.414058 18.688 0.009 53622.414891 18.643 0.011 53622.416558 18.683 0.039 34.187568 0.14517
53634.365197 18.986 0.047 53634.366863 18.847 0.018 53634.36353 -99.99 0.016 53634.364363 18.587 0.015 53634.36603 18.565 0.047 34.187568 0.14517
53638.406533 18.933 0.026 53638.408199 18.852 0.01 53638.404866 18.67 0.01 53638.405699 18.607 0.011 53638.407366 18.696 0.037 34.187568 0.14517
53640.370569 19.005 0.031 53640.372235 18.896 0.01 53640.368902 18.673 0.01 53640.369735 18.618 0.012 53640.371402 18.645 0.045 34.187568 0.14517
53646.431978 18.917 0.031 53646.433644 18.861 0.01 53646.430311 18.65 0.012 53646.431144 18.589 0.014 53646.432811 18.674 0.05 34.187568 0.14517
53655.342742 18.933 0.024 53655.344408 18.829 0.009 53655.341075 18.649 0.009 53655.341908 18.588 0.011 53655.343575 18.665 0.039 34.187568 0.14517
53663.432397 18.967 0.049 53663.434063 18.896 0.017 53663.43073 18.618 0.013 53663.431563 18.564 0.013 53663.43323 18.607 0.039 34.187568 0.14517
53664.367697 -99.99 0.051 53664.369363 18.82 0.02 53664.36603 18.698 0.026 53664.366863 18.567 0.026 53664.36853 18.616 0.068 34.187568 0.14517
53665.432331 -99.99 0.042 53665.433997 18.881 0.013 53665.430664 18.604 0.012 53665.431497 18.576 0.013 53665.433164 18.613 0.045 34.187568 0.14517
53668.420947 18.997 0.043 53668.422613 18.91 0.013 53668.41928 18.656 0.013 53668.420113 18.601 0.015 53668.42178 18.712 0.065 34.187568 0.14517
53669.326942 -99.99 0.038 53669.328608 -99.99 0.016 53669.325275 18.683 0.011 53669.326108 -99.99 0.017 53669.327775 18.494 0.063 34.187568 0.14517
53670.426921 18.996 0.042 53670.428587 18.907 0.012 53670.425254 18.639 0.013 53670.426087 18.615 0.015 53670.427754 18.565 0.053 34.187568 0.14517
53671.411696 18.975 0.032 53671.413362 18.901 0.015 53671.410029 18.669 0.014 53671.410862 18.613 0.017 53671.412529 18.651 0.043 34.187568 0.14517
53674.311179 19.018 0.032 53674.312845 18.913 0.01 53674.309512 18.699 0.011 53674.310345 18.603 0.013 53674.312012 18.69 0.06 34.187568 0.14517
53676.400639 19.006 0.034 53676.402305 18.845 0.01 53676.398972 18.658 0.01 53676.399805 18.618 0.012 53676.401472 18.641 0.039 34.187568 0.14517
53679.372539 19.027 0.034 53679.374205 18.903 0.01 53679.370872 18.684 0.011 53679.371705 18.588 0.013 53679.373372 18.727 0.053 34.187568 0.14517
53681.364053 19.045 0.031 53681.365719 18.894 0.009 53681.362386 18.659 0.01 53681.363219 18.587 0.011 53681.364886 18.628 0.038 34.187568 0.14517
53684.325547 19.055 0.077 53684.327213 -99.99 0.028 53684.32388 18.65 0.022 53684.324713 18.631 0.03 53684.32638 18.611 0.163 34.187568 0.14517
53687.266861 19.096 0.079 53687.268527 18.919 0.02 53687.265194 18.692 0.016 53687.266027 18.583 0.017 53687.267694 18.679 0.051 34.187568 0.14517
53694.336996 19.052 0.062 53694.338662 -99.99 0.025 53694.335329 18.661 0.015 53694.336162 18.629 0.015 53694.337829 18.678 0.066 34.187568 0.14517
53697.321078 19.087 0.035 53697.322744 18.918 0.011 53697.319411 18.701 0.011 53697.320244 18.605 0.012 53697.321911 18.667 0.043 34.187568 0.14517
53700.320034 19.146 0.036 53700.3217 18.932 0.01 53700.318367 18.685 0.011 53700.3192 18.652 0.015 53700.320867 18.636 0.057 34.187568 0.14517
53705.306704 19.061 0.032 53705.30837 -99.99 0.011 53705.305037 18.72 0.011 53705.30587 -99.99 0.012 53705.307537 18.532 0.04 34.187568 0.14517
53975.39172 19.161 0.027 53975.393386 19.003 0.024 53975.390053 18.74 0.019 53975.390886 18.646 0.019 53975.392553 18.67 0.043 34.187568 0.14517
53993.403875 19.138 0.055 53993.405541 -99.99 0.024 53993.402208 -99.99 0.014 53993.403041 -99.99 0.208 53993.404708 18.634 0.049 34.187568 0.14517
53994.414719 19.202 0.028 53994.416386 18.974 0.017 53994.413053 18.72 0.015 53994.413886 18.675 0.019 53994.415553 18.635 0.036 34.187568 0.14517
53996.398477 19.174 0.033 53996.400143 19.004 0.013 53996.39681 18.73 0.014 53996.397643 18.661 0.015 53996.39931 18.658 0.037 34.187568 0.14517
54005.411609 19.11 0.025 54005.413276 19.034 0.015 54005.409942 18.74 0.016 54005.410776 18.687 0.016 54005.412442 18.716 0.035 34.187568 0.14517
54010.352546 19.177 0.023 54010.354213 19.022 0.028 54010.350879 18.724 0.02 54010.351713 18.675 0.02 54010.353379 18.645 0.029 34.187568 0.14517
54012.345458 19.123 0.04 54012.347125 19.027 0.018 54012.343792 18.728 0.015 54012.344625 18.635 0.015 54012.346292 18.697 0.053 34.187568 0.14517
54020.351404 19.104 0.041 54020.35307 19.022 0.024 54020.349737 18.751 0.03 54020.35057 18.642 0.033 54020.352237 18.724 0.043 34.187568 0.14517
54024.432957 19.174 0.037 54024.434624 19.006 0.02 54024.431291 18.743 0.018 54024.432124 18.704 0.018 54024.433791 18.74 0.045 34.187568 0.14517
54028.421309 19.083 0.029 54028.422976 19.045 0.018 54028.419642 -99.99 0.064 54028.420476 18.677 0.026 54028.422142 18.656 0.044 34.187568 0.14517
54030.344937 -99.99 0.026 54030.346604 19.015 0.014 54030.343271 18.731 0.015 54030.344104 18.647 0.017 54030.345771 18.644 0.034 34.187568 0.14517
54030.376724 19.169 0.027 54030.378391 19.026 0.02 54030.375058 18.749 0.021 54030.375891 18.664 0.015 54030.377558 18.649 0.035 34.187568 0.14517
54035.420681 19.124 0.036 54035.422348 19 0.019 54035.419014 18.726 0.025 54035.419848 18.644 0.019 54035.421514 18.742 0.056 34.187568 0.14517
54037.326219 19.188 0.031 54037.327886 18.979 0.019 54037.324552 18.74 0.022 54037.325386 18.631 0.018 54037.327052 18.676 0.03 34.187568 0.14517
54040.340652 19.18 0.036 54040.342319 19.002 0.016 54040.338986 18.762 0.013 54040.339819 18.648 0.017 54040.341486 18.711 0.047 34.187568 0.14517
54049.367145 -99.99 0.041 54049.368811 19.04 0.02 54049.365478 18.712 0.016 54049.366311 18.663 0.019 54049.367978 18.742 0.046 34.187568 0.14517
54053.346779 19.102 0.036 54053.348445 -99.99 0.015 54053.345112 -99.99 0.018 54053.345945 -99.99 0.021 54053.347612 -99.99 0.061 34.187568 0.14517
54056.333141 19.165 0.034 54056.334807 19.018 0.044 54056.331474 18.742 0.034 54056.332307 18.68 0.022 54056.333974 18.625 0.048 34.187568 0.14517
54059.3275 19.065 0.03 54059.329167 18.984 0.022 54059.325834 18.719 0.019 54059.326667 18.652 0.018 54059.328334 18.617 0.044 34.187568 0.14517
54061.338482 19.068 0.041 54061.340149 18.998 0.045 54061.336815 18.723 0.031 54061.337649 18.715 0.025 54061.339315 18.743 0.065 34.187568 0.14517
54062.332279 19.083 0.027 54062.333946 19.029 0.022 54062.330613 18.73 0.017 54062.331446 18.647 0.016 54062.333113 18.662 0.042 34.187568 0.14517
54064.328717 19.163 0.033 54064.330383 18.98 0.019 54064.32705 18.721 0.015 54064.327883 18.651 0.018 54064.32955 18.717 0.044 34.187568 0.14517
54068.312906 19.115 0.038 54068.314572 18.975 0.028 54068.311239 18.732 0.032 54068.312072 18.672 0.029 54068.313739 18.616 0.049 34.187568 0.14517
54357.370591 19.025 0.025 54357.372258 18.884 0.012 54357.368924 18.648 0.021 54357.369758 18.574 0.016 54357.371424 18.608 0.032 34.187568 0.14517
54362.42043 19.075 0.025 54362.422097 18.869 0.017 54362.418764 18.631 0.017 54362.419597 18.529 0.02 54362.421264 18.609 0.032 34.187568 0.14517
54376.415525 19.056 0.03 54376.417191 18.84 0.016 54376.413858 18.63 0.017 54376.414691 18.59 0.02 54376.416358 18.659 0.037 34.187568 0.14517
54382.400617 -99.99 0.037 54382.402284 18.827 0.041 54382.398951 18.608 0.023 54382.399784 18.55 0.028 54382.401451 18.546 0.04 34.187568 0.14517
54385.418404 -99.99 0.032 54385.420071 18.834 0.018 54385.416738 18.63 0.02 54385.417571 18.559 0.018 54385.419238 18.584 0.031 34.187568 0.14517
54387.418921 19.061 0.062 54387.420588 18.851 0.017 54387.417254 -99.99 0.025 54387.418088 18.571 0.016 54387.419754 18.667 0.055 34.187568 0.14517
54390.411348 -99.99 0.033 54390.413014 18.849 0.019 54390.409681 18.628 0.023 54390.410514 18.572 0.024 54390.412181 18.584 0.056 34.187568 0.14517
54402.412083 18.944 0.055 54402.41375 18.839 0.024 54402.410416 18.623 0.014 54402.41125 18.569 0.014 54402.412916 18.632 0.045 34.187568 0.14517
