51081.376545 -99.99 0.746 51081.378211 21.266 0.052 51081.374878 20.438 0.032 51081.375711 20.216 0.043 51081.377378 20.056 0.122 33.573783 0.447398
51819.44771 24.962 1.392 51819.449376 21.613 0.074 51819.446043 20.528 0.039 51819.446876 20.476 0.06 51819.448543 20.355 0.188 33.573783 0.447398
51875.19154 -99.99 0.641 51875.193206 21.579 0.06 51875.189873 20.6 0.04 51875.190706 20.429 0.056 51875.192373 20.483 0.178 33.573783 0.447398
52225.272374 23.219 0.532 52225.27404 21.651 0.054 52225.270707 20.65 0.034 52225.27154 20.48 0.043 52225.273207 20.734 0.169 33.573783 0.447398
52288.106796 26.025 0.461 52288.108462 21.559 0.056 52288.105129 20.579 0.037 52288.105962 20.544 0.051 52288.107629 20.322 0.127 33.573783 0.447398
52551.380086 -99.99 0.681 52551.381752 21.423 0.052 52551.378419 20.527 0.032 52551.379252 20.479 0.05 52551.380919 20.369 0.146 33.573783 0.447398
52558.41296 -99.99 0.515 52558.414626 21.438 0.042 52558.411293 20.47 0.027 52558.412126 20.391 0.037 52558.413793 20.298 0.107 33.573783 0.447398
52576.246012 -99.99 0.605 52576.247678 21.39 0.048 52576.244345 20.467 0.03 52576.245178 20.42 0.042 52576.246845 20.362 0.134 33.573783 0.447398
52578.284567 -99.99 0.927 52578.286233 21.536 0.051 52578.2829 20.476 0.031 52578.283733 20.323 0.044 52578.2854 20.173 0.117 33.573783 0.447398
52585.247546 -99.99 0.784 52585.249212 21.376 0.046 52585.245879 20.543 0.035 52585.246712 20.338 0.05 52585.248379 20.263 0.172 33.573783 0.447398
52909.414181 24.792 0.885 52909.415847 21.538 0.05 52909.412514 20.56 0.03 52909.413347 20.433 0.04 52909.415014 20.297 0.113 33.573783 0.447398
52910.384425 25.242 0.888 52910.386091 21.721 0.072 52910.382758 20.611 0.041 52910.383591 -99.99 0.045 52910.385258 20.554 0.137 33.573783 0.447398
52935.311593 24.072 1.055 52935.313259 21.368 0.052 52935.309926 20.508 0.036 52935.310759 20.464 0.053 52935.312426 20.32 0.164 33.573783 0.447398
52963.23467 24.681 0.729 52963.236336 21.464 0.044 52963.233003 20.525 0.027 52963.233836 20.485 0.041 52963.235503 20.229 0.1 33.573783 0.447398
52971.225584 23.461 0.705 52971.22725 21.514 0.059 52971.223917 20.576 0.037 52971.22475 20.436 0.05 52971.226417 20.206 0.117 33.573783 0.447398
53351.156973 25.091 1.036 53351.158639 21.397 0.054 53351.155306 20.386 0.035 53351.156139 20.4 0.06 53351.157806 20.417 0.192 33.573783 0.447398
53622.414026 24.864 0.796 53622.415692 21.38 0.045 53622.412359 20.538 0.03 53622.413192 20.579 0.05 53622.414859 20.27 0.115 33.573783 0.447398
53634.363497 26.387 1.847 53634.365163 -99.99 0.159 53634.36183 20.42 0.079 53634.362663 20.462 0.085 53634.36433 20.344 0.151 33.573783 0.447398
53638.404833 23.805 0.944 53638.406499 21.538 0.063 53638.403166 20.588 0.033 53638.403999 20.496 0.045 53638.405666 20.441 0.127 33.573783 0.447398
53640.368869 24.209 1.169 53640.370535 21.377 0.076 53640.367202 20.602 0.034 53640.368035 20.463 0.053 53640.369702 20.332 0.132 33.573783 0.447398
53646.430278 24.076 1.206 53646.431944 21.448 0.06 53646.428611 20.672 0.049 53646.429444 20.546 0.075 53646.431111 20.611 0.218 33.573783 0.447398
53655.341042 25.914 0.563 53655.342708 21.528 0.048 53655.339375 20.537 0.035 53655.340208 20.501 0.052 53655.341875 20.288 0.12 33.573783 0.447398
53663.430697 24.648 3.747 53663.432363 21.857 0.24 53663.42903 20.49 0.063 53663.429863 20.513 0.074 53663.43153 20.203 0.126 33.573783 0.447398
53664.365998 -99.99 0.633 53664.367664 22.619 0.643 53664.364331 -99.99 0.153 53664.365164 20.446 0.147 53664.366831 20.316 0.328 33.573783 0.447398
53665.430631 25.749 1.666 53665.432297 21.416 0.109 53665.428964 20.572 0.051 53665.429797 20.468 0.061 53665.431464 20.257 0.153 33.573783 0.447398
53668.419247 26.31 1.218 53668.420913 21.499 0.125 53668.41758 20.576 0.061 53668.418413 20.432 0.07 53668.42008 20.945 0.381 33.573783 0.447398
53669.325242 23.991 1.245 53669.326908 -99.99 0.108 53669.323575 20.524 0.039 53669.324408 20.585 0.063 53669.326075 -99.99 0.237 33.573783 0.447398
53670.425222 27.057 0.496 53670.426888 -99.99 0.114 53670.423555 20.575 0.059 53670.424388 20.332 0.075 53670.426055 20.04 0.168 33.573783 0.447398
53671.409997 22.926 0.715 53671.411663 21.424 0.064 53671.40833 20.489 0.041 53671.409163 20.369 0.056 53671.41083 20.27 0.144 33.573783 0.447398
53674.309479 23.245 0.892 53674.311145 -99.99 0.077 53674.307812 20.486 0.039 53674.308645 20.427 0.065 53674.310312 20.127 0.139 33.573783 0.447398
53676.398939 23.971 1.087 53676.400605 21.449 0.064 53676.397272 20.603 0.037 53676.398105 20.522 0.049 53676.399772 20.32 0.138 33.573783 0.447398
53679.37084 25.188 1.243 53679.372506 -99.99 0.087 53679.369173 20.645 0.05 53679.370006 20.455 0.065 53679.371673 20.532 0.214 33.573783 0.447398
53681.362353 23.668 0.829 53681.364019 21.499 0.052 53681.360686 20.524 0.033 53681.361519 20.445 0.044 53681.363186 20.338 0.116 33.573783 0.447398
53684.323848 22.649 1.007 53684.325514 21.154 0.149 53684.322181 20.442 0.085 53684.323014 20.378 0.131 53684.324681 21.068 0.71 33.573783 0.447398
53687.26516 27.551 0.466 53687.266826 21.487 0.185 53687.263493 20.546 0.087 53687.264326 20.257 0.079 53687.265993 20.213 0.17 33.573783 0.447398
53694.335295 25.063 3.424 53694.336961 21.683 0.242 53694.333628 20.466 0.066 53694.334461 20.593 0.098 53694.336128 20.462 0.213 33.573783 0.447398
53697.319379 22.245 0.403 53697.321045 21.601 0.095 53697.317712 20.607 0.048 53697.318545 20.502 0.057 53697.320212 20.361 0.142 33.573783 0.447398
53705.305005 23.056 0.744 53705.306671 21.412 0.055 53705.303338 20.632 0.045 53705.304171 20.554 0.075 53705.305838 20.601 0.19 33.573783 0.447398
53975.390117 -99.99 1.248 53975.391784 21.504 0.057 53975.38845 20.593 0.034 53975.389284 20.502 0.047 53975.39095 20.906 0.214 33.573783 0.447398
53993.402255 -99.99 99.999 53993.403921 -99.99 0.119 53993.400588 -99.99 0.035 53993.401421 -99.99 0.28 53993.403088 -99.99 0.539 33.573783 0.447398
53994.413115 -99.99 1.556 53994.414782 21.513 0.053 53994.411448 20.66 0.033 53994.412282 20.539 0.046 53994.413948 20.731 0.172 33.573783 0.447398
54005.409901 -99.99 99.999 54005.411568 21.615 0.045 54005.408235 20.574 0.026 54005.409068 20.452 0.034 54005.410735 20.437 0.107 33.573783 0.447398
54010.350874 99.986 99.999 54010.35254 21.422 0.039 54010.349207 20.627 0.026 54010.35004 20.561 0.035 54010.351707 20.556 0.103 33.573783 0.447398
54012.343713 100.027 99.999 54012.34538 21.361 0.13 54012.342047 20.728 0.073 54012.34288 20.562 0.081 54012.344547 20.523 0.195 33.573783 0.447398
54020.349717 22.513 1.116 54020.351384 21.398 0.104 54020.348051 20.57 0.046 54020.348884 20.448 0.063 54020.350551 20.46 0.171 33.573783 0.447398
54024.43126 23.884 1.602 54024.432926 21.482 0.066 54024.429593 20.567 0.045 54024.430426 20.483 0.054 54024.432093 20.67 0.182 33.573783 0.447398
54028.419556 -99.99 99.999 54028.421222 21.603 0.072 54028.417889 20.588 0.036 54028.418722 20.526 0.053 54028.420389 -99.99 0.287 33.573783 0.447398
54030.343262 -99.99 99.999 54030.344929 21.483 0.038 54030.341596 20.523 0.028 54030.342429 20.533 0.042 54030.344096 20.4 0.112 33.573783 0.447398
54030.374988 -99.99 0.35 54030.376655 21.542 0.046 54030.373322 20.566 0.03 54030.374155 20.561 0.043 54030.375822 20.34 0.105 33.573783 0.447398
54035.419028 100.032 99.999 54035.420695 21.506 0.07 54035.417361 20.617 0.05 54035.418195 20.572 0.075 54035.419861 20.288 0.169 33.573783 0.447398
54037.324474 24.056 0.795 54037.32614 21.495 0.045 54037.322807 20.582 0.032 54037.32364 20.456 0.04 54037.325307 20.399 0.097 33.573783 0.447398
54040.339083 25.593 7.933 54040.34075 21.579 0.107 54040.337416 20.56 0.048 54040.33825 20.522 0.061 54040.339916 20.606 0.184 33.573783 0.447398
54047.369617 100.004 99.999 54047.371284 21.281 0.29 54047.36795 20.688 0.143 54047.368784 20.505 0.127 54047.37045 20.143 0.231 33.573783 0.447398
54049.365408 99.994 99.999 54049.367075 21.602 0.126 54049.363742 20.569 0.052 54049.364575 20.454 0.063 54049.366242 20.292 0.151 33.573783 0.447398
54053.345125 100.046 99.999 54053.346792 -99.99 0.078 54053.343459 -99.99 0.042 54053.344292 20.604 0.066 54053.345959 -99.99 0.226 33.573783 0.447398
54056.331428 24.438 5.243 54056.333095 21.595 0.055 54056.329762 20.637 0.051 54056.330595 20.535 0.063 54056.332262 20.217 0.146 33.573783 0.447398
54059.325731 24.661 3.022 54059.327397 21.55 0.059 54059.324064 20.592 0.039 54059.324897 20.549 0.06 54059.326564 20.537 0.198 33.573783 0.447398
54061.336777 23.445 1.715 54061.338443 21.587 0.089 54061.33511 20.557 0.057 54061.335943 20.435 0.089 54061.33761 20.082 0.174 33.573783 0.447398
54062.330647 23.564 0.695 54062.332313 21.584 0.049 54062.32898 20.632 0.036 54062.329813 20.462 0.052 54062.33148 20.285 0.13 33.573783 0.447398
54064.327017 99.985 99.999 54064.328684 21.589 0.055 54064.325351 20.671 0.042 54064.326184 20.545 0.057 54064.327851 21.06 0.248 33.573783 0.447398
54068.311172 100.003 99.999 54068.312839 21.632 0.124 54068.309506 20.593 0.064 54068.310339 20.388 0.071 54068.312006 20.682 0.261 33.573783 0.447398
54357.368974 -99.99 5.68 54357.37064 21.649 0.043 54357.367307 20.788 0.034 54357.36814 20.625 0.036 54357.369807 20.478 0.097 33.573783 0.447398
54362.418701 99.994 99.999 54362.420367 21.671 0.044 54362.417034 20.738 0.028 54362.417867 20.657 0.043 54362.419534 20.452 0.115 33.573783 0.447398
54376.413948 23.967 1.264 54376.415614 21.708 0.069 54376.412281 20.758 0.037 54376.413114 20.635 0.047 54376.414781 20.394 0.116 33.573783 0.447398
54382.399006 99.999 99.999 54382.400673 21.636 0.064 54382.39734 20.812 0.05 54382.398173 20.641 0.073 54382.39984 20.455 0.19 33.573783 0.447398
54385.416749 23.762 1.263 54385.418416 21.571 0.057 54385.415082 20.66 0.032 54385.415916 20.651 0.049 54385.417582 20.56 0.118 33.573783 0.447398
54390.409719 22.155 0.331 54390.411386 21.863 0.099 54390.408052 20.736 0.062 54390.408886 20.549 0.073 54390.410552 20.217 0.175 33.573783 0.447398
54391.418037 24.124 3.87 54391.419704 21.561 0.115 54391.41637 20.657 0.088 54391.417204 20.978 0.177 54391.41887 20.575 0.404 33.573783 0.447398
54402.410383 100.007 99.999 54402.41205 21.635 0.177 54402.408717 20.788 0.075 54402.40955 20.548 0.069 54402.411217 20.507 0.174 33.573783 0.447398
