51075.396152 19.627 0.035 51075.397818 19.604 0.014 51075.394485 19.539 0.018 51075.395318 19.202 0.024 51075.396985 19.121 0.072 34.761692 1.134847
51818.365833 19.655 0.035 51818.367499 19.522 0.013 51818.364166 19.456 0.015 51818.364999 19.215 0.019 51818.366666 19.084 0.053 34.761692 1.134847
52170.416791 19.514 0.033 52170.418457 19.315 0.011 52170.415124 19.247 0.013 52170.415957 19.009 0.017 52170.417624 18.864 0.043 34.761692 1.134847
52173.330168 19.478 0.037 52173.331834 19.317 0.012 52173.328501 19.287 0.014 52173.329334 19.033 0.019 52173.331001 18.895 0.061 34.761692 1.134847
52224.310333 19.511 0.032 52224.311999 19.323 0.012 52224.308666 19.247 0.013 52224.309499 19.023 0.015 52224.311166 18.859 0.04 34.761692 1.134847
52234.266816 -99.99 0.035 52234.268482 19.364 0.012 52234.265149 19.269 0.014 52234.265982 19.011 0.015 52234.267649 18.887 0.039 34.761692 1.134847
52261.23017 -99.99 0.037 52261.231836 19.377 0.012 52261.228503 19.313 0.014 52261.229336 19.011 0.015 52261.231003 18.929 0.044 34.761692 1.134847
52283.097543 19.578 0.04 52283.099209 19.409 0.014 52283.095876 19.311 0.018 52283.096709 19.002 0.021 52283.098376 18.87 0.068 34.761692 1.134847
52287.110666 19.54 0.033 52287.112332 19.414 0.012 52287.108999 19.298 0.015 52287.109832 19.003 0.015 52287.111499 18.897 0.04 34.761692 1.134847
52552.429365 19.477 0.04 52552.431031 19.279 0.013 52552.427698 19.215 0.017 52552.428531 18.972 0.021 52552.430198 18.873 0.06 34.761692 1.134847
52557.403722 19.475 0.034 52557.405388 19.272 0.011 52557.402055 19.198 0.014 52557.402888 18.902 0.016 52557.404555 18.865 0.051 34.761692 1.134847
52908.378292 19.344 0.03 52908.379958 19.144 0.01 52908.376625 19.105 0.012 52908.377458 18.84 0.016 52908.379125 18.697 0.038 34.761692 1.134847
52912.35773 19.323 0.031 52912.359396 19.172 0.012 52912.356063 19.129 0.012 52912.356896 18.856 0.014 52912.358563 18.721 0.037 34.761692 1.134847
52934.310196 19.341 0.031 52934.311862 19.143 0.01 52934.308529 19.101 0.013 52934.309362 18.836 0.017 52934.311029 18.784 0.047 34.761692 1.134847
52936.306122 19.318 0.028 52936.307788 19.175 0.01 52936.304455 19.101 0.014 52936.305288 18.836 0.015 52936.306955 18.735 0.041 34.761692 1.134847
53270.370186 19.185 0.031 53270.371853 19.072 0.019 53270.36852 19.027 0.014 53270.369353 18.796 0.016 53270.37102 18.721 0.036 34.761692 1.134847
53272.420121 19.321 0.033 53272.421787 19.069 0.01 53272.418454 19.028 0.012 53272.419287 18.79 0.016 53272.420954 18.697 0.04 34.761692 1.134847
53286.388842 19.321 0.033 53286.390508 19.093 0.011 53286.387175 19.055 0.013 53286.388008 18.778 0.014 53286.389675 18.619 0.035 34.761692 1.134847
53288.347335 19.321 0.031 53288.349001 19.075 0.01 53288.345668 19.037 0.012 53288.346501 18.81 0.016 53288.348168 18.631 0.035 34.761692 1.134847
53294.395007 19.325 0.032 53294.396673 19.123 0.011 53294.39334 19.013 0.013 53294.394173 18.791 0.016 53294.39584 18.693 0.036 34.761692 1.134847
53296.342071 19.26 0.029 53296.343737 19.066 0.029 53296.340404 19.034 0.018 53296.341237 18.8 0.017 53296.342904 18.694 0.039 34.761692 1.134847
53298.391782 19.287 0.035 53298.393448 19.088 0.012 53298.390115 19.042 0.017 53298.390948 18.796 0.02 53298.392615 18.713 0.058 34.761692 1.134847
53302.343001 19.266 0.037 53302.344667 19.099 0.016 53302.341334 19.05 0.017 53302.342167 18.81 0.019 53302.343834 18.741 0.042 34.761692 1.134847
53312.298652 19.305 0.043 53312.300318 19.088 0.018 53312.296985 19.057 0.023 53312.297818 18.802 0.019 53312.299485 18.686 0.048 34.761692 1.134847
53314.299733 19.218 0.031 53314.301399 19.108 0.012 53314.298066 19.03 0.014 53314.298899 18.784 0.017 53314.300566 18.821 0.053 34.761692 1.134847
53319.28753 19.275 0.035 53319.289196 19.124 0.012 53319.285863 19.05 0.016 53319.286696 18.785 0.017 53319.288363 18.674 0.052 34.761692 1.134847
53616.404088 19.391 0.041 53616.405754 19.171 0.011 53616.402421 19.114 0.014 53616.403254 18.816 0.015 53616.404921 18.789 0.045 34.761692 1.134847
53626.380515 -99.99 0.103 53626.382181 19.165 0.013 53626.378848 19.132 0.017 53626.379681 -99.99 0.019 53626.381348 -99.99 0.096 34.761692 1.134847
53628.36538 19.376 0.047 53628.367046 19.177 0.018 53628.363713 19.144 0.018 53628.364546 18.836 0.018 53628.366213 18.691 0.048 34.761692 1.134847
53637.366998 19.395 0.051 53637.368664 19.158 0.018 53637.365331 19.095 0.017 53637.366164 18.885 0.019 53637.367831 18.737 0.05 34.761692 1.134847
53639.412375 19.488 0.036 53639.414041 19.237 0.012 53639.410708 19.116 0.013 53639.411541 18.86 0.014 53639.413208 18.759 0.036 34.761692 1.134847
53641.411542 19.418 0.037 53641.413208 19.214 0.011 53641.409875 19.119 0.013 53641.410708 18.856 0.014 53641.412375 18.731 0.037 34.761692 1.134847
53657.370425 19.402 0.065 53657.372091 19.202 0.025 53657.368758 19.161 0.022 53657.369591 18.854 0.022 53657.371258 18.832 0.061 34.761692 1.134847
53663.354972 19.369 0.051 53663.356638 19.237 0.02 53663.353305 19.14 0.019 53663.354138 18.877 0.019 53663.355805 18.765 0.042 34.761692 1.134847
53665.332945 19.412 0.057 53665.334611 19.191 0.019 53665.331278 19.104 0.018 53665.332111 18.846 0.018 53665.333778 18.709 0.06 34.761692 1.134847
53666.425061 19.479 0.056 53666.426727 19.22 0.017 53666.423394 19.143 0.017 53666.424227 18.877 0.017 53666.425894 18.681 0.041 34.761692 1.134847
53668.344574 19.462 0.045 53668.34624 19.157 0.013 53668.342907 19.144 0.016 53668.34374 18.856 0.017 53668.345407 18.755 0.049 34.761692 1.134847
53669.432191 19.34 0.048 53669.433857 19.158 0.017 53669.430524 19.144 0.016 53669.431357 18.847 0.017 53669.433024 18.799 0.054 34.761692 1.134847
53670.349425 19.412 0.043 53670.351091 19.19 0.012 53670.347758 19.12 0.014 53670.348591 18.854 0.017 53670.350258 18.876 0.054 34.761692 1.134847
53673.317412 19.386 0.031 53673.319078 19.147 0.01 53673.315745 19.118 0.012 53673.316578 18.846 0.014 53673.318245 18.817 0.036 34.761692 1.134847
53675.314301 19.311 0.032 53675.315967 19.171 0.01 53675.312634 19.145 0.015 53675.313467 18.861 0.016 53675.315134 18.764 0.043 34.761692 1.134847
53677.335329 19.338 0.031 53677.336995 19.18 0.011 53677.333662 19.133 0.012 53677.334495 18.892 0.013 53677.336162 18.812 0.033 34.761692 1.134847
53680.321997 19.314 0.03 53680.323663 19.187 0.011 53680.32033 19.097 0.013 53680.321163 18.839 0.016 53680.32283 18.777 0.039 34.761692 1.134847
53683.380551 19.306 0.041 53683.382217 19.175 0.012 53683.378884 19.096 0.016 53683.379717 18.927 0.02 53683.381384 18.77 0.058 34.761692 1.134847
53686.321429 19.335 0.092 53686.323095 19.12 0.028 53686.319762 19.067 0.026 53686.320595 18.852 0.028 53686.322262 18.699 0.067 34.761692 1.134847
53693.323889 19.398 0.084 53693.325555 19.219 0.025 53693.322222 19.099 0.024 53693.323055 18.872 0.024 53693.324722 18.758 0.051 34.761692 1.134847
53698.321277 19.33 0.041 53698.322943 19.152 0.014 53698.31961 19.121 0.015 53698.320443 18.805 0.016 53698.32211 18.753 0.042 34.761692 1.134847
53699.344729 19.464 0.041 53699.346395 19.224 0.013 53699.343062 19.103 0.014 53699.343895 18.855 0.015 53699.345562 18.72 0.037 34.761692 1.134847
53704.30721 19.339 0.035 53704.308876 19.194 0.012 53704.305543 19.104 0.014 53704.306376 18.834 0.016 53704.308043 18.906 0.05 34.761692 1.134847
53989.403254 19.426 0.054 53989.404921 19.183 0.022 53989.401588 19.148 0.023 53989.402421 18.895 0.019 53989.404088 -99.99 0.043 34.761692 1.134847
53995.441993 19.357 0.029 53995.44366 19.199 0.022 53995.440326 19.132 0.015 53995.44116 18.875 0.012 53995.442826 18.838 0.035 34.761692 1.134847
54000.378696 19.362 0.035 54000.380363 19.198 0.017 54000.37703 19.146 0.015 54000.377863 18.899 0.019 54000.37953 18.776 0.042 34.761692 1.134847
54007.428887 19.386 0.034 54007.430553 19.226 0.023 54007.42722 19.153 0.022 54007.428053 18.88 0.02 54007.42972 18.826 0.041 34.761692 1.134847
54009.352612 19.352 0.03 54009.354279 19.22 0.022 54009.350946 19.156 0.013 54009.351779 18.975 0.015 54009.353446 -99.99 0.034 34.761692 1.134847
54011.417097 19.377 0.029 54011.418764 19.238 0.015 54011.41543 19.161 0.015 54011.416264 18.878 0.015 54011.41793 18.817 0.034 34.761692 1.134847
54025.41611 19.444 0.038 54025.417776 19.208 0.015 54025.414443 19.131 0.016 54025.415276 18.865 0.027 54025.416943 18.875 0.045 34.761692 1.134847
54346.40988 19.334 0.05 54346.411547 19.176 0.019 54346.408214 19.096 0.019 54346.409047 18.816 0.022 54346.410714 18.806 0.041 34.761692 1.134847
54348.413912 19.301 0.04 54348.415579 -99.99 0.052 54348.412245 19.11 0.021 54348.413079 18.854 0.019 54348.414745 18.823 0.043 34.761692 1.134847
54355.423913 19.332 0.036 54355.42558 19.159 0.016 54355.422247 19.08 0.023 54355.42308 18.858 0.017 54355.424747 18.776 0.033 34.761692 1.134847
54358.369755 19.267 0.042 54358.371422 19.129 0.016 54358.368089 19.032 0.019 54358.368922 18.867 0.021 54358.370589 18.747 0.039 34.761692 1.134847
54365.402739 19.251 0.027 54365.404405 19.116 0.016 54365.401072 19.089 0.018 54365.401905 18.855 0.017 54365.403572 18.764 0.032 34.761692 1.134847
54381.422303 19.257 0.026 54381.42397 19.143 0.021 54381.420636 19.057 0.015 54381.42147 18.875 0.019 54381.423136 18.822 0.032 34.761692 1.134847
54384.428973 19.208 0.037 54384.43064 19.148 0.019 54384.427307 19.028 0.016 54384.42814 18.848 0.02 54384.429807 18.747 0.036 34.761692 1.134847
54386.414654 19.28 0.031 54386.416321 19.131 0.018 54386.412988 19.046 0.018 54386.413821 18.836 0.018 54386.415488 18.74 0.033 34.761692 1.134847
54388.418876 19.352 0.03 54388.420543 19.14 0.018 54388.41721 19.079 0.017 54388.418043 18.845 0.015 54388.41971 18.79 0.036 34.761692 1.134847
54392.416442 19.35 0.049 54392.418109 19.11 0.024 54392.414776 19.082 0.021 54392.415609 18.803 0.021 54392.417276 18.81 0.048 34.761692 1.134847
54403.332797 19.622 0.28 54403.334463 19.113 0.045 54403.33113 19.027 0.047 54403.331963 -99.99 0.129 54403.33363 18.753 0.124 34.761692 1.134847
54404.390228 -99.99 0.163 54404.391895 19.055 0.036 54404.388561 19.088 0.024 54404.389395 18.733 0.048 54404.391061 -99.99 0.077 34.761692 1.134847
54405.388272 -99.99 0.035 54405.389938 19.159 0.018 54405.386605 19.043 0.016 54405.387438 18.849 0.018 54405.389105 18.789 0.04 34.761692 1.134847
54406.326539 19.316 0.035 54406.328205 19.094 0.018 54406.324872 19.067 0.016 54406.325705 18.811 0.02 54406.327372 18.782 0.032 34.761692 1.134847
54412.352278 19.264 0.033 54412.353945 19.099 0.026 54412.350612 19.047 0.017 54412.351445 18.805 0.016 54412.353112 18.794 0.038 34.761692 1.134847
