51075.388378 18.757 0.018 51075.390044 18.747 0.009 51075.386711 18.562 0.009 51075.387544 18.49 0.011 51075.389211 18.522 0.04 31.956874 -0.13955
51818.358057 -99.99 0.023 51818.359723 18.939 0.009 51818.35639 18.68 0.009 51818.357223 18.607 0.011 51818.35889 18.661 0.034 31.956874 -0.13955
52170.409043 19.242 0.027 52170.410709 19.169 0.011 52170.407376 18.848 0.011 52170.408209 18.758 0.012 52170.409876 18.811 0.039 31.956874 -0.13955
52173.322402 19.261 0.031 52173.324068 19.193 0.012 52173.320735 18.786 0.011 52173.321568 18.788 0.016 52173.323235 18.74 0.049 31.956874 -0.13955
52224.302536 -99.99 0.026 52224.304202 19.198 0.011 52224.300869 18.862 0.011 52224.301702 18.79 0.012 52224.303369 18.854 0.038 31.956874 -0.13955
52231.287958 19.251 0.027 52231.289624 19.208 0.011 52231.286291 18.847 0.011 52231.287124 18.78 0.013 52231.288791 18.785 0.037 31.956874 -0.13955
52234.259048 19.249 0.027 52234.260714 19.213 0.011 52234.257381 18.833 0.01 52234.258214 18.779 0.012 52234.259881 18.903 0.039 31.956874 -0.13955
52261.222403 19.219 0.028 52261.224069 19.238 0.011 52261.220736 18.862 0.01 52261.221569 18.796 0.012 52261.223236 18.794 0.038 31.956874 -0.13955
52287.102896 19.315 0.027 52287.104562 19.28 0.011 52287.101229 18.898 0.011 52287.102062 18.81 0.012 52287.103729 18.915 0.037 31.956874 -0.13955
52552.421598 19.211 0.031 52552.423264 -99.99 0.012 52552.419931 18.835 0.011 52552.420764 18.732 0.014 52552.422431 18.858 0.058 31.956874 -0.13955
52557.395955 19.115 0.026 52557.397621 19.121 0.01 52557.394288 18.825 0.011 52557.395121 18.788 0.013 52557.396788 18.809 0.044 31.956874 -0.13955
52908.370522 19.108 0.027 52908.372188 19.025 0.01 52908.368855 18.74 0.01 52908.369688 18.733 0.013 52908.371355 18.754 0.043 31.956874 -0.13955
52912.349961 19.04 0.025 52912.351627 19.037 0.01 52912.348294 18.776 0.011 52912.349127 18.723 0.013 52912.350794 18.794 0.04 31.956874 -0.13955
52934.302427 19.012 0.025 52934.304093 18.989 0.01 52934.30076 18.724 0.01 52934.301593 18.684 0.013 52934.30326 18.773 0.046 31.956874 -0.13955
52936.298353 19.019 0.023 52936.300019 18.977 0.009 52936.296686 18.744 0.01 52936.297519 18.672 0.011 52936.299186 18.682 0.034 31.956874 -0.13955
53270.362436 18.861 0.028 53270.364102 18.802 0.015 53270.360769 18.59 0.017 53270.361602 18.585 0.015 53270.363269 18.701 0.032 31.956874 -0.13955
53272.412354 18.707 0.023 53272.41402 18.793 0.009 53272.410687 18.619 0.01 53272.41152 18.529 0.012 53272.413187 18.65 0.04 31.956874 -0.13955
53286.381072 18.791 0.023 53286.382738 18.784 0.009 53286.379405 18.603 0.009 53286.380238 18.56 0.011 53286.381905 18.614 0.033 31.956874 -0.13955
53288.339563 18.785 0.021 53288.341229 18.787 0.009 53288.337896 18.613 0.009 53288.338729 18.528 0.011 53288.340396 18.631 0.031 31.956874 -0.13955
53294.387239 18.8 0.022 53294.388905 18.795 0.009 53294.385572 18.59 0.009 53294.386405 18.546 0.011 53294.388072 18.617 0.036 31.956874 -0.13955
53296.33428 -99.99 0.021 53296.335947 18.807 0.022 53296.332613 18.581 0.021 53296.333447 18.566 0.015 53296.335113 18.626 0.039 31.956874 -0.13955
53298.384015 18.794 0.026 53298.385681 18.786 0.014 53298.382348 18.616 0.015 53298.383181 18.564 0.019 53298.384848 18.601 0.046 31.956874 -0.13955
53302.335233 18.79 0.028 53302.336899 18.785 0.012 53302.333566 18.599 0.011 53302.334399 18.551 0.012 53302.336066 18.524 0.032 31.956874 -0.13955
53312.290809 18.85 0.03 53312.292476 18.803 0.02 53312.289142 18.598 0.014 53312.289976 18.538 0.015 53312.291642 18.561 0.041 31.956874 -0.13955
53314.291964 18.776 0.026 53314.29363 18.75 0.01 53314.290297 18.538 0.01 53314.29113 18.467 0.013 53314.292797 18.478 0.042 31.956874 -0.13955
53319.27976 18.872 0.029 53319.281426 -99.99 0.011 53319.278093 18.628 0.013 53319.278926 18.502 0.016 53319.280593 18.607 0.049 31.956874 -0.13955
53616.39632 19.049 0.028 53616.397986 19.009 0.01 53616.394653 18.744 0.011 53616.395486 18.68 0.013 53616.397153 18.769 0.045 31.956874 -0.13955
53626.372747 19.11 0.027 53626.374413 19.039 0.011 53626.37108 -99.99 0.013 53626.371913 -99.99 0.026 53626.37358 18.706 0.045 31.956874 -0.13955
53628.357611 19.027 0.033 53628.359277 19.065 0.016 53628.355944 18.736 0.013 53628.356777 18.667 0.014 53628.358444 18.774 0.045 31.956874 -0.13955
53637.35923 -99.99 0.034 53637.360896 19.068 0.015 53637.357563 18.738 0.013 53637.358396 18.687 0.014 53637.360063 18.735 0.045 31.956874 -0.13955
53639.404607 19.061 0.026 53639.406273 19.052 0.01 53639.40294 18.748 0.01 53639.403773 18.69 0.011 53639.40544 18.769 0.034 31.956874 -0.13955
53641.403773 -99.99 0.026 53641.405439 19.05 0.01 53641.402106 18.758 0.01 53641.402939 18.704 0.012 53641.404606 18.784 0.036 31.956874 -0.13955
53657.362659 19.096 0.049 53657.364325 19.009 0.021 53657.360992 18.754 0.017 53657.361825 18.669 0.019 53657.363492 18.712 0.057 31.956874 -0.13955
53663.347205 19.046 0.041 53663.348871 19.017 0.018 53663.345538 18.761 0.014 53663.346371 18.643 0.015 53663.348038 18.775 0.041 31.956874 -0.13955
53665.325176 19.051 0.038 53665.326842 19.022 0.017 53665.323509 18.702 0.013 53665.324342 18.697 0.016 53665.326009 18.762 0.044 31.956874 -0.13955
53666.417295 19.119 0.041 53666.418961 -99.99 0.015 53666.415628 18.733 0.012 53666.416461 18.673 0.013 53666.418128 18.815 0.042 31.956874 -0.13955
53668.336806 19.041 0.036 53668.338472 18.98 0.014 53668.335139 18.738 0.012 53668.335972 18.703 0.016 53668.337639 18.736 0.053 31.956874 -0.13955
53669.424426 19.042 0.042 53669.426092 19.031 0.014 53669.422759 18.739 0.013 53669.423592 18.686 0.015 53669.425259 18.75 0.051 31.956874 -0.13955
53670.341658 19.052 0.029 53670.343324 19.019 0.011 53670.339991 18.743 0.011 53670.340824 18.661 0.012 53670.342491 18.694 0.04 31.956874 -0.13955
53673.309644 19.016 0.024 53673.31131 19.013 0.01 53673.307977 18.753 0.01 53673.30881 18.687 0.011 53673.310477 18.802 0.036 31.956874 -0.13955
53675.306532 19.069 0.027 53675.308198 19.035 0.01 53675.304865 18.759 0.01 53675.305698 18.722 0.013 53675.307365 18.758 0.039 31.956874 -0.13955
53677.327562 19.06 0.025 53677.329228 19.048 0.01 53677.325895 18.76 0.01 53677.326728 18.678 0.011 53677.328395 18.738 0.035 31.956874 -0.13955
53680.314229 19.131 0.026 53680.315895 19.085 0.01 53680.312562 18.775 0.01 53680.313395 18.709 0.012 53680.315062 18.747 0.034 31.956874 -0.13955
53683.372785 19.096 0.031 53683.374451 19.095 0.011 53683.371118 18.774 0.011 53683.371951 18.712 0.015 53683.373618 18.743 0.056 31.956874 -0.13955
53686.313661 19.091 0.051 53686.315327 19.094 0.023 53686.311994 -99.99 0.02 53686.312827 18.715 0.018 53686.314494 18.777 0.05 31.956874 -0.13955
53693.316122 -99.99 0.065 53693.317788 19.066 0.021 53693.314455 18.789 0.016 53693.315288 18.752 0.017 53693.316955 18.936 0.055 31.956874 -0.13955
53698.31351 19.173 0.033 53698.315176 19.179 0.012 53698.311843 18.81 0.011 53698.312676 18.74 0.013 53698.314343 18.809 0.041 31.956874 -0.13955
53704.299442 19.173 0.031 53704.301108 19.154 0.012 53704.297775 18.829 0.011 53704.298608 18.726 0.014 53704.300275 18.818 0.053 31.956874 -0.13955
53989.395586 19.345 0.056 53989.397253 19.299 0.02 53989.39392 18.96 0.02 53989.394753 18.865 0.019 53989.39642 19.005 0.04 31.956874 -0.13955
53995.434233 19.312 0.029 53995.4359 19.352 0.02 53995.432567 18.986 0.015 53995.4334 18.906 0.016 53995.435067 19.072 0.041 31.956874 -0.13955
54000.370921 19.336 0.027 54000.372587 19.354 0.031 54000.369254 19.016 0.019 54000.370087 -99.99 0.021 54000.371754 19.018 0.048 31.956874 -0.13955
54007.421102 19.337 0.028 54007.422769 19.389 0.015 54007.419436 18.966 0.014 54007.420269 18.919 0.02 54007.421936 18.915 0.039 31.956874 -0.13955
54009.344838 -99.99 0.029 54009.346504 19.376 0.018 54009.343171 18.979 0.014 54009.344004 18.942 0.016 54009.345671 18.986 0.04 31.956874 -0.13955
54011.409384 -99.99 0.028 54011.411051 19.407 0.018 54011.407718 18.997 0.018 54011.408551 18.906 0.015 54011.410218 18.961 0.037 31.956874 -0.13955
54025.408365 19.363 0.048 54025.410032 19.427 0.02 54025.406698 18.989 0.017 54025.407532 18.891 0.016 54025.409198 18.969 0.05 31.956874 -0.13955
54346.402113 19.415 0.047 54346.40378 19.468 0.027 54346.400446 19.023 0.02 54346.40128 18.95 0.03 54346.402946 18.971 0.046 31.956874 -0.13955
54348.406117 19.411 0.043 54348.407784 19.443 0.022 54348.40445 19.073 0.018 54348.405284 18.973 0.025 54348.40695 19.04 0.048 31.956874 -0.13955
54358.361964 19.411 0.038 54358.363631 19.452 0.039 54358.360298 19.078 0.023 54358.361131 18.98 0.02 54358.362798 18.954 0.055 31.956874 -0.13955
54365.39496 19.438 0.031 54365.396627 19.463 0.018 54365.393294 19.08 0.013 54365.394127 18.94 0.016 54365.395794 19.08 0.039 31.956874 -0.13955
54381.414529 -99.99 0.035 54381.416196 19.467 0.02 54381.412862 19.024 0.022 54381.413696 18.934 0.019 54381.415362 19.055 0.046 31.956874 -0.13955
54384.42119 19.489 0.034 54384.422856 19.455 0.025 54384.419523 19.067 0.016 54384.420356 18.974 0.018 54384.422023 19.156 0.054 31.956874 -0.13955
54386.406868 19.521 0.041 54386.408535 -99.99 0.024 54386.405202 19.051 0.016 54386.406035 18.967 0.016 54386.407702 19.063 0.048 31.956874 -0.13955
54388.411122 -99.99 0.034 54388.412789 19.457 0.019 54388.409456 19.033 0.022 54388.410289 18.967 0.02 54388.411956 19.012 0.04 31.956874 -0.13955
54392.408754 -99.99 0.041 54392.41042 19.473 0.026 54392.407087 19.074 0.019 54392.40792 18.989 0.02 54392.409587 19.108 0.051 31.956874 -0.13955
54404.382466 -99.99 0.119 54404.384133 -99.99 0.03 54404.3808 19.051 0.022 54404.381633 -99.99 0.063 54404.3833 19.106 0.068 31.956874 -0.13955
54405.380491 -99.99 0.047 54405.382158 -99.99 0.02 54405.378825 19.093 0.02 54405.379658 18.965 0.024 54405.381325 19.127 0.054 31.956874 -0.13955
54406.318751 19.53 0.057 54406.320418 19.495 0.019 54406.317085 19.088 0.013 54406.317918 18.983 0.02 54406.319585 19.04 0.04 31.956874 -0.13955
54412.344506 19.536 0.042 54412.346172 19.512 0.022 54412.342839 19.091 0.022 54412.343672 19.009 0.029 54412.345339 19.081 0.056 31.956874 -0.13955
