51075.394323 20.454 0.067 51075.395989 20.489 0.026 51075.392656 20.573 0.037 51075.393489 20.24 0.055 51075.395156 20.553 0.275 34.101653 1.084299
51818.363987 20.405 0.061 51818.365653 20.428 0.025 51818.36232 20.431 0.031 51818.363153 20.2 0.038 51818.36482 20.286 0.153 34.101653 1.084299
52170.414968 20.118 0.053 52170.416634 20.132 0.019 52170.413301 20.152 0.024 52170.414134 20.077 0.034 52170.415801 19.861 0.098 34.101653 1.084299
52173.328385 20.192 0.061 52173.330051 20.105 0.022 52173.326718 20.148 0.029 52173.327551 20.057 0.043 52173.329218 19.922 0.141 34.101653 1.084299
52224.308471 20.206 0.05 52224.310137 20.14 0.018 52224.306804 20.224 0.024 52224.307637 20.022 0.03 52224.309304 20.031 0.104 34.101653 1.084299
52234.264989 -99.99 0.054 52234.266655 20.139 0.02 52234.263322 20.119 0.025 52234.264155 20.011 0.03 52234.265822 19.918 0.09 34.101653 1.084299
52261.228343 20.186 0.052 52261.230009 20.148 0.019 52261.226676 20.131 0.024 52261.227509 20.076 0.032 52261.229176 19.797 0.086 34.101653 1.084299
52287.108838 20.171 0.05 52287.110504 20.099 0.018 52287.107171 20.114 0.025 52287.108004 19.98 0.032 52287.109671 19.925 0.089 34.101653 1.084299
52552.427538 20.066 0.067 52552.429204 20.026 0.022 52552.425871 20.049 0.034 52552.426704 19.895 0.045 52552.428371 19.903 0.152 34.101653 1.084299
52557.401895 20.052 0.051 52557.403561 20.037 0.018 52557.400228 20.047 0.026 52557.401061 19.979 0.035 52557.402728 20.056 0.136 34.101653 1.084299
52908.376463 20.12 0.052 52908.378129 20.059 0.018 52908.374796 20.048 0.023 52908.375629 19.999 0.033 52908.377296 19.755 0.098 34.101653 1.084299
52912.355902 20.149 0.052 52912.357568 20.076 0.019 52912.354235 20.069 0.024 52912.355068 20.016 0.032 52912.356735 19.792 0.091 34.101653 1.084299
52934.308367 20.216 0.06 52934.310033 20.022 0.019 52934.3067 20.124 0.027 52934.307533 19.96 0.036 52934.3092 19.896 0.124 34.101653 1.084299
52936.304294 20.146 0.048 52936.30596 20.084 0.019 52936.302627 20.137 0.026 52936.30346 19.978 0.033 52936.305127 19.95 0.111 34.101653 1.084299
53270.368353 20.353 0.059 53270.37002 20.281 0.021 53270.366687 20.302 0.025 53270.36752 20.158 0.036 53270.369187 19.981 0.099 34.101653 1.084299
53272.418294 20.216 0.059 53272.41996 20.281 0.023 53272.416627 20.306 0.029 53272.41746 20.057 0.038 53272.419127 19.856 0.114 34.101653 1.084299
53286.387013 20.352 0.077 53286.388679 20.279 0.025 53286.385346 20.259 0.033 53286.386179 20.116 0.04 53286.387846 20.005 0.116 34.101653 1.084299
53288.345507 20.307 0.059 53288.347173 20.291 0.021 53288.34384 20.282 0.025 53288.344673 20.086 0.032 53288.34634 20.171 0.131 34.101653 1.084299
53294.393178 20.258 0.065 53294.394844 20.248 0.022 53294.391511 20.23 0.033 53294.392344 20.039 0.039 53294.394011 20.249 0.141 34.101653 1.084299
53296.340224 20.491 0.072 53296.341891 20.305 0.023 53296.338557 20.279 0.049 53296.339391 20.067 0.042 53296.341057 20.11 0.126 34.101653 1.084299
53298.389955 -99.99 0.071 53298.391621 20.286 0.025 53298.388288 20.4 0.044 53298.389121 20.131 0.053 53298.390788 20.135 0.189 34.101653 1.084299
53302.341174 20.126 0.084 53302.34284 20.194 0.037 53302.339507 20.226 0.047 53302.34034 20.026 0.047 53302.342007 19.779 0.106 34.101653 1.084299
53312.296724 20.133 0.084 53312.298391 20.238 0.037 53312.295058 20.266 0.047 53312.295891 20.127 0.052 53312.297558 19.921 0.147 34.101653 1.084299
53314.297904 20.252 0.069 53314.29957 20.271 0.028 53314.296237 20.322 0.036 53314.29707 20.165 0.048 53314.298737 19.895 0.114 34.101653 1.084299
53319.285702 20.51 0.092 53319.287368 20.241 0.026 53319.284035 20.292 0.042 53319.284868 20.061 0.057 53319.286535 20.182 0.172 34.101653 1.084299
53616.40226 20.326 0.082 53616.403926 20.231 0.024 53616.400593 20.168 0.027 53616.401426 20.138 0.04 53616.403093 19.984 0.12 34.101653 1.084299
53626.378687 -99.99 0.081 53626.380353 -99.99 0.086 53626.37702 20.455 0.054 53626.377853 -99.99 0.049 53626.37952 -99.99 0.198 34.101653 1.084299
53628.363551 20.32 0.106 53628.365217 20.225 0.044 53628.361884 20.217 0.039 53628.362717 20.07 0.047 53628.364384 19.909 0.127 34.101653 1.084299
53637.36517 20.522 0.118 53637.366836 20.33 0.042 53637.363503 20.252 0.044 53637.364336 20.109 0.051 53637.366003 19.893 0.147 34.101653 1.084299
53639.410547 20.395 0.07 53639.412213 20.204 0.023 53639.40888 20.29 0.027 53639.409713 20.109 0.032 53639.41138 20.025 0.093 34.101653 1.084299
53641.409714 20.37 0.07 53641.41138 20.268 0.023 53641.408047 20.321 0.028 53641.40888 20.097 0.034 53641.410547 20.021 0.109 34.101653 1.084299
53657.368599 20.344 0.141 53657.370265 20.229 0.066 53657.366932 20.13 0.06 53657.367765 19.987 0.063 53657.369432 20.018 0.183 34.101653 1.084299
53663.353144 20.279 0.111 53663.35481 20.254 0.045 53663.351477 20.329 0.046 53663.35231 20.075 0.045 53663.353977 19.842 0.102 34.101653 1.084299
53665.331116 20.421 0.118 53665.332782 20.281 0.049 53665.329449 20.315 0.041 53665.330282 20.108 0.052 53665.331949 20.062 0.138 34.101653 1.084299
53666.423233 20.137 0.098 53666.424899 20.297 0.036 53666.421566 20.258 0.039 53666.422399 20.123 0.042 53666.424066 19.953 0.114 34.101653 1.084299
53668.342746 20.418 0.098 53668.344412 20.226 0.03 53668.341079 20.26 0.037 53668.341912 20.029 0.043 53668.343579 20.097 0.155 34.101653 1.084299
53669.430364 20.218 0.102 53669.43203 20.3 0.033 53669.428697 20.323 0.042 53669.42953 20.096 0.046 53669.431197 19.987 0.129 34.101653 1.084299
53670.347597 20.326 0.081 53670.349263 20.217 0.026 53670.34593 20.265 0.035 53670.346763 20.193 0.06 53670.34843 20.224 0.163 34.101653 1.084299
53673.315585 20.26 0.053 53673.317251 20.097 0.017 53673.313918 20.267 0.026 53673.314751 20.11 0.032 53673.316418 20.081 0.099 34.101653 1.084299
53675.312473 20.353 0.071 53675.314139 20.278 0.022 53675.310806 20.185 0.028 53675.311639 20.105 0.043 53675.313306 19.775 0.102 34.101653 1.084299
53677.333502 20.355 0.062 53677.335168 20.215 0.02 53677.331835 20.3 0.028 53677.332668 20.082 0.032 53677.334335 19.911 0.078 34.101653 1.084299
53680.320169 20.358 0.063 53680.321835 20.256 0.019 53680.318502 20.296 0.03 53680.319335 20.112 0.036 53680.321002 20.064 0.101 34.101653 1.084299
53683.378723 20.268 0.082 53683.380389 20.242 0.026 53683.377056 20.254 0.039 53683.377889 20.074 0.054 53683.379556 19.857 0.144 34.101653 1.084299
53686.319601 20.103 0.157 53686.321267 20.215 0.088 53686.317934 20.184 0.067 53686.318767 19.988 0.069 53686.320434 20.304 0.254 34.101653 1.084299
53693.322061 -99.99 0.144 53693.323727 20.139 0.065 53693.320394 20.266 0.063 53693.321227 -99.99 0.059 53693.322894 19.896 0.159 34.101653 1.084299
53698.319449 20.253 0.082 53698.321115 20.233 0.03 53698.317782 20.213 0.033 53698.318615 20.162 0.045 53698.320282 19.806 0.109 34.101653 1.084299
53699.342902 20.249 0.076 53699.344568 20.212 0.027 53699.341235 20.18 0.029 53699.342068 20.064 0.036 53699.343735 20.037 0.114 34.101653 1.084299
53704.305382 20.136 0.066 53704.307048 20.314 0.023 53704.303715 20.288 0.03 53704.304548 20.14 0.044 53704.306215 19.892 0.113 34.101653 1.084299
53989.401475 -99.99 0.09 53989.403142 20.015 0.039 53989.399809 20.242 0.048 53989.400642 19.986 0.045 53989.402309 -99.99 0.11 34.101653 1.084299
53995.440174 20.058 0.041 53995.441841 20.076 0.03 53995.438508 20.154 0.024 53995.439341 20.058 0.035 53995.441008 19.935 0.077 34.101653 1.084299
54000.376871 20.261 0.06 54000.378537 20.024 0.023 54000.375204 20.123 0.027 54000.376037 19.977 0.037 54000.377704 19.9 0.109 34.101653 1.084299
54007.426996 -99.99 0.058 54007.428663 20.105 0.026 54007.42533 20.154 0.027 54007.426163 20.003 0.035 54007.42783 20.015 0.099 34.101653 1.084299
54009.350788 -99.99 0.04 54009.352454 20.047 0.019 54009.349121 20.119 0.025 54009.349954 20.002 0.028 54009.351621 19.99 0.09 34.101653 1.084299
54011.415274 -99.99 0.043 54011.416941 20.066 0.025 54011.413608 20.172 0.025 54011.414441 19.996 0.028 54011.416108 19.884 0.072 34.101653 1.084299
54025.414278 -99.99 0.05 54025.415945 19.982 0.036 54025.412611 20.139 0.028 54025.413445 19.952 0.037 54025.415111 19.785 0.096 34.101653 1.084299
54346.408042 -99.99 0.122 54346.409708 20.499 0.056 54346.406375 20.444 0.053 54346.407208 20.222 0.056 54346.408875 20.079 0.113 34.101653 1.084299
54348.412009 -99.99 0.1 54348.413675 -99.99 0.035 54348.410342 20.486 0.041 54348.411175 20.205 0.047 54348.412842 20.165 0.142 34.101653 1.084299
54355.422088 20.477 0.065 54355.423755 20.488 0.029 54355.420422 20.418 0.031 54355.421255 20.252 0.037 54355.422922 20.198 0.099 34.101653 1.084299
54358.367856 -99.99 0.071 54358.369523 20.516 0.028 54358.366189 20.486 0.039 54358.367023 20.272 0.047 54358.368689 20.315 0.137 34.101653 1.084299
54365.400902 20.454 0.051 54365.402569 20.425 0.028 54365.399236 20.402 0.026 54365.400069 20.184 0.038 54365.401736 20.269 0.102 34.101653 1.084299
54381.420476 20.221 0.05 54381.422143 20.262 0.024 54381.41881 20.343 0.032 54381.419643 20.101 0.035 54381.42131 20.27 0.098 34.101653 1.084299
54384.427127 20.195 0.057 54384.428794 20.28 0.025 54384.42546 20.375 0.03 54384.426294 20.171 0.034 54384.42796 20.232 0.109 34.101653 1.084299
54386.412808 20.369 0.074 54386.414475 20.314 0.024 54386.411141 20.357 0.032 54386.411975 20.196 0.043 54386.413641 20.349 0.125 34.101653 1.084299
54388.417063 20.102 0.055 54388.418729 20.256 0.024 54388.415396 20.247 0.026 54388.416229 20.115 0.032 54388.417896 20.042 0.086 34.101653 1.084299
54392.414669 20.201 0.072 54392.416335 20.243 0.039 54392.413002 20.344 0.039 54392.413835 20.137 0.05 54392.415502 19.997 0.114 34.101653 1.084299
54404.388389 20.086 0.111 54404.390056 20.33 0.151 54404.386723 20.36 0.136 54404.387556 20.07 0.084 54404.389223 21.762 1.5 34.101653 1.084299
54405.386376 20.06 0.064 54405.388043 20.172 0.028 54405.38471 20.281 0.04 54405.385543 20.167 0.04 54405.38721 19.991 0.093 34.101653 1.084299
54406.324693 20.227 0.054 54406.32636 20.2 0.024 54406.323026 20.227 0.038 54406.32386 20.167 0.037 54406.325526 20.039 0.085 34.101653 1.084299
54412.350453 20.202 0.058 54412.35212 20.21 0.026 54412.348787 20.287 0.029 54412.34962 20.09 0.038 54412.351287 20.058 0.108 34.101653 1.084299
