51081.370925 20.819 0.079 51081.372591 20.245 0.022 51081.369258 19.983 0.022 51081.370091 19.985 0.029 51081.371758 19.858 0.096 31.544515 -0.316027
51819.442113 20.948 0.123 51819.443779 20.406 0.028 51819.440446 20.153 0.03 51819.441279 20.042 0.038 51819.442946 19.949 0.139 31.544515 -0.316027
52225.266753 20.569 0.064 52225.268419 20.117 0.018 52225.265086 19.893 0.02 52225.265919 19.802 0.024 52225.267586 19.758 0.078 31.544515 -0.316027
52288.101174 20.545 0.068 52288.10284 20.083 0.021 52288.099507 19.799 0.021 52288.10034 19.797 0.027 52288.102007 19.642 0.08 31.544515 -0.316027
52551.374466 20.225 0.049 52551.376132 19.848 0.016 52551.372799 19.714 0.02 52551.373632 -99.99 0.024 52551.375299 19.577 0.078 31.544515 -0.316027
52558.407342 20.263 0.048 52558.409008 19.872 0.015 52558.405675 19.724 0.016 52558.406508 19.792 0.021 52558.408175 19.518 0.059 31.544515 -0.316027
52576.240392 20.338 0.054 52576.242058 19.918 0.017 52576.238725 19.739 0.019 52576.239558 19.744 0.024 52576.241225 19.532 0.071 31.544515 -0.316027
52577.294848 20.378 0.055 52577.296514 19.907 0.017 52577.293181 19.727 0.017 52577.294014 19.775 0.024 52577.295681 19.499 0.067 31.544515 -0.316027
52585.241925 20.383 0.051 52585.243591 19.93 0.015 52585.240258 19.768 0.02 52585.241091 19.747 0.027 52585.242758 19.626 0.094 31.544515 -0.316027
52909.408562 20.27 0.053 52909.410228 19.831 0.016 52909.406895 19.678 0.017 52909.407728 19.684 0.022 52909.409395 19.591 0.07 31.544515 -0.316027
52910.378805 20.284 0.054 52910.380471 19.808 0.017 52910.377138 19.694 0.016 52910.377971 19.737 0.022 52910.379638 19.612 0.067 31.544515 -0.316027
52935.305973 20.21 0.059 52935.307639 19.859 0.018 52935.304306 19.703 0.02 52935.305139 19.715 0.029 52935.306806 19.552 0.092 31.544515 -0.316027
52963.229048 20.224 0.044 52963.230714 19.812 0.015 52963.227381 19.661 0.015 52963.228214 19.735 0.02 52963.229881 19.485 0.055 31.544515 -0.316027
52971.219963 20.117 0.05 52971.221629 19.789 0.017 52971.218296 19.646 0.019 52971.219129 19.751 0.026 52971.220796 19.579 0.078 31.544515 -0.316027
53351.151352 20.916 0.096 53351.153018 20.092 0.02 53351.149685 19.908 0.024 53351.150518 19.893 0.037 53351.152185 19.641 0.102 31.544515 -0.316027
53622.408406 20.615 0.073 53622.410072 20.032 0.018 53622.406739 19.894 0.02 53622.407572 19.926 0.028 53622.409239 19.787 0.086 31.544515 -0.316027
53634.357877 20.611 0.218 53634.359543 20.064 0.061 53634.35621 19.832 0.048 53634.357043 19.876 0.056 53634.35871 19.483 0.086 31.544515 -0.316027
53638.399214 20.556 0.08 53638.40088 20.106 0.023 53638.397547 19.878 0.021 53638.39838 19.894 0.027 53638.400047 19.755 0.083 31.544515 -0.316027
53640.363249 20.542 0.081 53640.364915 20.099 0.021 53640.361582 19.903 0.022 53640.362415 19.928 0.028 53640.364082 19.737 0.094 31.544515 -0.316027
53646.424659 20.559 0.093 53646.426325 20.162 0.025 53646.422992 19.879 0.028 53646.423825 19.926 0.039 53646.425492 19.667 0.109 31.544515 -0.316027
53655.335422 20.591 0.081 53655.337088 20.075 0.02 53655.333755 19.873 0.022 53655.334588 19.885 0.032 53655.336255 19.632 0.092 31.544515 -0.316027
53664.360379 20.169 0.154 53664.362045 20.03 0.066 53664.358712 19.796 0.055 53664.359545 19.866 0.068 53664.361212 19.682 0.167 31.544515 -0.316027
53665.425014 20.387 0.128 53665.42668 20.038 0.032 53665.423347 19.88 0.029 53665.42418 19.875 0.034 53665.425847 19.666 0.097 31.544515 -0.316027
53669.319623 20.555 0.077 53669.321289 20.054 0.021 53669.317956 19.878 0.022 53669.318789 19.825 0.029 53669.320456 19.678 0.087 31.544515 -0.316027
53671.404379 20.522 0.084 53671.406045 20.067 0.021 53671.402712 19.877 0.023 53671.403545 19.894 0.03 53671.405212 19.545 0.072 31.544515 -0.316027
53674.303859 20.528 0.078 53674.305525 20.059 0.021 53674.302192 19.836 0.026 53674.303025 19.909 0.032 53674.304692 19.588 0.085 31.544515 -0.316027
53676.393322 20.343 0.069 53676.394988 20.056 0.02 53676.391655 19.863 0.021 53676.392488 19.905 0.028 53676.394155 19.703 0.082 31.544515 -0.316027
53679.365221 20.536 0.126 53679.366887 -99.99 0.022 53679.363554 19.835 0.031 53679.364387 19.912 0.042 53679.366054 19.443 0.12 31.544515 -0.316027
53681.356734 20.48 0.073 53681.3584 20.079 0.018 53681.355067 19.903 0.02 53681.3559 19.881 0.025 53681.357567 19.618 0.066 31.544515 -0.316027
53684.318228 -99.99 0.108 53684.319894 20.078 0.03 53684.316561 19.839 0.03 53684.317394 19.879 0.049 53684.319061 19.577 0.122 31.544515 -0.316027
53687.259531 20.343 0.148 53687.261197 20.024 0.049 53687.257864 19.935 0.043 53687.258697 19.876 0.042 53687.260364 19.754 0.095 31.544515 -0.316027
53694.329675 20.345 0.219 53694.331341 20.019 0.061 53694.328008 19.833 0.042 53694.328841 19.815 0.046 53694.330508 19.61 0.148 31.544515 -0.316027
53697.313759 20.515 0.101 53697.315425 20.073 0.03 53697.312092 19.823 0.024 53697.312925 19.83 0.03 53697.314592 19.65 0.087 31.544515 -0.316027
53700.312715 20.585 0.103 53700.314381 20.045 0.024 53700.311048 19.768 0.026 53700.311881 19.775 0.037 53700.313548 19.591 0.128 31.544515 -0.316027
53705.299386 20.499 0.086 53705.301052 20.046 0.022 53705.297719 19.799 0.024 53705.298552 19.797 0.032 53705.300219 19.692 0.126 31.544515 -0.316027
53975.384435 20.482 0.072 53975.386102 20.052 0.021 53975.382769 19.862 0.025 53975.383602 19.821 0.029 53975.385269 19.841 0.1 31.544515 -0.316027
53993.39653 -99.99 0.107 53993.398197 20.046 0.029 53993.394864 -99.99 2.985 53993.395697 -99.99 99.999 53993.397364 -99.99 0.141 31.544515 -0.316027
53994.407434 20.349 0.061 53994.4091 -99.99 0.021 53994.405767 19.855 0.028 53994.4066 19.84 0.031 53994.408267 19.752 0.086 31.544515 -0.316027
53996.391177 20.493 0.077 53996.392843 20.032 0.044 53996.38951 19.84 0.034 53996.390343 19.888 0.033 53996.39201 19.761 0.086 31.544515 -0.316027
54005.404286 20.543 0.057 54005.405952 20.04 0.02 54005.402619 19.866 0.022 54005.403452 19.862 0.025 54005.405119 19.772 0.062 31.544515 -0.316027
54010.345296 20.567 0.059 54010.346962 19.996 0.023 54010.343629 19.818 0.024 54010.344462 19.908 0.024 54010.346129 19.772 0.056 31.544515 -0.316027
54012.338099 20.513 0.121 54012.339765 20.102 0.037 54012.336432 19.839 0.032 54012.337265 19.823 0.034 54012.338932 19.537 0.073 31.544515 -0.316027
54020.344136 20.424 0.103 54020.345803 20.012 0.031 54020.342469 19.876 0.029 54020.343303 19.887 0.036 54020.344969 19.71 0.1 31.544515 -0.316027
54024.425643 20.415 0.079 54024.427309 20.06 0.032 54024.423976 19.874 0.025 54024.424809 19.965 0.036 54024.426476 19.724 0.096 31.544515 -0.316027
54028.413952 20.433 0.067 54028.415618 20.078 0.027 54028.412285 19.88 0.022 54028.413118 19.918 0.035 54028.414785 19.836 0.098 31.544515 -0.316027
54030.33764 20.48 0.052 54030.339307 20.066 0.021 54030.335973 19.894 0.02 54030.336807 19.835 0.023 54030.338473 19.666 0.064 31.544515 -0.316027
54035.413419 20.486 0.093 54035.415085 20.063 0.034 54035.411752 19.841 0.029 54035.412585 19.816 0.037 54035.414252 19.977 0.17 31.544515 -0.316027
54037.31886 20.62 0.056 54037.320527 20.123 0.021 54037.317193 19.867 0.018 54037.318027 19.923 0.026 54037.319693 19.77 0.055 31.544515 -0.316027
54040.333401 20.579 0.099 54040.335067 20.068 0.03 54040.331734 19.85 0.029 54040.332567 19.897 0.036 54040.334234 19.611 0.082 31.544515 -0.316027
54047.364009 -99.99 0.257 54047.365676 20.234 0.113 54047.362343 19.963 0.083 54047.363176 -99.99 0.092 54047.364843 19.444 0.164 31.544515 -0.316027
54049.359831 20.828 0.187 54049.361498 20.041 0.039 54049.358165 19.928 0.035 54049.358998 19.925 0.041 54049.360665 19.749 0.109 31.544515 -0.316027
54056.32585 20.513 0.079 54056.327517 20.105 0.025 54056.324183 19.861 0.024 54056.325017 19.905 0.032 54056.326683 19.747 0.102 31.544515 -0.316027
54059.320152 20.632 0.085 54059.321819 20.051 0.023 54059.318485 19.92 0.024 54059.319319 19.875 0.036 54059.320985 19.71 0.103 31.544515 -0.316027
54062.32496 20.427 0.067 54062.326626 20.141 0.025 54062.323293 19.85 0.019 54062.324126 19.911 0.034 54062.325793 19.774 0.093 31.544515 -0.316027
54064.321438 20.565 0.08 54064.323105 20.13 0.024 54064.319771 19.897 0.025 54064.320605 19.952 0.029 54064.322271 19.808 0.091 31.544515 -0.316027
54068.305592 -99.99 0.104 54068.307259 20.175 0.052 54068.303926 19.866 0.03 54068.304759 19.933 0.042 54068.306426 19.542 0.114 31.544515 -0.316027
54357.36334 20.922 0.073 54357.365006 20.382 0.019 54357.361673 20.139 0.024 54357.362506 20.11 0.028 54357.364173 19.882 0.063 31.544515 -0.316027
54362.413081 20.971 0.074 54362.414748 20.402 0.024 54362.411415 20.099 0.023 54362.412248 20.102 0.032 54362.413915 19.846 0.072 31.544515 -0.316027
54376.408169 20.889 0.094 54376.409836 20.34 0.027 54376.406503 20.063 0.024 54376.407336 20.056 0.038 54376.409003 19.893 0.076 31.544515 -0.316027
54382.393318 -99.99 0.091 54382.394985 20.339 0.03 54382.391651 20.072 0.039 54382.392485 20.06 0.054 54382.394151 19.833 0.116 31.544515 -0.316027
54385.411172 20.783 0.079 54385.412839 20.362 0.025 54385.409506 20.058 0.024 54385.410339 20.041 0.028 54385.412006 19.778 0.075 31.544515 -0.316027
54387.411647 20.641 0.16 54387.413314 20.316 0.039 54387.409981 -99.99 0.045 54387.410814 19.96 0.07 54387.412481 19.546 0.148 31.544515 -0.316027
54390.404035 20.769 0.116 54390.405701 -99.99 0.06 54390.402368 20.131 0.036 54390.403201 20.098 0.047 54390.404868 19.742 0.127 31.544515 -0.316027
54391.412458 20.806 0.154 54391.414125 20.296 0.041 54391.410791 20.051 0.055 54391.411625 20.023 0.062 54391.413291 20.341 0.343 31.544515 -0.316027
54402.404768 21.747 0.996 54402.406435 20.412 0.062 54402.403102 19.971 0.036 54402.403935 20.049 0.04 54402.405602 19.595 0.086 31.544515 -0.316027
