51075.39306 -99.99 0.109 51075.394726 20.47 0.027 51075.391393 20.368 0.03 51075.392226 20.268 0.044 51075.393893 20.163 0.186 33.647322 -0.167892
51818.362704 20.951 0.081 51818.36437 20.341 0.022 51818.361037 20.13 0.022 51818.36187 20.083 0.029 51818.363537 20.099 0.116 33.647322 -0.167892
52170.413756 20.664 0.067 52170.415422 20.051 0.018 52170.412089 19.914 0.019 52170.412922 19.886 0.026 52170.414589 19.769 0.092 33.647322 -0.167892
52173.327113 20.674 0.086 52173.328779 20.094 0.02 52173.325446 19.9 0.024 52173.326279 19.865 0.035 52173.327946 19.618 0.102 33.647322 -0.167892
52224.307233 20.792 0.073 52224.308899 20.141 0.018 52224.305566 19.958 0.02 52224.306399 19.885 0.025 52224.308066 19.574 0.067 33.647322 -0.167892
52234.263731 20.697 0.07 52234.265397 20.158 0.02 52234.262064 19.978 0.02 52234.262897 19.916 0.026 52234.264564 19.787 0.118 33.647322 -0.167892
52261.227084 20.722 0.075 52261.22875 20.205 0.019 52261.225417 19.998 0.021 52261.22625 19.941 0.027 52261.227917 19.659 0.073 33.647322 -0.167892
52287.107578 20.864 0.075 52287.109244 20.102 0.019 52287.105911 19.966 0.021 52287.106744 19.922 0.025 52287.108411 19.615 0.071 33.647322 -0.167892
52552.426279 21.174 0.169 52552.427945 20.241 0.026 52552.424612 20.108 0.033 52552.425445 20.093 0.05 52552.427112 19.577 0.112 33.647322 -0.167892
52557.400637 20.901 0.089 52557.402303 20.249 0.021 52557.39897 20.045 0.023 52557.399803 20.024 0.031 52557.40147 19.744 0.097 33.647322 -0.167892
52908.375204 21.068 0.104 52908.37687 20.352 0.024 52908.373537 20.176 0.028 52908.37437 20.067 0.035 52908.376037 19.81 0.104 33.647322 -0.167892
52912.354643 21.241 0.124 52912.356309 20.331 0.021 52912.352976 20.164 0.024 52912.353809 20.122 0.033 52912.355476 19.743 0.084 33.647322 -0.167892
52934.307108 -99.99 0.104 52934.308774 20.357 0.024 52934.305441 20.181 0.029 52934.306274 20.072 0.036 52934.307941 19.861 0.121 33.647322 -0.167892
52936.303035 21.015 0.086 52936.304701 20.341 0.02 52936.301368 20.115 0.024 52936.302201 20.116 0.032 52936.303868 19.671 0.083 33.647322 -0.167892
53270.367085 20.374 0.059 53270.368752 19.976 0.017 53270.365419 19.866 0.022 53270.366252 19.907 0.025 53270.367919 19.737 0.072 33.647322 -0.167892
53272.417035 20.617 0.076 53272.418701 20.009 0.018 53272.415368 19.913 0.022 53272.416201 19.908 0.03 53272.417868 19.884 0.096 33.647322 -0.167892
53286.385754 20.744 0.102 53286.38742 19.998 0.021 53286.384087 19.884 0.023 53286.38492 19.842 0.029 53286.386587 19.607 0.079 33.647322 -0.167892
53288.344247 -99.99 0.069 53288.345913 19.98 0.016 53288.34258 19.877 0.018 53288.343413 19.851 0.024 53288.34508 19.731 0.075 33.647322 -0.167892
53294.39192 20.724 0.089 53294.393586 19.988 0.018 53294.390253 19.876 0.024 53294.391086 19.908 0.033 53294.392753 19.711 0.092 33.647322 -0.167892
53296.338942 20.62 0.074 53296.340608 20.006 0.025 53296.337275 19.89 0.035 53296.338108 19.974 0.038 53296.339775 19.749 0.093 33.647322 -0.167892
53298.388697 20.639 0.085 53298.390363 20.018 0.021 53298.38703 19.921 0.028 53298.387863 19.845 0.034 53298.38953 19.89 0.141 33.647322 -0.167892
53302.339915 20.719 0.147 53302.341581 20.035 0.035 53302.338248 19.843 0.028 53302.339081 19.891 0.038 53302.340748 19.689 0.087 33.647322 -0.167892
53312.295631 20.749 0.131 53312.297298 19.965 0.032 53312.293964 19.903 0.03 53312.294798 19.856 0.037 53312.296464 19.925 0.132 33.647322 -0.167892
53314.296646 20.705 0.096 53314.298312 20.06 0.022 53314.294979 19.927 0.027 53314.295812 19.929 0.034 53314.297479 19.772 0.11 33.647322 -0.167892
53319.284443 20.568 0.102 53319.286109 20.005 0.024 53319.282776 19.926 0.039 53319.283609 -99.99 0.042 53319.285276 19.703 0.132 33.647322 -0.167892
53616.401001 21.076 0.122 53616.402667 20.43 0.027 53616.399334 20.26 0.033 53616.400167 20.192 0.039 53616.401834 19.971 0.126 33.647322 -0.167892
53626.377429 -99.99 0.417 53626.379095 20.473 0.039 53626.375762 -99.99 0.061 53626.376595 20.189 0.064 53626.378262 -99.99 0.148 33.647322 -0.167892
53628.362293 20.975 0.179 53628.363959 20.456 0.051 53628.360626 20.283 0.042 53628.361459 20.169 0.049 53628.363126 19.974 0.141 33.647322 -0.167892
53637.363912 20.814 0.162 53637.365578 20.528 0.049 53637.362245 20.228 0.04 53637.363078 20.19 0.051 53637.364745 19.826 0.117 33.647322 -0.167892
53639.409289 21.103 0.109 53639.410955 20.488 0.027 53639.407622 20.261 0.026 53639.408455 20.242 0.032 53639.410122 19.894 0.086 33.647322 -0.167892
53641.408456 21.221 0.132 53641.410122 20.443 0.029 53641.406789 20.348 0.028 53641.407622 20.248 0.033 53641.409289 19.767 0.084 33.647322 -0.167892
53657.367338 21.912 0.566 53657.369004 20.547 0.076 53657.365671 20.526 0.073 53657.366504 20.212 0.069 53657.368171 20.098 0.181 33.647322 -0.167892
53663.351887 21.23 0.253 53663.353553 20.517 0.054 53663.35022 20.342 0.043 53663.351053 20.264 0.044 53663.35272 20.044 0.118 33.647322 -0.167892
53665.329858 21.105 0.18 53665.331524 20.603 0.052 53665.328191 20.37 0.053 53665.329024 20.252 0.047 53665.330691 20.105 0.139 33.647322 -0.167892
53666.421976 21.045 0.221 53666.423642 20.497 0.046 53666.420309 20.26 0.039 53666.421142 20.261 0.045 53666.422809 20.026 0.125 33.647322 -0.167892
53668.341487 21.595 0.24 53668.343153 20.535 0.039 53668.33982 20.246 0.038 53668.340653 20.197 0.046 53668.34232 19.857 0.119 33.647322 -0.167892
53669.429107 21.416 0.275 53669.430773 20.582 0.044 53669.42744 20.324 0.044 53669.428273 20.136 0.047 53669.42994 20.063 0.159 33.647322 -0.167892
53670.346339 21.507 0.24 53670.348005 20.576 0.032 53670.344672 20.339 0.036 53670.345505 20.279 0.047 53670.347172 20.017 0.145 33.647322 -0.167892
53673.314326 21.46 0.132 53673.315992 20.542 0.023 53673.312659 20.335 0.026 53673.313492 20.221 0.03 53673.315159 19.915 0.08 33.647322 -0.167892
53675.311214 21.32 0.136 53675.31288 20.525 0.027 53675.309547 20.275 0.03 53675.31038 20.268 0.042 53675.312047 19.714 0.108 33.647322 -0.167892
53677.332243 21.268 0.121 53677.333909 20.632 0.025 53677.330576 20.217 0.025 53677.331409 20.21 0.033 53677.333076 19.988 0.084 33.647322 -0.167892
53680.318911 21.194 0.115 53680.320577 20.547 0.024 53680.317244 20.377 0.032 53680.318077 20.24 0.035 53680.319744 19.936 0.091 33.647322 -0.167892
53683.377466 21.397 0.212 53683.379132 20.598 0.032 53683.375799 20.301 0.041 53683.376632 20.207 0.058 53683.378299 19.778 0.157 33.647322 -0.167892
53686.318343 21.317 0.472 53686.320009 20.363 0.095 53686.316676 20.195 0.064 53686.317509 20.093 0.068 53686.319176 19.951 0.181 33.647322 -0.167892
53693.320803 21.321 0.444 53693.322469 20.451 0.086 53693.319136 20.269 0.057 53693.319969 20.159 0.063 53693.321636 19.91 0.155 33.647322 -0.167892
53698.318192 21.146 0.152 53698.319858 20.573 0.038 53698.316525 20.256 0.031 53698.317358 20.171 0.038 53698.319025 20.014 0.128 33.647322 -0.167892
53704.304124 21.48 0.173 53704.30579 20.479 0.027 53704.302457 20.327 0.032 53704.30329 20.194 0.038 53704.304957 20.034 0.142 33.647322 -0.167892
53989.400182 21.254 0.258 53989.401849 20.521 0.056 53989.398515 20.205 0.042 53989.399349 20.209 0.043 53989.401015 19.827 0.081 33.647322 -0.167892
53995.438911 21.064 0.082 53995.440578 20.403 0.023 53995.437244 20.277 0.023 53995.438078 20.241 0.029 53995.439744 19.941 0.071 33.647322 -0.167892
54000.375639 21.053 0.096 54000.377305 20.436 0.024 54000.373972 20.302 0.031 54000.374805 20.212 0.036 54000.376472 20.012 0.116 33.647322 -0.167892
54007.42574 21.178 0.108 54007.427407 20.422 0.022 54007.424073 20.322 0.027 54007.424907 20.264 0.033 54007.426573 20.064 0.109 33.647322 -0.167892
54009.349556 21.071 0.076 54009.351222 20.437 0.023 54009.347889 20.271 0.022 54009.348722 20.215 0.032 54009.350389 19.849 0.071 33.647322 -0.167892
54011.414007 21.161 0.078 54011.415674 20.486 0.024 54011.41234 20.301 0.024 54011.413174 20.193 0.03 54011.41484 19.87 0.067 33.647322 -0.167892
54025.413013 21.189 0.128 54025.41468 20.512 0.031 54025.411347 20.304 0.03 54025.41218 20.29 0.04 54025.413847 20.146 0.133 33.647322 -0.167892
54346.406822 21.408 0.285 54346.408489 20.566 0.057 54346.405156 20.255 0.045 54346.405989 20.393 0.056 54346.407656 20.002 0.1 33.647322 -0.167892
54348.410754 21.16 0.166 54348.412421 20.532 0.039 54348.409088 20.28 0.032 54348.409921 20.34 0.047 54348.411588 19.966 0.121 33.647322 -0.167892
54355.420853 21.448 0.125 54355.42252 20.541 0.023 54355.419187 20.423 0.041 54355.42002 20.302 0.037 54355.421687 20.06 0.089 33.647322 -0.167892
54358.366581 21.715 0.202 54358.368248 20.583 0.027 54358.364914 20.351 0.036 54358.365748 20.255 0.04 54358.367414 19.853 0.109 33.647322 -0.167892
54365.399672 21.647 0.112 54365.401339 20.599 0.023 54365.398006 20.443 0.031 54365.398839 20.356 0.032 54365.400506 19.977 0.072 33.647322 -0.167892
54381.419246 21.275 0.112 54381.420913 20.626 0.028 54381.417579 20.404 0.026 54381.418413 20.353 0.035 54381.420079 19.997 0.078 33.647322 -0.167892
54384.42585 21.33 0.123 54384.427517 20.659 0.025 54384.424183 20.378 0.031 54384.425017 20.361 0.037 54384.426683 20.006 0.094 33.647322 -0.167892
54386.41153 21.245 0.129 54386.413196 20.585 0.037 54386.409863 20.423 0.038 54386.410696 20.488 0.047 54386.412363 20.086 0.126 33.647322 -0.167892
54388.4158 21.217 0.108 54388.417466 20.584 0.032 54388.414133 20.447 0.036 54388.414966 20.357 0.034 54388.416633 20.002 0.086 33.647322 -0.167892
54392.413376 21.406 0.186 54392.415043 20.618 0.042 54392.411709 20.482 0.045 54392.412543 20.431 0.053 54392.414209 20.19 0.138 33.647322 -0.167892
54403.329776 21.012 0.414 54403.331443 -99.99 0.216 54403.32811 20.485 0.117 54403.328943 20.392 0.142 54403.33061 19.872 0.323 33.647322 -0.167892
54404.387222 21.283 0.397 54404.388888 20.646 0.096 54404.385555 -99.99 0.37 54404.386388 20.116 0.157 54404.388055 20.152 0.265 33.647322 -0.167892
54405.385108 21.282 0.172 54405.386774 20.644 0.039 54405.383441 20.436 0.042 54405.384274 20.306 0.047 54405.385941 20.178 0.115 33.647322 -0.167892
54406.323412 21.429 0.13 54406.325079 20.589 0.029 54406.321746 20.366 0.032 54406.322579 20.367 0.034 54406.324246 19.971 0.076 33.647322 -0.167892
54412.349192 21.343 0.135 54412.350859 20.607 0.028 54412.347526 20.414 0.032 54412.348359 20.293 0.038 54412.350026 19.909 0.096 33.647322 -0.167892
