51081.379646 -99.99 0.028 51081.381312 19.103 0.011 51081.377979 18.946 0.012 51081.378812 18.951 0.016 51081.380479 18.914 0.046 34.668899 -0.254468
51819.450768 19.405 0.037 51819.452434 19.265 0.013 51819.449101 19.084 0.013 51819.449934 19.118 0.019 51819.451601 19.048 0.06 34.668899 -0.254468
51875.194536 19.279 0.026 51875.196202 19.144 0.011 51875.192869 18.985 0.013 51875.193702 19.034 0.017 51875.195369 19.009 0.057 34.668899 -0.254468
52225.275407 19.191 0.025 52225.277073 19.046 0.01 52225.27374 18.899 0.011 52225.274573 18.925 0.013 52225.27624 18.962 0.04 34.668899 -0.254468
52288.109828 19.144 0.025 52288.111494 19.003 0.01 52288.108161 18.902 0.011 52288.108994 18.877 0.014 52288.110661 18.856 0.045 34.668899 -0.254468
52551.38312 19.325 0.029 52551.384786 19.099 0.01 52551.381453 18.938 0.012 52551.382286 18.938 0.015 52551.383953 18.947 0.043 34.668899 -0.254468
52558.415993 19.257 0.026 52558.417659 19.153 0.01 52558.414326 19.013 0.011 52558.415159 18.796 0.012 52558.416826 19.04 0.041 34.668899 -0.254468
52576.249045 -99.99 0.026 52576.250711 19.101 0.01 52576.247378 18.984 0.012 52576.248211 18.996 0.014 52576.249878 19.017 0.048 34.668899 -0.254468
52578.287601 19.24 0.026 52578.289267 19.091 0.01 52578.285934 18.967 0.011 52578.286767 18.999 0.014 52578.288434 19.1 0.051 34.668899 -0.254468
52585.25058 19.182 0.026 52585.252246 19.099 0.01 52585.248913 18.944 0.012 52585.249746 18.931 0.017 52585.251413 18.906 0.06 34.668899 -0.254468
52909.417215 19.329 0.028 52909.418881 19.158 0.01 52909.415548 19.03 0.011 52909.416381 19.026 0.014 52909.418048 19.023 0.043 34.668899 -0.254468
52910.387456 19.373 0.033 52910.389122 19.133 0.011 52910.385789 19.016 0.013 52910.386622 18.974 0.016 52910.388289 18.96 0.047 34.668899 -0.254468
52935.314625 19.387 0.033 52935.316291 19.229 0.012 52935.312958 19.103 0.014 52935.313791 19.09 0.017 52935.315458 19.138 0.069 34.668899 -0.254468
52963.237703 19.411 0.033 52963.239369 19.235 0.011 52963.236036 19.063 0.011 52963.236869 19.105 0.015 52963.238536 19.168 0.044 34.668899 -0.254468
52971.228617 19.414 0.031 52971.230283 19.214 0.012 52971.22695 19.066 0.012 52971.227783 19.026 0.015 52971.22945 19.062 0.048 34.668899 -0.254468
53351.160006 19.182 0.029 53351.161672 19.007 0.01 53351.158339 18.845 0.011 53351.159172 18.902 0.016 53351.160839 18.879 0.051 34.668899 -0.254468
53622.417059 19.191 0.028 53622.418725 19.062 0.01 53622.415392 18.926 0.011 53622.416225 18.933 0.014 53622.417892 18.906 0.041 34.668899 -0.254468
53634.366531 19.095 0.057 53634.368197 19.028 0.021 53634.364864 18.915 0.02 53634.365697 18.906 0.021 53634.367364 19.017 0.053 34.668899 -0.254468
53638.407867 19.201 0.03 53638.409533 19.061 0.011 53638.4062 18.901 0.011 53638.407033 18.853 0.013 53638.4087 18.916 0.041 34.668899 -0.254468
53640.371902 19.195 0.034 53640.373568 19.053 0.011 53640.370235 18.905 0.012 53640.371068 18.974 0.015 53640.372735 18.934 0.045 34.668899 -0.254468
53646.433313 19.213 0.035 53646.434979 19.075 0.011 53646.431646 18.909 0.012 53646.432479 18.949 0.016 53646.434146 19.067 0.056 34.668899 -0.254468
53655.344075 19.236 0.028 53655.345741 19.07 0.01 53655.342408 18.92 0.011 53655.343241 18.938 0.014 53655.344908 18.957 0.045 34.668899 -0.254468
53663.433719 19.2 0.06 53663.435385 19.089 0.021 53663.432052 18.935 0.017 53663.432885 18.965 0.018 53663.434552 18.97 0.05 34.668899 -0.254468
53664.369032 19.121 0.059 53664.370698 19.038 0.025 53664.367365 18.904 0.028 53664.368198 18.888 0.029 53664.369865 18.97 0.084 34.668899 -0.254468
53665.433666 19.253 0.048 53665.435332 19.088 0.016 53665.431999 18.951 0.015 53665.432832 18.989 0.017 53665.434499 19.021 0.057 34.668899 -0.254468
53668.422272 19.301 0.056 53668.423938 19.028 0.016 53668.420605 18.853 0.016 53668.421438 18.849 0.02 53668.423105 18.803 0.068 34.668899 -0.254468
53669.328276 -99.99 0.038 53669.329942 -99.99 0.115 53669.326609 -99.99 0.026 53669.327442 -99.99 0.021 53669.329109 -99.99 0.297 34.668899 -0.254468
53670.428244 -99.99 0.045 53670.42991 19.054 0.015 53670.426577 18.953 0.016 53670.42741 18.901 0.019 53670.429077 18.917 0.063 34.668899 -0.254468
53671.41303 -99.99 0.035 53671.414696 19.049 0.012 53671.411363 18.937 0.013 53671.412196 18.918 0.014 53671.413863 18.977 0.048 34.668899 -0.254468
53674.312513 19.192 0.035 53674.314179 19.056 0.011 53674.310846 18.901 0.013 53674.311679 18.91 0.019 53674.313346 18.923 0.056 34.668899 -0.254468
53676.401973 19.28 0.036 53676.403639 19.074 0.012 53676.400306 18.935 0.014 53676.401139 18.937 0.016 53676.402806 18.995 0.063 34.668899 -0.254468
53679.373873 19.239 0.034 53679.375539 19.067 0.011 53679.372206 18.929 0.015 53679.373039 18.913 0.018 53679.374706 18.96 0.063 34.668899 -0.254468
53681.365386 19.267 0.034 53681.367052 19.084 0.01 53681.363719 18.95 0.011 53681.364552 18.954 0.015 53681.366219 18.983 0.043 34.668899 -0.254468
53684.326882 -99.99 0.108 53684.328548 19.046 0.035 53684.325215 18.968 0.031 53684.326048 18.895 0.05 53684.327715 -99.99 0.182 34.668899 -0.254468
53687.268186 19.299 0.059 53687.269852 19.092 0.024 53687.266519 18.959 0.02 53687.267352 18.948 0.02 53687.269019 18.892 0.066 34.668899 -0.254468
53694.338331 -99.99 0.08 53694.339997 -99.99 0.031 53694.336664 -99.99 0.02 53694.337497 19.002 0.024 53694.339164 -99.99 0.077 34.668899 -0.254468
53697.322412 19.253 0.038 53697.324078 -99.99 0.014 53697.320745 18.949 0.014 53697.321578 18.977 0.016 53697.323245 19.015 0.054 34.668899 -0.254468
53700.321368 19.33 0.039 53700.323034 19.1 0.012 53700.319701 18.927 0.013 53700.320534 18.97 0.02 53700.322201 19.079 0.074 34.668899 -0.254468
53705.308039 19.296 0.036 53705.309705 19.1 0.011 53705.306372 18.962 0.012 53705.307205 18.978 0.015 53705.308872 19.001 0.056 34.668899 -0.254468
53975.393079 19.425 0.032 53975.394745 19.25 0.026 53975.391412 19.095 0.023 53975.392245 19.112 0.02 53975.393912 19.104 0.047 34.668899 -0.254468
53993.405217 19.361 0.06 53993.406884 -99.99 0.015 53993.40355 -99.99 0.039 53993.404384 -99.99 0.03 53993.40605 -99.99 0.074 34.668899 -0.254468
53994.416077 19.483 0.03 53994.417744 19.285 0.018 53994.414411 19.103 0.016 53994.415244 19.135 0.016 53994.416911 19.125 0.046 34.668899 -0.254468
53996.39977 19.448 0.031 53996.401436 19.271 0.021 53996.398103 19.139 0.018 53996.398936 19.157 0.02 53996.400603 19.224 0.048 34.668899 -0.254468
54005.412961 19.416 0.026 54005.414628 19.321 0.019 54005.411294 19.14 0.017 54005.412128 19.196 0.018 54005.413794 19.31 0.044 34.668899 -0.254468
54010.353902 19.47 0.028 54010.355569 19.307 0.018 54010.352235 19.096 0.016 54010.353069 19.185 0.024 54010.354735 19.293 0.04 34.668899 -0.254468
54012.346811 19.511 0.056 54012.348478 19.321 0.02 54012.345145 19.19 0.022 54012.345978 19.224 0.04 54012.347645 19.163 0.056 34.668899 -0.254468
54020.352703 -99.99 0.044 54020.354369 19.293 0.021 54020.351036 19.157 0.018 54020.351869 19.138 0.018 54020.353536 19.183 0.057 34.668899 -0.254468
54024.434296 19.546 0.044 54024.435963 19.328 0.019 54024.43263 19.136 0.018 54024.433463 19.112 0.019 54024.43513 19.054 0.05 34.668899 -0.254468
54028.422663 19.629 0.042 54028.42433 19.307 0.029 54028.420997 19.144 0.027 54028.42183 19.172 0.022 54028.423497 19.146 0.062 34.668899 -0.254468
54030.346268 19.528 0.03 54030.347934 19.346 0.018 54030.344601 19.177 0.014 54030.345434 19.19 0.022 54030.347101 19.252 0.044 34.668899 -0.254468
54030.378079 19.52 0.032 54030.379745 19.355 0.026 54030.376412 19.164 0.016 54030.377245 19.191 0.018 54030.378912 19.23 0.048 34.668899 -0.254468
54035.422018 -99.99 0.042 54035.423684 19.257 0.043 54035.420351 19.099 0.019 54035.421184 19.123 0.023 54035.422851 19.096 0.067 34.668899 -0.254468
54037.327507 19.421 0.031 54037.329174 19.285 0.026 54037.325841 19.12 0.014 54037.326674 19.08 0.017 54037.328341 19.129 0.035 34.668899 -0.254468
54040.342045 19.352 0.036 54040.343712 19.258 0.018 54040.340379 19.136 0.018 54040.341212 19.138 0.02 54040.342879 19.109 0.056 34.668899 -0.254468
54049.368485 19.362 0.054 54049.370152 19.305 0.023 54049.366819 19.116 0.018 54049.367652 19.178 0.019 54049.369319 19.044 0.055 34.668899 -0.254468
54053.348087 -99.99 0.038 54053.349754 -99.99 0.02 54053.34642 19.112 0.021 54053.347254 -99.99 0.025 54053.34892 -99.99 0.082 34.668899 -0.254468
54056.334505 19.431 0.04 54056.336172 19.256 0.025 54056.332839 19.075 0.02 54056.333672 19.141 0.025 54056.335339 19.012 0.054 34.668899 -0.254468
54059.328734 19.404 0.04 54059.3304 19.241 0.023 54059.327067 19.061 0.021 54059.3279 19.126 0.018 54059.329567 19.139 0.061 34.668899 -0.254468
54061.339884 19.435 0.057 54061.341551 19.213 0.02 54061.338218 19.073 0.02 54061.339051 19.108 0.03 54061.340718 18.967 0.077 34.668899 -0.254468
54062.333634 19.414 0.033 54062.3353 19.267 0.025 54062.331967 19.112 0.017 54062.3328 19.156 0.019 54062.334467 19.209 0.062 34.668899 -0.254468
54064.330093 19.413 0.038 54064.33176 19.282 0.022 54064.328427 19.094 0.017 54064.32926 19.134 0.02 54064.330927 19.185 0.058 34.668899 -0.254468
54068.314248 19.308 0.039 54068.315915 19.232 0.022 54068.312582 19.086 0.022 54068.313415 19.091 0.03 54068.315082 19.021 0.066 34.668899 -0.254468
54357.371932 19.386 0.032 54357.373599 19.263 0.02 54357.370266 19.137 0.014 54357.371099 19.124 0.03 54357.372766 19.207 0.039 34.668899 -0.254468
54362.421738 -99.99 0.031 54362.423404 19.212 0.023 54362.420071 19.12 0.021 54362.420904 19.183 0.026 54362.422571 19.2 0.044 34.668899 -0.254468
54376.416825 19.423 0.036 54376.418491 19.278 0.024 54376.415158 19.149 0.015 54376.415991 19.176 0.022 54376.417658 19.172 0.048 34.668899 -0.254468
54382.401976 19.424 0.036 54382.403642 19.269 0.021 54382.400309 19.099 0.027 54382.401142 19.145 0.019 54382.402809 18.976 0.059 34.668899 -0.254468
54385.419754 19.502 0.038 54385.42142 19.272 0.017 54385.418087 19.19 0.019 54385.41892 19.183 0.02 54385.420587 19.174 0.045 34.668899 -0.254468
54387.420323 19.525 0.044 54387.421989 19.29 0.023 54387.418656 19.144 0.024 54387.419489 19.146 0.03 54387.421156 19.167 0.069 34.668899 -0.254468
54390.41269 19.573 0.045 54390.414357 19.302 0.019 54390.411023 19.114 0.025 54390.411857 19.084 0.03 54390.413523 19.217 0.085 34.668899 -0.254468
54402.413439 19.429 0.081 54402.415105 19.366 0.03 54402.411772 19.203 0.024 54402.412605 19.226 0.025 54402.414272 19.233 0.065 34.668899 -0.254468
