51081.377548 20.413 0.071 51081.379214 20.035 0.021 51081.375881 19.777 0.021 51081.376714 19.755 0.028 51081.378381 19.619 0.087 33.936124 -0.636511
51875.192513 19.752 0.038 51875.194179 19.512 0.013 51875.190846 19.338 0.016 51875.191679 19.421 0.02 51875.193346 19.38 0.072 33.936124 -0.636511
52170.414501 19.921 0.045 52170.416167 19.612 0.014 52170.412834 19.366 0.014 52170.413667 19.457 0.018 52170.415334 19.405 0.063 33.936124 -0.636511
52225.273378 19.845 0.045 52225.275044 19.66 0.014 52225.271711 19.404 0.014 52225.272544 19.435 0.018 52225.274211 19.3 0.052 33.936124 -0.636511
52261.227884 19.998 0.048 52261.22955 19.683 0.014 52261.226217 19.393 0.014 52261.22705 19.486 0.018 52261.228717 19.291 0.049 33.936124 -0.636511
52288.107798 19.887 0.045 52288.109464 19.628 0.014 52288.106131 19.377 0.015 52288.106964 19.406 0.018 52288.108631 19.293 0.057 33.936124 -0.636511
52551.381089 19.713 0.042 52551.382755 19.52 0.014 52551.379422 19.304 0.014 52551.380255 19.391 0.017 52551.381922 19.278 0.057 33.936124 -0.636511
52558.413965 19.758 0.038 52558.415631 19.556 0.013 52558.412298 19.294 0.013 52558.413131 19.367 0.015 52558.414798 19.262 0.046 33.936124 -0.636511
52576.247015 19.741 0.041 52576.248681 19.576 0.013 52576.245348 19.324 0.014 52576.246181 19.429 0.019 52576.247848 19.287 0.057 33.936124 -0.636511
52578.28557 19.836 0.043 52578.287236 19.585 0.014 52578.283903 19.332 0.015 52578.284736 19.412 0.02 52578.286403 19.272 0.053 33.936124 -0.636511
52585.248551 19.79 0.041 52585.250217 19.566 0.013 52585.246884 19.311 0.015 52585.247717 19.408 0.021 52585.249384 19.282 0.078 33.936124 -0.636511
52909.415186 19.879 0.045 52909.416852 19.69 0.014 52909.413519 19.431 0.014 52909.414352 19.502 0.017 52909.416019 19.398 0.054 33.936124 -0.636511
52910.385428 19.918 0.051 52910.387094 19.692 0.016 52910.383761 19.439 0.017 52910.384594 19.495 0.02 52910.386261 19.361 0.062 33.936124 -0.636511
52935.312596 19.889 0.051 52935.314262 19.715 0.016 52935.310929 19.429 0.017 52935.311762 19.514 0.023 52935.313429 19.557 0.086 33.936124 -0.636511
52963.235672 19.983 0.042 52963.237338 19.715 0.014 52963.234005 19.459 0.014 52963.234838 19.556 0.017 52963.236505 19.456 0.051 33.936124 -0.636511
52971.226587 19.944 0.052 52971.228253 19.72 0.015 52971.22492 19.488 0.016 52971.225753 19.446 0.02 52971.22742 19.322 0.057 33.936124 -0.636511
53286.386554 20.096 0.058 53286.38822 19.905 0.019 53286.384887 19.56 0.019 53286.38572 19.611 0.024 53286.387387 19.536 0.068 33.936124 -0.636511
53294.392719 20.168 0.064 53294.394385 19.797 0.017 53294.391052 19.533 0.019 53294.391885 19.617 0.024 53294.393552 19.392 0.062 33.936124 -0.636511
53351.157975 20.152 0.06 53351.159641 19.832 0.017 53351.156308 19.569 0.019 53351.157141 19.581 0.023 53351.158808 19.495 0.09 33.936124 -0.636511
53622.415028 19.972 0.05 53622.416694 19.717 0.014 53622.413361 19.531 0.015 53622.414194 19.59 0.02 53622.415861 19.322 0.054 33.936124 -0.636511
53634.364499 19.981 0.117 53634.366165 19.828 0.05 53634.362832 19.545 0.036 53634.363665 19.566 0.031 53634.365332 19.453 0.074 33.936124 -0.636511
53638.405835 20.063 0.057 53638.407501 19.783 0.018 53638.404168 19.512 0.016 53638.405001 19.598 0.019 53638.406668 19.45 0.059 33.936124 -0.636511
53640.369871 20.082 0.066 53640.371537 19.71 0.019 53640.368204 19.527 0.02 53640.369037 19.567 0.025 53640.370704 19.595 0.089 33.936124 -0.636511
53646.431281 19.936 0.069 53646.432947 19.724 0.018 53646.429614 19.499 0.021 53646.430447 19.528 0.028 53646.432114 19.504 0.084 33.936124 -0.636511
53655.342044 20.04 0.051 53655.34371 19.762 0.015 53655.340377 19.514 0.016 53655.34121 19.573 0.02 53655.342877 19.351 0.059 33.936124 -0.636511
53663.431701 20.146 0.145 53663.433367 19.823 0.041 53663.430034 19.483 0.027 53663.430867 19.612 0.027 53663.432534 19.499 0.071 33.936124 -0.636511
53664.367001 20.079 0.172 53664.368667 19.708 0.045 53664.365334 19.452 0.049 53664.366167 19.545 0.061 53664.367834 19.218 0.106 33.936124 -0.636511
53665.330657 19.926 0.08 53665.332323 19.801 0.031 53665.32899 19.243 0.023 53665.329823 19.589 0.023 53665.33149 19.329 0.066 33.936124 -0.636511
53665.431635 20.157 0.111 53665.433301 19.832 0.029 53665.429968 19.53 0.023 53665.430801 19.549 0.025 53665.432468 19.404 0.08 33.936124 -0.636511
53666.422775 20.062 0.101 53666.424441 19.764 0.025 53666.421108 19.518 0.021 53666.421941 19.623 0.025 53666.423608 19.373 0.066 33.936124 -0.636511
53668.420251 19.939 0.105 53668.421917 19.799 0.03 53668.418584 19.537 0.025 53668.419417 19.537 0.031 53668.421084 19.464 0.106 33.936124 -0.636511
53669.326245 19.986 0.101 53669.327911 19.728 0.023 53669.324578 19.489 0.018 53669.325411 19.578 0.026 53669.327078 19.409 0.083 33.936124 -0.636511
53670.426225 20.046 0.108 53670.427891 19.767 0.025 53670.424558 19.509 0.025 53670.425391 19.619 0.032 53670.427058 19.443 0.097 33.936124 -0.636511
53671.411001 20 0.067 53671.412667 19.779 0.018 53671.409334 19.499 0.019 53671.410167 19.648 0.024 53671.411834 19.45 0.068 33.936124 -0.636511
53674.310482 19.966 0.067 53674.312148 19.742 0.019 53674.308815 19.499 0.021 53674.309648 19.542 0.026 53674.311315 19.532 0.105 33.936124 -0.636511
53676.399943 20.061 0.071 53676.401609 19.736 0.017 53676.398276 19.518 0.017 53676.399109 19.577 0.021 53676.400776 19.55 0.085 33.936124 -0.636511
53679.371843 19.889 0.063 53679.373509 19.778 0.018 53679.370176 19.489 0.02 53679.371009 19.541 0.026 53679.372676 19.559 0.116 33.936124 -0.636511
53681.363356 19.998 0.059 53681.365022 19.744 0.016 53681.361689 19.524 0.017 53681.362522 19.552 0.019 53681.364189 19.462 0.063 33.936124 -0.636511
53683.378265 20.123 0.078 53683.379931 19.779 0.02 53683.376598 19.546 0.022 53683.377431 19.592 0.03 53683.379098 19.656 0.131 33.936124 -0.636511
53684.324851 20.029 0.166 53684.326517 19.789 0.053 53684.323184 19.464 0.042 53684.324017 19.639 0.064 53684.325684 -99.99 0.253 33.936124 -0.636511
53687.266164 20.092 0.14 53687.26783 19.767 0.043 53687.264497 19.49 0.032 53687.26533 19.634 0.037 53687.266997 19.458 0.078 33.936124 -0.636511
53694.336299 19.924 0.125 53694.337965 19.715 0.044 53694.334632 19.473 0.031 53694.335465 19.512 0.03 53694.337132 19.275 0.09 33.936124 -0.636511
53697.320381 19.86 0.068 53697.322047 19.729 0.022 53697.318714 19.455 0.019 53697.319547 19.502 0.021 53697.321214 19.394 0.069 33.936124 -0.636511
53700.319338 19.973 0.074 53700.321004 19.695 0.017 53700.317671 19.475 0.02 53700.318504 19.6 0.029 53700.320171 19.451 0.105 33.936124 -0.636511
53705.306008 19.955 0.059 53705.307674 -99.99 0.017 53705.304341 19.46 0.02 53705.305174 19.521 0.027 53705.306841 -99.99 0.076 33.936124 -0.636511
53975.391054 20.056 0.055 53975.392721 19.748 0.025 53975.389387 19.494 0.02 53975.390221 19.609 0.023 53975.391887 19.421 0.066 33.936124 -0.636511
53993.403434 -99.99 0.22 53993.405101 -99.99 0.034 53993.401768 -99.99 0.041 53993.402601 -99.99 0.032 53993.404268 19.481 0.086 33.936124 -0.636511
53994.413996 20.019 0.047 53994.415662 19.748 0.018 53994.412329 19.499 0.016 53994.413162 19.576 0.02 53994.414829 19.496 0.061 33.936124 -0.636511
53996.397763 20.038 0.052 53996.39943 19.758 0.02 53996.396096 19.522 0.017 53996.39693 19.602 0.021 53996.398596 19.44 0.056 33.936124 -0.636511
54005.410936 20.125 0.046 54005.412602 19.814 0.02 54005.409269 19.531 0.017 54005.410102 19.627 0.022 54005.411769 19.642 0.058 33.936124 -0.636511
54010.351877 20.106 0.046 54010.353544 19.793 0.018 54010.350211 19.565 0.016 54010.351044 19.647 0.02 54010.352711 19.405 0.043 33.936124 -0.636511
54012.344709 19.982 0.093 54012.346375 19.823 0.038 54012.343042 19.583 0.031 54012.343875 19.664 0.03 54012.345542 19.466 0.094 33.936124 -0.636511
54020.350673 20.024 0.08 54020.35234 19.811 0.03 54020.349006 19.554 0.023 54020.34984 19.616 0.03 54020.351506 19.327 0.067 33.936124 -0.636511
54024.432312 20.055 0.07 54024.433979 19.738 0.023 54024.430646 19.585 0.023 54024.431479 19.614 0.026 54024.433146 19.559 0.074 33.936124 -0.636511
54028.420561 20.08 0.079 54028.422228 19.804 0.027 54028.418895 19.632 0.027 54028.419728 -99.99 0.042 54028.421395 19.396 0.076 33.936124 -0.636511
54030.344243 20.079 0.044 54030.34591 19.781 0.022 54030.342576 19.56 0.019 54030.34341 19.606 0.02 54030.345076 19.58 0.06 33.936124 -0.636511
54030.376012 20.061 0.044 54030.377679 19.807 0.023 54030.374346 19.552 0.017 54030.375179 19.661 0.022 54030.376846 19.448 0.056 33.936124 -0.636511
54035.420004 20.071 0.094 54035.421671 19.791 0.023 54035.418337 19.508 0.024 54035.419171 19.614 0.03 54035.420837 19.388 0.084 33.936124 -0.636511
54037.325507 20.108 0.047 54037.327173 19.823 0.021 54037.32384 19.468 0.022 54037.324673 19.596 0.023 54037.32634 19.399 0.044 33.936124 -0.636511
54040.339964 19.986 0.081 54040.341631 19.781 0.028 54040.338297 19.585 0.021 54040.339131 19.607 0.025 54040.340797 19.54 0.081 33.936124 -0.636511
54047.370647 19.993 0.26 54047.372314 19.64 0.07 54047.368981 19.561 0.056 54047.369814 19.589 0.064 54047.371481 19.137 0.109 33.936124 -0.636511
54049.366414 19.987 0.093 54049.36808 19.742 0.028 54049.364747 19.528 0.026 54049.36558 19.629 0.03 54049.367247 19.312 0.069 33.936124 -0.636511
54053.346066 20.017 0.072 54053.347733 19.706 0.027 54053.344399 19.543 0.021 54053.345233 19.57 0.029 54053.346899 19.326 0.091 33.936124 -0.636511
54056.332432 20.055 0.061 54056.334099 19.694 0.026 54056.330766 19.503 0.019 54056.331599 19.614 0.032 54056.333266 19.369 0.075 33.936124 -0.636511
54059.326688 20.051 0.068 54059.328355 19.72 0.02 54059.325022 19.531 0.025 54059.325855 19.607 0.031 54059.327522 19.463 0.079 33.936124 -0.636511
54061.337781 20.001 0.088 54061.339448 19.794 0.026 54061.336115 19.491 0.059 54061.336948 19.521 0.043 54061.338615 19.591 0.116 33.936124 -0.636511
54062.33161 19.974 0.051 54062.333276 19.739 0.025 54062.329943 19.549 0.023 54062.330776 19.672 0.03 54062.332443 19.65 0.08 33.936124 -0.636511
54064.328021 19.995 0.062 54064.329688 19.82 0.023 54064.326354 19.563 0.017 54064.327188 19.581 0.022 54064.328854 19.379 0.065 33.936124 -0.636511
54068.312237 20.066 0.085 54068.313904 19.76 0.028 54068.310571 19.556 0.03 54068.311404 19.601 0.033 54068.313071 19.8 0.117 33.936124 -0.636511
54357.369907 20.171 0.052 54357.371574 19.917 0.027 54357.368241 19.644 0.018 54357.369074 19.684 0.021 54357.370741 19.547 0.048 33.936124 -0.636511
54362.419721 20.243 0.052 54362.421387 19.918 0.021 54362.418054 19.638 0.026 54362.418887 19.73 0.023 54362.420554 19.564 0.06 33.936124 -0.636511
54376.414809 20.099 0.055 54376.416476 19.914 0.025 54376.413143 19.645 0.024 54376.413976 19.765 0.023 54376.415643 19.598 0.066 33.936124 -0.636511
54382.399952 20.234 0.064 54382.401619 19.895 0.032 54382.398285 19.644 0.025 54382.399119 19.695 0.036 54382.400785 19.778 0.103 33.936124 -0.636511
54385.417709 20.211 0.056 54385.419376 19.953 0.025 54385.416043 19.655 0.02 54385.416876 19.729 0.023 54385.418543 19.599 0.061 33.936124 -0.636511
54387.418218 20.093 0.093 54387.419885 19.855 0.023 54387.416551 19.596 0.027 54387.417385 19.683 0.036 54387.419051 19.54 0.1 33.936124 -0.636511
54390.410608 20.217 0.083 54390.412274 19.882 0.027 54390.408941 19.647 0.025 54390.409774 19.687 0.031 54390.411441 -99.99 0.129 33.936124 -0.636511
54391.419096 20.224 0.133 54391.420762 19.931 0.028 54391.417429 19.557 0.035 54391.418262 19.71 0.061 54391.419929 19.346 0.129 33.936124 -0.636511
54402.411401 20.291 0.184 54402.413067 20.042 0.056 54402.409734 19.671 0.031 54402.410567 19.756 0.03 54402.412234 19.458 0.075 33.936124 -0.636511
