51075.393969 20.6 0.076 51075.395635 20.117 0.02 51075.392302 20.005 0.025 51075.393135 19.949 0.042 51075.394802 19.775 0.14 33.973837 1.164983
51818.363599 -99.99 0.065 51818.365265 20.145 0.019 51818.361932 20.047 0.021 51818.362765 19.996 0.031 51818.364432 19.641 0.084 33.973837 1.164983
52170.414721 20.478 0.067 52170.416387 20.18 0.019 52170.413054 20.047 0.022 52170.413887 20.032 0.034 52170.415554 19.86 0.101 33.973837 1.164983
52173.328063 20.566 0.083 52173.329729 20.136 0.021 52173.326396 20.044 0.027 52173.327229 20.021 0.042 52173.328896 19.819 0.127 33.973837 1.164983
52224.308117 20.542 0.067 52224.309783 20.11 0.018 52224.30645 19.941 0.021 52224.307283 19.959 0.03 52224.30895 19.694 0.081 33.973837 1.164983
52234.264634 20.363 0.07 52234.2663 20.105 0.019 52234.262967 19.992 0.023 52234.2638 19.983 0.03 52234.265467 19.753 0.082 33.973837 1.164983
52261.227988 20.456 0.063 52261.229654 20.131 0.018 52261.226321 19.996 0.021 52261.227154 20.036 0.033 52261.228821 19.761 0.085 33.973837 1.164983
52287.108484 20.479 0.063 52287.11015 20.101 0.018 52287.106817 19.999 0.023 52287.10765 20.06 0.035 52287.109317 19.575 0.07 33.973837 1.164983
52552.427184 20.58 0.102 52552.42885 20.111 0.023 52552.425517 19.981 0.032 52552.42635 20.027 0.055 52552.428017 19.775 0.138 33.973837 1.164983
52557.40154 20.591 0.077 52557.403206 20.054 0.018 52557.399873 20.018 0.023 52557.400706 19.979 0.036 52557.402373 19.81 0.109 33.973837 1.164983
52908.37611 20.47 0.068 52908.377776 20.004 0.018 52908.374443 19.986 0.022 52908.375276 19.922 0.033 52908.376943 19.638 0.091 33.973837 1.164983
52912.355548 20.445 0.069 52912.357214 20.011 0.018 52912.353881 19.914 0.021 52912.354714 19.928 0.031 52912.356381 19.667 0.083 33.973837 1.164983
52934.308014 20.445 0.069 52934.30968 19.981 0.018 52934.306347 19.909 0.023 52934.30718 19.902 0.035 52934.308847 19.492 0.092 33.973837 1.164983
52936.30394 20.407 0.058 52936.305606 20.032 0.016 52936.302273 19.912 0.021 52936.303106 19.923 0.032 52936.304773 19.693 0.093 33.973837 1.164983
53270.368125 20.234 0.051 53270.369792 19.938 0.026 53270.366458 19.849 0.022 53270.367292 19.837 0.029 53270.368958 19.535 0.069 33.973837 1.164983
53272.417939 20.449 0.065 53272.419605 19.959 0.018 53272.416272 19.841 0.021 53272.417105 19.831 0.031 53272.418772 19.713 0.097 33.973837 1.164983
53286.386659 20.382 0.075 53286.388325 19.952 0.019 53286.384992 19.864 0.023 53286.385825 19.855 0.033 53286.387492 19.713 0.088 33.973837 1.164983
53288.345153 20.279 0.057 53288.346819 19.964 0.017 53288.343486 19.835 0.018 53288.344319 19.807 0.026 53288.345986 19.681 0.086 33.973837 1.164983
53294.392825 20.292 0.07 53294.394491 19.904 0.017 53294.391158 19.846 0.024 53294.391991 19.822 0.034 53294.393658 19.74 0.09 33.973837 1.164983
53296.339849 20.364 0.063 53296.341515 19.911 0.022 53296.338182 19.821 0.024 53296.339015 19.863 0.035 53296.340682 19.695 0.091 33.973837 1.164983
53298.3896 20.297 0.068 53298.391266 -99.99 0.019 53298.387933 19.819 0.029 53298.388766 19.802 0.042 53298.390433 19.695 0.13 33.973837 1.164983
53302.34082 20.379 0.094 53302.342486 19.965 0.03 53302.339153 19.776 0.033 53302.339986 19.772 0.04 53302.341653 19.643 0.097 33.973837 1.164983
53312.296402 20.161 0.081 53312.298069 19.896 0.034 53312.294735 19.82 0.029 53312.295569 19.798 0.038 53312.297235 19.749 0.126 33.973837 1.164983
53314.29755 20.428 0.082 53314.299216 19.901 0.02 53314.295883 19.822 0.025 53314.296716 19.892 0.039 53314.298383 19.441 0.084 33.973837 1.164983
53319.285347 20.447 0.094 53319.287013 19.941 0.02 53319.28368 19.899 0.032 53319.284513 19.857 0.045 53319.28618 19.652 0.112 33.973837 1.164983
53616.401906 20.411 0.084 53616.403572 19.963 0.019 53616.400239 19.829 0.021 53616.401072 19.881 0.033 53616.402739 19.494 0.088 33.973837 1.164983
53626.378333 20.556 0.108 53626.379999 -99.99 0.027 53626.376666 19.85 0.027 53626.377499 -99.99 0.059 53626.379166 -99.99 0.137 33.973837 1.164983
53628.363197 20.404 0.11 53628.364863 19.946 0.034 53628.36153 19.824 0.029 53628.362363 19.831 0.04 53628.36403 19.665 0.105 33.973837 1.164983
53637.364816 20.269 0.097 53637.366482 19.916 0.03 53637.363149 19.898 0.032 53637.363982 19.821 0.041 53637.365649 19.709 0.119 33.973837 1.164983
53639.410193 20.241 0.059 53639.411859 19.931 0.018 53639.408526 19.833 0.019 53639.409359 19.788 0.025 53639.411026 19.707 0.074 33.973837 1.164983
53641.409359 20.335 0.069 53641.411025 19.917 0.018 53641.407692 19.805 0.019 53641.408525 19.808 0.028 53641.410192 19.716 0.088 33.973837 1.164983
53657.368245 20.228 0.14 53657.369911 19.75 0.046 53657.366578 19.663 0.043 53657.367411 19.642 0.052 53657.369078 19.533 0.133 33.973837 1.164983
53663.35279 20.287 0.121 53663.354456 19.923 0.034 53663.351123 19.783 0.031 53663.351956 19.825 0.038 53663.353623 19.609 0.088 33.973837 1.164983
53665.330762 20.376 0.114 53665.332428 19.909 0.034 53665.329095 19.865 0.033 53665.329928 19.856 0.038 53665.331595 19.606 0.096 33.973837 1.164983
53666.422879 20.379 0.117 53666.424545 19.937 0.028 53666.421212 19.898 0.029 53666.422045 19.825 0.034 53666.423712 19.707 0.095 33.973837 1.164983
53668.342392 20.321 0.086 53668.344058 19.969 0.024 53668.340725 19.905 0.028 53668.341558 19.794 0.035 53668.343225 19.66 0.108 33.973837 1.164983
53669.43001 20.37 0.122 53669.431676 19.942 0.026 53669.428343 19.84 0.031 53669.429176 19.8 0.037 53669.430843 19.63 0.102 33.973837 1.164983
53670.347243 20.388 0.091 53670.348909 19.959 0.021 53670.345576 19.831 0.025 53670.346409 19.836 0.041 53670.348076 19.688 0.098 33.973837 1.164983
53673.31523 20.369 0.059 53673.316896 19.958 0.016 53673.313563 19.891 0.019 53673.314396 19.829 0.026 53673.316063 19.551 0.064 33.973837 1.164983
53675.312119 -99.99 0.068 53675.313785 19.961 0.017 53675.310452 19.836 0.022 53675.311285 19.842 0.033 53675.312952 19.477 0.083 33.973837 1.164983
53677.333148 20.342 0.061 53677.334814 19.945 0.016 53677.331481 19.836 0.02 53677.332314 19.839 0.026 53677.333981 19.628 0.066 33.973837 1.164983
53680.319815 20.373 0.062 53680.321481 19.965 0.016 53680.318148 19.864 0.022 53680.318981 19.86 0.031 53680.320648 19.543 0.071 33.973837 1.164983
53683.37837 20.29 0.087 53683.380036 19.942 0.02 53683.376703 19.837 0.03 53683.377536 19.877 0.049 53683.379203 19.55 0.119 33.973837 1.164983
53686.319247 20.183 0.17 53686.320913 19.814 0.062 53686.31758 19.764 0.046 53686.318413 19.763 0.054 53686.32008 19.588 0.125 33.973837 1.164983
53693.321707 -99.99 0.182 53693.323373 19.982 0.055 53693.32004 19.85 0.045 53693.320873 -99.99 0.049 53693.32254 19.6 0.121 33.973837 1.164983
53698.319095 20.401 0.093 53698.320761 20.049 0.025 53698.317428 19.834 0.024 53698.318261 19.783 0.032 53698.319928 19.654 0.098 33.973837 1.164983
53699.342547 20.482 0.086 53699.344213 20.035 0.021 53699.34088 19.885 0.023 53699.341713 19.894 0.031 53699.34338 19.668 0.084 33.973837 1.164983
53704.305028 20.508 0.089 53704.306694 20.011 0.019 53704.303361 19.852 0.021 53704.304194 19.873 0.035 53704.305861 19.853 0.12 33.973837 1.164983
53989.40108 21.026 0.217 53989.402747 20.084 0.041 53989.399413 19.998 0.042 53989.400247 19.991 0.048 53989.401913 19.69 0.091 33.973837 1.164983
53995.439808 20.469 0.055 53995.441475 20.11 0.026 53995.438141 19.999 0.024 53995.438975 19.943 0.029 53995.440641 19.6 0.062 33.973837 1.164983
54000.376516 20.474 0.071 54000.378183 20.092 0.024 54000.37485 20.044 0.028 54000.375683 20.061 0.039 54000.37735 19.679 0.09 33.973837 1.164983
54007.426667 20.492 0.072 54007.428334 20.132 0.022 54007.425 19.99 0.022 54007.425834 19.951 0.034 54007.4275 19.878 0.092 33.973837 1.164983
54009.350434 -99.99 0.06 54009.3521 20.134 0.02 54009.348767 20.008 0.025 54009.3496 19.981 0.029 54009.351267 19.614 0.068 33.973837 1.164983
54011.414903 20.497 0.055 54011.41657 20.139 0.018 54011.413236 19.982 0.025 54011.41407 19.961 0.027 54011.415736 19.75 0.07 33.973837 1.164983
54025.414049 20.523 0.079 54025.415715 20.144 0.027 54025.412382 20.011 0.028 54025.413215 19.993 0.038 54025.414882 19.701 0.093 33.973837 1.164983
54346.407776 20.744 0.156 54346.409443 20.289 0.046 54346.40611 20.2 0.045 54346.406943 19.987 0.045 54346.40861 19.647 0.079 33.973837 1.164983
54348.411687 20.816 0.135 54348.413354 20.281 0.034 54348.410021 20.129 0.03 54348.410854 20.185 0.048 54348.412521 19.674 0.098 33.973837 1.164983
54355.421734 20.837 0.089 54355.423401 20.312 0.028 54355.420068 20.151 0.028 54355.420901 20.109 0.036 54355.422568 19.924 0.084 33.973837 1.164983
54358.367535 20.681 0.101 54358.369201 20.306 0.028 54358.365868 20.166 0.04 54358.366701 20.05 0.043 54358.368368 19.945 0.104 33.973837 1.164983
54365.400597 20.718 0.062 54365.402264 20.25 0.019 54365.39893 20.113 0.024 54365.399764 20.049 0.033 54365.40143 19.727 0.07 33.973837 1.164983
54381.420122 20.627 0.066 54381.421789 20.313 0.024 54381.418456 20.103 0.028 54381.419289 20.062 0.035 54381.420956 19.786 0.071 33.973837 1.164983
54384.426822 20.8 0.09 54384.428488 20.33 0.023 54384.425155 20.188 0.027 54384.425988 20.108 0.034 54384.427655 19.871 0.083 33.973837 1.164983
54386.412433 20.627 0.093 54386.414099 20.325 0.019 54386.410766 20.185 0.029 54386.411599 20.145 0.04 54386.413266 19.821 0.087 33.973837 1.164983
54388.416697 20.79 0.09 54388.418364 20.333 0.021 54388.415031 20.144 0.027 54388.415864 20.06 0.031 54388.417531 19.732 0.069 33.973837 1.164983
54392.414315 20.933 0.122 54392.415981 20.308 0.039 54392.412648 20.152 0.033 54392.413481 20.113 0.053 54392.415148 19.958 0.117 33.973837 1.164983
54405.386124 20.981 0.141 54405.387791 20.283 0.031 54405.384457 20.175 0.035 54405.385291 20.13 0.041 54405.386957 19.887 0.093 33.973837 1.164983
54406.324387 20.76 0.081 54406.326053 20.294 0.028 54406.32272 20.138 0.028 54406.323553 20.08 0.033 54406.32522 19.839 0.078 33.973837 1.164983
54412.350099 20.704 0.087 54412.351766 20.303 0.027 54412.348433 20.113 0.027 54412.349266 20.109 0.039 54412.350933 19.88 0.094 33.973837 1.164983
