51075.385908 19.708 0.033 51075.387574 19.343 0.012 51075.384241 19.36 0.015 51075.385074 19.292 0.022 51075.386741 19.464 0.112 31.064032 0.73676
51818.355544 19.676 0.032 51818.35721 19.36 0.012 51818.353877 19.322 0.013 51818.35471 19.282 0.018 51818.356377 19.332 0.056 31.064032 0.73676
52170.406655 19.503 0.031 52170.408321 19.161 0.011 52170.404988 19.135 0.012 52170.405821 19.117 0.017 52170.407488 19.181 0.052 31.064032 0.73676
52173.320015 19.479 0.037 52173.321681 19.151 0.012 52173.318348 19.121 0.014 52173.319181 19.087 0.021 52173.320848 18.956 0.057 31.064032 0.73676
52207.371897 -99.99 0.03 52207.373563 19.141 0.011 52207.37023 19.133 0.013 52207.371063 19.091 0.017 52207.37273 19.114 0.046 31.064032 0.73676
52224.300065 19.627 0.033 52224.301731 19.179 0.011 52224.298398 19.125 0.013 52224.299231 19.125 0.016 52224.300898 19.125 0.047 31.064032 0.73676
52231.285485 19.567 0.031 52231.287151 19.187 0.011 52231.283818 19.144 0.012 52231.284651 19.107 0.016 52231.286318 19.155 0.05 31.064032 0.73676
52234.256575 19.563 0.032 52234.258241 19.223 0.011 52234.254908 19.165 0.012 52234.255741 19.086 0.015 52234.257408 19.167 0.044 31.064032 0.73676
52261.21993 19.549 0.032 52261.221596 19.188 0.011 52261.218263 19.142 0.012 52261.219096 19.107 0.016 52261.220763 19.077 0.045 31.064032 0.73676
52287.100423 19.543 0.03 52287.102089 19.239 0.011 52287.098756 19.153 0.012 52287.099589 19.103 0.017 52287.101256 19.126 0.043 31.064032 0.73676
52552.419125 19.609 0.036 52552.420791 19.233 0.012 52552.417458 19.169 0.014 52552.418291 19.108 0.02 52552.419958 19.078 0.053 31.064032 0.73676
52557.393483 19.624 0.035 52557.395149 19.222 0.011 52557.391816 19.168 0.013 52557.392649 19.139 0.018 52557.394316 19.097 0.053 31.064032 0.73676
52908.36805 19.367 0.029 52908.369716 19.108 0.011 52908.366383 19.024 0.012 52908.367216 18.963 0.016 52908.368883 18.989 0.045 31.064032 0.73676
52912.347489 19.412 0.034 52912.349155 19.095 0.011 52912.345822 19.028 0.013 52912.346655 18.977 0.017 52912.348322 18.95 0.046 31.064032 0.73676
52934.299954 19.291 0.028 52934.30162 19.042 0.01 52934.298287 19.002 0.012 52934.29912 18.972 0.017 52934.300787 18.973 0.051 31.064032 0.73676
52936.29588 19.376 0.027 52936.297546 19.022 0.01 52936.294213 18.982 0.011 52936.295046 18.97 0.015 52936.296713 18.972 0.04 31.064032 0.73676
53270.359949 19.203 0.025 53270.361616 18.895 0.02 53270.358282 18.856 0.018 53270.359116 18.862 0.014 53270.360782 18.893 0.039 31.064032 0.73676
53272.409882 19.227 0.028 53272.411548 18.891 0.01 53272.408215 18.841 0.011 53272.409048 18.859 0.016 53272.410715 18.776 0.043 31.064032 0.73676
53286.378599 19.194 0.029 53286.380265 18.91 0.01 53286.376932 18.865 0.011 53286.377765 18.807 0.014 53286.379432 18.863 0.038 31.064032 0.73676
53288.337092 19.232 0.026 53288.338758 18.905 0.009 53288.335425 18.864 0.01 53288.336258 18.847 0.013 53288.337925 18.824 0.035 31.064032 0.73676
53294.384765 19.223 0.027 53294.386431 18.887 0.01 53294.383098 18.846 0.011 53294.383931 18.846 0.015 53294.385598 18.864 0.037 31.064032 0.73676
53296.331801 19.235 0.027 53296.333468 18.923 0.022 53296.330135 18.847 0.016 53296.330968 18.838 0.017 53296.332635 18.856 0.043 31.064032 0.73676
53298.381543 19.297 0.033 53298.383209 18.96 0.011 53298.379876 18.853 0.013 53298.380709 18.887 0.018 53298.382376 18.942 0.053 31.064032 0.73676
53302.332761 19.312 0.037 53302.334427 18.97 0.014 53302.331094 18.895 0.014 53302.331927 18.84 0.016 53302.333594 18.871 0.039 31.064032 0.73676
53312.288312 19.372 0.033 53312.289979 18.976 0.018 53312.286646 18.894 0.02 53312.287479 18.873 0.019 53312.289146 18.876 0.048 31.064032 0.73676
53314.289491 19.354 0.035 53314.291157 18.982 0.011 53314.287824 18.927 0.013 53314.288657 18.853 0.016 53314.290324 18.766 0.046 31.064032 0.73676
53319.277288 19.441 0.045 53319.278954 18.972 0.013 53319.275621 18.952 0.016 53319.276454 18.9 0.021 53319.278121 18.934 0.075 31.064032 0.73676
53616.393846 19.291 0.034 53616.395512 18.979 0.011 53616.392179 18.945 0.012 53616.393012 18.899 0.018 53616.394679 18.921 0.053 31.064032 0.73676
53626.370274 -99.99 0.04 53626.37194 -99.99 0.026 53626.368607 18.944 0.012 53626.36944 18.889 0.017 53626.371107 -99.99 0.049 31.064032 0.73676
53628.355138 19.279 0.041 53628.356804 18.942 0.015 53628.353471 18.917 0.015 53628.354304 18.878 0.017 53628.355971 18.915 0.049 31.064032 0.73676
53637.356757 19.338 0.048 53637.358423 18.97 0.014 53637.35509 18.892 0.014 53637.355923 18.878 0.018 53637.35759 18.928 0.053 31.064032 0.73676
53639.402133 19.237 0.028 53639.403799 18.913 0.01 53639.400466 18.928 0.011 53639.401299 18.892 0.014 53639.402966 18.881 0.034 31.064032 0.73676
53641.401298 19.31 0.03 53641.402964 18.942 0.01 53641.399631 18.904 0.011 53641.400464 18.898 0.014 53641.402131 18.9 0.037 31.064032 0.73676
53657.360183 19.334 0.061 53657.361849 18.936 0.022 53657.358516 18.916 0.021 53657.359349 18.891 0.025 53657.361016 18.918 0.066 31.064032 0.73676
53663.344731 19.229 0.045 53663.346397 18.997 0.019 53663.343064 18.938 0.015 53663.343897 18.922 0.018 53663.345564 18.896 0.047 31.064032 0.73676
53665.322702 19.331 0.079 53665.324368 18.99 0.017 53665.321035 -99.99 0.245 53665.321868 -99.99 0.032 53665.323535 18.899 0.048 31.064032 0.73676
53666.41482 19.31 0.044 53666.416486 18.99 0.014 53666.413153 18.923 0.013 53666.413986 18.903 0.016 53666.415653 18.904 0.042 31.064032 0.73676
53668.334332 19.375 0.036 53668.335998 19.031 0.013 53668.332665 18.972 0.014 53668.333498 18.931 0.018 53668.335165 19.038 0.057 31.064032 0.73676
53669.421951 19.335 0.049 53669.423617 18.998 0.015 53669.420284 18.963 0.016 53669.421117 18.917 0.019 53669.422784 18.901 0.052 31.064032 0.73676
53670.339184 19.331 0.031 53670.34085 19.021 0.011 53670.337517 18.977 0.012 53670.33835 18.908 0.015 53670.340017 18.956 0.045 31.064032 0.73676
53673.30717 19.421 0.029 53673.308836 19.026 0.01 53673.305503 18.958 0.011 53673.306336 18.923 0.013 53673.308003 19.016 0.036 31.064032 0.73676
53675.304058 19.39 0.03 53675.305724 19.035 0.01 53675.302391 18.978 0.012 53675.303224 18.903 0.015 53675.304891 18.874 0.039 31.064032 0.73676
53677.325088 19.425 0.031 53677.326754 19.059 0.01 53677.323421 18.987 0.011 53677.324254 18.926 0.013 53677.325921 18.927 0.034 31.064032 0.73676
53680.311755 19.476 0.031 53680.313421 19.076 0.01 53680.310088 18.977 0.012 53680.310921 18.952 0.015 53680.312588 19.013 0.04 31.064032 0.73676
53683.370311 19.51 0.04 53683.371977 19.095 0.011 53683.368644 19.012 0.014 53683.369477 18.94 0.02 53683.371144 18.934 0.055 31.064032 0.73676
53686.311187 19.379 0.076 53686.312853 19.122 0.025 53686.30952 19.043 0.022 53686.310353 18.957 0.025 53686.31202 18.995 0.06 31.064032 0.73676
53693.313647 19.262 0.062 53693.315313 19.165 0.024 53693.31198 19.021 0.02 53693.312813 18.985 0.022 53693.31448 18.937 0.052 31.064032 0.73676
53698.311036 19.411 0.035 53698.312702 19.115 0.012 53698.309369 19.052 0.015 53698.310202 19.01 0.016 53698.311869 18.992 0.041 31.064032 0.73676
53704.296969 19.429 0.034 53704.298635 19.096 0.011 53704.295302 19.047 0.012 53704.296135 18.998 0.017 53704.297802 19.096 0.057 31.064032 0.73676
53989.393037 19.298 0.044 53989.394704 18.993 0.02 53989.391371 18.883 0.019 53989.392204 18.863 0.019 53989.393871 18.933 0.039 31.064032 0.73676
53995.431765 19.386 0.027 53995.433431 18.995 0.019 53995.430098 18.918 0.012 53995.430931 18.875 0.019 53995.432598 18.866 0.038 31.064032 0.73676
54000.368446 19.359 0.03 54000.370113 -99.99 0.021 54000.366779 18.948 0.031 54000.367613 18.895 0.037 54000.369279 18.919 0.051 31.064032 0.73676
54007.41862 19.41 0.03 54007.420286 19.04 0.023 54007.416953 18.936 0.02 54007.417786 18.936 0.018 54007.419453 18.859 0.037 31.064032 0.73676
54009.342438 19.363 0.025 54009.344105 19.046 0.017 54009.340772 18.969 0.027 54009.341605 18.938 0.022 54009.343272 18.916 0.04 31.064032 0.73676
54011.406844 19.334 0.025 54011.408511 19.043 0.018 54011.405178 18.93 0.015 54011.406011 18.931 0.014 54011.407678 18.903 0.037 31.064032 0.73676
54025.406003 19.278 0.033 54025.407669 18.989 0.018 54025.404336 18.93 0.018 54025.405169 18.876 0.022 54025.406836 18.872 0.042 31.064032 0.73676
54029.336231 19.295 0.025 54029.337898 18.996 0.021 54029.334565 18.897 0.025 54029.335398 18.896 0.018 54029.337065 18.863 0.039 31.064032 0.73676
54346.399727 19.043 0.036 54346.401394 18.758 0.018 54346.39806 18.73 0.015 54346.398894 18.773 0.018 54346.40056 18.707 0.034 31.064032 0.73676
54348.403638 19.12 0.028 54348.405305 18.769 0.016 54348.401971 18.709 0.018 54348.402805 18.73 0.017 54348.404471 18.786 0.038 31.064032 0.73676
54358.359485 -99.99 0.031 54358.361152 -99.99 0.023 54358.357819 18.709 0.015 54358.358652 18.692 0.017 54358.360319 18.823 0.045 31.064032 0.73676
54365.39249 -99.99 0.024 54365.394157 18.785 0.015 54365.390823 18.752 0.012 54365.391657 18.767 0.018 54365.393323 18.746 0.03 31.064032 0.73676
54381.412054 19.118 0.027 54381.413721 18.818 0.018 54381.410388 18.733 0.035 54381.411221 18.78 0.021 54381.412888 18.834 0.034 31.064032 0.73676
54384.418705 19.138 0.036 54384.420372 18.853 0.024 54384.417039 18.794 0.02 54384.417872 18.782 0.018 54384.419539 18.728 0.032 31.064032 0.73676
54386.404385 19.164 0.03 54386.406052 18.819 0.022 54386.402718 18.797 0.018 54386.403552 18.775 0.02 54386.405218 18.8 0.033 31.064032 0.73676
54388.408654 19.164 0.028 54388.410321 18.854 0.023 54388.406987 18.797 0.022 54388.407821 18.814 0.021 54388.409487 18.788 0.036 31.064032 0.73676
54392.406231 19.125 0.033 54392.407897 -99.99 0.039 54392.404564 18.786 0.022 54392.405397 18.789 0.019 54392.407064 18.736 0.043 31.064032 0.73676
54403.322623 -99.99 0.155 54403.32429 18.785 0.052 54403.320957 18.511 0.065 54403.32179 18.73 0.126 54403.323457 -99.99 0.507 31.064032 0.73676
54404.380077 19.086 0.045 54404.381744 -99.99 0.046 54404.378411 18.768 0.014 54404.379244 18.74 0.016 54404.380911 -99.99 0.059 31.064032 0.73676
54405.378008 19.138 0.034 54405.379675 18.831 0.021 54405.376341 18.796 0.016 54405.377175 18.774 0.02 54405.378841 18.75 0.038 31.064032 0.73676
54406.316269 19.117 0.032 54406.317935 18.798 0.017 54406.314602 18.776 0.02 54406.315435 18.755 0.018 54406.317102 18.807 0.029 31.064032 0.73676
54412.342016 19.149 0.049 54412.343682 18.795 0.027 54412.340349 18.796 0.018 54412.341182 18.796 0.016 54412.342849 18.805 0.042 31.064032 0.73676
