51081.374387 20.878 0.099 51081.376053 20.678 0.032 51081.37272 20.258 0.03 51081.373553 20.28 0.044 51081.37522 20.1 0.132 32.788633 0.940995
51819.445508 20.495 0.079 51819.447174 20.371 0.027 51819.443841 19.944 0.025 51819.444674 20.119 0.042 51819.446341 19.973 0.132 32.788633 0.940995
51875.189362 20.658 0.079 51875.191028 20.469 0.025 51875.187695 20.149 0.026 51875.188528 20.111 0.041 51875.190195 20.306 0.191 32.788633 0.940995
52225.2702 20.747 0.077 52225.271866 20.577 0.025 52225.268533 20.189 0.026 52225.269366 20.238 0.037 52225.271033 20.629 0.179 32.788633 0.940995
52288.104621 20.741 0.081 52288.106287 20.563 0.027 52288.102954 20.223 0.029 52288.103787 20.382 0.044 52288.105454 20.228 0.128 32.788633 0.940995
52551.377911 20.215 0.053 52551.379577 20.141 0.021 52551.376244 19.933 0.022 52551.377077 20.065 0.035 52551.378744 20.084 0.126 32.788633 0.940995
52558.410785 20.371 0.052 52558.412451 20.222 0.019 52558.409118 19.921 0.019 52558.409951 20.016 0.029 52558.411618 20.009 0.095 32.788633 0.940995
52576.243838 20.242 0.053 52576.245504 20.182 0.019 52576.242171 19.873 0.02 52576.243004 19.984 0.034 52576.244671 19.974 0.11 32.788633 0.940995
52577.298294 20.219 0.052 52577.29996 20.214 0.02 52577.296627 19.905 0.021 52577.29746 20.028 0.033 52577.299127 20.048 0.113 32.788633 0.940995
52578.282392 20.197 0.051 52578.284058 20.19 0.021 52578.280725 19.878 0.021 52578.281558 19.99 0.033 52578.283225 19.955 0.111 32.788633 0.940995
52585.245371 20.3 0.054 52585.247037 20.189 0.019 52585.243704 19.85 0.02 52585.244537 19.868 0.036 52585.246204 20.344 0.233 32.788633 0.940995
52909.412006 21.14 0.107 52909.413672 20.908 0.032 52909.410339 20.498 0.032 52909.411172 20.466 0.046 52909.412839 20.468 0.161 32.788633 0.940995
52910.382251 -99.99 0.153 52910.383917 20.961 0.035 52910.380584 20.476 0.033 52910.381417 20.686 0.065 52910.383084 20.494 0.192 32.788633 0.940995
52935.309419 21.33 0.162 52935.311085 21.019 0.041 52935.307752 20.463 0.044 52935.308585 20.645 0.074 52935.310252 20.706 0.271 32.788633 0.940995
52963.232494 21.241 0.099 52963.23416 21.071 0.035 52963.230827 20.534 0.032 52963.23166 20.582 0.048 52963.233327 20.811 0.209 32.788633 0.940995
52971.223411 21.273 0.137 52971.225077 21.116 0.041 52971.221744 20.564 0.041 52971.222577 20.528 0.059 52971.224244 21.073 0.286 32.788633 0.940995
53351.154797 20.137 0.058 53351.156463 20.115 0.021 53351.15313 19.884 0.025 53351.153963 19.919 0.04 53351.15563 19.896 0.148 32.788633 0.940995
53622.411852 20.143 0.058 53622.413518 20.149 0.02 53622.410185 19.879 0.021 53622.411018 19.949 0.033 53622.412685 19.973 0.103 32.788633 0.940995
53634.361323 -99.99 0.152 53634.362989 -99.99 0.06 53634.359656 19.934 0.049 53634.360489 19.965 0.054 53634.362156 20.037 0.156 32.788633 0.940995
53638.402659 20.191 0.064 53638.404325 20.146 0.023 53638.400992 19.886 0.022 53638.401825 20.012 0.034 53638.403492 19.949 0.103 32.788633 0.940995
53640.366696 20.334 0.074 53640.368362 20.22 0.025 53640.365029 19.879 0.021 53640.365862 19.913 0.032 53640.367529 19.977 0.113 32.788633 0.940995
53646.428104 20.248 0.083 53646.42977 20.189 0.03 53646.426437 19.941 0.031 53646.42727 19.983 0.039 53646.428937 20.03 0.166 32.788633 0.940995
53655.338869 20.273 0.058 53655.340535 20.165 0.019 53655.337202 19.894 0.024 53655.338035 19.919 0.034 53655.339702 19.842 0.11 32.788633 0.940995
53664.363824 20.335 0.171 53664.36549 20.039 0.072 53664.362157 19.799 0.06 53664.36299 19.892 0.081 53664.364657 19.98 0.257 32.788633 0.940995
53665.428457 20.241 0.112 53665.430123 20.115 0.035 53665.42679 19.797 0.029 53665.427623 19.873 0.04 53665.42929 19.754 0.115 32.788633 0.940995
53669.323069 20.31 0.075 53669.324735 20.071 0.022 53669.321402 19.875 0.024 53669.322235 19.926 0.037 53669.323902 20.122 0.154 32.788633 0.940995
53670.423037 20.253 0.113 53670.424703 20.105 0.035 53670.42137 19.882 0.03 53670.422203 19.861 0.043 53670.42387 20.127 0.204 32.788633 0.940995
53671.407822 20.211 0.082 53671.409488 20.113 0.023 53671.406155 19.862 0.023 53671.406988 19.92 0.035 53671.408655 19.79 0.107 32.788633 0.940995
53674.307306 20.219 0.069 53674.308972 20.183 0.025 53674.305639 19.883 0.024 53674.306472 19.978 0.038 53674.308139 20.065 0.148 32.788633 0.940995
53676.396765 20.319 0.077 53676.398431 20.128 0.021 53676.395098 19.871 0.026 53676.395931 19.895 0.033 53676.397598 19.879 0.095 32.788633 0.940995
53679.368666 20.206 0.076 53679.370332 20.102 0.023 53679.366999 19.844 0.028 53679.367832 19.921 0.046 53679.369499 20.129 0.182 32.788633 0.940995
53681.360178 20.242 0.065 53681.361844 20.138 0.02 53681.358511 19.847 0.023 53681.359344 19.898 0.03 53681.361011 20.073 0.11 32.788633 0.940995
53684.321673 20.206 0.113 53684.323339 20.074 0.045 53684.320006 19.874 0.034 53684.320839 19.938 0.057 53684.322506 -99.99 0.504 32.788633 0.940995
53687.262978 20.327 0.168 53687.264644 20.094 0.057 53687.261311 19.791 0.042 53687.262144 19.791 0.052 53687.263811 20.241 0.213 32.788633 0.940995
53694.333121 20.44 0.208 53694.334787 20.151 0.054 53694.331454 19.856 0.046 53694.332287 19.937 0.055 53694.333954 20.009 0.162 32.788633 0.940995
53697.317205 -99.99 0.086 53697.318871 20.199 0.03 53697.315538 19.846 0.028 53697.316371 19.947 0.039 53697.318038 20.168 0.144 32.788633 0.940995
53700.316161 20.23 0.083 53700.317827 20.198 0.024 53700.314494 19.866 0.029 53700.315327 19.994 0.048 53700.316994 20.12 0.189 32.788633 0.940995
53705.302831 -99.99 0.095 53705.304497 20.19 0.025 53705.301164 19.882 0.025 53705.301997 19.951 0.041 53705.303664 19.882 0.13 32.788633 0.940995
53975.387834 -99.99 0.057 53975.389501 20.082 0.025 53975.386168 19.809 0.029 53975.387001 19.882 0.032 53975.388668 19.964 0.113 32.788633 0.940995
53993.399958 20.382 0.112 53993.401624 20.132 0.045 53993.398291 19.832 0.03 53993.399124 -99.99 0.049 53993.400791 19.993 0.129 32.788633 0.940995
53994.410832 20.368 0.063 53994.412499 20.177 0.03 53994.409166 19.879 0.027 53994.409999 19.935 0.034 53994.411666 19.901 0.1 32.788633 0.940995
53996.394564 20.343 0.06 53996.396231 20.209 0.023 53996.392897 19.848 0.029 53996.393731 19.937 0.035 53996.395397 19.902 0.102 32.788633 0.940995
54005.407757 20.377 0.052 54005.409424 20.254 0.027 54005.406091 19.924 0.021 54005.406924 19.915 0.031 54005.408591 19.966 0.092 32.788633 0.940995
54010.348692 20.376 0.049 54010.350359 20.211 0.02 54010.347025 19.887 0.019 54010.347859 20.006 0.027 54010.349525 -99.99 0.092 32.788633 0.940995
54012.341608 20.429 0.112 54012.343274 20.256 0.051 54012.339941 19.952 0.035 54012.340774 19.903 0.046 54012.342441 20.186 0.207 32.788633 0.940995
54020.347549 20.327 0.091 54020.349216 20.203 0.072 54020.345882 19.93 0.03 54020.346716 19.955 0.044 54020.348382 20.11 0.15 32.788633 0.940995
54024.429082 20.451 0.09 54024.430748 20.197 0.032 54024.427415 19.946 0.03 54024.428248 19.957 0.039 54024.429915 20.206 0.138 32.788633 0.940995
54028.417457 20.327 0.067 54028.419124 20.189 0.037 54028.41579 19.833 0.025 54028.416624 19.998 0.04 54028.41829 20 0.115 32.788633 0.940995
54030.341089 20.336 0.052 54030.342756 20.206 0.02 54030.339422 19.955 0.021 54030.340256 19.962 0.032 54030.341922 20.051 0.106 32.788633 0.940995
54035.416878 20.471 0.117 54035.418545 20.19 0.027 54035.415212 19.894 0.033 54035.416045 19.905 0.044 54035.417712 19.875 0.125 32.788633 0.940995
54037.322332 20.27 0.046 54037.323999 20.16 0.02 54037.320665 19.856 0.019 54037.321499 -99.99 0.028 54037.323165 19.99 0.082 32.788633 0.940995
54040.3368 20.446 0.086 54040.338467 20.179 0.035 54040.335134 19.929 0.032 54040.335967 19.941 0.047 54040.337634 19.991 0.126 32.788633 0.940995
54047.367321 19.829 0.226 54047.368988 20.248 0.098 54047.365654 19.913 0.076 54047.366488 19.986 0.091 54047.368154 20.067 0.242 32.788633 0.940995
54049.36324 20.128 0.109 54049.364906 20.084 0.037 54049.361573 19.819 0.035 54049.362406 19.922 0.047 54049.364073 19.955 0.13 32.788633 0.940995
54053.342882 20.327 0.069 54053.344548 20.05 0.026 54053.341215 19.865 0.024 54053.342048 -99.99 0.049 54053.343715 -99.99 0.599 32.788633 0.940995
54056.329251 20.221 0.077 54056.330917 20.055 0.033 54056.327584 19.775 0.027 54056.328417 19.895 0.041 54056.330084 20.121 0.163 32.788633 0.940995
54059.323508 20.342 0.082 54059.325175 20.037 0.028 54059.321842 19.787 0.025 54059.322675 19.819 0.038 54059.324342 20.306 0.165 32.788633 0.940995
54062.328425 20.25 0.061 54062.330092 20.061 0.027 54062.326758 19.762 0.024 54062.327592 19.94 0.038 54062.329258 19.833 0.102 32.788633 0.940995
54064.32485 20.233 0.067 54064.326517 20.046 0.022 54064.323183 19.82 0.025 54064.324017 19.908 0.033 54064.325683 19.942 0.114 32.788633 0.940995
54068.309004 19.949 0.084 54068.31067 19.959 0.046 54068.307337 19.764 0.041 54068.30817 19.888 0.056 54068.309837 20.038 0.154 32.788633 0.940995
54357.366823 -99.99 0.042 54357.36849 19.975 0.02 54357.365157 19.755 0.022 54357.36599 19.806 0.033 54357.367657 19.796 0.065 32.788633 0.940995
54362.416528 20.05 0.042 54362.418195 19.972 0.021 54362.414862 19.726 0.02 54362.415695 19.808 0.027 54362.417362 19.852 0.083 32.788633 0.940995
54376.411611 20.136 0.051 54376.413278 20.01 0.02 54376.409945 19.779 0.02 54376.410778 19.836 0.028 54376.412445 19.909 0.091 32.788633 0.940995
54382.396734 20.122 0.068 54382.398401 19.986 0.023 54382.395067 19.697 0.026 54382.395901 19.815 0.039 54382.397567 19.728 0.11 32.788633 0.940995
54385.414529 -99.99 0.049 54385.416195 20.019 0.025 54385.412862 19.777 0.019 54385.413695 19.812 0.025 54385.415362 19.909 0.081 32.788633 0.940995
54387.415072 20.007 0.09 54387.416738 -99.99 0.026 54387.413405 19.78 0.031 54387.414238 19.826 0.052 54387.415905 19.998 0.169 32.788633 0.940995
54391.415941 19.96 0.106 54391.417608 19.989 0.034 54391.414274 19.764 0.042 54391.415108 19.816 0.064 54391.416774 20.032 0.267 32.788633 0.940995
54402.408361 20.392 0.171 54402.410028 19.96 0.044 54402.406695 19.823 0.037 54402.407528 19.895 0.048 54402.409195 19.78 0.099 32.788633 0.940995
