51081.376108 20.092 0.049 51081.377774 19.914 0.019 51081.374441 19.452 0.016 51081.375274 18.974 0.016 51081.376941 18.627 0.036 33.388926 0.50859
51819.447178 20.129 0.06 51819.448844 19.923 0.019 51819.445511 19.466 0.017 51819.446344 18.936 0.017 51819.448011 18.618 0.039 33.388926 0.50859
51875.190989 20.161 0.044 51875.192655 19.97 0.017 51875.189322 19.471 0.016 51875.190155 18.974 0.017 51875.191822 18.599 0.036 33.388926 0.50859
52225.271862 20.189 0.048 52225.273528 19.961 0.017 52225.270195 19.527 0.015 52225.271028 18.94 0.014 52225.272695 18.729 0.035 33.388926 0.50859
52288.106284 20.073 0.044 52288.10795 19.959 0.017 52288.104617 19.522 0.016 52288.10545 18.978 0.015 52288.107117 18.646 0.032 33.388926 0.50859
52551.379574 20.162 0.048 52551.38124 19.997 0.018 52551.377907 19.529 0.015 52551.37874 18.98 0.015 52551.380407 18.686 0.033 33.388926 0.50859
52558.412448 20.084 0.041 52558.414114 20.014 0.016 52558.410781 19.528 0.014 52558.411614 19.002 0.014 52558.413281 18.664 0.029 33.388926 0.50859
52576.2455 20.068 0.044 52576.247166 20.032 0.018 52576.243833 19.55 0.016 52576.244666 19.013 0.015 52576.246333 18.731 0.036 33.388926 0.50859
52578.284054 20.136 0.046 52578.28572 19.999 0.017 52578.282387 19.586 0.016 52578.28322 19.003 0.015 52578.284887 18.643 0.034 33.388926 0.50859
52585.247034 20.115 0.042 52585.2487 20.037 0.017 52585.245367 19.54 0.016 52585.2462 18.982 0.017 52585.247867 18.684 0.043 33.388926 0.50859
52909.413669 20.103 0.044 52909.415335 19.998 0.017 52909.412002 19.552 0.015 52909.412835 19.039 0.015 52909.414502 18.719 0.032 33.388926 0.50859
52910.383912 20.167 0.05 52910.385578 20.073 0.019 52910.382245 19.59 0.019 52910.383078 19.018 0.017 52910.384745 18.7 0.033 33.388926 0.50859
52935.311081 20.098 0.049 52935.312747 20.013 0.019 52935.309414 19.559 0.019 52935.310247 19.015 0.017 52935.311914 18.705 0.042 33.388926 0.50859
52963.234157 -99.99 0.039 52963.235823 19.993 0.017 52963.23249 19.519 0.014 52963.233323 18.976 0.014 52963.23499 18.703 0.03 33.388926 0.50859
52971.225073 20.118 0.048 52971.226739 19.995 0.019 52971.223406 19.51 0.016 52971.224239 18.974 0.016 52971.225906 18.676 0.032 33.388926 0.50859
53351.15646 20.223 0.056 53351.158126 19.996 0.018 53351.154793 19.596 0.018 53351.155626 19.032 0.019 53351.157293 18.71 0.041 33.388926 0.50859
53622.413514 20.163 0.047 53622.41518 20.035 0.018 53622.411847 19.567 0.015 53622.41268 19.028 0.016 53622.414347 18.684 0.033 33.388926 0.50859
53634.362986 20.002 0.133 53634.364652 19.974 0.051 53634.361319 19.466 0.034 53634.362152 19.014 0.027 53634.363819 18.642 0.036 33.388926 0.50859
53638.404321 20.26 0.059 53638.405987 20.054 0.021 53638.402654 19.575 0.017 53638.403487 19.023 0.015 53638.405154 18.652 0.031 33.388926 0.50859
53640.368356 20.149 0.059 53640.370022 19.997 0.022 53640.366689 19.552 0.017 53640.367522 18.962 0.016 53640.369189 18.628 0.034 33.388926 0.50859
53646.429765 20.404 0.092 53646.431431 20.038 0.021 53646.428098 19.542 0.019 53646.428931 19.051 0.023 53646.430598 18.705 0.047 33.388926 0.50859
53655.34053 20.045 0.047 53655.342196 20.025 0.017 53655.338863 19.555 0.017 53655.339696 18.977 0.016 53655.341363 18.605 0.033 33.388926 0.50859
53663.430186 20.046 0.119 53663.431852 19.964 0.044 53663.428519 19.535 0.027 53663.429352 18.992 0.021 53663.431019 18.521 0.031 33.388926 0.50859
53664.365486 20.304 0.184 53664.367152 20.022 0.065 53664.363819 19.551 0.042 53664.364652 19.015 0.038 53664.366319 18.813 0.087 33.388926 0.50859
53665.430119 19.955 0.087 53665.431785 19.945 0.031 53665.428452 19.484 0.021 53665.429285 18.964 0.019 53665.430952 18.582 0.039 33.388926 0.50859
53668.418735 -99.99 0.09 53668.420401 20.005 0.034 53668.417068 19.568 0.025 53668.417901 18.994 0.021 53668.419568 18.758 0.054 33.388926 0.50859
53669.324731 20.138 0.059 53669.326397 -99.99 0.056 53669.323064 19.566 0.019 53669.323897 18.994 0.018 53669.325564 18.718 0.043 33.388926 0.50859
53670.42471 19.969 0.09 53670.426376 20.023 0.032 53670.423043 19.542 0.025 53670.423876 18.967 0.023 53670.425543 18.73 0.051 33.388926 0.50859
53671.409484 20.014 0.064 53671.41115 20.003 0.021 53671.407817 19.548 0.02 53671.40865 18.979 0.017 53671.410317 18.692 0.037 33.388926 0.50859
53674.308968 20.268 0.079 53674.310634 19.976 0.02 53674.307301 19.568 0.019 53674.308134 19.004 0.019 53674.309801 18.679 0.041 33.388926 0.50859
53676.398427 20.102 0.058 53676.400093 20.017 0.02 53676.39676 19.53 0.017 53676.397593 19.036 0.016 53676.39926 18.734 0.036 33.388926 0.50859
53681.36184 20.325 0.063 53681.363506 20.009 0.018 53681.360173 19.592 0.016 53681.361006 19.009 0.015 53681.362673 18.665 0.031 33.388926 0.50859
53684.323335 20.094 0.124 53684.325001 19.951 0.045 53684.321668 19.542 0.032 53684.322501 18.979 0.038 53684.324168 18.666 0.096 33.388926 0.50859
53687.264649 20.181 0.121 53687.266315 20.03 0.055 53687.262982 19.567 0.035 53687.263815 19.005 0.026 53687.265482 18.732 0.044 33.388926 0.50859
53694.334783 20.101 0.143 53694.336449 19.996 0.046 53694.333116 19.567 0.032 53694.333949 19.018 0.024 53694.335616 18.801 0.048 33.388926 0.50859
53697.318866 20.193 0.075 53697.320532 20 0.026 53697.317199 19.549 0.02 53697.318032 19.009 0.018 53697.319699 18.646 0.034 33.388926 0.50859
53700.317823 20.057 0.061 53700.319489 20.044 0.022 53700.316156 19.599 0.021 53700.316989 18.996 0.021 53700.318656 18.709 0.051 33.388926 0.50859
53705.304493 -99.99 0.074 53705.306159 19.999 0.019 53705.302826 19.526 0.021 53705.303659 19.035 0.019 53705.305326 18.668 0.045 33.388926 0.50859
53975.389536 20.146 0.047 53975.391202 20.013 0.019 53975.387869 19.506 0.019 53975.388702 18.971 0.02 53975.390369 18.626 0.037 33.388926 0.50859
53993.401612 20.253 0.095 53993.403279 -99.99 0.053 53993.399946 -99.99 0.031 53993.400779 -99.99 0.1 53993.402446 -99.99 0.06 33.388926 0.50859
53994.412534 20.205 0.053 53994.4142 20.007 0.022 53994.410867 19.514 0.021 53994.4117 19.021 0.017 53994.413367 18.708 0.031 33.388926 0.50859
53996.396223 20.188 0.043 53996.397889 19.997 0.016 53996.394556 19.539 0.022 53996.395389 18.994 0.027 53996.397056 18.663 0.032 33.388926 0.50859
54005.409425 20.103 0.039 54005.411092 19.934 0.022 54005.407758 19.522 0.016 54005.408592 18.975 0.018 54005.410258 18.673 0.029 33.388926 0.50859
54010.350354 -99.99 0.04 54010.352021 19.989 0.019 54010.348688 19.51 0.017 54010.349521 19.005 0.016 54010.351188 18.701 0.029 33.388926 0.50859
54012.343356 20.1 0.086 54012.345023 20.017 0.039 54012.34169 19.537 0.027 54012.342523 19.008 0.025 54012.34419 18.692 0.042 33.388926 0.50859
54020.349165 20.15 0.101 54020.350832 19.949 0.035 54020.347498 19.541 0.022 54020.348332 19.003 0.025 54020.349998 18.742 0.046 33.388926 0.50859
54024.430751 20.168 0.064 54024.432418 20.015 0.03 54024.429085 19.566 0.025 54024.429918 19.043 0.025 54024.431585 18.695 0.036 33.388926 0.50859
54028.419157 20.072 0.052 54028.420824 -99.99 0.029 54028.41749 19.551 0.026 54028.418324 18.976 0.018 54028.41999 -99.99 0.045 33.388926 0.50859
54030.34272 -99.99 0.038 54030.344386 20.022 0.02 54030.341053 19.572 0.019 54030.341886 18.997 0.021 54030.343553 18.593 0.036 33.388926 0.50859
54030.374573 20.102 0.046 54030.37624 20.048 0.034 54030.372907 19.515 0.019 54030.37374 18.987 0.017 54030.375407 18.694 0.032 33.388926 0.50859
54035.418477 20.045 0.071 54035.420144 -99.99 0.026 54035.416811 19.549 0.03 54035.417644 19.058 0.023 54035.419311 18.716 0.041 33.388926 0.50859
54037.324067 20.05 0.045 54037.325734 20.033 0.025 54037.3224 19.545 0.018 54037.323234 19.007 0.019 54037.3249 18.657 0.035 33.388926 0.50859
54040.338447 20.077 0.057 54040.340114 19.977 0.031 54040.336781 19.571 0.024 54040.337614 18.996 0.024 54040.339281 18.696 0.037 33.388926 0.50859
54049.364937 20.166 0.103 54049.366604 19.956 0.033 54049.36327 19.542 0.029 54049.364104 18.973 0.021 54049.36577 18.693 0.038 33.388926 0.50859
54053.34458 -99.99 0.051 54053.346246 -99.99 0.028 54053.342913 -99.99 0.02 54053.343746 18.998 0.023 54053.345413 -99.99 0.046 33.388926 0.50859
54056.330957 19.944 0.05 54056.332624 19.934 0.028 54056.32929 19.51 0.022 54056.330124 18.96 0.024 54056.33179 18.655 0.042 33.388926 0.50859
54059.325179 20.152 0.055 54059.326846 20.026 0.023 54059.323512 19.57 0.022 54059.324346 19.032 0.022 54059.326012 18.709 0.041 33.388926 0.50859
54061.336348 -99.99 0.095 54061.338014 19.911 0.047 54061.334681 -99.99 0.044 54061.335514 18.928 0.028 54061.337181 18.643 0.055 33.388926 0.50859
54062.330127 -99.99 0.049 54062.331794 19.99 0.03 54062.32846 19.563 0.02 54062.329294 19.017 0.02 54062.33096 18.712 0.036 33.388926 0.50859
54064.326502 20.072 0.055 54064.328169 19.989 0.021 54064.324835 19.491 0.024 54064.325669 18.971 0.018 54064.327335 18.682 0.033 33.388926 0.50859
54068.3107 20.276 0.107 54068.312366 19.994 0.036 54068.309033 19.534 0.03 54068.309866 18.965 0.023 54068.311533 18.644 0.046 33.388926 0.50859
54357.368392 20.056 0.036 54357.370059 19.945 0.023 54357.366726 19.549 0.027 54357.367559 18.962 0.019 54357.369226 18.727 0.026 33.388926 0.50859
54362.418183 20.107 0.039 54362.41985 19.994 0.017 54362.416517 19.542 0.021 54362.41735 18.975 0.021 54362.419017 18.735 0.03 33.388926 0.50859
54376.413277 19.992 0.045 54376.414944 19.994 0.025 54376.411611 19.492 0.021 54376.412444 18.976 0.02 54376.414111 18.674 0.032 33.388926 0.50859
54382.398401 -99.99 0.054 54382.400068 19.997 0.025 54382.396734 19.539 0.021 54382.397568 18.973 0.029 54382.399234 18.675 0.045 33.388926 0.50859
54385.416231 20.115 0.044 54385.417897 19.968 0.041 54385.414564 19.518 0.017 54385.415397 18.958 0.022 54385.417064 18.686 0.03 33.388926 0.50859
54390.409162 20.063 0.06 54390.410829 19.976 0.028 54390.407495 19.559 0.024 54390.408329 18.928 0.021 54390.409995 18.587 0.042 33.388926 0.50859
54402.409897 20.109 0.125 54402.411564 19.939 0.045 54402.40823 19.57 0.028 54402.409064 18.941 0.021 54402.41073 18.68 0.035 33.388926 0.50859
