51467.28668 20.12 0.081 51467.288346 19.879 0.024 51467.285013 19.782 0.027 51467.285846 19.471 0.028 51467.287513 19.353 0.113 -33.229677 -0.366275
51819.26267 19.892 0.043 51819.264336 19.805 0.018 51819.261003 19.713 0.017 51819.261836 19.444 0.019 51819.263503 19.422 0.067 -33.229677 -0.366275
52172.278241 19.845 0.04 52172.279907 19.753 0.016 52172.276574 19.651 0.017 52172.277407 19.332 0.018 52172.279074 19.286 0.059 -33.229677 -0.366275
52558.227946 19.808 0.041 52558.229612 19.667 0.015 52558.226279 19.6 0.017 52558.227112 19.38 0.02 52558.228779 19.391 0.069 -33.229677 -0.366275
52576.140202 19.866 0.054 52576.141868 19.652 0.015 52576.138535 19.613 0.02 52576.139368 19.358 0.028 52576.141035 19.192 0.084 -33.229677 -0.366275
52577.115438 19.709 0.037 52577.117104 19.683 0.015 52577.113771 19.609 0.019 52577.114604 19.351 0.023 52577.116271 19.204 0.08 -33.229677 -0.366275
52931.129599 19.842 0.037 52931.131265 19.591 0.013 52931.127932 19.493 0.015 52931.128765 19.234 0.016 52931.130432 19.114 0.047 -33.229677 -0.366275
52935.126564 19.84 0.044 52935.12823 19.629 0.016 52935.124897 19.528 0.017 52935.12573 19.269 0.02 52935.127397 19.096 0.057 -33.229677 -0.366275
53313.119764 19.768 0.042 53313.12143 19.682 0.016 53313.118097 19.611 0.02 53313.11893 19.334 0.022 53313.120597 19.277 0.077 -33.229677 -0.366275
53622.229009 19.9 0.059 53622.230675 19.725 0.019 53622.227342 19.642 0.023 53622.228175 19.345 0.025 53622.229842 19.232 0.086 -33.229677 -0.366275
53625.224976 19.854 0.041 53625.226642 19.73 0.017 53625.223309 19.633 0.017 53625.224142 19.354 0.018 53625.225809 19.307 0.052 -33.229677 -0.366275
53636.184012 19.875 0.047 53636.185678 19.74 0.018 53636.182345 19.668 0.02 53636.183178 19.379 0.02 53636.184845 19.499 0.07 -33.229677 -0.366275
53655.156017 19.777 0.069 53655.157683 19.696 0.029 53655.15435 19.63 0.029 53655.155183 19.326 0.026 53655.15685 19.322 0.08 -33.229677 -0.366275
53664.180976 19.889 0.071 53664.182642 19.778 0.028 53664.179309 19.634 0.023 53664.180142 19.359 0.022 53664.181809 19.353 0.074 -33.229677 -0.366275
53666.144576 19.836 0.037 53666.146242 19.718 0.013 53666.142909 19.632 0.016 53666.143742 19.33 0.018 53666.145409 19.22 0.054 -33.229677 -0.366275
53669.140216 19.899 0.04 53669.141882 19.751 0.014 53669.138549 19.639 0.016 53669.139382 19.346 0.017 53669.141049 19.265 0.053 -33.229677 -0.366275
53671.225001 19.802 0.068 53671.226667 19.783 0.021 53671.223334 19.646 0.024 53671.224167 19.387 0.028 53671.225834 19.308 0.098 -33.229677 -0.366275
53674.124451 19.938 0.043 53674.126117 19.786 0.015 53674.122784 19.697 0.018 53674.123617 19.396 0.019 53674.125284 19.356 0.062 -33.229677 -0.366275
53676.213948 19.97 0.048 53676.215614 19.816 0.017 53676.212281 19.686 0.017 53676.213114 19.373 0.018 53676.214781 19.304 0.054 -33.229677 -0.366275
53679.185832 20.012 0.067 53679.187498 19.78 0.019 53679.184165 19.674 0.022 53679.184998 19.357 0.024 53679.186665 19.326 0.074 -33.229677 -0.366275
53681.177343 20.072 0.093 53681.179009 19.908 0.036 53681.175676 19.72 0.026 53681.176509 19.331 0.029 53681.178176 19.364 0.104 -33.229677 -0.366275
53685.136387 19.841 0.089 53685.138053 19.846 0.045 53685.13472 19.624 0.034 53685.135553 19.316 0.029 53685.13722 19.226 0.068 -33.229677 -0.366275
53687.174737 19.839 0.116 53687.176403 19.778 0.039 53687.17307 19.676 0.03 53687.173903 19.382 0.028 53687.17557 19.222 0.059 -33.229677 -0.366275
53694.150276 19.812 0.114 53694.151942 19.816 0.065 53694.148609 19.786 0.052 53694.149442 19.429 0.048 53694.151109 19.396 0.182 -33.229677 -0.366275
53700.133327 19.897 0.047 53700.134993 19.775 0.016 53700.13166 19.674 0.02 53700.132493 19.38 0.023 53700.13416 19.376 0.076 -33.229677 -0.366275
53705.119998 19.97 0.054 53705.121664 19.807 0.019 53705.118331 19.677 0.021 53705.119164 19.406 0.022 53705.120831 19.603 0.103 -33.229677 -0.366275
53975.204991 19.975 0.049 53975.206657 19.814 0.017 53975.203324 19.715 0.017 53975.204157 19.395 0.019 53975.205824 19.449 0.064 -33.229677 -0.366275
53996.211717 19.88 0.036 53996.213384 19.757 0.018 53996.21005 19.712 0.018 53996.210884 19.396 0.016 53996.21255 19.259 0.043 -33.229677 -0.366275
53998.180344 19.882 0.037 53998.18201 19.774 0.022 53998.178677 19.695 0.018 53998.17951 19.369 0.019 53998.181177 19.452 0.053 -33.229677 -0.366275
54010.165827 19.866 0.047 54010.167494 19.713 0.023 54010.164161 19.686 0.019 54010.164994 19.391 0.022 54010.166661 19.423 0.051 -33.229677 -0.366275
54012.158701 19.823 0.075 54012.160368 19.833 0.04 54012.157035 19.639 0.032 54012.157868 19.325 0.029 54012.159535 19.327 0.072 -33.229677 -0.366275
54020.164667 19.863 0.047 54020.166334 19.783 0.017 54020.163001 19.669 0.02 54020.163834 19.472 0.032 54020.165501 19.238 0.071 -33.229677 -0.366275
54022.213942 19.98 0.075 54022.215609 -99.99 0.027 54022.212276 19.698 0.025 54022.213109 19.38 0.027 54022.214776 19.443 0.121 -33.229677 -0.366275
54028.15506 19.91 0.051 54028.156727 19.803 0.02 54028.153394 19.734 0.023 54028.154227 19.423 0.024 54028.155894 19.416 0.083 -33.229677 -0.366275
54030.158209 19.892 0.04 54030.159876 19.776 0.02 54030.156542 19.688 0.015 54030.157376 19.388 0.02 54030.159042 19.351 0.048 -33.229677 -0.366275
54032.147464 19.805 0.11 54032.149131 -99.99 0.059 54032.145798 19.698 0.034 54032.146631 -99.99 0.047 54032.148298 -99.99 0.184 -33.229677 -0.366275
54034.217701 19.885 0.081 54034.219368 -99.99 0.021 54034.216035 19.654 0.027 54034.216868 -99.99 0.035 54034.218535 -99.99 0.094 -33.229677 -0.366275
54037.139447 19.982 0.043 54037.141114 19.851 0.019 54037.137781 19.738 0.019 54037.138614 19.373 0.018 54037.140281 19.303 0.049 -33.229677 -0.366275
54040.153944 19.867 0.09 54040.15561 19.799 0.039 54040.152277 19.707 0.033 54040.15311 19.42 0.031 54040.154777 19.338 0.073 -33.229677 -0.366275
54050.138561 19.885 0.045 54050.140227 19.832 0.022 54050.136894 19.72 0.025 54050.137727 19.421 0.027 54050.139394 19.377 0.075 -33.229677 -0.366275
54053.14474 19.951 0.047 54053.146407 19.826 0.017 54053.143073 19.681 0.019 54053.143907 19.393 0.021 54053.145573 19.297 0.072 -33.229677 -0.366275
54056.146401 19.895 0.074 54056.148067 19.873 0.042 54056.144734 19.659 0.034 54056.145567 19.388 0.044 54056.147234 19.364 0.132 -33.229677 -0.366275
54057.115045 20.001 0.044 54057.116712 19.87 0.021 54057.113379 19.713 0.021 54057.114212 19.381 0.021 54057.115879 19.28 0.063 -33.229677 -0.366275
54059.140705 -99.99 0.063 54059.142372 19.795 0.023 54059.139038 19.686 0.025 54059.139872 19.401 0.025 54059.141538 19.205 0.07 -33.229677 -0.366275
54061.151723 19.998 0.057 54061.153389 19.854 0.021 54061.150056 19.738 0.024 54061.150889 19.375 0.025 54061.152556 19.36 0.082 -33.229677 -0.366275
54062.145586 19.974 0.067 54062.147253 19.854 0.022 54062.14392 19.716 0.029 54062.144753 19.363 0.028 54062.14642 19.369 0.098 -33.229677 -0.366275
54068.135637 19.785 0.122 54068.137304 19.824 0.057 54068.13397 19.661 0.044 54068.134804 19.464 0.041 54068.13647 19.676 0.166 -33.229677 -0.366275
54357.18388 19.834 0.064 54357.185547 19.595 0.024 54357.182214 19.52 0.025 54357.183047 19.262 0.026 54357.184714 -99.99 0.114 -33.229677 -0.366275
54365.181749 19.72 0.066 54365.183415 19.598 0.027 54365.180082 19.51 0.025 54365.180915 19.291 0.027 54365.182582 19.151 0.058 -33.229677 -0.366275
54385.231725 19.791 0.043 54385.233391 19.668 0.018 54385.230058 19.59 0.021 54385.230891 19.306 0.021 54385.232558 19.156 0.048 -33.229677 -0.366275
54387.232192 19.789 0.047 54387.233859 19.673 0.018 54387.230525 19.552 0.019 54387.231359 19.284 0.021 54387.233025 19.297 0.068 -33.229677 -0.366275
54392.226929 19.8 0.055 54392.228596 19.64 0.026 54392.225262 19.569 0.024 54392.226096 19.291 0.023 54392.227762 19.22 0.065 -33.229677 -0.366275
54402.225461 19.836 0.101 54402.227128 19.774 0.039 54402.223795 19.608 0.029 54402.224628 19.32 0.025 54402.226295 19.296 0.065 -33.229677 -0.366275
