51819.258569 20.662 0.09 51819.260235 20.282 0.024 51819.256902 20.03 0.023 51819.257735 20.016 0.028 51819.259402 19.902 0.101 -34.708564 -0.718938
52172.274146 20.461 0.069 52172.275812 20.174 0.02 52172.272479 19.889 0.02 52172.273312 19.905 0.024 52172.274979 19.683 0.076 -34.708564 -0.718938
52558.223849 20.506 0.086 52558.225515 20.117 0.02 52558.222182 19.851 0.023 52558.223015 19.955 0.031 52558.224682 19.938 0.112 -34.708564 -0.718938
52576.136107 20.404 0.067 52576.137773 20.111 0.019 52576.13444 19.875 0.022 52576.135273 19.879 0.029 52576.13694 19.544 0.079 -34.708564 -0.718938
52577.111342 20.307 0.064 52577.113008 20.069 0.019 52577.109675 19.848 0.024 52577.110508 19.875 0.032 52577.112175 20.254 0.185 -34.708564 -0.718938
52931.125502 20.26 0.056 52931.127168 20.045 0.018 52931.123835 19.765 0.018 52931.124668 19.833 0.023 52931.126335 19.786 0.08 -34.708564 -0.718938
52935.122466 20.192 0.069 52935.124132 20.058 0.022 52935.120799 19.765 0.021 52935.121632 19.787 0.03 52935.123299 19.544 0.087 -34.708564 -0.718938
53313.115666 20.447 0.085 53313.117332 20.034 0.021 53313.113999 19.729 0.026 53313.114832 19.772 0.036 53313.116499 19.499 0.099 -34.708564 -0.718938
53622.224912 20.314 0.1 53622.226578 20.028 0.026 53622.223245 19.798 0.026 53622.224078 19.775 0.036 53622.225745 19.642 0.102 -34.708564 -0.718938
53625.220877 20.341 0.067 53625.222543 20.043 0.023 53625.21921 19.807 0.02 53625.220043 19.83 0.024 53625.22171 19.71 0.069 -34.708564 -0.718938
53634.174382 20.318 0.196 53634.176048 20.003 0.06 53634.172715 19.761 0.055 53634.173548 -99.99 0.057 53634.175215 -99.99 0.121 -34.708564 -0.718938
53636.179914 20.248 0.073 53636.18158 20.061 0.023 53636.178247 19.786 0.02 53636.17908 19.859 0.028 53636.180747 19.695 0.085 -34.708564 -0.718938
53655.151919 20.213 0.113 53655.153585 20.003 0.041 53655.150252 19.768 0.031 53655.151085 19.774 0.039 53655.152752 19.768 0.122 -34.708564 -0.718938
53664.176878 20.099 0.091 53664.178544 20.014 0.034 53664.175211 19.784 0.028 53664.176044 19.845 0.029 53664.177711 19.682 0.099 -34.708564 -0.718938
53666.140479 20.286 0.054 53666.142145 20.016 0.016 53666.138812 19.766 0.018 53666.139645 19.782 0.023 53666.141312 19.675 0.079 -34.708564 -0.718938
53669.136117 20.16 0.05 53669.137783 20.012 0.016 53669.13445 19.767 0.018 53669.135283 19.789 0.022 53669.13695 19.59 0.067 -34.708564 -0.718938
53671.220911 20.177 0.103 53671.222577 19.967 0.024 53671.219244 19.715 0.027 53671.220077 19.783 0.036 53671.221744 19.571 0.107 -34.708564 -0.718938
53674.120353 20.317 0.061 53674.122019 19.965 0.017 53674.118686 19.768 0.019 53674.119519 19.762 0.023 53674.121186 19.652 0.074 -34.708564 -0.718938
53676.209852 20.353 0.072 53676.211518 20.009 0.021 53676.208185 19.755 0.024 53676.209018 19.795 0.029 53676.210685 19.708 0.081 -34.708564 -0.718938
53679.181734 20.347 0.095 53679.1834 19.989 0.023 53679.180067 19.752 0.025 53679.1809 19.748 0.03 53679.182567 19.766 0.115 -34.708564 -0.718938
53681.173245 20.384 0.099 53681.174911 20.088 0.025 53681.171578 19.774 0.023 53681.172411 19.816 0.026 53681.174078 19.505 0.089 -34.708564 -0.718938
53685.132289 20.364 0.183 53685.133955 20.072 0.054 53685.130622 19.778 0.046 53685.131455 19.766 0.045 53685.133122 19.6 0.092 -34.708564 -0.718938
53687.17064 20.116 0.165 53687.172306 20.102 0.062 53687.168973 19.821 0.049 53687.169806 -99.99 0.043 53687.171473 -99.99 0.124 -34.708564 -0.718938
53694.146181 20.14 0.174 53694.147847 19.951 0.059 53694.144514 19.77 0.05 53694.145347 19.65 0.054 53694.147014 19.759 0.206 -34.708564 -0.718938
53700.12923 20.285 0.079 53700.130896 19.982 0.021 53700.127563 19.709 0.022 53700.128396 19.806 0.031 53700.130063 19.744 0.114 -34.708564 -0.718938
53705.115899 20.221 0.074 53705.117565 19.968 0.021 53705.114232 19.747 0.021 53705.115065 19.682 0.027 53705.116732 19.634 0.087 -34.708564 -0.718938
53975.200905 20.142 0.051 53975.202572 19.938 0.022 53975.199238 19.656 0.019 53975.200072 19.667 0.021 53975.201738 19.537 0.064 -34.708564 -0.718938
53996.207626 20.172 0.05 53996.209293 19.882 0.021 53996.20596 19.665 0.016 53996.206793 19.688 0.019 53996.20846 19.506 0.05 -34.708564 -0.718938
53998.176257 20.14 0.047 53998.177924 19.934 0.021 53998.174591 19.665 0.017 53998.175424 19.701 0.021 53998.177091 19.561 0.053 -34.708564 -0.718938
54010.161724 20.008 0.066 54010.163391 19.888 0.028 54010.160057 19.638 0.022 54010.160891 19.675 0.021 54010.162557 19.479 0.052 -34.708564 -0.718938
54012.154573 20.046 0.105 54012.15624 19.858 0.044 54012.152907 19.627 0.036 54012.15374 19.68 0.036 54012.155407 19.529 0.077 -34.708564 -0.718938
54020.16055 20.249 0.057 54020.162217 19.936 0.019 54020.158884 19.721 0.023 54020.159717 19.654 0.022 54020.161384 19.545 0.079 -34.708564 -0.718938
54022.209834 -99.99 0.061 54022.2115 19.929 0.023 54022.208167 19.619 0.017 54022.209 19.677 0.025 54022.210667 19.644 0.081 -34.708564 -0.718938
54028.150938 20.102 0.063 54028.152605 19.948 0.019 54028.149271 19.671 0.021 54028.150105 19.658 0.029 54028.151771 19.584 0.09 -34.708564 -0.718938
54030.154112 20.165 0.05 54030.155779 19.935 0.023 54030.152446 19.69 0.018 54030.153279 19.714 0.02 54030.154946 19.543 0.054 -34.708564 -0.718938
54032.143376 20.277 0.101 54032.145043 19.911 0.029 54032.14171 19.636 0.024 54032.142543 19.682 0.031 54032.14421 19.632 0.138 -34.708564 -0.718938
54034.213598 20.124 0.085 54034.215265 19.865 0.022 54034.211931 19.689 0.032 54034.212765 19.665 0.038 54034.214431 19.702 0.147 -34.708564 -0.718938
54037.135349 20.212 0.062 54037.137016 19.96 0.022 54037.133683 19.698 0.02 54037.134516 19.732 0.025 54037.136183 19.615 0.067 -34.708564 -0.718938
54040.149848 20.231 0.12 54040.151515 19.914 0.045 54040.148181 19.699 0.034 54040.149015 19.632 0.033 54040.150681 19.565 0.093 -34.708564 -0.718938
54050.134476 20.235 0.063 54050.136142 20.001 0.023 54050.132809 19.744 0.023 54050.133642 19.673 0.026 54050.135309 19.626 0.092 -34.708564 -0.718938
54053.140615 20.246 0.064 54053.142282 19.939 0.02 54053.138949 19.687 0.022 54053.139782 19.726 0.028 54053.141449 19.594 0.083 -34.708564 -0.718938
54056.142297 20.136 0.11 54056.143964 20.023 0.05 54056.140631 -99.99 0.033 54056.141464 19.736 0.042 54056.143131 19.648 0.12 -34.708564 -0.718938
54057.110947 20.255 0.057 54057.112614 19.942 0.02 54057.109281 19.68 0.02 54057.110114 19.678 0.024 54057.111781 19.44 0.07 -34.708564 -0.718938
54059.136586 20.318 0.079 54059.138252 19.967 0.026 54059.134919 19.704 0.022 54059.135752 19.692 0.033 54059.137419 19.567 0.086 -34.708564 -0.718938
54061.147629 20.227 0.076 54061.149295 20.03 0.025 54061.145962 19.662 0.027 54061.146795 19.695 0.032 54061.148462 19.551 0.099 -34.708564 -0.718938
54062.141484 20.227 0.096 54062.14315 19.991 0.029 54062.139817 19.645 0.027 54062.14065 19.683 0.038 54062.142317 19.647 0.125 -34.708564 -0.718938
54068.131452 19.902 0.171 54068.133119 20.069 0.064 54068.129785 19.667 0.058 54068.130619 19.742 0.059 54068.132285 19.887 0.183 -34.708564 -0.718938
54357.179773 20.48 0.062 54357.181439 20.208 0.029 54357.178106 19.843 0.021 54357.178939 19.829 0.026 54357.180606 19.781 0.076 -34.708564 -0.718938
54365.177627 20.485 0.133 54365.179293 20.294 0.049 54365.17596 19.974 0.037 54365.176793 19.951 0.038 54365.17846 19.701 0.097 -34.708564 -0.718938
54385.227622 20.601 0.078 54385.229289 20.288 0.029 54385.225955 19.931 0.026 54385.226789 19.946 0.027 54385.228455 19.63 0.06 -34.708564 -0.718938
54387.228099 20.528 0.105 54387.229765 20.275 0.025 54387.226432 19.873 0.023 54387.227265 19.923 0.032 54387.228932 19.684 0.09 -34.708564 -0.718938
54392.222822 20.468 0.155 54392.224489 20.278 0.035 54392.221156 19.901 0.034 54392.221989 19.817 0.04 54392.223656 19.831 0.13 -34.708564 -0.718938
54402.221307 20.375 0.178 54402.222974 20.202 0.053 54402.219641 20.029 0.04 54402.220474 19.883 0.035 54402.222141 19.843 0.107 -34.708564 -0.718938
