51081.32431 20.156 0.057 51081.325976 19.769 0.019 51081.322643 19.536 0.022 51081.323476 19.587 0.026 51081.325143 19.467 0.076 14.666836 -0.812696
51819.395393 19.954 0.056 51819.397059 19.678 0.017 51819.393726 19.612 0.019 51819.394559 19.569 0.024 51819.396226 19.36 0.07 14.666836 -0.812696
52558.360597 20.092 0.058 52558.362263 19.729 0.018 52558.35893 19.571 0.017 52558.359763 19.615 0.021 52558.36143 19.552 0.086 14.666836 -0.812696
52577.248102 19.939 0.047 52577.249768 19.689 0.015 52577.246435 19.555 0.017 52577.247268 19.606 0.021 52577.248935 19.513 0.069 14.666836 -0.812696
52586.25158 19.997 0.044 52586.253246 19.642 0.013 52586.249913 19.529 0.017 52586.250746 19.585 0.024 52586.252413 19.41 0.077 14.666836 -0.812696
52910.332059 19.894 0.047 52910.333725 19.569 0.014 52910.330392 19.482 0.015 52910.331225 19.495 0.018 52910.332892 19.443 0.057 14.666836 -0.812696
52931.262263 19.775 0.042 52931.263929 19.622 0.014 52931.260596 19.448 0.016 52931.261429 19.517 0.02 52931.263096 19.446 0.066 14.666836 -0.812696
52935.259227 19.855 0.046 52935.260893 19.578 0.015 52935.25756 19.489 0.017 52935.258393 19.564 0.022 52935.26006 19.343 0.069 14.666836 -0.812696
52959.202556 19.838 0.04 52959.204222 19.625 0.013 52959.200889 19.488 0.015 52959.201722 19.559 0.017 52959.203389 19.528 0.056 14.666836 -0.812696
52963.1823 19.893 0.039 52963.183966 19.619 0.013 52963.180633 19.483 0.014 52963.181466 19.537 0.017 52963.183133 19.518 0.052 14.666836 -0.812696
53352.153366 20.411 0.078 53352.155032 19.94 0.02 53352.151699 19.81 0.022 53352.152532 19.779 0.028 53352.154199 19.644 0.09 14.666836 -0.812696
53622.361662 -99.99 0.064 53622.363328 19.655 0.018 53622.359995 19.538 0.022 53622.360828 19.604 0.03 53622.362495 19.577 0.102 14.666836 -0.812696
53634.311133 -99.99 0.128 53634.312799 19.7 0.038 53634.309466 19.527 0.029 53634.310299 19.643 0.037 53634.311966 19.817 0.119 14.666836 -0.812696
53638.352469 19.981 0.06 53638.354135 19.688 0.018 53638.350802 19.574 0.019 53638.351635 19.583 0.022 53638.353302 19.419 0.066 14.666836 -0.812696
53640.316504 19.993 0.06 53640.31817 19.653 0.016 53640.314837 19.593 0.018 53640.31567 19.611 0.022 53640.317337 19.377 0.064 14.666836 -0.812696
53655.288676 19.788 0.055 53655.290342 19.632 0.019 53655.287009 19.569 0.022 53655.287842 19.587 0.027 53655.289509 19.518 0.087 14.666836 -0.812696
53664.313633 19.945 0.097 53664.315299 19.613 0.03 53664.311966 19.459 0.025 53664.312799 19.55 0.026 53664.314466 19.56 0.094 14.666836 -0.812696
53669.272876 19.938 0.043 53669.274542 19.618 0.013 53669.271209 19.508 0.015 53669.272042 19.586 0.018 53669.273709 19.481 0.06 14.666836 -0.812696
53671.357641 19.823 0.062 53671.359307 19.627 0.018 53671.355974 19.466 0.019 53671.356807 19.489 0.021 53671.358474 19.316 0.074 14.666836 -0.812696
53674.257112 19.852 0.053 53674.258778 19.592 0.015 53674.255445 19.488 0.018 53674.256278 19.507 0.021 53674.257945 19.38 0.066 14.666836 -0.812696
53676.346586 19.862 0.056 53676.348252 19.599 0.015 53676.344919 19.48 0.018 53676.345752 19.54 0.02 53676.347419 19.589 0.072 14.666836 -0.812696
53679.318479 19.742 0.053 53679.320145 19.59 0.016 53679.316812 19.463 0.021 53679.317645 19.471 0.026 53679.319312 19.382 0.082 14.666836 -0.812696
53681.309992 19.768 0.082 53681.311658 19.597 0.021 53681.308325 19.503 0.037 53681.309158 19.533 0.046 53681.310825 19.369 0.096 14.666836 -0.812696
53685.269044 19.842 0.118 53685.27071 19.481 0.033 53685.267377 19.468 0.038 53685.26821 19.439 0.034 53685.269877 19.318 0.079 14.666836 -0.812696
53694.282921 19.854 0.147 53694.284587 19.551 0.048 53694.281254 19.445 0.037 53694.282087 19.3 0.034 53694.283754 19.409 0.115 14.666836 -0.812696
53697.267016 19.745 0.052 53697.268682 19.489 0.017 53697.265349 19.396 0.016 53697.266182 19.482 0.02 53697.267849 19.457 0.066 14.666836 -0.812696
53700.265974 19.871 0.07 53700.26764 19.529 0.017 53700.264307 19.443 0.02 53700.26514 19.391 0.025 53700.266807 19.52 0.118 14.666836 -0.812696
53705.252643 19.809 0.05 53705.254309 19.566 0.015 53705.250976 19.414 0.016 53705.251809 19.444 0.019 53705.253476 19.379 0.06 14.666836 -0.812696
53975.337655 19.897 0.045 53975.339322 19.515 0.023 53975.335989 19.386 0.018 53975.336822 19.414 0.022 53975.338489 19.398 0.06 14.666836 -0.812696
53990.350563 19.833 0.07 53990.352229 19.502 0.025 53990.348896 19.418 0.022 53990.349729 19.45 0.023 53990.351396 19.433 0.068 14.666836 -0.812696
53994.360635 19.965 0.04 53994.362302 19.597 0.019 53994.358969 19.45 0.019 53994.359802 19.51 0.02 53994.361469 19.406 0.053 14.666836 -0.812696
53996.344385 19.898 0.045 53996.346051 19.591 0.022 53996.342718 19.464 0.02 53996.343551 19.488 0.039 53996.345218 19.376 0.075 14.666836 -0.812696
54010.298567 19.931 0.049 54010.300234 19.612 0.019 54010.296901 19.479 0.017 54010.297734 19.53 0.019 54010.299401 19.29 0.044 14.666836 -0.812696
54012.291521 19.923 0.075 54012.293187 19.578 0.029 54012.289854 19.421 0.024 54012.290687 19.501 0.024 54012.292354 19.36 0.054 14.666836 -0.812696
54020.297407 19.879 0.061 54020.299074 19.606 0.024 54020.29574 19.49 0.022 54020.296574 19.53 0.025 54020.29824 19.34 0.073 14.666836 -0.812696
54024.378928 20.007 0.066 54024.380595 19.588 0.022 54024.377261 19.47 0.026 54024.378095 19.508 0.053 54024.379761 19.206 0.064 14.666836 -0.812696
54028.367385 19.955 0.08 54028.369052 19.669 0.029 54028.365719 19.446 0.022 54028.366552 19.5 0.034 54028.368219 19.343 0.079 14.666836 -0.812696
54030.290877 19.903 0.04 54030.292543 19.592 0.021 54030.28921 19.425 0.016 54030.290043 19.508 0.021 54030.29171 19.364 0.051 14.666836 -0.812696
54035.366644 19.979 0.07 54035.368311 19.616 0.02 54035.364978 19.524 0.022 54035.365811 19.495 0.029 54035.367478 19.176 0.07 14.666836 -0.812696
54037.272107 19.936 0.046 54037.273774 19.628 0.02 54037.27044 19.504 0.018 54037.271274 19.517 0.02 54037.27294 19.51 0.06 14.666836 -0.812696
54040.286614 19.945 0.091 54040.288281 19.549 0.029 54040.284948 19.465 0.029 54040.285781 19.512 0.033 54040.287448 19.305 0.071 14.666836 -0.812696
54047.317292 20.074 0.236 54047.318958 -99.99 0.082 54047.315625 19.422 0.046 54047.316458 19.394 0.042 54047.318125 19.138 0.109 14.666836 -0.812696
54049.313113 19.775 0.091 54049.31478 19.569 0.03 54049.311447 19.471 0.025 54049.31228 19.495 0.032 54049.313947 19.474 0.091 14.666836 -0.812696
54053.277384 19.884 0.046 54053.279051 19.619 0.022 54053.275717 19.459 0.023 54053.276551 19.508 0.027 54053.278217 19.411 0.061 14.666836 -0.812696
54056.279127 20.02 0.083 54056.280794 19.587 0.025 54056.27746 19.473 0.024 54056.278294 -99.99 0.039 54056.27996 -99.99 0.101 14.666836 -0.812696
54059.27343 20.01 0.1 54059.275096 -99.99 0.052 54059.271763 19.413 0.029 54059.272596 19.46 0.04 54059.274263 19.192 0.089 14.666836 -0.812696
54061.284607 19.974 0.073 54061.286274 19.564 0.019 54061.28294 19.444 0.019 54061.283774 19.454 0.029 54061.28544 19.291 0.08 14.666836 -0.812696
54062.278352 19.894 0.056 54062.280019 19.604 0.022 54062.276685 19.461 0.019 54062.277519 19.514 0.024 54062.279185 19.387 0.078 14.666836 -0.812696
54068.258872 19.675 0.081 54068.260539 19.572 0.036 54068.257206 19.459 0.028 54068.258039 19.481 0.03 54068.259706 19.322 0.078 14.666836 -0.812696
54357.316537 19.833 0.037 54357.318204 19.445 0.02 54357.31487 19.269 0.016 54357.315704 19.37 0.017 54357.31737 19.205 0.044 14.666836 -0.812696
54359.348266 19.816 0.065 54359.349932 19.448 0.028 54359.346599 19.269 0.023 54359.347432 19.367 0.027 54359.349099 19.028 0.067 14.666836 -0.812696
54362.366336 19.749 0.039 54362.368002 19.452 0.023 54362.364669 19.273 0.02 54362.365502 19.356 0.023 54362.367169 19.285 0.05 14.666836 -0.812696
54376.361424 19.862 0.05 54376.36309 19.525 0.018 54376.359757 19.34 0.018 54376.36059 19.405 0.021 54376.362257 19.258 0.054 14.666836 -0.812696
54382.346547 19.945 0.071 54382.348214 19.516 0.024 54382.344881 19.348 0.026 54382.345714 19.357 0.034 54382.347381 19.197 0.095 14.666836 -0.812696
54385.364451 -99.99 0.046 54385.366117 19.531 0.017 54385.362784 19.403 0.023 54385.363617 19.474 0.018 54385.365284 19.257 0.043 14.666836 -0.812696
54387.36504 19.911 0.064 54387.366706 19.554 0.019 54387.363373 19.407 0.029 54387.364206 19.33 0.032 54387.365873 19.422 0.084 14.666836 -0.812696
54390.357265 -99.99 0.086 54390.358932 -99.99 0.018 54390.355599 19.419 0.022 54390.356432 19.391 0.025 54390.358099 -99.99 0.442 14.666836 -0.812696
54391.365739 19.918 0.096 54391.367406 19.526 0.031 54391.364072 19.412 0.03 54391.364906 19.415 0.042 54391.366572 19.518 0.148 14.666836 -0.812696
54392.359578 19.918 0.062 54392.361245 19.554 0.032 54392.357911 19.39 0.034 54392.358745 19.418 0.021 54392.360411 19.355 0.08 14.666836 -0.812696
54402.358059 19.786 0.135 54402.359726 19.496 0.039 54402.356393 19.383 0.031 54402.357226 19.473 0.034 54402.358893 19.247 0.075 14.666836 -0.812696
