51464.201428 21.54 0.125 51464.203094 20.846 0.036 51464.199761 20.548 0.033 51464.200594 20.496 0.049 51464.202261 20.204 0.151 -31.162363 -0.896736
52197.227155 21.864 0.175 52197.228821 21 0.04 52197.225488 20.706 0.035 52197.226321 20.536 0.046 52197.227988 20.286 0.137 -31.162363 -0.896736
52231.113136 22.071 0.179 52231.114802 21.022 0.037 52231.111469 20.647 0.035 52231.112302 20.635 0.046 52231.113969 20.337 0.131 -31.162363 -0.896736
52557.22114 22.436 0.403 52557.222806 21.01 0.051 52557.219473 20.639 0.044 52557.220306 20.577 0.065 52557.221973 20.138 0.158 -31.162363 -0.896736
52578.117218 22.076 0.221 52578.118884 20.945 0.04 52578.115551 20.617 0.036 52578.116384 20.561 0.054 52578.118051 20.277 0.157 -31.162363 -0.896736
52929.147444 21.269 0.118 52929.14911 20.386 0.027 52929.145777 20.157 0.026 52929.14661 20.112 0.036 52929.148277 19.893 0.114 -31.162363 -0.896736
52934.127601 21.247 0.113 52934.129267 20.533 0.03 52934.125934 20.211 0.031 52934.126767 20.253 0.043 52934.128434 19.974 0.117 -31.162363 -0.896736
52936.123527 21.12 0.115 52936.125193 20.485 0.027 52936.12186 20.244 0.026 52936.122693 20.223 0.034 52936.12436 19.993 0.094 -31.162363 -0.896736
53243.308737 21.195 0.15 53243.310403 20.455 0.045 53243.30707 20.2 0.032 53243.307903 20.228 0.04 53243.30957 19.966 0.091 -31.162363 -0.896736
53270.187595 21.239 0.142 53270.189262 20.504 0.04 53270.185929 20.249 0.031 53270.186762 20.23 0.042 53270.188429 20.165 0.115 -31.162363 -0.896736
53272.237536 20.816 0.172 53272.239202 20.415 0.056 53272.235869 20.146 0.041 53272.236702 20.114 0.048 53272.238369 20.042 0.121 -31.162363 -0.896736
53288.164741 21.082 0.103 53288.166407 20.52 0.028 53288.163074 20.235 0.025 53288.163907 20.137 0.031 53288.165574 20.113 0.104 -31.162363 -0.896736
53294.192072 21.406 0.14 53294.193739 20.495 0.038 53294.190405 20.194 0.031 53294.191239 20.163 0.041 53294.192905 20.225 0.2 -31.162363 -0.896736
53302.160412 21.086 0.219 53302.162078 20.51 0.06 53302.158745 20.211 0.043 53302.159578 20.071 0.044 53302.161245 19.915 0.11 -31.162363 -0.896736
53312.115946 21.255 0.171 53312.117612 20.433 0.036 53312.114279 20.305 0.047 53312.115112 20.209 0.061 53312.116779 19.807 0.151 -31.162363 -0.896736
53314.117136 21.359 0.137 53314.118802 20.505 0.029 53314.115469 20.222 0.033 53314.116302 20.169 0.045 53314.117969 20.118 0.149 -31.162363 -0.896736
53616.221508 21.154 0.156 53616.223174 20.176 0.096 53616.219841 20.067 0.031 53616.220674 20.004 0.046 53616.222341 19.586 0.13 -31.162363 -0.896736
53623.211718 20.983 0.1 53623.213384 20.263 0.028 53623.210051 19.99 0.024 53623.210884 19.997 0.033 53623.212551 19.891 0.105 -31.162363 -0.896736
53626.197931 20.878 0.139 53626.199597 20.198 0.04 53626.196264 19.993 0.031 53626.197097 19.939 0.037 53626.198764 19.834 0.1 -31.162363 -0.896736
53628.182797 20.746 0.263 53628.184463 20.039 0.076 53628.18113 19.992 0.057 53628.181963 19.979 0.065 53628.18363 19.771 0.158 -31.162363 -0.896736
53637.18441 20.815 0.11 53637.186076 20.227 0.027 53637.182743 20.003 0.027 53637.183576 19.96 0.041 53637.185243 19.914 0.142 -31.162363 -0.896736
53644.176856 21.071 0.111 53644.178522 20.237 0.022 53644.175189 20.012 0.021 53644.176022 19.919 0.026 53644.177689 19.872 0.079 -31.162363 -0.896736
53654.21148 21.042 0.144 53654.213146 20.244 0.035 53654.209813 20.005 0.032 53654.210646 19.985 0.044 53654.212313 19.899 0.127 -31.162363 -0.896736
53656.159072 20.937 0.279 53656.160738 20.213 0.072 53656.157405 20.033 0.06 53656.158238 19.997 0.067 53656.159905 19.745 0.136 -31.162363 -0.896736
53665.150351 20.768 0.199 53665.152017 20.391 0.104 53665.148684 19.958 0.054 53665.149517 19.972 0.074 53665.151184 19.96 0.348 -31.162363 -0.896736
53668.161982 21.009 0.109 53668.163648 20.273 0.028 53668.160315 20.035 0.028 53668.161148 19.972 0.04 53668.162815 19.913 0.156 -31.162363 -0.896736
53670.166835 21.006 0.1 53670.168501 20.285 0.026 53670.165168 20.038 0.027 53670.166001 19.951 0.038 53670.167668 19.777 0.117 -31.162363 -0.896736
53673.134818 21.087 0.108 53673.136484 20.324 0.025 53673.133151 20.046 0.024 53673.133984 20.04 0.036 53673.135651 19.88 0.11 -31.162363 -0.896736
53675.131706 21.036 0.095 53675.133372 20.266 0.024 53675.130039 20.046 0.024 53675.130872 19.984 0.032 53675.132539 19.899 0.111 -31.162363 -0.896736
53677.152738 21.067 0.099 53677.154404 20.335 0.026 53677.151071 20.061 0.024 53677.151904 20.056 0.033 53677.153571 19.677 0.075 -31.162363 -0.896736
53680.139404 21.095 0.095 53680.14107 20.247 0.024 53680.137737 20.041 0.022 53680.13857 20.078 0.032 53680.140237 19.896 0.089 -31.162363 -0.896736
53686.206111 -99.99 3.629 53686.207777 -99.99 0.112 53686.204444 19.93 0.073 53686.205277 19.907 0.076 53686.206944 19.904 0.208 -31.162363 -0.896736
53702.136974 21.508 0.311 53702.138641 20.338 0.046 53702.135307 20.128 0.054 53702.136141 19.999 0.058 53702.137807 20.71 0.413 -31.162363 -0.896736
53703.146142 21.149 0.144 53703.147809 20.254 0.041 53703.144475 20.043 0.052 53703.145309 19.998 0.051 53703.146975 20.162 0.227 -31.162363 -0.896736
53704.124634 20.859 0.092 53704.1263 20.34 0.03 53704.122967 20.075 0.026 53704.1238 20.047 0.035 53704.125467 19.937 0.109 -31.162363 -0.896736
53989.220676 21.048 0.139 53989.222343 20.191 0.035 53989.219009 20.073 0.029 53989.219843 19.979 0.032 53989.221509 19.704 0.076 -31.162363 -0.896736
53995.20996 20.918 0.08 53995.211627 20.142 0.021 53995.208294 20.011 0.024 53995.209127 19.972 0.029 53995.210794 19.773 0.073 -31.162363 -0.896736
53997.188303 20.787 0.08 53997.18997 20.164 0.025 53997.186637 19.942 0.025 53997.18747 19.954 0.031 53997.189137 19.667 0.087 -31.162363 -0.896736
54000.196091 21.178 0.112 54000.197757 20.196 0.028 54000.194424 19.997 0.025 54000.195257 20.002 0.036 54000.196924 19.853 0.099 -31.162363 -0.896736
54005.160161 20.941 0.089 54005.161827 20.227 0.026 54005.158494 19.996 0.02 54005.159327 19.95 0.027 54005.160994 19.814 0.069 -31.162363 -0.896736
54007.172908 21.167 0.12 54007.174575 20.166 0.027 54007.171241 19.978 0.023 54007.172075 19.913 0.033 54007.173741 19.773 0.086 -31.162363 -0.896736
54009.17002 20.716 0.105 54009.171687 20.248 0.03 54009.168353 20.031 0.024 54009.169187 20.029 0.03 54009.170853 19.828 0.07 -31.162363 -0.896736
54011.234504 20.781 0.137 54011.236171 20.161 0.041 54011.232838 20.801 0.087 54011.233671 19.995 0.035 54011.235338 19.811 0.075 -31.162363 -0.896736
54019.184774 20.853 0.105 54019.186441 20.235 0.035 54019.183107 19.986 0.025 54019.183941 19.993 0.028 54019.185607 19.839 0.074 -31.162363 -0.896736
54025.233527 20.996 0.126 54025.235194 20.226 0.03 54025.23186 20.007 0.024 54025.232694 20.022 0.034 54025.23436 19.935 0.124 -31.162363 -0.896736
54029.163861 20.963 0.076 54029.165528 20.232 0.023 54029.162195 20.074 0.027 54029.163028 20.168 0.047 54029.164695 19.901 0.092 -31.162363 -0.896736
54051.140458 22.566 1.514 54051.142125 20.278 0.068 54051.138791 21.05 0.552 54051.139625 -99.99 0.285 54051.141291 19.413 0.244 -31.162363 -0.896736
54356.242021 21.557 0.149 54356.243688 20.439 0.028 54356.240355 20.207 0.026 54356.241188 20.143 0.035 54356.242855 19.923 0.103 -31.162363 -0.896736
54358.187165 21.051 0.39 54358.188832 20.511 0.123 54358.185498 -99.99 0.071 54358.186332 -99.99 0.086 54358.187998 -99.99 0.37 -31.162363 -0.896736
54373.294408 22.074 0.387 54373.296075 20.469 0.074 54373.292742 20.169 0.047 54373.293575 20.103 0.044 54373.295242 19.812 0.114 -31.162363 -0.896736
54381.231873 21.139 0.168 54381.23354 20.517 0.046 54381.230207 20.153 0.042 54381.23104 20.109 0.072 54381.232707 20.345 0.295 -31.162363 -0.896736
54382.229295 21.064 0.114 54382.230961 20.481 0.037 54382.227628 20.175 0.033 54382.228461 20.079 0.048 54382.230128 19.844 0.126 -31.162363 -0.896736
54386.232036 21.149 0.109 54386.233703 20.465 0.025 54386.23037 20.202 0.023 54386.231203 20.119 0.031 54386.23287 19.773 0.073 -31.162363 -0.896736
54388.236292 21.112 0.144 54388.237959 20.431 0.03 54388.234626 20.21 0.029 54388.235459 20.109 0.038 54388.237126 19.806 0.103 -31.162363 -0.896736
54403.150105 21.485 0.134 54403.151771 20.453 0.029 54403.148438 20.206 0.026 54403.149271 20.167 0.035 54403.150938 19.768 0.078 -31.162363 -0.896736
54406.143915 20.998 0.131 54406.145582 20.447 0.028 54406.142248 20.212 0.026 54406.143082 20.085 0.041 54406.144748 19.754 0.107 -31.162363 -0.896736
54412.14684 21.283 0.12 54412.148506 20.43 0.027 54412.145173 20.172 0.024 54412.146006 20.095 0.035 54412.147673 20.019 0.095 -31.162363 -0.896736
