51467.287345 18.397 0.026 51467.289011 18.318 0.01 51467.285678 18.023 0.008 51467.286511 17.956 0.009 51467.288178 17.997 0.03 -32.988737 -0.731698
51819.263329 18.311 0.019 51819.264995 18.239 0.007 51819.261662 17.987 0.007 51819.262495 17.956 0.008 51819.264162 17.973 0.022 -32.988737 -0.731698
52172.278906 18.55 0.021 52172.280572 18.382 0.008 52172.277239 18.1 0.008 52172.278072 18.054 0.008 52172.279739 18.085 0.023 -32.988737 -0.731698
52558.228613 18.221 0.017 52558.230279 18.141 0.006 52558.226946 17.961 0.007 52558.227779 17.913 0.008 52558.229446 17.91 0.022 -32.988737 -0.731698
52576.14087 18.244 0.018 52576.142536 18.134 0.007 52576.139203 17.985 0.008 52576.140036 17.928 0.009 52576.141703 17.972 0.024 -32.988737 -0.731698
52577.116105 18.232 0.016 52577.117771 18.161 0.006 52577.114438 17.984 0.007 52577.115271 17.915 0.008 52577.116938 17.956 0.025 -32.988737 -0.731698
52586.119583 18.258 0.015 52586.121249 -99.99 0.007 52586.117916 17.979 0.007 52586.118749 17.923 0.008 52586.120416 -99.99 0.021 -32.988737 -0.731698
52931.130265 18.44 0.017 52931.131931 18.327 0.007 52931.128598 18.082 0.007 52931.129431 18.007 0.008 52931.131098 18.054 0.021 -32.988737 -0.731698
52935.12723 18.437 0.019 52935.128896 18.335 0.007 52935.125563 18.071 0.007 52935.126396 18.013 0.008 52935.128063 18.026 0.024 -32.988737 -0.731698
53313.12043 18.422 0.019 53313.122096 18.288 0.007 53313.118763 18.07 0.007 53313.119596 18.009 0.008 53313.121263 18.047 0.025 -32.988737 -0.731698
53622.229676 18.248 0.02 53622.231342 18.192 0.007 53622.228009 17.99 0.007 53622.228842 17.926 0.008 53622.230509 18.014 0.028 -32.988737 -0.731698
53625.22564 18.264 0.017 53625.227306 18.18 0.007 53625.223973 17.98 0.007 53625.224806 17.933 0.008 53625.226473 17.871 0.018 -32.988737 -0.731698
53634.179145 -99.99 0.048 53634.180811 -99.99 0.015 53634.177478 17.968 0.011 53634.178311 17.954 0.012 53634.179978 18 0.039 -32.988737 -0.731698
53636.184678 18.223 0.017 53636.186344 18.164 0.007 53636.183011 17.971 0.007 53636.183844 17.935 0.008 53636.185511 17.977 0.021 -32.988737 -0.731698
53655.156683 18.252 0.023 53655.158349 18.181 0.009 53655.155016 17.961 0.008 53655.155849 17.921 0.008 53655.157516 17.91 0.022 -32.988737 -0.731698
53664.181641 18.187 0.021 53664.183307 18.192 0.009 53664.179974 17.974 0.008 53664.180807 17.906 0.008 53664.182474 17.955 0.025 -32.988737 -0.731698
53666.145243 18.236 0.016 53666.146909 18.174 0.007 53666.143576 17.974 0.008 53666.144409 17.905 0.008 53666.146076 17.894 0.021 -32.988737 -0.731698
53669.140881 18.245 0.016 53669.142547 18.173 0.007 53669.139214 17.977 0.007 53669.140047 17.917 0.008 53669.141714 18.079 0.021 -32.988737 -0.731698
53671.225675 18.21 0.023 53671.227341 18.207 0.008 53671.224008 17.985 0.009 53671.224841 17.929 0.01 53671.226508 18.058 0.032 -32.988737 -0.731698
53674.125116 18.302 0.017 53674.126782 18.189 0.007 53674.123449 17.978 0.007 53674.124282 17.916 0.008 53674.125949 18.013 0.022 -32.988737 -0.731698
53676.214615 18.246 0.019 53676.216281 18.208 0.007 53676.212948 17.985 0.008 53676.213781 17.93 0.008 53676.215448 17.968 0.02 -32.988737 -0.731698
53679.186497 18.295 0.021 53679.188163 18.189 0.008 53679.18483 17.994 0.008 53679.185663 17.929 0.009 53679.18733 17.967 0.023 -32.988737 -0.731698
53681.178008 18.258 0.027 53681.179674 -99.99 0.031 53681.176341 17.971 0.01 53681.177174 17.938 0.013 53681.178841 -99.99 0.046 -32.988737 -0.731698
53685.137053 18.375 0.032 53685.138719 18.243 0.012 53685.135386 17.999 0.01 53685.136219 17.943 0.01 53685.137886 17.969 0.025 -32.988737 -0.731698
53687.175402 18.284 0.032 53687.177068 18.205 0.012 53687.173735 17.998 0.01 53687.174568 17.929 0.009 53687.176235 17.987 0.023 -32.988737 -0.731698
53694.150944 18.278 0.038 53694.15261 18.213 0.016 53694.149277 17.994 0.012 53694.15011 17.934 0.013 53694.151777 18.025 0.054 -32.988737 -0.731698
53697.135032 18.33 0.088 53697.136698 18.233 0.029 53697.133365 18.009 0.036 53697.134198 17.922 0.036 53697.135865 -99.99 0.169 -32.988737 -0.731698
53700.133993 18.302 0.02 53700.135659 18.224 0.01 53700.132326 17.983 0.011 53700.133159 17.91 0.013 53700.134826 17.9 0.026 -32.988737 -0.731698
53705.120663 18.334 0.021 53705.122329 18.263 0.007 53705.118996 18.005 0.007 53705.119829 17.933 0.008 53705.121496 17.942 0.023 -32.988737 -0.731698
53975.205661 18.373 0.023 53975.207328 18.297 0.015 53975.203994 18.024 0.012 53975.204828 17.979 0.014 53975.206494 17.942 0.028 -32.988737 -0.731698
53996.212427 18.372 0.025 53996.214093 18.302 0.016 53996.21076 18.022 0.011 53996.211593 17.959 0.013 53996.21326 17.989 0.02 -32.988737 -0.731698
53998.181016 18.401 0.02 53998.182683 18.299 0.014 53998.179349 18.029 0.011 53998.180183 17.964 0.014 53998.181849 17.972 0.027 -32.988737 -0.731698
54010.166489 18.354 0.023 54010.168155 18.266 0.016 54010.164822 18.027 0.013 54010.165655 17.966 0.014 54010.167322 17.959 0.023 -32.988737 -0.731698
54012.159337 18.333 0.028 54012.161004 18.289 0.018 54012.15767 18.021 0.015 54012.158504 17.972 0.02 54012.16017 17.955 0.028 -32.988737 -0.731698
54020.16531 18.328 0.028 54020.166977 18.25 0.015 54020.163643 18.001 0.012 54020.164477 17.924 0.029 54020.166143 18.024 0.024 -32.988737 -0.731698
54022.214595 18.375 0.034 54022.216262 18.282 0.014 54022.212929 18.023 0.013 54022.213762 17.971 0.018 54022.215429 17.977 0.043 -32.988737 -0.731698
54028.155688 18.319 0.021 54028.157355 18.23 0.018 54028.154021 17.991 0.021 54028.154855 17.91 0.018 54028.156521 17.968 0.028 -32.988737 -0.731698
54030.158896 18.309 0.02 54030.160563 18.259 0.013 54030.157229 18.01 0.013 54030.158063 17.964 0.012 54030.159729 17.991 0.024 -32.988737 -0.731698
54032.148146 18.248 0.044 54032.149813 18.27 0.019 54032.146479 17.989 0.018 54032.147313 17.967 0.021 54032.148979 -99.99 0.088 -32.988737 -0.731698
54034.21837 -99.99 0.025 54034.220037 18.258 0.017 54034.216703 17.98 0.014 54034.217537 17.967 0.018 54034.219203 17.957 0.035 -32.988737 -0.731698
54037.140113 18.308 0.022 54037.14178 18.253 0.016 54037.138446 18.014 0.013 54037.13928 17.946 0.021 54037.140946 17.982 0.025 -32.988737 -0.731698
54040.154592 18.34 0.029 54040.156259 18.237 0.015 54040.152926 18.008 0.011 54040.153759 17.938 0.015 54040.155426 17.939 0.033 -32.988737 -0.731698
54050.139221 18.319 0.021 54050.140888 18.231 0.016 54050.137554 17.971 0.016 54050.138388 17.926 0.017 54050.140054 17.957 0.026 -32.988737 -0.731698
54053.14539 18.303 0.022 54053.147057 18.203 0.013 54053.143723 17.977 0.015 54053.144557 17.928 0.014 54053.146223 17.972 0.022 -32.988737 -0.731698
54056.147087 18.284 0.028 54056.148753 18.192 0.038 54056.14542 17.997 0.024 54056.146253 17.929 0.032 54056.14792 17.944 0.07 -32.988737 -0.731698
54057.115729 18.228 0.02 54057.117396 18.219 0.015 54057.114063 17.974 0.015 54057.114896 17.925 0.018 54057.116563 17.944 0.028 -32.988737 -0.731698
54059.141352 18.293 0.022 54059.143019 18.173 0.016 54059.139686 17.955 0.014 54059.140519 17.891 0.025 54059.142186 17.966 0.032 -32.988737 -0.731698
54061.15239 18.223 0.022 54061.154056 18.176 0.028 54061.150723 17.947 0.013 54061.151556 17.879 0.022 54061.153223 17.866 0.027 -32.988737 -0.731698
54062.146266 18.19 0.029 54062.147933 18.203 0.024 54062.144599 18.003 0.013 54062.145433 17.936 0.018 54062.147099 18.001 0.035 -32.988737 -0.731698
54068.136225 18.233 0.038 54068.137892 18.19 0.037 54068.134558 17.935 0.015 54068.135392 17.903 0.017 54068.137058 17.934 0.036 -32.988737 -0.731698
54357.184619 18.437 0.038 54357.186286 18.301 0.019 54357.182952 18.03 0.018 54357.183786 -99.99 0.022 54357.185452 17.961 0.026 -32.988737 -0.731698
54365.182395 18.47 0.04 54365.184061 18.341 0.019 54365.180728 18.019 0.016 54365.181561 17.992 0.017 54365.183228 18.024 0.028 -32.988737 -0.731698
54385.23237 18.486 0.029 54385.234037 18.329 0.014 54385.230704 18.029 0.017 54385.231537 17.962 0.017 54385.233204 18.026 0.024 -32.988737 -0.731698
54387.232885 18.415 0.022 54387.234552 18.332 0.013 54387.231218 18.039 0.012 54387.232052 17.956 0.013 54387.233718 18.029 0.028 -32.988737 -0.731698
54392.227599 18.444 0.031 54392.229265 18.35 0.018 54392.225932 18.037 0.012 54392.226765 17.965 0.015 54392.228432 17.975 0.028 -32.988737 -0.731698
54402.226051 18.419 0.035 54402.227717 18.326 0.021 54402.224384 18.031 0.017 54402.225217 17.948 0.018 54402.226884 18.03 0.032 -32.988737 -0.731698
