51464.191603 20.433 0.053 51464.193269 20.362 0.026 51464.189936 19.929 0.021 51464.190769 19.783 0.028 51464.192436 19.738 0.098 -34.705385 -0.841768
51819.258578 20.478 0.079 51819.260244 20.423 0.027 51819.256911 20.019 0.023 51819.257744 19.821 0.025 51819.259411 19.919 0.104 -34.705385 -0.841768
52172.274155 20.926 0.098 52172.275821 20.865 0.032 52172.272488 20.349 0.028 52172.273321 20.118 0.028 52172.274988 20.094 0.11 -34.705385 -0.841768
52197.217343 21.019 0.091 52197.219009 21.006 0.043 52197.215676 20.375 0.027 52197.216509 20.096 0.032 52197.218176 19.933 0.104 -34.705385 -0.841768
52231.103323 21.049 0.081 52231.104989 20.991 0.036 52231.101656 20.373 0.027 52231.102489 20.254 0.035 52231.104156 20.172 0.115 -34.705385 -0.841768
52557.211328 21.207 0.126 52557.212994 21.008 0.047 52557.209661 20.423 0.033 52557.210494 20.213 0.044 52557.212161 19.889 0.123 -34.705385 -0.841768
52558.223858 21.118 0.147 52558.225524 20.966 0.037 52558.222191 20.405 0.034 52558.223024 20.14 0.037 52558.224691 20.254 0.15 -34.705385 -0.841768
52576.136116 21.192 0.125 52576.137782 20.946 0.035 52576.134449 20.313 0.032 52576.135282 20.171 0.039 52576.136949 19.978 0.123 -34.705385 -0.841768
52577.11135 20.899 0.101 52577.113016 20.907 0.036 52577.109683 20.403 0.038 52577.110516 20.088 0.04 52577.112183 20.387 0.214 -34.705385 -0.841768
52578.107403 21.126 0.089 52578.109069 20.957 0.037 52578.105736 20.419 0.031 52578.106569 20.14 0.036 52578.108236 20.012 0.11 -34.705385 -0.841768
52929.137631 21.188 0.104 52929.139297 21.06 0.041 52929.135964 20.459 0.032 52929.136797 20.11 0.039 52929.138464 20.422 0.149 -34.705385 -0.841768
52931.125511 21.086 0.105 52931.127177 20.993 0.034 52931.123844 20.411 0.029 52931.124677 20.133 0.03 52931.126344 20.165 0.108 -34.705385 -0.841768
52934.117787 21.069 0.115 52934.119453 21.057 0.05 52934.11612 20.38 0.038 52934.116953 20.121 0.039 52934.11862 20.134 0.13 -34.705385 -0.841768
52935.122475 21.346 0.18 52935.124141 21.025 0.039 52935.120808 20.395 0.033 52935.121641 20.268 0.044 52935.123308 20.147 0.14 -34.705385 -0.841768
52936.113713 21.181 0.092 52936.115379 21.056 0.038 52936.112046 20.47 0.03 52936.112879 20.234 0.037 52936.114546 20.218 0.121 -34.705385 -0.841768
53243.298922 21.048 0.151 53243.300588 20.732 0.064 53243.297255 20.203 0.036 53243.298088 20.108 0.041 53243.299755 20.228 0.12 -34.705385 -0.841768
53270.177775 20.729 0.094 53270.179441 21.013 0.063 53270.176108 20.354 0.032 53270.176941 20.107 0.035 53270.178608 20.017 0.109 -34.705385 -0.841768
53272.227722 21.311 0.258 53272.229388 20.719 0.076 53272.226055 20.289 0.046 53272.226888 20.119 0.043 53272.228555 19.944 0.105 -34.705385 -0.841768
53288.154927 21.038 0.095 53288.156593 20.928 0.039 53288.15326 20.351 0.028 53288.154093 20.069 0.03 53288.15576 20.062 0.104 -34.705385 -0.841768
53302.150598 21.294 0.257 53302.152264 20.941 0.09 53302.148931 20.323 0.047 53302.149764 20.124 0.045 53302.151431 20.03 0.124 -34.705385 -0.841768
53312.106149 21.022 0.115 53312.107815 21.002 0.055 53312.104482 20.416 0.045 53312.105315 20.216 0.055 53312.106982 20.387 0.235 -34.705385 -0.841768
53313.115675 20.867 0.115 53313.117341 20.88 0.037 53313.114008 20.274 0.037 53313.114841 20.079 0.045 53313.116508 19.938 0.14 -34.705385 -0.841768
53314.107323 20.961 0.087 53314.108989 20.977 0.044 53314.105656 20.317 0.033 53314.106489 20.119 0.038 53314.108156 19.937 0.131 -34.705385 -0.841768
53622.224921 21.177 0.216 53622.226587 20.663 0.044 53622.223254 20.137 0.035 53622.224087 20.056 0.048 53622.225754 19.877 0.134 -34.705385 -0.841768
53623.201905 20.855 0.088 53623.203571 20.809 0.039 53623.200238 20.318 0.028 53623.201071 20.127 0.033 53623.202738 19.935 0.102 -34.705385 -0.841768
53625.220885 20.842 0.097 53625.222551 20.752 0.038 53625.219218 20.279 0.029 53625.220051 20.031 0.026 53625.221718 19.93 0.082 -34.705385 -0.841768
53626.188118 20.883 0.134 53626.189784 20.866 0.065 53626.186451 20.237 0.038 53626.187284 20.094 0.041 53626.188951 19.841 0.093 -34.705385 -0.841768
53628.172983 20.477 0.197 53628.174649 20.76 0.126 53628.171316 20.19 0.069 53628.172149 20.006 0.069 53628.173816 19.81 0.146 -34.705385 -0.841768
53634.17439 20.484 0.256 53634.176056 20.733 0.131 53634.172723 20.133 0.086 53634.173556 -99.99 0.066 53634.175223 -99.99 0.261 -34.705385 -0.841768
53636.179923 20.794 0.113 53636.181589 20.753 0.039 53636.178256 20.229 0.029 53636.179089 20.082 0.033 53636.180756 19.978 0.106 -34.705385 -0.841768
53637.174597 20.72 0.111 53637.176263 20.634 0.041 53637.17293 20.16 0.036 53637.173763 19.998 0.049 53637.17543 19.806 0.148 -34.705385 -0.841768
53644.167038 20.856 0.069 53644.168704 20.684 0.03 53644.165371 20.212 0.022 53644.166204 20.047 0.026 53644.167871 19.93 0.081 -34.705385 -0.841768
53654.201668 20.775 0.133 53654.203334 20.629 0.057 53654.200001 20.172 0.048 53654.200834 19.944 0.049 53654.202501 19.811 0.136 -34.705385 -0.841768
53655.151928 20.823 0.191 53655.153594 20.727 0.076 53655.150261 20.133 0.041 53655.151094 19.998 0.045 53655.152761 20.121 0.165 -34.705385 -0.841768
53656.149258 20.978 0.33 53656.150924 20.464 0.116 53656.147591 20.021 0.069 53656.148424 19.779 0.064 53656.150091 19.548 0.145 -34.705385 -0.841768
53664.176887 21.054 0.208 53664.178553 20.599 0.056 53664.17522 20.202 0.04 53664.176053 19.971 0.033 53664.17772 19.896 0.121 -34.705385 -0.841768
53665.140536 21.075 0.149 53665.142202 20.639 0.058 53665.138869 20.219 0.044 53665.139702 20.017 0.045 53665.141369 20.331 0.234 -34.705385 -0.841768
53666.140488 20.899 0.085 53666.142154 20.666 0.024 53666.138821 20.203 0.024 53666.139654 20.031 0.028 53666.141321 19.981 0.103 -34.705385 -0.841768
53669.136126 20.899 0.086 53669.137792 20.669 0.025 53669.134459 20.159 0.023 53669.135292 19.964 0.025 53669.136959 20.048 0.101 -34.705385 -0.841768
53670.157022 20.763 0.076 53670.158688 20.704 0.032 53670.155355 20.199 0.025 53670.156188 20.038 0.033 53670.157855 20.041 0.122 -34.705385 -0.841768
53671.22092 20.732 0.164 53671.222586 20.618 0.038 53671.219253 20.212 0.04 53671.220086 19.911 0.039 53671.221753 19.951 0.146 -34.705385 -0.841768
53673.125004 20.782 0.079 53673.12667 20.694 0.032 53673.123337 20.178 0.028 53673.12417 20.018 0.034 53673.125837 19.931 0.11 -34.705385 -0.841768
53674.120361 20.8 0.086 53674.122027 20.674 0.027 53674.118694 20.187 0.026 53674.119527 20.053 0.028 53674.121194 19.777 0.081 -34.705385 -0.841768
53675.121893 20.958 0.083 53675.123559 20.691 0.031 53675.120226 20.179 0.028 53675.121059 20.011 0.035 53675.122726 19.832 0.103 -34.705385 -0.841768
53676.209861 20.797 0.098 53676.211527 20.699 0.029 53676.208194 20.176 0.026 53676.209027 19.936 0.026 53676.210694 20.021 0.105 -34.705385 -0.841768
53677.142925 20.864 0.088 53677.144591 20.646 0.034 53677.141258 20.185 0.029 53677.142091 19.933 0.034 53677.143758 20.112 0.127 -34.705385 -0.841768
53679.181743 20.824 0.142 53679.183409 20.663 0.037 53679.180076 20.159 0.034 53679.180909 19.999 0.037 53679.182576 20.104 0.153 -34.705385 -0.841768
53680.129591 20.718 0.076 53680.131257 20.642 0.032 53680.127924 20.206 0.027 53680.128757 19.954 0.03 53680.130424 20.278 0.131 -34.705385 -0.841768
53681.173254 20.859 0.14 53681.17492 20.631 0.036 53681.171587 20.235 0.031 53681.17242 19.953 0.03 53681.174087 19.84 0.119 -34.705385 -0.841768
53685.132298 20.868 0.274 53685.133964 20.696 0.096 53685.130631 20.093 0.063 53685.131464 19.875 0.052 53685.133131 19.745 0.106 -34.705385 -0.841768
53686.1963 20.909 0.513 53686.197966 20.327 0.139 53686.194633 20.223 0.095 53686.195466 20.194 0.101 53686.197133 19.977 0.261 -34.705385 -0.841768
53687.170649 20.942 0.33 53687.172315 20.569 0.093 53687.168982 20.21 0.07 53687.169815 -99.99 0.049 53687.171482 -99.99 0.149 -34.705385 -0.841768
53694.14619 21.105 0.46 53694.147856 20.48 0.108 53694.144523 20.012 0.071 53694.145356 19.905 0.078 53694.147023 19.681 0.221 -34.705385 -0.841768
53700.129238 20.806 0.123 53700.130904 20.551 0.031 53700.127571 20.196 0.033 53700.128404 19.843 0.034 53700.130071 19.705 0.116 -34.705385 -0.841768
53702.12716 20.779 0.153 53702.128826 20.754 0.077 53702.125493 20.186 0.052 53702.126326 19.927 0.068 53702.127993 19.876 0.223 -34.705385 -0.841768
53703.136293 20.963 0.14 53703.137959 20.595 0.051 53703.134626 20.09 0.035 53703.135459 20.048 0.049 53703.137126 20.033 0.164 -34.705385 -0.841768
53704.114822 20.975 0.11 53704.116488 20.625 0.035 53704.113155 20.115 0.03 53704.113988 19.927 0.036 53704.115655 19.852 0.114 -34.705385 -0.841768
53705.115908 20.758 0.115 53705.117574 20.63 0.033 53705.114241 20.105 0.029 53705.115074 19.884 0.032 53705.116741 19.951 0.113 -34.705385 -0.841768
53974.202785 20.704 0.063 53974.204451 20.599 0.031 53974.201118 20.1 0.021 53974.201951 19.956 0.028 53974.203618 19.687 0.068 -34.705385 -0.841768
53975.200914 20.757 0.08 53975.20258 20.639 0.026 53975.199247 20.12 0.024 53975.20008 19.915 0.025 53975.201747 19.859 0.085 -34.705385 -0.841768
53989.21087 21.031 0.128 53989.212537 20.6 0.046 53989.209204 20.168 0.025 53989.210037 19.92 0.027 53989.211704 19.955 0.083 -34.705385 -0.841768
53995.200123 20.918 0.088 53995.201789 20.637 0.032 53995.198456 20.157 0.026 53995.199289 19.838 0.029 53995.200956 19.836 0.084 -34.705385 -0.841768
53996.207635 20.83 0.081 53996.209302 20.58 0.026 53996.205968 20.13 0.02 53996.206802 19.894 0.021 53996.208468 19.769 0.064 -34.705385 -0.841768
53997.178501 21.025 0.087 53997.180167 20.678 0.035 53997.176834 20.172 0.022 53997.177667 19.899 0.027 53997.179334 19.82 0.089 -34.705385 -0.841768
53998.176266 20.871 0.077 53998.177933 20.643 0.027 53998.174599 20.11 0.021 53998.175433 19.882 0.023 53998.177099 19.862 0.069 -34.705385 -0.841768
54005.150343 20.84 0.07 54005.152009 20.611 0.029 54005.148676 20.168 0.025 54005.149509 19.947 0.025 54005.151176 19.981 0.081 -34.705385 -0.841768
54007.163096 20.698 0.081 54007.164763 20.623 0.036 54007.16143 20.147 0.024 54007.162263 19.944 0.029 54007.16393 19.824 0.088 -34.705385 -0.841768
54009.160209 20.721 0.087 54009.161876 20.692 0.049 54009.158542 20.142 0.027 54009.159376 19.912 0.029 54009.161042 19.841 0.077 -34.705385 -0.841768
54010.161733 20.991 0.131 54010.1634 20.616 0.044 54010.160066 20.192 0.031 54010.1609 19.95 0.025 54010.162566 19.743 0.065 -34.705385 -0.841768
54011.224698 20.871 0.153 54011.226365 20.614 0.059 54011.223031 20.111 0.035 54011.223865 19.995 0.042 54011.225531 19.927 0.085 -34.705385 -0.841768
54012.154582 21.171 0.277 54012.156249 20.643 0.084 54012.152916 20.188 0.058 54012.153749 19.992 0.046 54012.155416 19.835 0.102 -34.705385 -0.841768
54019.174901 20.786 0.092 54019.176568 20.626 0.039 54019.173234 20.155 0.024 54019.174068 19.93 0.025 54019.175734 19.988 0.082 -34.705385 -0.841768
54020.160559 20.742 0.083 54020.162226 20.566 0.028 54020.158892 20.153 0.022 54020.159726 19.889 0.025 54020.161392 19.942 0.111 -34.705385 -0.841768
54022.209843 -99.99 0.107 54022.211509 20.597 0.028 54022.208176 20.159 0.025 54022.209009 19.921 0.029 54022.210676 19.933 0.102 -34.705385 -0.841768
54025.223707 21.192 0.133 54025.225373 20.605 0.035 54025.22204 20.179 0.029 54025.222873 19.96 0.036 54025.22454 19.978 0.121 -34.705385 -0.841768
54028.150947 20.766 0.11 54028.152614 20.645 0.031 54028.14928 20.077 0.029 54028.150114 19.977 0.036 54028.15178 19.777 0.106 -34.705385 -0.841768
54029.154044 20.662 0.065 54029.155711 20.672 0.031 54029.152378 20.137 0.021 54029.153211 19.885 0.024 54029.154878 19.876 0.083 -34.705385 -0.841768
54030.154121 20.767 0.077 54030.155788 20.619 0.027 54030.152455 20.091 0.022 54030.153288 19.969 0.023 54030.154955 19.813 0.067 -34.705385 -0.841768
54032.143385 20.914 0.151 54032.145052 20.645 0.044 54032.141719 20.198 0.037 54032.142552 19.768 0.034 54032.144219 20.117 0.217 -34.705385 -0.841768
54034.213607 20.736 0.144 54034.215274 20.572 0.038 54034.21194 20.098 0.043 54034.212774 19.892 0.044 54034.21444 19.661 0.141 -34.705385 -0.841768
54037.135358 20.659 0.087 54037.137025 20.639 0.033 54037.133692 20.103 0.025 54037.134525 19.9 0.027 54037.136192 19.857 0.082 -34.705385 -0.841768
54040.149857 20.368 0.134 54040.151523 20.698 0.08 54040.14819 20.07 0.046 54040.149023 19.956 0.041 54040.15069 19.999 0.139 -34.705385 -0.841768
54050.134485 20.887 0.107 54050.136151 20.555 0.03 54050.132818 20.157 0.03 54050.133651 19.878 0.03 54050.135318 19.692 0.098 -34.705385 -0.841768
54053.140624 20.625 0.089 54053.142291 20.556 0.028 54053.138958 20.097 0.028 54053.139791 19.892 0.031 54053.141458 19.615 0.084 -34.705385 -0.841768
54056.142307 20.743 0.18 54056.143973 20.481 0.06 54056.14064 -99.99 0.045 54056.141473 19.91 0.047 54056.14314 19.737 0.131 -34.705385 -0.841768
54057.110956 20.948 0.1 54057.112623 20.592 0.027 54057.10929 20.119 0.025 54057.110123 19.888 0.027 54057.11179 19.838 0.099 -34.705385 -0.841768
54059.136595 20.788 0.117 54059.138261 20.548 0.031 54059.134928 20.077 0.028 54059.135761 19.829 0.036 54059.137428 19.729 0.098 -34.705385 -0.841768
54061.147633 20.846 0.129 54061.1493 20.525 0.031 54061.145966 20.094 0.033 54061.1468 19.895 0.033 54061.148466 19.824 0.129 -34.705385 -0.841768
54062.141493 20.698 0.142 54062.143159 20.481 0.036 54062.139826 19.984 0.035 54062.140659 19.748 0.04 54062.142326 19.589 0.119 -34.705385 -0.841768
54068.131461 21.03 0.479 54068.133128 20.432 0.094 54068.129794 20.034 0.079 54068.130628 19.72 0.058 54068.132294 19.709 0.15 -34.705385 -0.841768
54356.232204 20.247 0.054 54356.233871 20.03 0.027 54356.230538 19.78 0.021 54356.231371 19.594 0.028 54356.233038 19.666 0.088 -34.705385 -0.841768
54357.179781 20.366 0.057 54357.181448 20.103 0.029 54357.178114 19.835 0.021 54357.178948 19.596 0.024 54357.180614 19.606 0.067 -34.705385 -0.841768
54358.177272 20.425 0.094 54358.178939 20.058 0.035 54358.175606 19.832 0.028 54358.176439 19.708 0.038 54358.178106 19.403 0.154 -34.705385 -0.841768
54359.121462 20.194 0.066 54359.123129 20.1 0.031 54359.119796 19.771 0.028 54359.120629 19.629 0.032 54359.122296 19.576 0.081 -34.705385 -0.841768
54365.177635 20.352 0.12 54365.179302 20 0.039 54365.175969 19.814 0.029 54365.176802 19.59 0.03 54365.178469 19.478 0.084 -34.705385 -0.841768
54373.209378 20.232 0.089 54373.211045 20.09 0.041 54373.207711 19.789 0.024 54373.208545 19.596 0.026 54373.210211 19.499 0.073 -34.705385 -0.841768
54381.22206 20.14 0.072 54381.223726 20.13 0.029 54381.220393 19.846 0.03 54381.221226 19.651 0.035 54381.222893 19.626 0.113 -34.705385 -0.841768
54382.219464 20.28 0.077 54382.221131 20.138 0.035 54382.217797 19.819 0.024 54382.218631 19.621 0.044 54382.220297 19.605 0.115 -34.705385 -0.841768
54383.22522 20.178 0.073 54383.226887 20.066 0.035 54383.223554 19.777 0.035 54383.224387 19.643 0.039 54383.226054 19.789 0.152 -34.705385 -0.841768
54385.227631 20.318 0.063 54385.229298 20.093 0.028 54385.225964 19.834 0.025 54385.226798 19.568 0.022 54385.228464 19.473 0.053 -34.705385 -0.841768
54386.222224 20.415 0.064 54386.223891 20.092 0.032 54386.220557 19.827 0.026 54386.221391 19.681 0.029 54386.223057 19.499 0.077 -34.705385 -0.841768
54387.228108 20.304 0.086 54387.229774 20.098 0.024 54387.226441 19.788 0.023 54387.227274 19.627 0.026 54387.228941 19.572 0.082 -34.705385 -0.841768
54388.226479 20.22 0.062 54388.228146 20.128 0.029 54388.224813 19.782 0.026 54388.225646 19.624 0.026 54388.227313 19.607 0.085 -34.705385 -0.841768
54392.222831 20.501 0.16 54392.224498 20.132 0.032 54392.221165 19.775 0.031 54392.221998 19.522 0.033 54392.223665 19.61 0.107 -34.705385 -0.841768
54402.221317 20.28 0.166 54402.222983 20.105 0.049 54402.21965 19.761 0.032 54402.220483 19.61 0.028 54402.22215 19.532 0.082 -34.705385 -0.841768
54403.140267 20.368 0.055 54403.141934 20.087 0.023 54403.1386 19.786 0.021 54403.139434 19.594 0.022 54403.1411 19.681 0.083 -34.705385 -0.841768
54406.134088 20.329 0.049 54406.135755 20.06 0.023 54406.132421 19.761 0.022 54406.133255 19.602 0.025 54406.134921 19.576 0.08 -34.705385 -0.841768
54412.137032 20.242 0.049 54412.138698 20.058 0.023 54412.135365 19.809 0.018 54412.136198 19.618 0.023 54412.137865 19.588 0.066 -34.705385 -0.841768
