51467.289331 20.881 0.173 51467.290997 20.666 0.046 51467.287664 20.581 0.059 51467.288497 20.304 0.067 51467.290164 20.478 0.27 -32.277004 0.504272
51819.265305 20.363 0.059 51819.266971 20.17 0.021 51819.263638 20.2 0.026 51819.264471 19.974 0.032 51819.266138 19.867 0.096 -32.277004 0.504272
52172.280881 20.54 0.066 52172.282547 20.464 0.024 52172.279214 20.406 0.029 52172.280047 20.136 0.035 52172.281714 20.003 0.097 -32.277004 0.504272
52558.230583 19.967 0.044 52558.232249 19.909 0.017 52558.228916 19.977 0.023 52558.229749 19.778 0.03 52558.231416 19.68 0.081 -32.277004 0.504272
52576.142841 20.013 0.059 52576.144507 19.865 0.022 52576.141174 19.905 0.028 52576.142007 19.754 0.033 52576.143674 19.741 0.161 -32.277004 0.504272
52577.118077 19.989 0.042 52577.119743 19.873 0.016 52577.11641 19.942 0.026 52577.117243 19.749 0.033 52577.11891 19.529 0.089 -32.277004 0.504272
52586.121555 20.018 0.042 52586.123221 19.892 0.016 52586.119888 19.922 0.022 52586.120721 19.753 0.029 52586.122388 19.545 0.072 -32.277004 0.504272
52931.132238 20.068 0.042 52931.133904 20.016 0.017 52931.130571 20.072 0.021 52931.131404 19.865 0.027 52931.133071 19.748 0.118 -32.277004 0.504272
52935.129203 20.061 0.052 52935.130869 20.004 0.018 52935.127536 20.04 0.025 52935.128369 19.828 0.034 52935.130036 19.664 0.09 -32.277004 0.504272
53313.122402 19.991 0.052 53313.124068 19.859 0.019 53313.120735 19.941 0.025 53313.121568 19.737 0.033 53313.123235 19.553 0.097 -32.277004 0.504272
53622.231648 20.219 0.077 53622.233314 20.06 0.024 53622.229981 20.089 0.034 53622.230814 19.8 0.039 53622.232481 19.79 0.138 -32.277004 0.504272
53625.227612 20.198 0.05 53625.229278 20.06 0.022 53625.225945 20.083 0.024 53625.226778 19.86 0.027 53625.228445 19.523 0.056 -32.277004 0.504272
53636.18665 20.06 0.051 53636.188316 20.074 0.023 53636.184983 20.1 0.026 53636.185816 19.886 0.03 53636.187483 19.724 0.078 -32.277004 0.504272
53655.158655 20.056 0.079 53655.160321 20.132 0.04 53655.156988 20.188 0.041 53655.157821 19.878 0.04 53655.159488 19.677 0.098 -32.277004 0.504272
53664.183614 20.225 0.094 53664.18528 20.152 0.04 53664.181947 20.131 0.036 53664.18278 19.87 0.041 53664.184447 19.652 0.092 -32.277004 0.504272
53666.147215 20.111 0.043 53666.148881 20.124 0.018 53666.145548 20.114 0.023 53666.146381 19.915 0.029 53666.148048 19.789 0.085 -32.277004 0.504272
53669.142853 20.162 0.043 53669.144519 20.111 0.017 53669.141186 20.142 0.022 53669.142019 19.966 0.03 53669.143686 19.589 0.064 -32.277004 0.504272
53671.227645 19.944 0.087 53671.229311 20.025 0.027 53671.225978 20.122 0.04 53671.226811 19.95 0.052 53671.228478 19.544 0.121 -32.277004 0.504272
53674.127089 20.2 0.053 53674.128755 20.136 0.02 53674.125422 20.14 0.027 53674.126255 19.887 0.034 53674.127922 19.638 0.076 -32.277004 0.504272
53676.216586 20.256 0.055 53676.218252 20.158 0.019 53676.214919 20.169 0.027 53676.215752 19.968 0.031 53676.217419 19.642 0.064 -32.277004 0.504272
53679.188467 20.09 0.063 53679.190133 20.19 0.025 53679.1868 20.202 0.033 53679.187633 19.95 0.04 53679.1893 19.707 0.091 -32.277004 0.504272
53681.179979 20.355 0.334 53681.181645 20.127 0.024 53681.178312 20.101 0.045 53681.179145 19.989 0.069 53681.180812 -99.99 0.244 -32.277004 0.504272
53685.139024 20.041 0.098 53685.14069 20.206 0.059 53685.137357 20.23 0.056 53685.13819 20.063 0.057 53685.139857 19.711 0.093 -32.277004 0.504272
53687.177372 19.868 0.125 53687.179038 19.996 0.053 53687.175705 20.084 0.048 53687.176538 19.836 0.046 53687.178205 19.529 0.08 -32.277004 0.504272
53694.152914 20.868 0.371 53694.15458 19.917 0.076 53694.151247 20.056 0.088 53694.15208 19.814 0.105 53694.153747 19.597 0.224 -32.277004 0.504272
53697.137004 -99.99 0.532 53697.13867 20.395 0.174 53697.135337 19.839 0.177 53697.13617 20.004 0.272 53697.137837 19.481 0.417 -32.277004 0.504272
53700.135964 20.141 0.056 53700.13763 20.149 0.022 53700.134297 20.233 0.03 53700.13513 19.928 0.037 53700.136797 19.539 0.083 -32.277004 0.504272
53705.122634 20.128 0.058 53705.1243 20.142 0.025 53705.120967 20.236 0.035 53705.1218 19.911 0.038 53705.123467 19.824 0.104 -32.277004 0.504272
53975.207629 20.235 0.046 53975.209296 20.173 0.02 53975.205963 20.238 0.028 53975.206796 19.958 0.028 53975.208463 19.761 0.081 -32.277004 0.504272
53996.214362 20.214 0.043 53996.216028 20.232 0.021 53996.212695 20.234 0.022 53996.213528 19.984 0.025 53996.215195 19.735 0.065 -32.277004 0.504272
53998.182982 20.138 0.04 53998.184649 20.218 0.023 53998.181315 20.226 0.03 53998.182149 20.019 0.026 53998.183815 19.856 0.07 -32.277004 0.504272
54010.168462 20.251 0.061 54010.170128 20.311 0.034 54010.166795 20.263 0.031 54010.167628 20.01 0.033 54010.169295 19.834 0.067 -32.277004 0.504272
54012.161322 20.265 0.113 54012.162989 20.218 0.065 54012.159655 20.356 0.063 54012.160489 20.002 0.055 54012.162155 20.047 0.153 -32.277004 0.504272
54020.167297 20.237 0.055 54020.168964 20.258 0.02 54020.16563 20.306 0.034 54020.166464 20.031 0.04 54020.16813 19.752 0.086 -32.277004 0.504272
54022.21657 -99.99 0.088 54022.218237 -99.99 0.029 54022.214903 -99.99 0.05 54022.215737 20.135 0.072 54022.217403 19.698 0.082 -32.277004 0.504272
54028.157656 20.283 0.065 54028.159322 20.278 0.027 54028.155989 20.309 0.035 54028.156822 20.032 0.043 54028.158489 19.738 0.113 -32.277004 0.504272
54030.160853 20.435 0.053 54030.162519 20.302 0.02 54030.159186 20.295 0.024 54030.160019 20.052 0.029 54030.161686 19.659 0.059 -32.277004 0.504272
54032.150262 20.105 0.156 54032.151929 -99.99 0.138 54032.148595 -99.99 0.11 54032.149429 19.929 0.178 54032.151095 -99.99 0.54 -32.277004 0.504272
54037.14209 20.252 0.05 54037.143757 20.238 0.03 54037.140424 20.366 0.031 54037.141257 19.971 0.031 54037.142924 19.707 0.074 -32.277004 0.504272
54040.156596 20.237 0.107 54040.158262 20.285 0.061 54040.154929 20.384 0.063 54040.155762 20.033 0.055 54040.157429 19.991 0.125 -32.277004 0.504272
54050.141199 20.172 0.056 54050.142866 20.28 0.035 54050.139533 20.349 0.036 54050.140366 20.084 0.042 54050.142033 19.772 0.105 -32.277004 0.504272
54053.147358 20.215 0.053 54053.149024 20.283 0.025 54053.145691 20.328 0.034 54053.146524 19.961 0.038 54053.148191 19.786 0.099 -32.277004 0.504272
54057.117699 20.288 0.051 54057.119366 20.339 0.024 54057.116032 20.357 0.03 54057.116866 20.074 0.038 54057.118532 19.768 0.089 -32.277004 0.504272
54059.14334 20.252 0.056 54059.145007 20.22 0.03 54059.141673 20.347 0.038 54059.142507 20.037 0.041 54059.144173 19.814 0.09 -32.277004 0.504272
54061.154361 20.248 0.067 54061.156027 20.285 0.027 54061.152694 20.358 0.037 54061.153527 20.064 0.05 54061.155194 20.066 0.147 -32.277004 0.504272
54062.148208 20.271 0.071 54062.149875 20.317 0.034 54062.146541 20.3 0.042 54062.147375 19.979 0.054 54062.149041 19.969 0.153 -32.277004 0.504272
54068.138194 20.17 0.173 54068.13986 20.369 0.114 54068.136527 20.275 0.083 54068.13736 20.065 0.086 54068.139027 19.659 0.192 -32.277004 0.504272
54357.186505 20.286 0.104 54357.188172 20.239 0.026 54357.184838 20.281 0.038 54357.185672 20.022 0.044 54357.187338 19.864 0.097 -32.277004 0.504272
54365.184388 20.361 0.097 54365.186054 20.239 0.047 54365.182721 20.295 0.044 54365.183554 20.141 0.049 54365.185221 19.78 0.094 -32.277004 0.504272
54385.234359 20.365 0.06 54385.236025 20.222 0.022 54385.232692 20.315 0.028 54385.233525 20.064 0.031 54385.235192 19.839 0.07 -32.277004 0.504272
54387.234837 20.25 0.06 54387.236504 20.208 0.024 54387.23317 20.273 0.031 54387.234004 20.091 0.041 54387.23567 19.867 0.097 -32.277004 0.504272
54392.22957 20.045 0.079 54392.231237 20.233 0.037 54392.227904 20.235 0.036 54392.228737 20.061 0.049 54392.230404 19.799 0.116 -32.277004 0.504272
54402.228018 20.17 0.138 54402.229685 20.187 0.063 54402.226352 20.316 0.05 54402.227185 20.059 0.048 54402.228852 20.09 0.148 -32.277004 0.504272
