52172.285325 20.216 0.051 52172.286991 20.083 0.02 52172.283658 19.746 0.018 52172.284491 19.717 0.023 52172.286158 19.572 0.074 -30.672875 -0.21443
52172.33549 20.273 0.061 52172.337156 20.078 0.02 52172.333823 19.703 0.019 52172.334656 19.698 0.025 52172.336323 19.75 0.105 -30.672875 -0.21443
52197.228515 20.113 0.046 52197.230181 20.055 0.017 52197.226848 19.698 0.017 52197.227681 19.668 0.021 52197.229348 20.011 0.152 -30.672875 -0.21443
52557.222497 19.962 0.05 52557.224163 19.865 0.017 52557.22083 19.503 0.018 52557.221663 19.544 0.025 52557.22333 19.57 0.098 -30.672875 -0.21443
52558.235026 20.019 0.046 52558.236692 19.831 0.017 52558.233359 19.547 0.017 52558.234192 19.535 0.021 52558.235859 19.516 0.072 -30.672875 -0.21443
52576.147284 19.961 0.056 52576.14895 19.779 0.019 52576.145617 19.572 0.028 52576.14645 19.523 0.048 52576.148117 19.531 0.085 -30.672875 -0.21443
52577.12252 19.931 0.043 52577.124186 19.799 0.015 52577.120853 19.571 0.018 52577.121686 19.479 0.025 52577.123353 19.719 0.113 -30.672875 -0.21443
52578.118574 19.886 0.04 52578.12024 19.814 0.015 52578.116907 19.55 0.016 52578.11774 19.5 0.022 52578.119407 19.562 0.082 -30.672875 -0.21443
52586.125998 19.922 0.039 52586.127664 19.778 0.015 52586.124331 19.538 0.016 52586.125164 19.525 0.021 52586.126831 19.558 0.084 -30.672875 -0.21443
52929.148801 20.044 0.046 52929.150467 19.879 0.017 52929.147134 19.634 0.017 52929.147967 19.577 0.023 52929.149634 19.511 0.078 -30.672875 -0.21443
52931.136681 20.006 0.042 52931.138347 19.917 0.016 52931.135014 19.604 0.016 52931.135847 19.567 0.02 52931.137514 19.505 0.065 -30.672875 -0.21443
52934.128958 20.119 0.049 52934.130624 19.887 0.018 52934.127291 19.574 0.017 52934.128124 19.559 0.022 52934.129791 19.745 0.09 -30.672875 -0.21443
52935.133645 20.074 0.049 52935.135311 19.895 0.017 52935.131978 19.589 0.018 52935.132811 19.584 0.022 52935.134478 19.402 0.068 -30.672875 -0.21443
52936.124884 20.088 0.042 52936.12655 19.918 0.016 52936.123217 19.589 0.015 52936.12405 19.609 0.02 52936.125717 19.502 0.065 -30.672875 -0.21443
53243.310092 20.126 0.061 53243.311758 20.036 0.028 53243.308425 19.745 0.021 53243.309258 19.649 0.024 53243.310925 19.585 0.067 -30.672875 -0.21443
53270.188944 20.268 0.062 53270.19061 20.075 0.024 53270.187277 19.76 0.024 53270.18811 19.622 0.025 53270.189777 19.798 0.081 -30.672875 -0.21443
53272.238893 20.135 0.096 53272.240559 20.063 0.038 53272.237226 19.687 0.028 53272.238059 19.603 0.029 53272.239726 19.666 0.085 -30.672875 -0.21443
53288.166098 20.26 0.055 53288.167764 20.087 0.018 53288.164431 19.729 0.018 53288.165264 19.67 0.021 53288.166931 19.677 0.073 -30.672875 -0.21443
53294.193421 20.242 0.06 53294.195088 20.074 0.021 53294.191754 19.757 0.023 53294.192588 19.741 0.036 53294.194254 19.74 0.112 -30.672875 -0.21443
53302.161769 20.058 0.083 53302.163435 19.999 0.036 53302.160102 19.66 0.028 53302.160935 19.644 0.029 53302.162602 19.558 0.08 -30.672875 -0.21443
53313.126846 20.231 0.063 53313.128512 20.089 0.02 53313.125179 19.732 0.02 53313.126012 19.645 0.029 53313.127679 19.688 0.103 -30.672875 -0.21443
53314.118493 20.228 0.056 53314.120159 20.049 0.019 53314.116826 19.726 0.021 53314.117659 19.734 0.029 53314.119326 19.739 0.11 -30.672875 -0.21443
53616.222854 19.635 0.123 53616.22452 19.846 0.035 53616.221187 19.619 0.021 53616.22202 19.545 0.033 53616.223687 -99.99 0.386 -30.672875 -0.21443
53622.236092 20.003 0.068 53622.237758 19.814 0.021 53622.234425 19.622 0.022 53622.235258 19.547 0.03 53622.236925 19.471 0.106 -30.672875 -0.21443
53623.213077 19.912 0.048 53623.214743 19.87 0.018 53623.21141 19.563 0.017 53623.212243 19.571 0.024 53623.21391 19.727 0.098 -30.672875 -0.21443
53625.232057 19.883 0.043 53625.233723 19.855 0.018 53625.23039 19.661 0.018 53625.231223 19.567 0.021 53625.23289 19.601 0.067 -30.672875 -0.21443
53626.199289 19.906 0.065 53626.200955 19.796 0.026 53626.197622 19.592 0.023 53626.198455 19.617 0.03 53626.200122 19.492 0.075 -30.672875 -0.21443
53628.184155 19.865 0.134 53628.185821 19.83 0.055 53628.182488 19.6 0.04 53628.183321 19.67 0.054 53628.184988 19.522 0.13 -30.672875 -0.21443
53634.185562 20.04 0.162 53634.187228 19.904 0.062 53634.183895 19.618 0.041 53634.184728 19.672 0.048 53634.186395 -99.99 0.154 -30.672875 -0.21443
53636.191094 19.981 0.051 53636.19276 19.812 0.02 53636.189427 19.581 0.019 53636.19026 19.57 0.025 53636.191927 19.509 0.075 -30.672875 -0.21443
53637.185768 19.855 0.049 53637.187434 19.858 0.018 53637.184101 19.538 0.02 53637.184934 19.534 0.027 53637.186601 19.62 0.113 -30.672875 -0.21443
53644.178217 19.885 0.037 53644.179883 19.85 0.016 53644.17655 19.58 0.016 53644.177383 19.555 0.021 53644.17905 19.529 0.057 -30.672875 -0.21443
53654.212839 19.725 0.05 53654.214505 19.746 0.024 53654.211172 19.507 0.023 53654.212005 19.388 0.024 53654.213672 19.398 0.088 -30.672875 -0.21443
53655.163099 19.896 0.081 53655.164765 19.752 0.028 53655.161432 19.561 0.024 53655.162265 19.515 0.026 53655.163932 19.305 0.076 -30.672875 -0.21443
53656.16043 19.769 0.1 53656.162096 19.88 0.056 53656.158763 19.496 0.035 53656.159596 19.539 0.038 53656.161263 19.461 0.116 -30.672875 -0.21443
53664.188058 19.615 0.06 53664.189724 19.751 0.03 53664.186391 19.546 0.025 53664.187224 19.477 0.028 53664.188891 19.518 0.094 -30.672875 -0.21443
53665.151709 19.772 0.118 53665.153375 19.723 0.092 53665.150042 19.475 0.034 53665.150875 19.538 0.059 53665.152542 19.73 0.266 -30.672875 -0.21443
53666.151659 19.841 0.038 53666.153325 19.719 0.013 53666.149992 19.504 0.015 53666.150825 19.531 0.02 53666.152492 19.408 0.065 -30.672875 -0.21443
53668.16334 19.691 0.043 53668.165006 19.715 0.016 53668.161673 19.501 0.018 53668.162506 19.46 0.028 53668.164173 19.378 0.101 -30.672875 -0.21443
53669.147299 19.819 0.037 53669.148965 19.745 0.014 53669.145632 19.517 0.015 53669.146465 19.496 0.019 53669.148132 19.504 0.069 -30.672875 -0.21443
53670.168193 19.81 0.043 53670.169859 19.719 0.016 53670.166526 19.485 0.017 53670.167359 19.473 0.023 53670.169026 19.538 0.094 -30.672875 -0.21443
53671.232081 19.81 0.069 53671.233747 19.77 0.019 53671.230414 19.485 0.025 53671.231247 19.51 0.033 53671.232914 19.457 0.119 -30.672875 -0.21443
53673.136176 19.736 0.041 53673.137842 19.723 0.014 53673.134509 19.514 0.017 53673.135342 19.427 0.022 53673.137009 19.491 0.075 -30.672875 -0.21443
53674.131533 19.787 0.04 53674.133199 19.733 0.014 53674.129866 19.519 0.017 53674.130699 19.454 0.02 53674.132366 19.492 0.064 -30.672875 -0.21443
53675.133065 19.77 0.038 53675.134731 19.725 0.015 53675.131398 19.509 0.017 53675.132231 19.452 0.023 53675.133898 19.418 0.074 -30.672875 -0.21443
53676.22103 19.851 0.045 53676.222696 19.755 0.015 53676.219363 19.525 0.016 53676.220196 19.463 0.019 53676.221863 19.413 0.058 -30.672875 -0.21443
53677.154097 19.836 0.041 53677.155763 19.773 0.014 53677.15243 19.509 0.017 53677.153263 19.451 0.019 53677.15493 19.563 0.073 -30.672875 -0.21443
53679.192912 19.855 0.055 53679.194578 19.746 0.018 53679.191245 19.491 0.019 53679.192078 19.468 0.023 53679.193745 19.495 0.087 -30.672875 -0.21443
53680.140762 19.839 0.04 53680.142428 19.835 0.015 53680.139095 19.526 0.016 53680.139928 19.471 0.019 53680.141595 19.58 0.07 -30.672875 -0.21443
53681.184424 19.808 0.045 53681.18609 19.765 0.017 53681.182757 19.498 0.017 53681.18359 19.522 0.02 53681.185257 19.471 0.066 -30.672875 -0.21443
53685.143469 19.901 0.091 53685.145135 19.821 0.047 53685.141802 19.59 0.03 53685.142635 19.496 0.039 53685.144302 19.304 0.087 -30.672875 -0.21443
53686.207467 19.428 0.137 53686.209133 19.687 0.068 53686.2058 19.41 0.047 53686.206633 19.375 0.05 53686.2083 19.456 0.167 -30.672875 -0.21443
53687.181816 19.74 0.101 53687.183482 19.734 0.042 53687.180149 19.524 0.029 53687.180982 19.48 0.028 53687.182649 19.449 0.079 -30.672875 -0.21443
53693.142665 19.894 0.077 53693.144331 19.836 0.03 53693.140998 19.565 0.024 53693.141831 19.479 0.026 53693.143498 19.54 0.077 -30.672875 -0.21443
53694.157357 19.813 0.143 53694.159023 -99.99 0.075 53694.15569 19.441 0.044 53694.156523 19.429 0.056 53694.15819 19.746 0.301 -30.672875 -0.21443
53700.140409 19.953 0.049 53700.142075 19.839 0.017 53700.138742 19.573 0.019 53700.139575 19.526 0.024 53700.141242 19.485 0.077 -30.672875 -0.21443
53702.138333 19.861 0.069 53702.14 19.84 0.026 53702.136667 19.595 0.035 53702.1375 19.548 0.04 53702.139167 19.634 0.164 -30.672875 -0.21443
53703.147539 19.998 0.086 53703.149206 19.83 0.026 53703.145872 19.542 0.031 53703.146706 19.418 0.041 53703.148372 19.344 0.087 -30.672875 -0.21443
53704.125991 19.881 0.047 53704.127657 19.844 0.017 53704.124324 19.572 0.017 53704.125157 19.477 0.021 53704.126824 19.442 0.073 -30.672875 -0.21443
53705.127077 19.908 0.056 53705.128743 19.817 0.017 53705.12541 19.569 0.021 53705.126243 19.456 0.025 53705.12791 19.426 0.082 -30.672875 -0.21443
53975.212086 19.995 0.04 53975.213753 19.761 0.017 53975.210419 19.57 0.02 53975.211253 19.497 0.024 53975.212919 19.447 0.059 -30.672875 -0.21443
53989.222038 19.914 0.065 53989.223705 19.822 0.026 53989.220371 19.566 0.02 53989.221205 19.471 0.035 53989.222871 19.491 0.066 -30.672875 -0.21443
53995.211287 19.862 0.041 53995.212954 19.791 0.018 53995.209621 19.516 0.019 53995.210454 19.5 0.025 53995.212121 19.543 0.058 -30.672875 -0.21443
53996.218795 19.991 0.038 53996.220462 19.843 0.017 53996.217129 19.551 0.016 53996.217962 19.506 0.018 53996.219629 19.427 0.05 -30.672875 -0.21443
53997.189667 20.005 0.048 53997.191334 19.886 0.026 53997.188001 19.562 0.02 53997.188834 19.491 0.023 53997.190501 19.513 0.079 -30.672875 -0.21443
53998.187441 19.939 0.037 53998.189107 19.823 0.018 53998.185774 19.561 0.021 53998.186607 19.544 0.02 53998.188274 19.544 0.056 -30.672875 -0.21443
54000.197446 19.865 0.046 54000.199112 19.815 0.021 54000.195779 19.578 0.02 54000.196612 19.474 0.024 54000.198279 19.419 0.076 -30.672875 -0.21443
54007.174266 19.848 0.043 54007.175933 19.819 0.019 54007.1726 19.558 0.02 54007.173433 19.479 0.026 54007.1751 19.321 0.056 -30.672875 -0.21443
54009.17137 19.852 0.042 54009.173037 19.81 0.02 54009.169704 19.542 0.02 54009.170537 19.531 0.026 54009.172204 19.547 0.056 -30.672875 -0.21443
54010.172906 19.92 0.051 54010.174573 19.843 0.023 54010.17124 19.578 0.021 54010.172073 19.507 0.026 54010.17374 19.568 0.053 -30.672875 -0.21443
54011.235862 19.993 0.064 54011.237529 19.859 0.029 54011.234195 19.5 0.02 54011.235029 19.492 0.028 54011.236695 19.598 0.064 -30.672875 -0.21443
54012.165783 19.968 0.095 54012.167449 19.762 0.038 54012.164116 19.544 0.033 54012.164949 19.494 0.037 54012.166616 19.463 0.087 -30.672875 -0.21443
54020.171729 20.033 0.043 54020.173395 19.785 0.018 54020.170062 19.564 0.018 54020.170895 19.517 0.024 54020.172562 19.49 0.079 -30.672875 -0.21443
54022.221039 20.022 0.068 54022.222706 -99.99 0.024 54022.219373 19.554 0.02 54022.220206 19.542 0.033 54022.221873 19.301 0.106 -30.672875 -0.21443
54025.234884 19.904 0.056 54025.236551 19.846 0.024 54025.233218 19.555 0.019 54025.234051 19.498 0.027 54025.235718 19.501 0.084 -30.672875 -0.21443
54028.1621 19.94 0.046 54028.163767 19.82 0.024 54028.160434 19.559 0.025 54028.161267 19.543 0.025 54028.162934 19.535 0.085 -30.672875 -0.21443
54029.165216 19.863 0.039 54029.166882 19.84 0.02 54029.163549 19.537 0.017 54029.164382 19.538 0.021 54029.166049 19.637 0.067 -30.672875 -0.21443
54030.16532 19.922 0.038 54030.166986 19.856 0.018 54030.163653 19.538 0.014 54030.164486 19.555 0.02 54030.166153 19.581 0.058 -30.672875 -0.21443
54032.15455 20.215 0.38 54032.156216 19.882 0.104 54032.152883 19.225 0.197 54032.153716 -99.99 0.159 54032.155383 -99.99 0.478 -30.672875 -0.21443
54035.241087 19.906 0.069 54035.242753 19.865 0.043 54035.23942 19.577 0.026 54035.240253 19.598 0.035 54035.24192 19.78 0.159 -30.672875 -0.21443
54037.146531 19.986 0.058 54037.148198 19.816 0.024 54037.144865 19.543 0.022 54037.145698 19.512 0.025 54037.147365 19.599 0.093 -30.672875 -0.21443
54040.161022 20.005 0.09 54040.162689 19.831 0.038 54040.159355 19.477 0.03 54040.160189 19.476 0.031 54040.161855 19.432 0.084 -30.672875 -0.21443
54050.145665 19.959 0.049 54050.147331 19.733 0.022 54050.143998 19.553 0.02 54050.144831 19.508 0.027 54050.146498 19.436 0.086 -30.672875 -0.21443
54051.141807 19.737 0.092 54051.143473 19.861 0.034 54051.14014 19.436 0.07 54051.140973 19.598 0.085 54051.14264 20.211 0.522 -30.672875 -0.21443
54053.151802 19.822 0.043 54053.153468 19.775 0.022 54053.150135 19.529 0.021 54053.150968 19.568 0.033 54053.152635 19.553 0.091 -30.672875 -0.21443
54056.153501 19.789 0.077 54056.155168 19.765 0.031 54056.151834 -99.99 0.033 54056.152668 19.558 0.078 54056.154334 19.3 0.105 -30.672875 -0.21443
54057.12214 19.924 0.044 54057.123807 19.79 0.021 54057.120473 19.527 0.018 54057.121307 19.494 0.023 54057.122973 19.537 0.083 -30.672875 -0.21443
54059.147765 19.648 0.048 54059.149432 19.786 0.019 54059.146099 19.572 0.026 54059.146932 19.501 0.033 54059.148599 19.313 0.081 -30.672875 -0.21443
54061.158806 19.888 0.048 54061.160472 19.764 0.021 54061.157139 19.528 0.02 54061.157972 19.537 0.028 54061.159639 19.37 0.088 -30.672875 -0.21443
54062.152651 19.927 0.059 54062.154318 19.787 0.028 54062.150984 19.546 0.026 54062.151818 19.522 0.037 54062.153484 19.531 0.113 -30.672875 -0.21443
54357.190949 19.917 0.044 54357.192616 19.837 0.025 54357.189283 19.538 0.019 54357.190116 19.433 0.025 54357.191783 19.499 0.072 -30.672875 -0.21443
54365.18881 19.906 0.089 54365.190477 19.853 0.029 54365.187143 19.554 0.028 54365.187977 19.512 0.034 54365.189643 19.434 0.081 -30.672875 -0.21443
54381.233229 19.865 0.062 54381.234896 19.801 0.026 54381.231562 19.567 0.03 54381.232396 19.408 0.037 54381.234062 19.585 0.126 -30.672875 -0.21443
54382.230648 19.859 0.054 54382.232315 19.876 0.023 54382.228982 19.544 0.023 54382.229815 19.434 0.027 54382.231482 19.431 0.085 -30.672875 -0.21443
54385.238776 -99.99 0.058 54385.240443 19.804 0.038 54385.23711 19.536 0.019 54385.237943 19.479 0.028 54385.23961 19.428 0.086 -30.672875 -0.21443
54386.233384 19.918 0.039 54386.23505 19.871 0.02 54386.231717 19.554 0.018 54386.23255 19.484 0.022 54386.234217 19.524 0.062 -30.672875 -0.21443
54387.239302 20.047 0.056 54387.240969 19.881 0.018 54387.237635 19.547 0.019 54387.238469 19.505 0.024 54387.240135 19.538 0.08 -30.672875 -0.21443
54388.237654 19.857 0.048 54388.23932 19.837 0.019 54388.235987 19.502 0.021 54388.23682 19.488 0.028 54388.238487 19.502 0.08 -30.672875 -0.21443
54392.234003 19.972 0.062 54392.23567 19.827 0.026 54392.232337 19.502 0.026 54392.23317 19.479 0.036 54392.234837 19.395 0.08 -30.672875 -0.21443
54402.23248 19.898 0.124 54402.234147 19.778 0.038 54402.230814 19.679 0.045 54402.231647 19.42 0.041 54402.233314 19.54 0.086 -30.672875 -0.21443
