51464.191991 21.189 0.094 51464.193657 20.53 0.025 51464.190324 20.254 0.028 51464.191157 19.897 0.029 51464.192824 19.854 0.117 -34.567206 0.358674
52197.217735 21.194 0.115 52197.219401 20.52 0.025 52197.216068 20.234 0.025 52197.216901 19.954 0.028 52197.218568 20.024 0.135 -34.567206 0.358674
52231.103705 21.279 0.106 52231.105371 20.611 0.023 52231.102038 20.354 0.028 52231.102871 19.972 0.028 52231.104538 19.827 0.098 -34.567206 0.358674
52557.211711 21.006 0.119 52557.213377 20.362 0.024 52557.210044 20.168 0.029 52557.210877 19.824 0.032 52557.212544 19.856 0.14 -34.567206 0.358674
52578.107788 21.237 0.112 52578.109454 20.452 0.022 52578.106121 20.196 0.027 52578.106954 19.833 0.028 52578.108621 19.886 0.115 -34.567206 0.358674
52929.138014 21.305 0.151 52929.13968 20.394 0.021 52929.136347 20.203 0.026 52929.13718 19.851 0.027 52929.138847 19.634 0.091 -34.567206 0.358674
52934.118171 21.276 0.145 52934.119837 20.39 0.024 52934.116504 20.172 0.029 52934.117337 19.838 0.028 52934.119004 19.8 0.116 -34.567206 0.358674
52936.114096 20.922 0.086 52936.115762 20.388 0.021 52936.112429 20.188 0.024 52936.113262 19.871 0.026 52936.114929 19.802 0.098 -34.567206 0.358674
53243.299305 21.682 0.274 53243.300971 20.657 0.053 53243.297638 20.411 0.042 53243.298471 19.974 0.034 53243.300138 19.949 0.12 -34.567206 0.358674
53272.228106 21.878 0.445 53272.229772 20.688 0.065 53272.226439 20.416 0.048 53272.227272 20.016 0.04 53272.228939 19.945 0.134 -34.567206 0.358674
53288.155312 21.25 0.132 53288.156978 20.633 0.026 53288.153645 20.44 0.029 53288.154478 20.045 0.028 53288.156145 19.789 0.103 -34.567206 0.358674
53302.150981 21.38 0.301 53302.152647 20.563 0.058 53302.149314 20.366 0.048 53302.150147 19.88 0.036 53302.151814 19.778 0.112 -34.567206 0.358674
53312.106517 21.222 0.162 53312.108184 20.579 0.032 53312.10485 20.317 0.038 53312.105684 20.14 0.048 53312.10735 19.821 0.172 -34.567206 0.358674
53314.107707 21.342 0.145 53314.109373 20.608 0.028 53314.10604 20.29 0.031 53314.106873 19.914 0.032 53314.10854 19.846 0.142 -34.567206 0.358674
53623.202289 21.211 0.138 53623.203955 20.455 0.026 53623.200622 20.215 0.026 53623.201455 19.881 0.027 53623.203122 19.694 0.105 -34.567206 0.358674
53626.188502 21.28 0.226 53626.190168 20.545 0.045 53626.186835 20.217 0.037 53626.187668 19.935 0.034 53626.189335 19.988 0.122 -34.567206 0.358674
53628.173367 20.898 0.301 53628.175033 20.482 0.085 53628.1717 20.25 0.069 53628.172533 19.911 0.056 53628.1742 20.302 0.266 -34.567206 0.358674
53637.174981 21.105 0.166 53637.176647 20.498 0.03 53637.173314 20.22 0.035 53637.174147 19.876 0.038 53637.175814 19.55 0.136 -34.567206 0.358674
53644.167429 21.113 0.09 53644.169096 20.597 0.021 53644.165762 20.344 0.023 53644.166596 19.979 0.025 53644.168262 19.743 0.077 -34.567206 0.358674
53654.202051 21.289 0.238 53654.203717 20.41 0.045 53654.200384 20.243 0.052 53654.201217 19.792 0.052 53654.202884 20.045 0.201 -34.567206 0.358674
53656.149643 20.947 0.306 53656.151309 20.629 0.1 53656.147976 20.19 0.067 53656.148809 19.994 0.062 53656.150476 20.074 0.226 -34.567206 0.358674
53665.140921 21.154 0.172 53665.142587 20.59 0.047 53665.139254 20.421 0.046 53665.140087 19.899 0.04 53665.141754 19.848 0.194 -34.567206 0.358674
53668.152552 21.394 0.203 53668.154218 20.648 0.029 53668.150885 20.362 0.039 53668.151718 20.019 0.048 53668.153385 20.026 0.188 -34.567206 0.358674
53670.157404 21.478 0.152 53670.15907 20.732 0.026 53670.155737 20.437 0.031 53670.15657 20.043 0.033 53670.158237 19.97 0.129 -34.567206 0.358674
53673.125387 21.433 0.15 53673.127053 20.714 0.027 53673.12372 20.428 0.033 53673.124553 20.027 0.033 53673.12622 19.908 0.124 -34.567206 0.358674
53675.122276 21.509 0.153 53675.123942 20.702 0.026 53675.120609 20.368 0.032 53675.121442 20.046 0.033 53675.123109 20.189 0.154 -34.567206 0.358674
53677.143308 21.519 0.157 53677.144974 20.688 0.027 53677.141641 20.412 0.033 53677.142474 20.022 0.033 53677.144141 20.072 0.164 -34.567206 0.358674
53680.129974 21.25 0.131 53680.13164 20.689 0.029 53680.128307 20.422 0.032 53680.12914 20.043 0.031 53680.130807 19.92 0.119 -34.567206 0.358674
53686.196681 20.633 0.409 53686.198347 20.742 0.182 53686.195014 20.311 0.099 53686.195847 20.073 0.086 53686.197514 20.063 0.341 -34.567206 0.358674
53693.131876 21.872 0.493 53693.133542 20.61 0.061 53693.130209 20.219 0.044 53693.131042 20.078 0.043 53693.132709 19.952 0.127 -34.567206 0.358674
53702.127605 21.84 0.491 53702.129272 20.503 0.047 53702.125939 20.283 0.056 53702.126772 19.84 0.061 53702.128439 19.653 0.232 -34.567206 0.358674
53703.136684 21.107 0.191 53703.138351 20.554 0.037 53703.135018 20.235 0.037 53703.135851 19.97 0.045 53703.137518 19.904 0.172 -34.567206 0.358674
53704.115204 21.514 0.208 53704.11687 20.502 0.029 53704.113537 20.236 0.033 53704.11437 19.951 0.037 53704.116037 19.624 0.109 -34.567206 0.358674
53974.203166 21.36 0.114 53974.204832 20.488 0.027 53974.201499 20.227 0.022 53974.202332 19.973 0.025 53974.203999 20.036 0.111 -34.567206 0.358674
53989.211252 21.278 0.169 53989.212919 20.624 0.039 53989.209585 20.302 0.027 53989.210419 19.974 0.028 53989.212085 19.858 0.088 -34.567206 0.358674
53995.200502 21.257 0.135 53995.202168 20.574 0.025 53995.198835 20.321 0.029 53995.199668 19.919 0.03 53995.201335 20.075 0.116 -34.567206 0.358674
53997.17888 21.49 0.157 53997.180547 20.621 0.028 53997.177213 20.322 0.023 53997.178047 19.984 0.028 53997.179713 19.99 0.116 -34.567206 0.358674
54005.150734 21.305 0.111 54005.152401 20.568 0.022 54005.149067 20.281 0.023 54005.149901 19.974 0.026 54005.151567 19.843 0.088 -34.567206 0.358674
54007.163473 21.215 0.137 54007.16514 20.52 0.028 54007.161807 20.284 0.028 54007.16264 20.014 0.03 54007.164307 19.963 0.114 -34.567206 0.358674
54009.160583 21.113 0.125 54009.16225 20.591 0.037 54009.158917 20.341 0.028 54009.15975 19.983 0.027 54009.161417 19.899 0.096 -34.567206 0.358674
54011.225073 21.678 0.294 54011.22674 20.597 0.048 54011.223407 20.356 0.039 54011.22424 20.057 0.035 54011.225907 19.935 0.094 -34.567206 0.358674
54019.175285 21.233 0.135 54019.176951 20.641 0.032 54019.173618 20.385 0.032 54019.174451 20.037 0.028 54019.176118 19.966 0.094 -34.567206 0.358674
54025.224091 20.856 0.115 54025.225758 20.642 0.028 54025.222425 20.332 0.033 54025.223258 20.003 0.034 54025.224925 20.047 0.15 -34.567206 0.358674
54029.154434 21.156 0.111 54029.1561 20.666 0.024 54029.152767 20.371 0.026 54029.1536 19.958 0.027 54029.155267 19.848 0.097 -34.567206 0.358674
54356.232592 21.303 0.153 54356.234259 20.442 0.023 54356.230926 20.185 0.029 54356.231759 19.87 0.027 54356.233426 19.863 0.133 -34.567206 0.358674
54358.177656 21.266 0.318 54358.179323 20.481 0.038 54358.17599 20.177 0.037 54358.176823 19.817 0.034 54358.17849 -99.99 0.166 -34.567206 0.358674
54373.209746 21.099 0.192 54373.211413 20.431 0.052 54373.20808 20.191 0.032 54373.208913 19.882 0.031 54373.21058 19.68 0.101 -34.567206 0.358674
54381.222447 21.17 0.176 54381.224114 20.474 0.031 54381.220781 20.232 0.036 54381.221614 19.84 0.04 54381.223281 19.904 0.17 -34.567206 0.358674
54382.219887 21.675 0.309 54382.221553 20.387 0.026 54382.21822 20.23 0.035 54382.219053 19.877 0.036 54382.22072 19.537 0.137 -34.567206 0.358674
54383.225593 21.191 0.216 54383.227259 20.502 0.041 54383.223926 20.322 0.051 54383.224759 19.901 0.047 54383.226426 19.512 0.138 -34.567206 0.358674
54386.2226 21.346 0.165 54386.224267 20.444 0.029 54386.220933 20.212 0.034 54386.221767 19.872 0.033 54386.223433 19.87 0.149 -34.567206 0.358674
54388.226863 20.999 0.126 54388.228529 20.48 0.029 54388.225196 20.218 0.033 54388.226029 19.883 0.031 54388.227696 20.033 0.145 -34.567206 0.358674
54403.140646 21.221 0.111 54403.142312 20.432 0.024 54403.138979 20.227 0.024 54403.139812 19.868 0.026 54403.141479 19.768 0.088 -34.567206 0.358674
54406.134486 20.872 0.09 54406.136153 20.455 0.024 54406.132819 20.188 0.026 54406.133653 19.845 0.027 54406.135319 19.682 0.098 -34.567206 0.358674
54412.137411 21.178 0.115 54412.139078 20.429 0.022 54412.135744 20.219 0.023 54412.136578 19.863 0.026 54412.138244 19.979 0.11 -34.567206 0.358674
