51075.336263 19.348 0.028 51075.337929 19.197 0.011 51075.334596 19.188 0.013 51075.335429 19.132 0.017 51075.337096 19.167 0.061 13.143059 -0.551597
52196.355482 19.496 0.039 52196.357148 19.282 0.012 52196.353815 19.299 0.015 52196.354648 19.252 0.019 52196.356315 19.02 0.054 13.143059 -0.551597
52197.349918 19.4 0.033 52197.351584 19.283 0.012 52197.348251 19.338 0.015 52197.349084 19.201 0.016 52197.350751 19.11 0.05 13.143059 -0.551597
52207.322244 19.37 0.032 52207.32391 19.297 0.012 52207.320577 19.279 0.014 52207.32141 19.196 0.015 52207.323077 19.014 0.045 13.143059 -0.551597
52225.200065 19.41 0.034 52225.201731 19.264 0.011 52225.198398 19.293 0.015 52225.199231 19.21 0.016 52225.200898 19.1 0.05 13.143059 -0.551597
52231.235849 19.497 0.035 52231.237515 19.3 0.012 52231.234182 19.229 0.013 52231.235015 19.163 0.014 52231.236682 19.109 0.047 13.143059 -0.551597
52253.222016 19.523 0.048 52253.223682 19.348 0.014 52253.220349 19.277 0.015 52253.221182 19.19 0.017 52253.222849 19.161 0.065 13.143059 -0.551597
52557.34385 19.566 0.039 52557.345516 19.436 0.013 52557.342183 19.413 0.016 52557.343016 19.261 0.018 52557.344683 19.106 0.054 13.143059 -0.551597
52578.239936 19.614 0.035 52578.241602 19.443 0.012 52578.238269 19.433 0.015 52578.239102 19.328 0.018 52578.240769 19.123 0.05 13.143059 -0.551597
52908.318416 19.528 0.04 52908.320082 19.389 0.012 52908.316749 19.426 0.015 52908.317582 19.317 0.018 52908.319249 19.301 0.057 13.143059 -0.551597
52934.250318 19.574 0.043 52934.251984 19.37 0.014 52934.248651 19.407 0.019 52934.249484 19.302 0.021 52934.251151 19.267 0.073 13.143059 -0.551597
52936.246244 19.498 0.033 52936.24791 19.361 0.012 52936.244577 19.396 0.014 52936.24541 19.311 0.016 52936.247077 19.305 0.051 13.143059 -0.551597
53270.3103 19.534 0.035 53270.311967 19.379 0.018 53270.308633 19.344 0.014 53270.309467 19.257 0.019 53270.311133 19.222 0.04 13.143059 -0.551597
53272.360247 19.548 0.034 53272.361913 19.374 0.012 53272.35858 19.361 0.015 53272.359413 19.307 0.016 53272.36108 19.2 0.046 13.143059 -0.551597
53286.328968 19.517 0.056 53286.330634 19.393 0.02 53286.327301 19.372 0.02 53286.328134 19.25 0.023 53286.329801 19.213 0.072 13.143059 -0.551597
53288.287457 19.508 0.037 53288.289123 19.394 0.013 53288.28579 19.35 0.015 53288.286623 19.264 0.017 53288.28829 19.169 0.051 13.143059 -0.551597
53294.335133 19.519 0.04 53294.336799 19.391 0.013 53294.333466 19.351 0.018 53294.334299 19.307 0.019 53294.335966 19.324 0.064 13.143059 -0.551597
53296.282159 19.578 0.04 53296.283825 19.387 0.02 53296.280492 19.396 0.019 53296.281325 19.234 0.025 53296.282992 19.311 0.074 13.143059 -0.551597
53298.331911 19.555 0.043 53298.333577 19.362 0.013 53298.330244 19.339 0.017 53298.331077 19.256 0.019 53298.332744 19.198 0.061 13.143059 -0.551597
53302.283126 19.454 0.054 53302.284792 19.407 0.024 53302.281459 19.382 0.021 53302.282292 19.241 0.018 53302.283959 19.225 0.054 13.143059 -0.551597
53312.238714 -99.99 0.04 53312.240381 19.366 0.018 53312.237047 19.357 0.019 53312.237881 19.315 0.024 53312.239547 19.152 0.058 13.143059 -0.551597
53314.239855 19.443 0.035 53314.241521 19.32 0.012 53314.238188 19.348 0.016 53314.239021 19.242 0.018 53314.240688 19.093 0.055 13.143059 -0.551597
53616.344215 19.433 0.047 53616.345881 19.33 0.014 53616.342548 19.327 0.019 53616.343381 19.218 0.023 53616.345048 19.147 0.062 13.143059 -0.551597
53626.32064 -99.99 0.035 53626.322306 19.351 0.012 53626.318973 19.314 0.014 53626.319806 19.24 0.015 53626.321473 19.217 0.046 13.143059 -0.551597
53628.305505 19.651 0.076 53628.307171 19.388 0.024 53628.303838 19.3 0.024 53628.304671 19.308 0.024 53628.306338 19.139 0.057 13.143059 -0.551597
53637.307123 19.494 0.056 53637.308789 19.351 0.019 53637.305456 19.3 0.021 53637.306289 19.271 0.023 53637.307956 19.2 0.079 13.143059 -0.551597
53639.3525 19.469 0.037 53639.354166 19.337 0.013 53639.350833 19.335 0.014 53639.351666 19.233 0.014 53639.353333 19.154 0.041 13.143059 -0.551597
53654.334192 19.486 0.036 53654.335858 19.32 0.012 53654.332525 19.325 0.015 53654.333358 19.24 0.016 53654.335025 19.127 0.054 13.143059 -0.551597
53663.295097 19.481 0.058 53663.296763 19.248 0.021 53663.29343 19.279 0.018 53663.294263 19.242 0.019 53663.29593 19.133 0.049 13.143059 -0.551597
53665.273067 19.444 0.041 53665.274733 19.356 0.015 53665.2714 19.283 0.015 53665.272233 19.218 0.015 53665.2739 19.117 0.042 13.143059 -0.551597
53666.365195 19.425 0.058 53666.366861 19.279 0.019 53666.363528 19.319 0.019 53666.364361 19.166 0.018 53666.366028 19.108 0.053 13.143059 -0.551597
53668.284697 19.372 0.042 53668.286363 19.309 0.015 53668.28303 19.306 0.018 53668.283863 19.257 0.021 53668.28553 19.208 0.07 13.143059 -0.551597
53670.289549 19.422 0.035 53670.291215 19.306 0.013 53670.287882 19.272 0.015 53670.288715 19.21 0.017 53670.290382 19.152 0.058 13.143059 -0.551597
53673.257535 19.388 0.034 53673.259201 19.301 0.011 53673.255868 19.255 0.014 53673.256701 19.213 0.015 53673.258368 19.095 0.044 13.143059 -0.551597
53675.254422 19.444 0.037 53675.256088 19.296 0.013 53675.252755 19.291 0.016 53675.253588 19.173 0.016 53675.255255 19.145 0.055 13.143059 -0.551597
53677.275453 19.393 0.032 53677.277119 19.295 0.011 53677.273786 19.278 0.013 53677.274619 19.217 0.015 53677.276286 19.214 0.042 13.143059 -0.551597
53680.26212 19.389 0.034 53680.263786 19.264 0.011 53680.260453 19.249 0.013 53680.261286 19.183 0.014 53680.262953 19.139 0.042 13.143059 -0.551597
53693.264016 19.393 0.066 53693.265682 19.238 0.022 53693.262349 19.234 0.018 53693.263182 19.208 0.019 53693.264849 19.032 0.052 13.143059 -0.551597
53698.261405 19.36 0.039 53698.263071 19.258 0.012 53698.259738 19.257 0.015 53698.260571 19.197 0.017 53698.262238 19.286 0.072 13.143059 -0.551597
53704.247338 19.402 0.043 53704.249004 19.249 0.012 53704.245671 19.226 0.015 53704.246504 19.141 0.02 53704.248171 19.25 0.066 13.143059 -0.551597
53977.388616 19.302 0.027 53977.390282 19.191 0.023 53977.386949 19.152 0.014 53977.387782 19.151 0.02 53977.389449 19.038 0.037 13.143059 -0.551597
53989.343392 19.3 0.052 53989.345059 19.179 0.022 53989.341726 19.129 0.022 53989.342559 19.112 0.017 53989.344226 19.094 0.044 13.143059 -0.551597
53995.35801 19.35 0.027 53995.359677 19.194 0.021 53995.356344 19.156 0.015 53995.357177 19.123 0.015 53995.358844 19.021 0.04 13.143059 -0.551597
54000.318846 19.351 0.036 54000.320513 -99.99 0.025 54000.31718 19.176 0.021 54000.318013 19.06 0.022 54000.31968 19.022 0.062 13.143059 -0.551597
54006.265584 19.342 0.031 54006.26725 -99.99 0.035 54006.263917 19.145 0.018 54006.26475 19.1 0.019 54006.266417 19.028 0.041 13.143059 -0.551597
54007.368987 -99.99 0.067 54007.370654 -99.99 0.029 54007.367321 19.148 0.018 54007.368154 19.076 0.026 54007.369821 19.059 0.063 13.143059 -0.551597
54009.292761 19.331 0.046 54009.294427 19.144 0.018 54009.291094 19.166 0.022 54009.291927 19.106 0.021 54009.293594 19.053 0.043 13.143059 -0.551597
54011.357212 19.284 0.031 54011.358878 19.199 0.025 54011.355545 19.145 0.017 54011.356378 19.071 0.018 54011.358045 19.06 0.036 13.143059 -0.551597
54025.356237 19.285 0.036 54025.357903 19.153 0.022 54025.35457 19.146 0.017 54025.355403 19.072 0.02 54025.35707 19.092 0.057 13.143059 -0.551597
54029.286597 19.303 0.034 54029.288263 19.157 0.016 54029.28493 19.16 0.021 54029.285763 19.071 0.02 54029.28743 19.052 0.047 13.143059 -0.551597
54348.353963 19.277 0.034 54348.355629 19.238 0.016 54348.352296 19.167 0.015 54348.353129 19.072 0.017 54348.354796 19.024 0.047 13.143059 -0.551597
54358.309808 19.243 0.035 54358.311474 19.146 0.017 54358.308141 19.174 0.019 54358.308974 19.108 0.025 54358.310641 19.095 0.055 13.143059 -0.551597
54359.30382 19.117 0.064 54359.305486 19.144 0.023 54359.302153 19.149 0.035 54359.302986 19.071 0.043 54359.304653 18.859 0.116 13.143059 -0.551597
54365.342885 19.226 0.03 54365.344551 19.172 0.024 54365.341218 19.151 0.016 54365.342051 19.104 0.018 54365.343718 18.992 0.039 13.143059 -0.551597
54381.362459 19.276 0.03 54381.364126 19.178 0.021 54381.360792 19.121 0.02 54381.361626 19.087 0.016 54381.363292 19.023 0.038 13.143059 -0.551597
54384.369081 19.294 0.033 54384.370748 19.184 0.025 54384.367414 19.14 0.017 54384.368248 19.076 0.019 54384.369914 18.944 0.041 13.143059 -0.551597
54386.354756 19.251 0.036 54386.356422 -99.99 0.025 54386.353089 19.143 0.019 54386.353922 19.052 0.021 54386.355589 19.077 0.059 13.143059 -0.551597
54388.359016 19.285 0.031 54388.360683 19.145 0.014 54388.357349 19.191 0.015 54388.358183 19.063 0.017 54388.359849 18.957 0.038 13.143059 -0.551597
54403.272793 19.377 0.068 54403.27446 19.214 0.031 54403.271127 19.143 0.03 54403.27196 19.005 0.036 54403.273627 19.008 0.077 13.143059 -0.551597
54404.330367 19.36 0.079 54404.332034 19.233 0.023 54404.3287 19.209 0.018 54404.329534 19.081 0.023 54404.3312 19.003 0.05 13.143059 -0.551597
54405.328345 19.346 0.038 54405.330011 19.263 0.024 54405.326678 19.209 0.016 54405.327511 19.124 0.022 54405.329178 19.087 0.045 13.143059 -0.551597
54406.26663 19.353 0.038 54406.268296 19.196 0.022 54406.264963 19.184 0.017 54406.265796 19.097 0.024 54406.267463 19.033 0.047 13.143059 -0.551597
54412.269592 19.401 0.036 54412.271259 19.252 0.017 54412.267926 19.205 0.018 54412.268759 19.118 0.022 54412.270426 19.02 0.052 13.143059 -0.551597
