51464.197794 19.906 0.037 51464.19946 19.636 0.013 51464.196127 19.289 0.013 51464.19696 19.22 0.017 51464.198627 19.167 0.067 -32.477339 0.368373
52197.22352 19.69 0.037 52197.225186 19.487 0.012 52197.221853 19.254 0.013 52197.222686 19.233 0.016 52197.224353 19.285 0.067 -32.477339 0.368373
52231.109494 19.787 0.037 52231.11116 19.543 0.012 52231.107827 19.255 0.013 52231.10866 19.242 0.016 52231.110327 19.214 0.057 -32.477339 0.368373
52557.217498 19.672 0.049 52557.219164 19.485 0.014 52557.215831 19.222 0.015 52557.216664 19.171 0.021 52557.218331 19.151 0.094 -32.477339 0.368373
52578.113575 19.741 0.038 52578.115241 19.512 0.012 52578.111908 19.225 0.013 52578.112741 19.225 0.017 52578.114408 19.089 0.062 -32.477339 0.368373
52929.143803 19.784 0.039 52929.145469 19.555 0.012 52929.142136 19.213 0.013 52929.142969 19.2 0.017 52929.144636 19.141 0.065 -32.477339 0.368373
52934.12396 19.761 0.044 52934.125626 19.519 0.014 52934.122293 19.205 0.014 52934.123126 19.218 0.017 52934.124793 19.052 0.07 -32.477339 0.368373
52936.119885 19.724 0.035 52936.121551 19.528 0.012 52936.118218 19.251 0.013 52936.119051 19.211 0.015 52936.120718 19.119 0.053 -32.477339 0.368373
53243.305094 19.879 0.055 53243.30676 19.578 0.019 53243.303427 19.247 0.015 53243.30426 19.246 0.017 53243.305927 19.242 0.061 -32.477339 0.368373
53272.233895 19.871 0.073 53272.235561 19.527 0.023 53272.232228 19.265 0.018 53272.233061 19.221 0.02 53272.234728 19.161 0.062 -32.477339 0.368373
53288.161102 19.892 0.046 53288.162768 19.517 0.012 53288.159435 19.228 0.013 53288.160268 19.199 0.016 53288.161935 19.081 0.054 -32.477339 0.368373
53294.188415 19.758 0.042 53294.190081 19.561 0.026 53294.186748 19.24 0.021 53294.187581 19.183 0.025 53294.189248 19.257 0.07 -32.477339 0.368373
53302.15677 19.841 0.079 53302.158436 19.49 0.023 53302.155103 19.209 0.019 53302.155936 19.198 0.021 53302.157603 18.938 0.054 -32.477339 0.368373
53312.112352 19.622 0.048 53312.114018 -99.99 0.043 53312.110685 19.172 0.023 53312.111518 19.363 0.039 53312.113185 19.203 0.125 -32.477339 0.368373
53314.113495 19.718 0.041 53314.115161 19.471 0.013 53314.111828 19.164 0.014 53314.112661 19.154 0.019 53314.114328 19.057 0.067 -32.477339 0.368373
53616.217869 19.965 0.071 53616.219535 19.557 0.016 53616.216202 19.242 0.016 53616.217035 19.208 0.022 53616.218702 19.285 0.112 -32.477339 0.368373
53623.208078 19.864 0.05 53623.209744 19.647 0.015 53623.206411 19.224 0.014 53623.207244 19.215 0.018 53623.208911 19.134 0.069 -32.477339 0.368373
53626.19429 19.733 0.055 53626.195956 19.525 0.02 53626.192623 19.272 0.017 53626.193456 19.261 0.02 53626.195123 19.198 0.067 -32.477339 0.368373
53628.179156 19.824 0.155 53628.180822 19.539 0.042 53628.177489 19.297 0.032 53628.178322 -99.99 0.038 53628.179989 19.137 0.107 -32.477339 0.368373
53637.180769 19.885 0.057 53637.182435 19.657 0.015 53637.179102 19.226 0.016 53637.179935 19.24 0.023 53637.181602 19.244 0.098 -32.477339 0.368373
53644.17322 19.89 0.036 53644.174887 19.649 0.015 53644.171554 19.315 0.014 53644.172387 19.287 0.018 53644.174054 19.268 0.054 -32.477339 0.368373
53654.207839 20.032 0.086 53654.209505 19.692 0.022 53654.206172 19.351 0.021 53654.207005 19.326 0.026 53654.208672 19.341 0.12 -32.477339 0.368373
53656.155431 19.758 0.107 53656.157097 19.729 0.042 53656.153764 19.357 0.03 53656.154597 19.253 0.033 53656.156264 19.286 0.117 -32.477339 0.368373
53665.146709 20.121 0.108 53665.148375 19.698 0.031 53665.145042 19.313 0.035 53665.145875 19.369 0.044 53665.147542 18.983 0.111 -32.477339 0.368373
53668.15834 20.039 0.057 53668.160006 19.678 0.014 53668.156673 19.334 0.016 53668.157506 19.326 0.022 53668.159173 19.119 0.072 -32.477339 0.368373
53670.163192 19.948 0.051 53670.164858 19.668 0.014 53670.161525 19.314 0.015 53670.162358 19.349 0.021 53670.164025 19.328 0.083 -32.477339 0.368373
53673.131176 19.878 0.047 53673.132842 19.678 0.014 53673.129509 19.347 0.015 53673.130342 19.301 0.019 53673.132009 19.257 0.07 -32.477339 0.368373
53675.128064 19.932 0.045 53675.12973 19.715 0.014 53675.126397 19.329 0.014 53675.12723 19.329 0.019 53675.128897 19.234 0.064 -32.477339 0.368373
53677.149097 19.901 0.049 53677.150763 19.666 0.013 53677.14743 19.302 0.015 53677.148263 19.296 0.019 53677.14993 19.21 0.062 -32.477339 0.368373
53680.135762 20.011 0.049 53680.137428 19.717 0.014 53680.134095 19.339 0.015 53680.134928 19.295 0.017 53680.136595 19.239 0.062 -32.477339 0.368373
53686.202468 19.962 0.267 53686.204134 19.56 0.06 53686.200801 19.346 0.051 53686.201634 19.247 0.05 53686.203301 19.601 0.257 -32.477339 0.368373
53693.137664 19.912 0.081 53693.13933 19.679 0.026 53693.135997 19.307 0.02 53693.13683 19.297 0.022 53693.138497 19.263 0.07 -32.477339 0.368373
53703.142465 19.903 0.066 53703.144132 19.751 0.02 53703.140798 19.354 0.023 53703.141632 19.273 0.028 53703.143298 19.248 0.099 -32.477339 0.368373
53704.120992 20.01 0.055 53704.122658 19.684 0.015 53704.119325 19.334 0.015 53704.120158 19.305 0.019 53704.121825 19.161 0.071 -32.477339 0.368373
53989.217039 19.943 0.065 53989.218706 19.688 0.024 53989.215373 19.351 0.018 53989.216206 19.369 0.02 53989.217873 19.21 0.055 -32.477339 0.368373
53995.206328 20.074 0.047 53995.207995 19.702 0.017 53995.204662 19.366 0.016 53995.205495 19.322 0.017 53995.207162 19.423 0.065 -32.477339 0.368373
53997.184705 20.006 0.05 53997.186372 19.712 0.02 53997.183039 19.355 0.015 53997.183872 19.348 0.025 53997.185539 19.374 0.072 -32.477339 0.368373
54000.192473 20.009 0.057 54000.19414 19.668 0.022 54000.190807 19.405 0.018 54000.19164 19.331 0.023 54000.193307 19.198 0.074 -32.477339 0.368373
54005.156523 20.056 0.044 54005.15819 19.703 0.017 54005.154857 19.369 0.016 54005.15569 19.384 0.019 54005.157357 19.296 0.053 -32.477339 0.368373
54007.169261 19.926 0.053 54007.170928 19.677 0.019 54007.167594 19.331 0.02 54007.168428 19.303 0.023 54007.170094 19.296 0.064 -32.477339 0.368373
54009.166385 19.953 0.048 54009.168051 19.699 0.018 54009.164718 19.361 0.015 54009.165551 19.377 0.019 54009.167218 19.322 0.053 -32.477339 0.368373
54011.230867 20.005 0.071 54011.232533 19.71 0.025 54011.2292 19.381 0.021 54011.230033 19.361 0.022 54011.2317 19.225 0.051 -32.477339 0.368373
54019.181106 19.888 0.05 54019.182773 19.717 0.018 54019.17944 19.352 0.016 54019.180273 19.367 0.018 54019.18194 19.381 0.059 -32.477339 0.368373
54025.229879 20.006 0.055 54025.231545 19.699 0.018 54025.228212 19.33 0.017 54025.229045 19.349 0.02 54025.230712 19.309 0.085 -32.477339 0.368373
54029.160216 20.027 0.049 54029.161883 19.724 0.018 54029.15855 19.412 0.017 54029.159383 19.357 0.021 54029.16105 19.327 0.061 -32.477339 0.368373
54356.23838 20.06 0.054 54356.240047 19.766 0.018 54356.236713 19.429 0.018 54356.237547 19.429 0.023 54356.239213 19.329 0.074 -32.477339 0.368373
54358.183438 20.187 0.081 54358.185105 19.694 0.047 54358.181771 19.419 0.03 54358.182605 19.409 0.029 54358.184271 19.639 0.164 -32.477339 0.368373
54373.215565 -99.99 0.147 54373.217231 -99.99 0.367 54373.213898 -99.99 0.08 54373.214731 -99.99 0.594 54373.216398 21.133 1.574 -32.477339 0.368373
54373.290744 20.314 0.165 54373.29241 -99.99 0.048 54373.289077 19.456 0.028 54373.28991 19.36 0.029 54373.291577 19.361 0.101 -32.477339 0.368373
54381.228277 20.005 0.067 54381.229943 19.792 0.023 54381.22661 19.418 0.027 54381.227443 19.371 0.037 54381.22911 19.272 0.099 -32.477339 0.368373
54382.22565 20.173 0.076 54382.227317 19.794 0.024 54382.223983 19.41 0.018 54382.224817 19.411 0.023 54382.226483 19.426 0.09 -32.477339 0.368373
54386.228392 20.244 0.066 54386.230059 19.802 0.019 54386.226726 19.431 0.02 54386.227559 19.462 0.024 54386.229226 19.39 0.065 -32.477339 0.368373
54388.232658 20.24 0.07 54388.234324 19.826 0.019 54388.230991 19.433 0.019 54388.231824 19.416 0.023 54388.233491 19.341 0.077 -32.477339 0.368373
54403.146436 20.111 0.049 54403.148103 19.792 0.019 54403.14477 19.473 0.019 54403.145603 19.439 0.023 54403.14727 19.43 0.066 -32.477339 0.368373
54406.140267 20.161 0.05 54406.141934 19.8 0.018 54406.138601 19.447 0.022 54406.139434 19.43 0.023 54406.141101 19.25 0.066 -32.477339 0.368373
54412.143206 20.077 0.052 54412.144872 19.808 0.018 54412.141539 19.475 0.017 54412.142372 19.444 0.02 54412.144039 19.367 0.062 -32.477339 0.368373
