51075.328746 19.342 0.026 51075.330412 18.854 0.01 51075.327079 18.891 0.012 51075.327912 18.968 0.017 51075.329579 18.864 0.053 10.429841 -0.981951
52196.347959 19.581 0.034 52196.349625 19.032 0.011 52196.346292 19.051 0.012 52196.347125 19.067 0.016 52196.348792 18.959 0.049 10.429841 -0.981951
52197.342355 19.587 0.031 52197.344021 19.009 0.011 52197.340688 19.032 0.012 52197.341521 19.082 0.016 52197.343188 18.929 0.046 10.429841 -0.981951
52207.314725 19.671 0.034 52207.316391 19.024 0.01 52207.313058 19.045 0.012 52207.313891 19.127 0.016 52207.315558 18.933 0.046 10.429841 -0.981951
52225.19255 19.612 0.03 52225.194216 19.019 0.011 52225.190883 19.039 0.012 52225.191716 19.137 0.017 52225.193383 18.927 0.046 10.429841 -0.981951
52231.228333 19.557 0.032 52231.229999 19.034 0.01 52231.226666 19.04 0.011 52231.227499 19.12 0.016 52231.229166 18.966 0.041 10.429841 -0.981951
52253.214502 19.68 0.038 52253.216168 19.054 0.012 52253.212835 19.048 0.012 52253.213668 19.069 0.016 52253.215335 18.878 0.043 10.429841 -0.981951
52557.336335 19.572 0.036 52557.338001 19.017 0.012 52557.334668 19.018 0.012 52557.335501 19.093 0.018 52557.337168 18.922 0.055 10.429841 -0.981951
52578.23242 19.632 0.031 52578.234086 18.996 0.01 52578.230753 19.025 0.011 52578.231586 19.054 0.016 52578.233253 18.987 0.045 10.429841 -0.981951
52908.310901 19.682 0.035 52908.312567 19.048 0.011 52908.309234 19.027 0.012 52908.310067 19.079 0.016 52908.311734 18.985 0.047 10.429841 -0.981951
52934.242802 19.633 0.041 52934.244468 18.997 0.011 52934.241135 19.023 0.014 52934.241968 19.05 0.021 52934.243635 18.832 0.053 10.429841 -0.981951
52936.23873 19.599 0.031 52936.240396 19.001 0.01 52936.237063 19.011 0.011 52936.237896 19.046 0.015 52936.239563 18.902 0.04 10.429841 -0.981951
52962.164253 19.564 0.033 52962.165919 19.016 0.013 52962.162586 18.999 0.013 52962.163419 19.041 0.019 52962.165086 18.829 0.052 10.429841 -0.981951
53270.30278 19.618 0.03 53270.304447 19.044 0.031 53270.301114 19.025 0.014 53270.301947 19.098 0.022 53270.303614 18.996 0.037 10.429841 -0.981951
53272.352733 19.669 0.034 53272.354399 19.066 0.011 53272.351066 19.037 0.012 53272.351899 19.075 0.016 53272.353566 18.977 0.044 10.429841 -0.981951
53286.321451 19.66 0.043 53286.323117 19.078 0.012 53286.319784 19.075 0.013 53286.320617 19.096 0.017 53286.322284 19.034 0.048 10.429841 -0.981951
53288.279941 19.726 0.039 53288.281607 19.08 0.012 53288.278274 19.076 0.013 53288.279107 19.128 0.018 53288.280774 19.023 0.05 10.429841 -0.981951
53294.327617 19.607 0.038 53294.329283 19.076 0.013 53294.32595 19.088 0.014 53294.326783 19.118 0.02 53294.32845 18.944 0.054 10.429841 -0.981951
53296.274631 19.745 0.047 53296.276298 19.066 0.016 53296.272964 19.095 0.02 53296.273798 19.128 0.038 53296.275464 19.011 0.058 10.429841 -0.981951
53298.324396 19.645 0.039 53298.326062 19.073 0.012 53298.322729 19.065 0.014 53298.323562 19.082 0.018 53298.325229 18.933 0.054 10.429841 -0.981951
53302.27561 19.752 0.062 53302.277276 19.099 0.018 53302.273943 19.092 0.017 53302.274776 19.153 0.02 53302.276443 18.937 0.045 10.429841 -0.981951
53312.231195 -99.99 0.046 53312.232862 19.101 0.026 53312.229528 19.087 0.02 53312.230362 19.124 0.022 53312.232028 19.023 0.057 10.429841 -0.981951
53314.232339 19.77 0.038 53314.234005 19.08 0.011 53314.230672 19.075 0.013 53314.231505 19.119 0.019 53314.233172 18.973 0.053 10.429841 -0.981951
53616.3367 19.818 0.059 53616.338366 19.191 0.016 53616.335033 19.141 0.018 53616.335866 19.224 0.03 53616.337533 18.996 0.073 10.429841 -0.981951
53626.313126 19.798 0.039 53626.314792 19.205 0.012 53626.311459 19.146 0.013 53626.312292 19.203 0.018 53626.313959 19.047 0.046 10.429841 -0.981951
53628.297991 19.899 0.083 53628.299657 19.184 0.023 53628.296324 19.243 0.022 53628.297157 19.245 0.024 53628.298824 19.064 0.06 10.429841 -0.981951
53637.299607 19.858 0.068 53637.301273 19.211 0.018 53637.29794 19.164 0.018 53637.298773 19.22 0.025 53637.30044 19.163 0.071 10.429841 -0.981951
53639.344984 19.877 0.042 53639.34665 19.25 0.013 53639.343317 19.178 0.013 53639.34415 19.242 0.016 53639.345817 19.044 0.039 10.429841 -0.981951
53654.326677 19.859 0.042 53654.328343 19.202 0.012 53654.32501 19.19 0.013 53654.325843 19.255 0.019 53654.32751 19.121 0.056 10.429841 -0.981951
53663.287581 19.799 0.07 53663.289247 19.137 0.019 53663.285914 19.16 0.017 53663.286747 19.115 0.018 53663.288414 19.082 0.052 10.429841 -0.981951
53665.265552 19.813 0.063 53665.267218 19.211 0.015 53665.263885 19.183 0.018 53665.264718 19.271 0.023 53665.266385 19.065 0.048 10.429841 -0.981951
53666.357681 19.805 0.073 53666.359347 19.234 0.018 53666.356014 19.197 0.016 53666.356847 19.216 0.019 53666.358514 18.998 0.046 10.429841 -0.981951
53668.277181 19.899 0.054 53668.278847 19.191 0.014 53668.275514 19.243 0.018 53668.276347 19.17 0.021 53668.278014 19.083 0.067 10.429841 -0.981951
53670.282034 19.836 0.041 53670.2837 19.207 0.014 53670.280367 19.222 0.017 53670.2812 19.298 0.023 53670.282867 19.084 0.056 10.429841 -0.981951
53673.250019 19.845 0.038 53673.251685 19.211 0.012 53673.248352 19.219 0.014 53673.249185 19.235 0.018 53673.250852 19.005 0.044 10.429841 -0.981951
53675.246907 19.812 0.04 53675.248573 19.231 0.012 53675.24524 19.174 0.015 53675.246073 19.174 0.02 53675.24774 19.095 0.057 10.429841 -0.981951
53677.267938 19.824 0.037 53677.269604 19.206 0.012 53677.266271 19.209 0.013 53677.267104 19.276 0.017 53677.268771 19.043 0.043 10.429841 -0.981951
53680.254604 19.868 0.041 53680.25627 19.206 0.012 53680.252937 19.22 0.013 53680.25377 19.226 0.017 53680.255437 19.072 0.043 10.429841 -0.981951
53693.256501 19.805 0.077 53693.258167 19.228 0.022 53693.254834 19.191 0.018 53693.255667 19.197 0.02 53693.257334 19.014 0.05 10.429841 -0.981951
53698.253891 19.782 0.043 53698.255557 19.21 0.014 53698.252224 19.191 0.014 53698.253057 19.234 0.019 53698.254724 18.995 0.052 10.429841 -0.981951
53704.239824 19.8 0.054 53704.24149 -99.99 0.017 53704.238157 19.192 0.018 53704.23899 19.238 0.027 53704.240657 18.943 0.07 10.429841 -0.981951
53974.332501 19.864 0.039 53974.334167 19.273 0.024 53974.330834 19.24 0.02 53974.331667 19.259 0.023 53974.333334 19.022 0.038 10.429841 -0.981951
53977.381087 19.869 0.035 53977.382754 19.237 0.022 53977.379421 19.216 0.02 53977.380254 19.279 0.018 53977.381921 19.057 0.042 10.429841 -0.981951
53989.335873 19.82 0.066 53989.33754 19.225 0.027 53989.334206 19.222 0.022 53989.33504 19.249 0.027 53989.336706 19.082 0.046 10.429841 -0.981951
53995.350489 19.868 0.035 53995.352155 19.275 0.027 53995.348822 19.204 0.022 53995.349655 19.282 0.021 53995.351322 19.043 0.04 10.429841 -0.981951
54000.311311 19.884 0.042 54000.312977 19.252 0.026 54000.309644 19.241 0.02 54000.310477 19.268 0.026 54000.312144 19.177 0.065 10.429841 -0.981951
54006.258249 -99.99 0.077 54006.259915 19.254 0.019 54006.256582 19.243 0.02 54006.257415 19.308 0.041 54006.259082 -99.99 0.049 10.429841 -0.981951
54007.36144 19.846 0.045 54007.363107 19.285 0.021 54007.359774 19.251 0.02 54007.360607 19.211 0.041 54007.362274 19.064 0.046 10.429841 -0.981951
54009.285223 19.857 0.043 54009.28689 19.264 0.024 54009.283556 19.272 0.025 54009.28439 19.224 0.023 54009.286056 19.028 0.047 10.429841 -0.981951
54011.349706 19.873 0.045 54011.351373 19.278 0.031 54011.34804 19.243 0.02 54011.348873 19.278 0.021 54011.35054 19.109 0.042 10.429841 -0.981951
54025.348718 19.904 0.043 54025.350384 19.288 0.024 54025.347051 19.292 0.021 54025.347884 19.301 0.026 54025.349551 19.008 0.056 10.429841 -0.981951
54029.279068 19.917 0.044 54029.280735 19.29 0.021 54029.277401 -99.99 0.035 54029.278235 19.329 0.071 54029.279901 19.102 0.069 10.429841 -0.981951
54348.346453 20.067 0.05 54348.34812 19.382 0.022 54348.344787 19.343 0.029 54348.34562 19.391 0.023 54348.347287 19.189 0.058 10.429841 -0.981951
54358.302288 20.013 0.052 54358.303955 19.389 0.02 54358.300622 19.364 0.025 54358.301455 19.438 0.032 54358.303122 19.253 0.073 10.429841 -0.981951
54359.296312 20.169 0.079 54359.297979 19.37 0.026 54359.294646 19.4 0.052 54359.295479 19.371 0.034 54359.297146 19.428 0.138 10.429841 -0.981951
54365.33534 20.053 0.039 54365.337006 19.397 0.025 54365.333673 19.374 0.021 54365.334506 19.361 0.024 54365.336173 19.171 0.044 10.429841 -0.981951
54381.35494 19.982 0.046 54381.356607 19.369 0.021 54381.353274 19.408 0.019 54381.354107 19.399 0.022 54381.355774 19.18 0.047 10.429841 -0.981951
54384.361553 20.109 0.049 54384.36322 19.409 0.02 54384.359887 19.396 0.023 54384.36072 19.37 0.023 54384.362387 19.129 0.051 10.429841 -0.981951
54386.347232 20.158 0.056 54386.348898 19.402 0.024 54386.345565 19.4 0.021 54386.346398 19.432 0.027 54386.348065 19.21 0.062 10.429841 -0.981951
54388.351497 20.049 0.046 54388.353164 19.416 0.024 54388.34983 19.358 0.021 54388.350664 19.543 0.033 54388.35233 19.175 0.047 10.429841 -0.981951
54403.265342 20.19 0.174 54403.267009 19.44 0.063 54403.263676 19.371 0.07 54403.264509 19.396 0.068 54403.266176 19.048 0.157 10.429841 -0.981951
54404.322826 19.981 0.069 54404.324493 19.378 0.022 54404.32116 19.388 0.022 54404.321993 19.396 0.026 54404.32366 19.218 0.055 10.429841 -0.981951
54405.320828 20.012 0.064 54405.322495 19.373 0.022 54405.319161 19.356 0.018 54405.319995 19.421 0.024 54405.321661 19.155 0.055 10.429841 -0.981951
54406.259104 20.09 0.044 54406.260771 19.399 0.024 54406.257437 19.393 0.018 54406.258271 19.393 0.021 54406.259937 19.185 0.054 10.429841 -0.981951
54412.262034 20.065 0.053 54412.263701 19.404 0.025 54412.260367 19.361 0.022 54412.261201 19.398 0.024 54412.262867 19.14 0.064 10.429841 -0.981951
