51819.259853 21.417 0.152 51819.261519 20.845 0.033 51819.258186 20.461 0.035 51819.259019 20.173 0.043 51819.260686 20.241 0.155 -34.254035 0.98443
52172.275407 20.888 0.087 52172.277073 20.345 0.022 52172.27374 20.144 0.026 52172.274573 19.814 0.027 52172.27624 19.778 0.089 -34.254035 0.98443
52576.137365 20.798 0.087 52576.139031 20.345 0.028 52576.135698 20.086 0.028 52576.136531 19.798 0.033 52576.138198 19.813 0.117 -34.254035 0.98443
52577.112601 20.69 0.082 52577.114267 20.33 0.023 52577.110934 20.148 0.029 52577.111767 19.909 0.041 52577.113434 19.612 0.116 -34.254035 0.98443
52931.126763 20.99 0.089 52931.128429 20.44 0.024 52931.125096 20.177 0.026 52931.125929 19.86 0.03 52931.127596 19.727 0.089 -34.254035 0.98443
52935.123727 20.855 0.117 52935.125393 20.284 0.025 52935.12206 20.033 0.031 52935.122893 19.681 0.036 52935.12456 19.802 0.135 -34.254035 0.98443
53313.116927 20.885 0.103 53313.118593 20.418 0.027 53313.11526 20.279 0.037 53313.116093 19.803 0.037 53313.11776 19.926 0.145 -34.254035 0.98443
53622.226175 21.265 0.225 53622.227841 20.634 0.044 53622.224508 20.262 0.044 53622.225341 19.814 0.047 53622.227008 19.69 0.155 -34.254035 0.98443
53625.222139 21.205 0.123 53625.223805 20.725 0.036 53625.220472 20.467 0.034 53625.221305 20.051 0.034 53625.222972 19.891 0.092 -34.254035 0.98443
53634.175644 21.143 0.431 53634.17731 20.5 0.102 53634.173977 20.24 0.076 53634.17481 19.926 0.076 53634.176477 19.726 0.21 -34.254035 0.98443
53636.181176 21.268 0.151 53636.182842 20.684 0.037 53636.179509 20.344 0.035 53636.180342 20.028 0.042 53636.182009 20.131 0.145 -34.254035 0.98443
53655.153182 20.985 0.235 53655.154848 20.582 0.071 53655.151515 20.232 0.053 53655.152348 19.988 0.058 53655.154015 19.917 0.174 -34.254035 0.98443
53664.178138 21.479 0.304 53664.179804 20.682 0.058 53664.176471 20.368 0.046 53664.177304 20.096 0.05 53664.178971 20.033 0.145 -34.254035 0.98443
53666.141739 21.255 0.11 53666.143405 20.756 0.025 53666.140072 20.432 0.031 53666.140905 20.028 0.037 53666.142572 19.957 0.124 -34.254035 0.98443
53669.137379 21.438 0.127 53669.139045 20.767 0.025 53669.135712 20.473 0.03 53669.136545 20.065 0.034 53669.138212 19.973 0.106 -34.254035 0.98443
53671.222159 21.266 0.233 53671.223825 20.709 0.041 53671.220492 20.398 0.047 53671.221325 20.032 0.054 53671.222992 19.933 0.167 -34.254035 0.98443
53674.121613 21.221 0.12 53674.123279 20.765 0.029 53674.119946 20.421 0.032 53674.120779 20.078 0.037 53674.122446 20.243 0.149 -34.254035 0.98443
53676.21111 21.343 0.148 53676.212776 20.842 0.029 53676.209443 20.415 0.033 53676.210276 20.078 0.038 53676.211943 20.193 0.126 -34.254035 0.98443
53681.174504 21.223 0.167 53681.17617 20.725 0.041 53681.172837 20.437 0.041 53681.17367 20.152 0.051 53681.175337 20.378 0.192 -34.254035 0.98443
53694.14744 21.469 0.509 53694.149106 20.806 0.131 53694.145773 20.16 0.085 53694.146606 -99.99 0.097 53694.148273 -99.99 0.327 -34.254035 0.98443
53700.130491 21.629 0.245 53700.132157 20.701 0.034 53700.128824 20.258 0.037 53700.129657 19.941 0.044 53700.131324 19.986 0.155 -34.254035 0.98443
53705.117161 21.466 0.212 53705.118827 20.693 0.035 53705.115494 20.35 0.041 53705.116327 19.942 0.042 53705.117994 19.98 0.144 -34.254035 0.98443
53975.202165 20.998 0.095 53975.203832 20.473 0.025 53975.200499 20.279 0.026 53975.201332 19.931 0.031 53975.202999 19.923 0.116 -34.254035 0.98443
53996.20888 20.851 0.079 53996.210547 20.483 0.021 53996.207214 20.28 0.024 53996.208047 19.934 0.027 53996.209714 19.875 0.087 -34.254035 0.98443
53998.177531 20.94 0.083 53998.179198 20.484 0.021 53998.175864 20.253 0.023 53998.176698 19.968 0.033 53998.178364 20.082 0.111 -34.254035 0.98443
54010.163011 21.095 0.146 54010.164678 20.52 0.042 54010.161345 20.196 0.033 54010.162178 19.971 0.036 54010.163845 19.862 0.091 -34.254035 0.98443
54012.155834 21.02 0.236 54012.1575 20.599 0.083 54012.154167 20.223 0.067 54012.155 20.031 0.069 54012.156667 -99.99 0.169 -34.254035 0.98443
54020.161809 21.059 0.134 54020.163476 20.436 0.028 54020.160142 20.269 0.027 54020.160976 19.953 0.036 54020.162642 19.831 0.124 -34.254035 0.98443
54022.211129 21.067 0.112 54022.212796 20.544 0.035 54022.209463 20.318 0.035 54022.210296 19.954 0.038 54022.211963 19.736 0.12 -34.254035 0.98443
54028.15218 20.95 0.124 54028.153847 20.447 0.029 54028.150513 20.207 0.034 54028.151347 19.902 0.039 54028.153013 19.902 0.137 -34.254035 0.98443
54030.155366 20.938 0.084 54030.157033 20.532 0.021 54030.153699 20.244 0.025 54030.154533 19.898 0.029 54030.156199 20.057 0.105 -34.254035 0.98443
54034.214854 20.926 0.175 54034.216521 20.441 0.043 54034.213187 20.169 0.041 54034.214021 19.924 0.053 54034.215687 19.487 0.118 -34.254035 0.98443
54037.136606 20.96 0.1 54037.138272 20.463 0.032 54037.134939 20.255 0.037 54037.135772 -99.99 0.048 54037.137439 19.863 0.098 -34.254035 0.98443
54053.141895 21.061 0.125 54053.143562 20.509 0.026 54053.140229 20.286 0.035 54053.141062 19.925 0.047 54053.142729 19.975 0.125 -34.254035 0.98443
54057.112226 20.845 0.098 54057.113892 20.545 0.026 54057.110559 20.254 0.031 54057.111392 19.939 0.036 54057.113059 19.948 0.115 -34.254035 0.98443
54059.137831 21.026 0.13 54059.139498 20.521 0.032 54059.136164 20.199 0.036 54059.136998 20.015 0.042 54059.138664 20.168 0.147 -34.254035 0.98443
54061.148888 21.057 0.151 54061.150555 20.486 0.034 54061.147222 20.238 0.036 54061.148055 19.915 0.042 54061.149722 20.012 0.141 -34.254035 0.98443
54062.142729 21.178 0.208 54062.144396 20.487 0.036 54062.141063 20.213 0.041 54062.141896 19.916 0.051 54062.143563 19.973 0.191 -34.254035 0.98443
54357.181034 21.013 0.1 54357.1827 20.346 0.044 54357.179367 20.14 0.028 54357.1802 19.908 0.029 54357.181867 19.73 0.09 -34.254035 0.98443
54365.178887 20.967 0.196 54365.180554 20.248 0.041 54365.17722 20.051 0.035 54365.178054 19.835 0.045 54365.17972 19.552 0.096 -34.254035 0.98443
54385.228852 20.61 0.077 54385.230519 20.278 0.033 54385.227185 20.022 0.024 54385.228019 19.764 0.024 54385.229685 19.926 0.076 -34.254035 0.98443
54387.229372 20.676 0.104 54387.231038 20.249 0.022 54387.227705 20.112 0.028 54387.228538 19.831 0.034 54387.230205 19.761 0.097 -34.254035 0.98443
54392.224088 20.903 0.168 54392.225755 20.315 0.035 54392.222421 20.042 0.054 54392.223255 19.753 0.039 54392.224921 19.724 0.103 -34.254035 0.98443
54402.222545 20.527 0.192 54402.224212 20.32 0.058 54402.220879 20.109 0.047 54402.221712 19.817 0.042 54402.223379 19.824 0.105 -34.254035 0.98443
