51464.203533 19.531 0.032 51464.205199 18.989 0.009 51464.201866 19.102 0.013 51464.202699 18.82 0.015 51464.204366 18.834 0.044 -30.406165 1.130267
52197.229251 19.999 0.044 52197.230917 19.393 0.012 52197.227584 19.536 0.015 52197.228417 19.115 0.017 52197.230084 19.071 0.048 -30.406165 1.130267
52231.11523 20.296 0.051 52231.116896 19.473 0.012 52231.113563 19.611 0.017 52231.114396 19.199 0.019 52231.116063 19.181 0.053 -30.406165 1.130267
52557.223234 19.639 0.043 52557.2249 19.069 0.011 52557.221567 19.147 0.015 52557.2224 18.81 0.017 52557.224067 18.654 0.045 -30.406165 1.130267
52578.119312 19.676 0.037 52578.120978 19.096 0.01 52578.117645 19.158 0.014 52578.118478 18.854 0.016 52578.120145 18.799 0.045 -30.406165 1.130267
52929.14954 19.426 0.035 52929.151206 18.883 0.009 52929.147873 18.991 0.012 52929.148706 18.721 0.014 52929.150373 18.687 0.042 -30.406165 1.130267
52934.129697 19.427 0.032 52934.131363 18.867 0.009 52934.12803 19.009 0.012 52934.128863 18.704 0.014 52934.13053 18.588 0.04 -30.406165 1.130267
52936.125623 19.409 0.03 52936.127289 18.886 0.009 52936.123956 18.997 0.011 52936.124789 18.737 0.014 52936.126456 -99.99 0.039 -30.406165 1.130267
53243.310831 20.052 0.062 53243.312497 19.436 0.019 53243.309164 19.538 0.021 53243.309997 19.128 0.022 53243.311664 19.064 0.051 -30.406165 1.130267
53270.189693 20.208 0.061 53270.191359 19.512 0.02 53270.188026 19.622 0.02 53270.188859 19.173 0.021 53270.190526 18.931 0.045 -30.406165 1.130267
53272.239633 19.908 0.077 53272.241299 19.387 0.023 53272.237966 19.459 0.026 53272.238799 19.047 0.024 53272.240466 18.884 0.05 -30.406165 1.130267
53288.166839 20.056 0.05 53288.168505 19.465 0.013 53288.165172 19.563 0.016 53288.166005 19.12 0.024 53288.167672 19.136 0.052 -30.406165 1.130267
53294.194152 20.133 0.059 53294.195819 19.505 0.019 53294.192486 19.537 0.022 53294.193319 19.105 0.028 53294.194986 19.024 0.055 -30.406165 1.130267
53302.162508 20.082 0.089 53302.164174 19.437 0.024 53302.160841 19.529 0.027 53302.161674 19.114 0.023 53302.163341 18.984 0.055 -30.406165 1.130267
53312.118049 20.14 0.07 53312.119715 19.481 0.022 53312.116382 19.509 0.027 53312.117215 19.085 0.026 53312.118882 18.905 0.068 -30.406165 1.130267
53314.119233 20.043 0.051 53314.120899 19.422 0.013 53314.117566 19.503 0.019 53314.118399 19.051 0.027 53314.120066 18.953 0.064 -30.406165 1.130267
53616.223594 -99.99 0.151 53616.22526 19.032 0.029 53616.221927 19.179 0.021 53616.22276 -99.99 0.055 53616.224427 -99.99 0.152 -30.406165 1.130267
53626.200028 19.661 0.055 53626.201694 19.094 0.017 53626.198361 19.203 0.019 53626.199194 18.946 0.019 53626.200861 18.802 0.046 -30.406165 1.130267
53628.184895 19.616 0.112 53628.186561 19.094 0.029 53628.183228 19.114 0.03 53628.184061 18.82 0.03 53628.185728 18.709 0.069 -30.406165 1.130267
53637.186508 19.545 0.045 53637.188174 19.056 0.012 53637.184841 19.167 0.015 53637.185674 18.857 0.017 53637.187341 18.762 0.057 -30.406165 1.130267
53644.178959 19.555 0.032 53644.180626 19.034 0.014 53644.177292 19.147 0.014 53644.178126 18.917 0.015 53644.179792 18.82 0.04 -30.406165 1.130267
53654.213576 19.507 0.044 53654.215242 18.928 0.013 53654.211909 19.052 0.016 53654.212742 18.805 0.019 53654.214409 18.708 0.05 -30.406165 1.130267
53656.161169 19.502 0.078 53656.162835 18.95 0.022 53656.159502 19.045 0.024 53656.160335 18.807 0.024 53656.162002 18.755 0.07 -30.406165 1.130267
53665.152448 19.347 0.086 53665.154114 18.95 0.035 53665.150781 19.02 0.035 53665.151614 -99.99 0.048 53665.153281 -99.99 0.177 -30.406165 1.130267
53668.164078 19.452 0.04 53668.165744 18.954 0.01 53668.162411 19.054 0.015 53668.163244 18.753 0.018 53668.164911 18.657 0.053 -30.406165 1.130267
53670.168932 19.533 0.037 53670.170598 18.916 0.01 53670.167265 19.02 0.013 53670.168098 18.745 0.016 53670.169765 18.658 0.048 -30.406165 1.130267
53673.136915 19.444 0.034 53673.138581 18.921 0.009 53673.135248 19.029 0.013 53673.136081 18.761 0.015 53673.137748 18.796 0.044 -30.406165 1.130267
53675.133803 19.361 0.033 53675.135469 18.901 0.009 53675.132136 19.006 0.013 53675.132969 18.725 0.018 53675.134636 18.627 0.044 -30.406165 1.130267
53677.154836 19.392 0.034 53677.156502 18.885 0.009 53677.153169 19.001 0.012 53677.154002 18.749 0.014 53677.155669 18.665 0.034 -30.406165 1.130267
53680.141501 19.469 0.034 53680.143167 18.906 0.009 53680.139834 19 0.03 53680.140667 18.731 0.014 53680.142334 18.688 0.037 -30.406165 1.130267
53686.208203 -99.99 0.104 53686.209869 18.901 0.03 53686.206536 18.879 0.028 53686.207369 18.618 0.025 53686.209036 18.595 0.071 -30.406165 1.130267
53693.143403 19.405 0.05 53693.145069 18.911 0.015 53693.141736 18.981 0.017 53693.142569 18.717 0.016 53693.144236 18.678 0.038 -30.406165 1.130267
53702.139067 19.524 0.057 53702.140734 18.918 0.016 53702.137401 18.987 0.019 53702.138234 18.694 0.024 53702.139901 18.704 0.067 -30.406165 1.130267
53703.148199 19.428 0.049 53703.149865 18.929 0.024 53703.146532 18.985 0.018 53703.147365 18.711 0.065 53703.149032 18.628 0.049 -30.406165 1.130267
53704.126729 19.469 0.038 53704.128395 18.926 0.01 53704.125062 18.998 0.012 53704.125895 18.738 0.014 53704.127562 18.78 0.042 -30.406165 1.130267
53989.222784 19.975 0.064 53989.224451 19.398 0.02 53989.221118 19.527 0.019 53989.221951 19.083 0.021 53989.223618 19.006 0.048 -30.406165 1.130267
53995.212029 20.045 0.044 53995.213696 19.365 0.015 53995.210363 19.484 0.02 53995.211196 19.139 0.018 53995.212863 19.012 0.043 -30.406165 1.130267
53997.19043 20.032 0.054 53997.192096 19.379 0.017 53997.188763 19.47 0.019 53997.189596 19.098 0.022 53997.191263 18.909 0.051 -30.406165 1.130267
54000.198196 20.058 0.056 54000.199862 19.36 0.017 54000.196529 19.46 0.02 54000.197362 19.036 0.02 54000.199029 18.854 0.053 -30.406165 1.130267
54007.175001 19.981 0.048 54007.176668 19.393 0.019 54007.173334 19.485 0.021 54007.174168 19.061 0.02 54007.175834 18.894 0.048 -30.406165 1.130267
54009.172108 20.027 0.05 54009.173775 19.382 0.017 54009.170442 19.484 0.019 54009.171275 19.09 0.017 54009.172942 19.002 0.043 -30.406165 1.130267
54011.236604 19.97 0.063 54011.238271 19.37 0.02 54011.234937 19.486 0.025 54011.235771 19.088 0.022 54011.237437 19.062 0.047 -30.406165 1.130267
54019.186828 19.977 0.05 54019.188495 19.429 0.019 54019.185161 19.508 0.018 54019.185995 19.071 0.017 54019.187661 18.984 0.041 -30.406165 1.130267
54025.235617 19.926 0.055 54025.237283 19.364 0.019 54025.23395 19.421 0.023 54025.234783 19.082 0.024 54025.23645 19.017 0.059 -30.406165 1.130267
54029.165958 19.903 0.041 54029.167625 19.384 0.014 54029.164292 19.485 0.018 54029.165125 19.095 0.019 54029.166792 19.005 0.047 -30.406165 1.130267
54356.244127 19.871 0.046 54356.245794 19.315 0.023 54356.242461 19.464 0.018 54356.243294 19.073 0.02 54356.244961 19.068 0.05 -30.406165 1.130267
54358.1892 19.988 0.093 54358.190867 19.317 0.024 54358.187534 -99.99 0.037 54358.188367 -99.99 0.098 54358.190034 -99.99 0.096 -30.406165 1.130267
54373.296466 20.041 0.14 54373.298132 19.357 0.042 54373.294799 19.396 0.026 54373.295632 19.042 0.027 54373.297299 18.806 0.057 -30.406165 1.130267
54381.233975 19.775 0.06 54381.235642 19.293 0.019 54381.232308 19.347 0.026 54381.233142 18.997 0.03 54381.234808 18.923 0.071 -30.406165 1.130267
54382.231379 19.909 0.057 54382.233045 19.303 0.027 54382.229712 19.374 0.019 54382.230545 18.976 0.023 54382.232212 18.902 0.06 -30.406165 1.130267
54386.234128 19.87 0.043 54386.235794 19.263 0.017 54386.232461 19.349 0.018 54386.233294 19.04 0.017 54386.234961 19.01 0.042 -30.406165 1.130267
54388.23841 19.919 0.056 54388.240076 19.252 0.017 54388.236743 19.348 0.021 54388.237576 18.999 0.021 54388.239243 18.996 0.05 -30.406165 1.130267
54403.15217 19.817 0.041 54403.153837 19.195 0.016 54403.150504 19.284 0.016 54403.151337 18.948 0.021 54403.153004 18.926 0.043 -30.406165 1.130267
54406.146029 19.704 0.038 54406.147695 19.136 0.016 54406.144362 19.252 0.017 54406.145195 18.93 0.02 54406.146862 18.83 0.046 -30.406165 1.130267
54412.149156 19.719 0.041 54412.150823 19.125 0.016 54412.14749 19.225 0.016 54412.148323 -99.99 0.018 54412.14999 -99.99 0.042 -30.406165 1.130267
