51467.28648 19.819 0.062 51467.288146 19.681 0.02 51467.284813 19.586 0.023 51467.285646 19.446 0.026 51467.287313 19.113 0.09 -33.302145 -0.405462
51819.26247 19.955 0.045 51819.264136 19.75 0.015 51819.260803 19.604 0.016 51819.261636 19.478 0.019 51819.263303 19.225 0.058 -33.302145 -0.405462
52172.278044 19.729 0.035 52172.27971 19.54 0.013 52172.276377 19.389 0.014 52172.27721 19.305 0.017 52172.278877 19.059 0.049 -33.302145 -0.405462
52558.227745 19.667 0.037 52558.229411 19.56 0.014 52558.226078 19.4 0.015 52558.226911 19.332 0.019 52558.228578 19.131 0.055 -33.302145 -0.405462
52576.140001 19.788 0.05 52576.141667 19.62 0.014 52576.138334 19.416 0.016 52576.139167 19.307 0.026 52576.140834 19.119 0.077 -33.302145 -0.405462
52577.115238 19.702 0.037 52577.116904 19.548 0.013 52577.113571 19.446 0.017 52577.114404 19.319 0.022 52577.116071 19.058 0.068 -33.302145 -0.405462
52931.129399 19.921 0.039 52931.131065 19.667 0.013 52931.127732 19.553 0.015 52931.128565 19.434 0.018 52931.130232 19.157 0.049 -33.302145 -0.405462
52935.126363 19.835 0.044 52935.128029 19.685 0.015 52935.124696 19.546 0.017 52935.125529 19.404 0.021 52935.127196 19.208 0.065 -33.302145 -0.405462
53313.119563 19.82 0.045 53313.121229 19.648 0.015 53313.117896 19.575 0.019 53313.118729 19.474 0.024 53313.120396 19.267 0.076 -33.302145 -0.405462
53622.228809 20.126 0.068 53622.230475 19.897 0.022 53622.227142 19.731 0.025 53622.227975 19.638 0.032 53622.229642 19.332 0.096 -33.302145 -0.405462
53625.224775 20.012 0.045 53625.226441 19.891 0.019 53625.223108 19.744 0.019 53625.223941 19.622 0.021 53625.225608 19.31 0.052 -33.302145 -0.405462
53634.17828 20.147 0.162 53634.179946 -99.99 0.061 53634.176613 -99.99 0.05 53634.177446 -99.99 0.056 53634.179113 -99.99 0.185 -33.302145 -0.405462
53636.183811 20.124 0.059 53636.185477 19.878 0.02 53636.182144 19.721 0.02 53636.182977 19.597 0.024 53636.184644 19.314 0.061 -33.302145 -0.405462
53655.155817 19.897 0.072 53655.157483 19.832 0.029 53655.15415 19.742 0.032 53655.154983 19.575 0.032 53655.15665 19.324 0.078 -33.302145 -0.405462
53664.180775 20.007 0.077 53664.182441 19.839 0.03 53664.179108 19.651 0.024 53664.179941 19.615 0.027 53664.181608 19.294 0.072 -33.302145 -0.405462
53666.144376 20.045 0.042 53666.146042 19.806 0.014 53666.142709 19.706 0.017 53666.143542 19.598 0.021 53666.145209 19.368 0.061 -33.302145 -0.405462
53669.140015 19.966 0.04 53669.141681 19.821 0.014 53669.138348 19.668 0.016 53669.139181 19.549 0.02 53669.140848 19.266 0.053 -33.302145 -0.405462
53671.2248 19.891 0.074 53671.226466 19.855 0.022 53671.223133 19.734 0.027 53671.223966 19.605 0.033 53671.225633 19.162 0.087 -33.302145 -0.405462
53674.12425 19.936 0.043 53674.125916 19.786 0.015 53674.122583 19.746 0.019 53674.123416 19.529 0.02 53674.125083 19.237 0.057 -33.302145 -0.405462
53676.213747 20.038 0.049 53676.215413 19.802 0.015 53676.21208 19.673 0.017 53676.212913 19.56 0.02 53676.21458 19.34 0.056 -33.302145 -0.405462
53679.185631 20.006 0.07 53679.187297 19.812 0.019 53679.183964 19.633 0.022 53679.184797 19.573 0.028 53679.186464 19.382 0.078 -33.302145 -0.405462
53681.177142 20.093 0.092 53681.178808 19.847 0.031 53681.175475 19.679 0.024 53681.176308 19.557 0.032 53681.177975 19.417 0.117 -33.302145 -0.405462
53685.136187 19.8 0.091 53685.137853 19.824 0.043 53685.13452 19.663 0.033 53685.135353 19.603 0.036 53685.13702 19.23 0.067 -33.302145 -0.405462
53687.174536 19.851 0.119 53687.176202 19.884 0.043 53687.172869 19.741 0.034 53687.173702 19.566 0.034 53687.175369 19.385 0.07 -33.302145 -0.405462
53694.150076 20.124 0.151 53694.151742 19.759 0.06 53694.148409 19.684 0.049 53694.149242 19.591 0.055 53694.150909 19.82 0.269 -33.302145 -0.405462
53700.133126 20.008 0.051 53700.134792 19.85 0.017 53700.131459 19.703 0.02 53700.132292 19.595 0.026 53700.133959 19.289 0.072 -33.302145 -0.405462
53705.119797 19.958 0.052 53705.121463 19.821 0.018 53705.11813 19.673 0.02 53705.118963 19.61 0.025 53705.12063 19.228 0.074 -33.302145 -0.405462
53975.204789 20.053 0.043 53975.206455 19.82 0.018 53975.203122 19.712 0.017 53975.203955 19.618 0.023 53975.205622 19.293 0.057 -33.302145 -0.405462
53996.211516 20.075 0.041 53996.213183 19.923 0.018 53996.20985 19.781 0.018 53996.210683 19.604 0.017 53996.21235 19.322 0.046 -33.302145 -0.405462
53998.180155 20.11 0.053 53998.181821 19.895 0.024 53998.178488 19.732 0.02 53998.179321 19.626 0.022 53998.180988 19.273 0.045 -33.302145 -0.405462
54010.165626 20.134 0.058 54010.167293 19.922 0.026 54010.16396 19.674 0.022 54010.164793 19.651 0.025 54010.16646 19.348 0.047 -33.302145 -0.405462
54012.158501 20.114 0.108 54012.160167 19.963 0.044 54012.156834 19.804 0.037 54012.157667 19.583 0.034 54012.159334 19.324 0.073 -33.302145 -0.405462
54020.164467 20.086 0.057 54020.166133 19.997 0.019 54020.1628 19.761 0.021 54020.163633 19.627 0.031 54020.1653 19.535 0.095 -33.302145 -0.405462
54022.213753 20.035 0.076 54022.21542 -99.99 0.026 54022.212086 19.772 0.025 54022.21292 19.654 0.032 54022.214586 -99.99 0.149 -33.302145 -0.405462
54028.15486 20.188 0.056 54028.156526 19.976 0.021 54028.153193 19.803 0.025 54028.154026 19.665 0.029 54028.155693 19.408 0.081 -33.302145 -0.405462
54030.158008 20.104 0.042 54030.159675 19.988 0.021 54030.156342 19.786 0.016 54030.157175 19.642 0.022 54030.158842 19.296 0.046 -33.302145 -0.405462
54032.147264 20.2 0.156 54032.14893 -99.99 0.064 54032.145597 19.74 0.033 54032.14643 -99.99 0.057 54032.148097 -99.99 0.2 -33.302145 -0.405462
54034.217536 19.918 0.094 54034.219203 -99.99 0.027 54034.21587 19.824 0.03 54034.216703 -99.99 0.045 54034.21837 -99.99 0.155 -33.302145 -0.405462
54037.139247 20.101 0.054 54037.140913 20.001 0.021 54037.13758 19.769 0.019 54037.138413 19.655 0.022 54037.14008 19.35 0.049 -33.302145 -0.405462
54040.153749 20.287 0.129 54040.155415 19.966 0.046 54040.152082 19.764 0.034 54040.152915 19.624 0.035 54040.154582 19.262 0.071 -33.302145 -0.405462
54050.138372 20.066 0.049 54050.140038 19.908 0.021 54050.136705 19.734 0.022 54050.137538 19.587 0.027 54050.139205 19.374 0.073 -33.302145 -0.405462
54053.144515 20.286 0.066 54053.146182 19.982 0.02 54053.142848 19.809 0.02 54053.143682 19.689 0.025 54053.145348 19.45 0.083 -33.302145 -0.405462
54056.1462 20.249 0.104 54056.147867 19.993 0.045 54056.144533 19.823 0.033 54056.145367 19.924 0.066 54056.147033 19.52 0.148 -33.302145 -0.405462
54057.114845 20.158 0.046 54057.116511 19.973 0.022 54057.113178 19.764 0.022 54057.114011 19.657 0.025 54057.115678 19.445 0.073 -33.302145 -0.405462
54059.140504 -99.99 0.07 54059.142171 20.021 0.026 54059.138838 19.813 0.026 54059.139671 19.682 0.032 54059.141338 19.429 0.087 -33.302145 -0.405462
54061.151522 20.137 0.058 54061.153189 20.006 0.022 54061.149855 19.791 0.024 54061.150689 19.628 0.03 54061.152355 19.366 0.086 -33.302145 -0.405462
54062.145385 20.314 0.085 54062.147052 20.014 0.024 54062.143719 19.749 0.027 54062.144552 19.635 0.037 54062.146219 19.293 0.09 -33.302145 -0.405462
54068.135436 20.039 0.127 54068.137103 20.071 0.07 54068.13377 19.865 0.052 54068.134603 19.756 0.051 54068.13627 19.41 0.131 -33.302145 -0.405462
54357.183666 20.092 0.079 54357.185333 -99.99 0.032 54357.181999 19.727 0.022 54357.182833 19.62 0.033 54357.184499 19.481 0.126 -33.302145 -0.405462
54365.181548 20.436 0.124 54365.183214 19.892 0.032 54365.179881 19.775 0.03 54365.180714 19.647 0.04 54365.182381 19.205 0.059 -33.302145 -0.405462
54385.231524 20.062 0.049 54385.233191 19.962 0.02 54385.229857 19.76 0.022 54385.230691 19.654 0.025 54385.232357 19.274 0.052 -33.302145 -0.405462
54387.231991 20.088 0.054 54387.233658 19.944 0.02 54387.230325 19.774 0.022 54387.231158 19.611 0.026 54387.232825 19.294 0.068 -33.302145 -0.405462
54392.226721 20.054 0.057 54392.228388 19.97 0.029 54392.225054 19.74 0.027 54392.225888 19.622 0.029 54392.227554 19.345 0.069 -33.302145 -0.405462
54402.225261 20.152 0.131 54402.226928 19.986 0.046 54402.223594 19.74 0.03 54402.224428 19.616 0.03 54402.226094 19.37 0.069 -33.302145 -0.405462
