51464.203685 20.703 0.067 51464.205351 20.479 0.023 51464.202018 19.986 0.022 51464.202851 20.181 0.036 51464.204518 20.447 0.184 -30.343758 0.281474
52197.229421 19.997 0.044 52197.231087 19.811 0.015 52197.227754 19.434 0.014 52197.228587 19.509 0.019 52197.230254 19.634 0.083 -30.343758 0.281474
52231.115403 19.93 0.04 52231.117069 19.734 0.014 52231.113736 19.217 0.013 52231.114569 19.47 0.019 52231.116236 19.583 0.082 -30.343758 0.281474
52557.223408 19.737 0.046 52557.225074 19.548 0.014 52557.221741 19.292 0.016 52557.222574 19.321 0.022 52557.224241 19.522 0.102 -30.343758 0.281474
52578.119486 19.641 0.037 52578.121152 19.508 0.013 52578.117819 19.246 0.014 52578.118652 19.296 0.019 52578.120319 19.41 0.078 -30.343758 0.281474
52929.149713 19.687 0.037 52929.151379 19.498 0.012 52929.148046 19.193 0.013 52929.148879 19.304 0.018 52929.150546 19.361 0.074 -30.343758 0.281474
52934.12987 19.634 0.036 52934.131536 19.517 0.013 52934.128203 19.205 0.014 52934.129036 19.244 0.018 52934.130703 19.35 0.08 -30.343758 0.281474
52936.125796 19.614 0.034 52936.127462 19.479 0.012 52936.124129 19.215 0.013 52936.124962 19.258 0.016 52936.126629 19.426 0.071 -30.343758 0.281474
53243.311004 19.701 0.045 53243.31267 19.62 0.019 53243.309337 19.285 0.016 53243.31017 19.333 0.018 53243.311837 19.423 0.068 -30.343758 0.281474
53270.189853 19.805 0.044 53270.19152 19.65 0.028 53270.188187 19.379 0.016 53270.18902 19.405 0.021 53270.190687 19.541 0.08 -30.343758 0.281474
53272.239804 20.008 0.079 53272.24147 19.729 0.027 53272.238137 19.377 0.02 53272.23897 19.429 0.024 53272.240637 19.421 0.079 -30.343758 0.281474
53288.16701 19.925 0.045 53288.168676 19.737 0.015 53288.165343 19.402 0.014 53288.166176 19.463 0.018 53288.167843 19.599 0.08 -30.343758 0.281474
53294.194329 19.985 0.052 53294.195996 19.787 0.026 53294.192663 -99.99 0.024 53294.193496 19.446 0.027 53294.195163 19.638 0.099 -30.343758 0.281474
53302.162681 19.976 0.077 53302.164347 19.766 0.028 53302.161014 19.398 0.022 53302.161847 19.478 0.024 53302.163514 19.43 0.077 -30.343758 0.281474
53312.118224 20.038 0.061 53312.119891 19.798 0.021 53312.116558 19.42 0.022 53312.117391 19.521 0.032 53312.119058 19.75 0.165 -30.343758 0.281474
53314.119404 19.998 0.048 53314.12107 19.813 0.015 53314.117737 19.427 0.016 53314.11857 19.47 0.023 53314.120237 19.541 0.106 -30.343758 0.281474
53616.223777 19.945 0.164 53616.225443 19.709 0.043 53616.22211 19.413 0.022 53616.222943 -99.99 0.081 53616.22461 19.707 0.326 -30.343758 0.281474
53623.213987 19.976 0.055 53623.215653 19.72 0.017 53623.21232 19.371 0.015 53623.213153 19.456 0.021 53623.21482 19.7 0.105 -30.343758 0.281474
53626.2002 19.822 0.06 53626.201866 19.742 0.025 53626.198533 19.45 0.021 53626.199366 19.513 0.025 53626.201033 19.41 0.077 -30.343758 0.281474
53628.185065 19.772 0.119 53628.186731 19.74 0.047 53628.183398 19.491 0.041 53628.184231 19.502 0.045 53628.185898 19.721 0.169 -30.343758 0.281474
53637.186679 19.969 0.061 53637.188345 19.845 0.018 53637.185012 19.431 0.017 53637.185845 19.487 0.025 53637.187512 19.468 0.114 -30.343758 0.281474
53644.179124 20.04 0.041 53644.180791 19.809 0.015 53644.177458 19.447 0.016 53644.178291 19.508 0.019 53644.179958 19.689 0.072 -30.343758 0.281474
53654.213748 19.88 0.058 53654.215414 19.814 0.023 53654.212081 19.462 0.019 53654.212914 19.498 0.025 53654.214581 19.6 0.113 -30.343758 0.281474
53656.16134 20.153 0.15 53656.163006 19.775 0.044 53656.159673 19.458 0.031 53656.160506 19.445 0.037 53656.162173 19.451 0.145 -30.343758 0.281474
53665.152619 20.072 0.143 53665.154285 19.702 0.062 53665.150952 19.324 0.041 53665.151785 19.463 0.071 53665.153452 20.608 0.698 -30.343758 0.281474
53668.16425 19.973 0.061 53668.165916 19.776 0.016 53668.162583 19.447 0.019 53668.163416 19.567 0.029 53668.165083 19.57 0.127 -30.343758 0.281474
53670.169103 19.961 0.052 53670.170769 19.784 0.016 53670.167436 19.42 0.016 53670.168269 19.526 0.025 53670.169936 19.744 0.135 -30.343758 0.281474
53673.137086 19.912 0.047 53673.138752 19.771 0.015 53673.135419 19.448 0.017 53673.136252 19.481 0.022 53673.137919 19.73 0.138 -30.343758 0.281474
53675.133974 19.93 0.047 53675.13564 19.804 0.016 53675.132307 19.447 0.016 53675.13314 19.503 0.022 53675.134807 19.513 0.098 -30.343758 0.281474
53677.155006 19.979 0.049 53677.156672 19.768 0.014 53677.153339 19.404 0.015 53677.154172 19.545 0.021 53677.155839 19.684 0.088 -30.343758 0.281474
53680.141672 19.955 0.047 53680.143338 19.746 0.015 53680.140005 19.435 0.015 53680.140838 19.509 0.02 53680.142505 19.575 0.085 -30.343758 0.281474
53686.208377 20.203 0.263 53686.210043 19.78 0.061 53686.20671 19.458 0.042 53686.207543 19.532 0.048 53686.20921 19.597 0.175 -30.343758 0.281474
53693.143574 19.754 0.066 53693.14524 19.758 0.028 53693.141907 19.409 0.022 53693.14274 19.497 0.024 53693.144407 19.582 0.086 -30.343758 0.281474
53702.139244 19.893 0.077 53702.140911 19.704 0.022 53702.137578 19.41 0.026 53702.138411 19.476 0.041 53702.140078 19.424 0.149 -30.343758 0.281474
53703.14841 19.95 0.072 53703.150076 19.75 0.023 53703.146743 19.436 0.024 53703.147576 19.45 0.042 53703.149243 19.427 0.119 -30.343758 0.281474
53704.126901 19.918 0.052 53704.128567 19.733 0.015 53704.125234 19.421 0.015 53704.126067 19.52 0.022 53704.127734 19.482 0.086 -30.343758 0.281474
53989.222957 19.84 0.059 53989.224623 19.786 0.026 53989.22129 19.432 0.02 53989.222123 19.549 0.025 53989.22379 19.595 0.075 -30.343758 0.281474
53995.2122 19.901 0.04 53995.213867 19.745 0.017 53995.210533 19.422 0.021 53995.211367 19.541 0.021 53995.213033 19.64 0.073 -30.343758 0.281474
53997.190578 19.837 0.045 53997.192245 19.689 0.02 53997.188911 19.388 0.021 53997.189745 19.559 0.023 53997.191411 19.596 0.096 -30.343758 0.281474
54000.198367 19.846 0.046 54000.200034 19.723 0.021 54000.1967 19.439 0.018 54000.197534 19.539 0.025 54000.1992 19.388 0.101 -30.343758 0.281474
54007.175178 19.878 0.046 54007.176844 19.755 0.017 54007.173511 19.442 0.017 54007.174344 19.571 0.022 54007.176011 19.588 0.083 -30.343758 0.281474
54009.172291 19.921 0.045 54009.173957 19.753 0.018 54009.170624 19.435 0.019 54009.171457 19.522 0.02 54009.173124 19.744 0.074 -30.343758 0.281474
54011.236773 19.958 0.068 54011.23844 19.78 0.026 54011.235106 19.437 0.02 54011.23594 19.582 0.025 54011.237606 19.538 0.065 -30.343758 0.281474
54019.187003 19.948 0.05 54019.18867 19.806 0.02 54019.185336 19.488 0.016 54019.18617 19.568 0.02 54019.187836 19.724 0.07 -30.343758 0.281474
54025.235797 19.902 0.057 54025.237464 19.793 0.019 54025.234131 19.469 0.02 54025.234964 19.549 0.029 54025.236631 19.586 0.106 -30.343758 0.281474
54029.166125 19.96 0.041 54029.167792 19.796 0.018 54029.164458 19.452 0.015 54029.165292 19.577 0.019 54029.166958 19.774 0.087 -30.343758 0.281474
54051.142718 19.999 0.122 54051.144384 19.808 0.043 54051.141051 19.425 0.055 54051.141884 19.656 0.078 54051.143551 19.795 0.341 -30.343758 0.281474
54356.244289 19.783 0.042 54356.245956 19.717 0.026 54356.242623 19.38 0.018 54356.243456 19.475 0.021 54356.245123 19.597 0.088 -30.343758 0.281474
54358.189352 19.853 0.08 54358.191018 19.684 0.026 54358.187685 -99.99 0.039 54358.188518 -99.99 0.111 54358.190185 -99.99 0.374 -30.343758 0.281474
54373.296612 19.812 0.118 54373.298278 19.637 0.047 54373.294945 19.351 0.023 54373.295778 19.45 0.032 54373.297445 19.652 0.12 -30.343758 0.281474
54381.234147 19.882 0.066 54381.235814 19.697 0.021 54381.23248 19.361 0.026 54381.233314 19.424 0.033 54381.23498 19.52 0.14 -30.343758 0.281474
54382.231542 19.848 0.057 54382.233208 19.649 0.028 54382.229875 19.33 0.023 54382.230708 19.558 0.027 54382.232375 19.68 0.138 -30.343758 0.281474
54386.23431 19.845 0.042 54386.235976 19.68 0.018 54386.232643 19.357 0.017 54386.233476 19.461 0.021 54386.235143 19.404 0.064 -30.343758 0.281474
54388.238561 19.87 0.054 54388.240228 19.69 0.016 54388.236894 19.382 0.017 54388.237728 19.43 0.023 54388.239394 19.644 0.103 -30.343758 0.281474
54403.152344 19.871 0.042 54403.154011 19.709 0.017 54403.150677 19.397 0.016 54403.151511 19.445 0.019 54403.153177 19.669 0.078 -30.343758 0.281474
54406.146171 19.913 0.043 54406.147838 19.708 0.019 54406.144505 19.392 0.016 54406.145338 19.442 0.024 54406.147005 19.538 0.087 -30.343758 0.281474
54412.1491 19.855 0.046 54412.150767 19.708 0.017 54412.147434 19.381 0.015 54412.148267 19.447 0.022 54412.149934 19.43 0.07 -30.343758 0.281474
