51075.396902 20.384 0.055 51075.398568 20.179 0.02 51075.395235 19.927 0.024 51075.396068 19.857 0.033 51075.397735 19.663 0.114 35.034346 -0.11634
51818.366565 20.483 0.057 51818.368231 20.181 0.02 51818.364898 20.006 0.021 51818.365731 20 0.029 51818.367398 20.102 0.118 35.034346 -0.11634
52170.417562 20.547 0.062 52170.419228 20.23 0.02 52170.415895 19.962 0.02 52170.416728 19.977 0.029 52170.418395 19.777 0.088 35.034346 -0.11634
52173.330918 20.545 0.08 52173.332584 20.26 0.023 52173.329251 19.96 0.025 52173.330084 19.937 0.038 52173.331751 19.907 0.145 35.034346 -0.11634
52224.311055 20.462 0.057 52224.312721 20.22 0.019 52224.309388 19.984 0.021 52224.310221 19.963 0.026 52224.311888 19.943 0.09 35.034346 -0.11634
52234.267571 20.364 0.057 52234.269237 20.211 0.021 52234.265904 19.975 0.022 52234.266737 19.993 0.028 52234.268404 19.903 0.087 35.034346 -0.11634
52261.230926 20.392 0.058 52261.232592 20.26 0.021 52261.229259 20.007 0.021 52261.230092 19.982 0.028 52261.231759 19.901 0.093 35.034346 -0.11634
52283.098298 20.546 0.086 52283.099964 20.271 0.026 52283.096631 20 0.031 52283.097464 19.977 0.039 52283.099131 19.708 0.13 35.034346 -0.11634
52287.11142 20.548 0.059 52287.113086 20.233 0.021 52287.109753 20.003 0.022 52287.110586 19.975 0.026 52287.112253 19.911 0.092 35.034346 -0.11634
52552.430121 20.544 0.091 52552.431787 20.375 0.029 52552.428454 20.068 0.031 52552.429287 20.118 0.047 52552.430954 19.977 0.161 35.034346 -0.11634
52557.404478 20.555 0.074 52557.406144 20.331 0.023 52557.402811 20.062 0.025 52557.403644 19.995 0.032 52557.405311 20.078 0.138 35.034346 -0.11634
52908.379046 20.598 0.064 52908.380712 20.361 0.021 52908.377379 20.113 0.026 52908.378212 20.077 0.031 52908.379879 20.245 0.127 35.034346 -0.11634
52912.358484 20.48 0.065 52912.36015 20.301 0.021 52912.356817 20.14 0.023 52912.35765 20.128 0.033 52912.359317 20.269 0.119 35.034346 -0.11634
52934.31095 20.423 0.061 52934.312616 20.283 0.022 52934.309283 20.019 0.024 52934.310116 20.082 0.037 52934.311783 20.181 0.151 35.034346 -0.11634
52936.306877 20.374 0.052 52936.308543 20.271 0.019 52936.30521 20.028 0.022 52936.306043 20.034 0.03 52936.30771 19.804 0.089 35.034346 -0.11634
53270.370957 20.543 0.062 53270.372623 20.339 0.024 53270.36929 20.171 0.022 53270.370123 20.172 0.032 53270.37179 19.837 0.078 35.034346 -0.11634
53272.420876 20.489 0.066 53272.422542 20.335 0.022 53272.419209 20.098 0.025 53272.420042 20.16 0.039 53272.421709 20.097 0.12 35.034346 -0.11634
53286.389596 20.6 0.085 53286.391262 20.315 0.025 53286.387929 20.113 0.026 53286.388762 20.132 0.034 53286.390429 20.03 0.103 35.034346 -0.11634
53288.348088 20.607 0.067 53288.349754 20.412 0.021 53288.346421 20.092 0.024 53288.347254 20.107 0.032 53288.348921 20.026 0.095 35.034346 -0.11634
53294.39576 20.529 0.07 53294.397426 20.4 0.025 53294.394093 20.143 0.028 53294.394926 20.132 0.036 53294.396593 20.17 0.134 35.034346 -0.11634
53296.342788 20.524 0.069 53296.344454 20.357 0.025 53296.341121 20.139 0.029 53296.341954 20.06 0.034 53296.343621 19.873 0.107 35.034346 -0.11634
53298.392537 20.544 0.086 53298.394203 20.387 0.026 53298.39087 20.1 0.036 53298.391703 20.101 0.048 53298.39337 20.36 0.228 35.034346 -0.11634
53302.343756 20.366 0.093 53302.345422 20.451 0.045 53302.342089 20.013 0.033 53302.342922 20.066 0.037 53302.344589 19.864 0.097 35.034346 -0.11634
53312.299298 20.541 0.117 53312.300965 20.334 0.063 53312.297631 20.079 0.038 53312.298465 20.101 0.047 53312.300131 19.813 0.124 35.034346 -0.11634
53314.300488 20.73 0.101 53314.302154 20.286 0.028 53314.298821 20.137 0.028 53314.299654 20.015 0.035 53314.301321 19.8 0.103 35.034346 -0.11634
53319.288284 20.544 0.1 53319.28995 20.343 0.028 53319.286617 20.094 0.033 53319.28745 20.032 0.042 53319.289117 19.913 0.137 35.034346 -0.11634
53616.404842 20.331 0.07 53616.406508 20.24 0.024 53616.403175 20.071 0.026 53616.404008 19.961 0.037 53616.405675 19.677 0.097 35.034346 -0.11634
53626.381269 -99.99 0.167 53626.382935 20.15 0.024 53626.379602 19.945 0.029 53626.380435 -99.99 0.123 53626.382102 19.921 0.158 35.034346 -0.11634
53628.366134 20.531 0.126 53628.3678 20.202 0.04 53628.364467 20.084 0.035 53628.3653 20.053 0.045 53628.366967 20.023 0.137 35.034346 -0.11634
53637.367753 20.448 0.116 53637.369419 20.263 0.042 53637.366086 20.037 0.033 53637.366919 20.027 0.044 53637.368586 19.965 0.155 35.034346 -0.11634
53639.41313 20.283 0.061 53639.414796 20.212 0.022 53639.411463 20.037 0.021 53639.412296 20.008 0.029 53639.413963 20.044 0.099 35.034346 -0.11634
53641.412297 20.413 0.068 53641.413963 20.22 0.021 53641.41063 20.014 0.023 53641.411463 19.964 0.03 53641.41313 19.966 0.093 35.034346 -0.11634
53657.371179 20.153 0.117 53657.372845 20.264 0.061 53657.369512 20.102 0.05 53657.370345 20.019 0.061 53657.372012 19.821 0.15 35.034346 -0.11634
53663.355729 20.348 0.113 53663.357395 20.244 0.051 53663.354062 20.043 0.034 53663.354895 20.066 0.039 53663.356562 19.772 0.092 35.034346 -0.11634
53665.333699 20.278 0.129 53665.335365 20.201 0.039 53665.332032 19.967 0.032 53665.332865 19.922 0.047 53665.334532 20.032 0.16 35.034346 -0.11634
53666.425817 20.259 0.113 53666.427483 20.222 0.037 53666.42415 19.943 0.029 53666.424983 19.973 0.035 53666.42665 20.156 0.147 35.034346 -0.11634
53668.345329 20.267 0.082 53668.346995 20.222 0.031 53668.343662 19.966 0.028 53668.344495 19.953 0.038 53668.346162 19.912 0.136 35.034346 -0.11634
53669.432947 20.344 0.128 53669.434613 20.297 0.042 53669.43128 20.038 0.033 53669.432113 19.973 0.037 53669.43378 19.886 0.146 35.034346 -0.11634
53670.35018 20.172 0.074 53670.351846 20.203 0.025 53670.348513 19.974 0.026 53670.349346 19.975 0.04 53670.351013 20.128 0.145 35.034346 -0.11634
53673.318168 20.288 0.055 53673.319834 20.188 0.019 53673.316501 19.943 0.02 53673.317334 20.001 0.027 53673.319001 19.969 0.084 35.034346 -0.11634
53675.315055 20.35 0.061 53675.316721 20.21 0.019 53675.313388 20.013 0.024 53675.314221 20.048 0.036 53675.315888 19.851 0.1 35.034346 -0.11634
53677.336085 20.244 0.052 53677.337751 20.162 0.019 53677.334418 19.953 0.02 53677.335251 19.952 0.025 53677.336918 19.918 0.078 35.034346 -0.11634
53680.322753 20.241 0.056 53680.324419 20.157 0.02 53680.321086 19.985 0.021 53680.321919 19.901 0.026 53680.323586 20.144 0.121 35.034346 -0.11634
53683.381307 20.289 0.075 53683.382973 20.218 0.024 53683.37964 19.991 0.029 53683.380473 19.935 0.041 53683.38214 19.956 0.167 35.034346 -0.11634
53686.322185 20.239 0.238 53686.323851 19.938 0.063 53686.320518 20.022 0.078 53686.321351 19.719 0.064 53686.323018 20.151 0.237 35.034346 -0.11634
53693.324644 20.123 0.159 53693.32631 20.162 0.063 53693.322977 19.968 0.053 53693.32381 19.899 0.056 53693.325477 20.047 0.174 35.034346 -0.11634
53698.322033 20.2 0.076 53698.323699 20.104 0.03 53698.320366 19.925 0.027 53698.321199 19.93 0.034 53698.322866 19.792 0.108 35.034346 -0.11634
53699.345484 20.272 0.071 53699.34715 20.164 0.024 53699.343817 19.93 0.023 53699.34465 19.921 0.029 53699.346317 20.031 0.112 35.034346 -0.11634
53704.307966 20.245 0.066 53704.309632 20.172 0.023 53704.306299 19.934 0.024 53704.307132 19.984 0.034 53704.308799 20.097 0.153 35.034346 -0.11634
53989.404072 20.468 0.125 53989.405739 20.268 0.049 53989.402405 20 0.033 53989.403239 19.977 0.035 53989.404905 20.127 0.104 35.034346 -0.11634
53995.442761 20.296 0.047 53995.444427 20.23 0.024 53995.441094 20.01 0.022 53995.441927 20.003 0.025 53995.443594 20.09 0.084 35.034346 -0.11634
54000.379447 20.256 0.052 54000.381114 20.203 0.024 54000.377781 19.987 0.023 54000.378614 19.993 0.035 54000.380281 20.025 0.113 35.034346 -0.11634
54007.429609 20.312 0.055 54007.431276 20.236 0.027 54007.427943 20.013 0.022 54007.428776 19.989 0.028 54007.430443 19.857 0.083 35.034346 -0.11634
54009.353379 20.34 0.048 54009.355046 20.221 0.02 54009.351713 20.012 0.021 54009.352546 19.945 0.028 54009.354213 20.049 0.077 35.034346 -0.11634
54011.417853 20.381 0.047 54011.41952 20.219 0.022 54011.416187 19.991 0.016 54011.41702 20.018 0.028 54011.418687 19.914 0.068 35.034346 -0.11634
54025.416885 20.326 0.066 54025.418551 20.23 0.027 54025.415218 20.07 0.026 54025.416051 19.948 0.034 54025.417718 19.925 0.105 35.034346 -0.11634
54346.41063 20.406 0.119 54346.412297 20.364 0.049 54346.408963 20.11 0.039 54346.409797 20.001 0.041 54346.411463 20.063 0.1 35.034346 -0.11634
54348.414589 20.422 0.076 54348.416256 20.344 0.029 54348.412922 20.132 0.032 54348.413756 20.073 0.038 54348.415422 20.036 0.105 35.034346 -0.11634
54355.424678 20.565 0.061 54355.426345 20.446 0.027 54355.423012 20.156 0.023 54355.423845 20.138 0.033 54355.425512 20.229 0.097 35.034346 -0.11634
54358.370436 20.513 0.076 54358.372102 20.388 0.028 54358.368769 20.151 0.028 54358.369602 20.136 0.037 54358.371269 19.951 0.102 35.034346 -0.11634
54365.403502 20.543 0.05 54365.405169 20.378 0.025 54365.401836 20.12 0.024 54365.402669 20.124 0.032 54365.404336 20.164 0.083 35.034346 -0.11634
54381.423071 20.604 0.059 54381.424738 20.398 0.041 54381.421404 20.14 0.021 54381.422238 20.17 0.027 54381.423904 20.136 0.088 35.034346 -0.11634
54384.429696 20.617 0.071 54384.431363 20.467 0.03 54384.42803 20.137 0.028 54384.428863 20.123 0.03 54384.43053 20.037 0.106 35.034346 -0.11634
54386.415376 20.559 0.064 54386.417043 20.418 0.032 54386.41371 20.108 0.031 54386.414543 20.134 0.032 54386.41621 20.05 0.093 35.034346 -0.11634
54388.419623 20.492 0.065 54388.42129 20.398 0.028 54388.417957 20.171 0.026 54388.41879 20.084 0.027 54388.420457 20.096 0.095 35.034346 -0.11634
54392.417199 20.48 0.093 54392.418866 20.381 0.026 54392.415533 20.165 0.032 54392.416366 20.194 0.046 54392.418033 20.037 0.122 35.034346 -0.11634
54403.333443 -99.99 0.23 54403.33511 21.008 0.218 54403.331776 19.897 0.162 54403.33261 19.659 0.225 54403.334276 21.196 1.084 35.034346 -0.11634
54404.391032 -99.99 0.348 54404.392699 -99.99 0.108 54404.389365 -99.99 0.122 54404.390199 20.683 0.312 54404.391865 20.146 0.349 35.034346 -0.11634
54405.388938 20.62 0.103 54405.390604 20.495 0.037 54405.387271 20.184 0.027 54405.388104 20.168 0.034 54405.389771 19.942 0.1 35.034346 -0.11634
54406.327259 20.654 0.069 54406.328926 20.459 0.03 54406.325592 20.184 0.029 54406.326426 20.143 0.033 54406.328092 20.024 0.075 35.034346 -0.11634
54412.353017 20.509 0.072 54412.354684 20.459 0.025 54412.351351 20.157 0.026 54412.352184 20.143 0.033 54412.353851 20.218 0.119 35.034346 -0.11634
