51081.390406 19.513 0.031 51081.392072 19.44 0.014 51081.388739 19.272 0.014 51081.389572 19.327 0.021 51081.391239 19.428 0.064 38.558936 0.616514
51875.205391 19.625 0.031 51875.207057 19.566 0.014 51875.203724 19.327 0.014 51875.204557 19.348 0.021 51875.206224 19.495 0.08 38.558936 0.616514
52225.28618 19.643 0.034 52225.287846 19.549 0.013 52225.284513 19.314 0.013 52225.285346 19.408 0.02 52225.287013 19.56 0.066 38.558936 0.616514
52288.120604 19.663 0.033 52288.12227 19.594 0.014 52288.118937 19.391 0.015 52288.11977 19.405 0.02 52288.121437 19.603 0.066 38.558936 0.616514
52551.393891 19.623 0.031 52551.395557 19.54 0.013 52551.392224 19.304 0.014 52551.393057 19.373 0.02 52551.394724 19.443 0.061 38.558936 0.616514
52558.426766 19.625 0.032 52558.428432 19.535 0.013 52558.425099 19.317 0.013 52558.425932 19.336 0.018 52558.427599 19.495 0.061 38.558936 0.616514
52578.298374 19.657 0.03 52578.30004 19.573 0.012 52578.296707 19.342 0.014 52578.29754 19.409 0.022 52578.299207 19.551 0.062 38.558936 0.616514
52585.261354 19.6 0.028 52585.26302 19.586 0.012 52585.259687 19.36 0.014 52585.26052 19.425 0.022 52585.262187 19.47 0.074 38.558936 0.616514
52909.427986 19.356 0.027 52909.429652 19.318 0.011 52909.426319 19.171 0.012 52909.427152 19.197 0.017 52909.428819 19.267 0.046 38.558936 0.616514
52910.39823 19.382 0.029 52910.399896 19.348 0.013 52910.396563 19.181 0.012 52910.397396 19.228 0.018 52910.399063 19.346 0.062 38.558936 0.616514
52935.3254 19.358 0.031 52935.327066 19.349 0.013 52935.323733 19.195 0.015 52935.324566 19.197 0.022 52935.326233 19.341 0.076 38.558936 0.616514
52963.248477 19.385 0.025 52963.250143 19.393 0.012 52963.24681 19.196 0.012 52963.247643 19.281 0.017 52963.24931 19.295 0.048 38.558936 0.616514
52971.239392 19.502 0.036 52971.241058 19.444 0.014 52971.237725 19.243 0.017 52971.238558 19.26 0.023 52971.240225 19.375 0.064 38.558936 0.616514
53351.17078 19.451 0.029 53351.172446 19.369 0.012 53351.169113 19.192 0.013 53351.169946 19.26 0.02 53351.171613 19.331 0.064 38.558936 0.616514
53622.427832 19.791 0.036 53622.429498 19.655 0.014 53622.426165 19.405 0.014 53622.426998 19.516 0.022 53622.428665 19.544 0.067 38.558936 0.616514
53634.377303 19.675 0.083 53634.378969 19.659 0.035 53634.375636 19.339 0.026 53634.376469 19.46 0.032 53634.378136 19.485 0.072 38.558936 0.616514
53638.418639 19.733 0.04 53638.420305 19.658 0.016 53638.416972 19.393 0.015 53638.417805 19.458 0.021 53638.419472 19.524 0.064 38.558936 0.616514
53640.382675 19.791 0.042 53640.384341 19.631 0.016 53640.381008 19.373 0.015 53640.381841 19.466 0.021 53640.383508 19.539 0.068 38.558936 0.616514
53646.444083 19.737 0.063 53646.445749 19.624 0.021 53646.442416 19.355 0.027 53646.443249 19.369 0.039 53646.444916 19.476 0.114 38.558936 0.616514
53655.354849 19.744 0.037 53655.356515 19.674 0.014 53655.353182 19.404 0.015 53655.354015 19.488 0.023 53655.355682 19.519 0.069 38.558936 0.616514
53663.444502 19.972 0.117 53663.446168 19.71 0.039 53663.442835 19.443 0.028 53663.443668 19.515 0.031 53663.445335 19.608 0.084 38.558936 0.616514
53664.379804 19.884 0.084 53664.38147 19.705 0.03 53664.378137 19.451 0.03 53664.37897 19.544 0.041 53664.380637 19.52 0.09 38.558936 0.616514
53665.444435 19.887 0.078 53665.446101 19.698 0.027 53665.442768 19.448 0.022 53665.443601 19.424 0.028 53665.445268 19.44 0.082 38.558936 0.616514
53668.433051 19.759 0.081 53668.434717 19.681 0.027 53668.431384 19.392 0.022 53668.432217 19.52 0.035 53668.433884 19.613 0.114 38.558936 0.616514
53670.439025 19.82 0.066 53670.440691 -99.99 0.022 53670.437358 19.411 0.021 53670.438191 19.471 0.029 53670.439858 19.576 0.086 38.558936 0.616514
53671.423801 -99.99 0.058 53671.425467 19.693 0.018 53671.422134 19.385 0.019 53671.422967 19.489 0.03 53671.424634 19.532 0.078 38.558936 0.616514
53674.323286 19.825 0.05 53674.324952 19.72 0.017 53674.321619 19.404 0.019 53674.322452 19.474 0.029 53674.324119 19.488 0.083 38.558936 0.616514
53676.412743 19.846 0.049 53676.414409 19.662 0.016 53676.411076 19.426 0.02 53676.411909 19.499 0.025 53676.413576 19.463 0.065 38.558936 0.616514
53679.384645 19.895 0.052 53679.386311 19.712 0.017 53679.382978 19.447 0.02 53679.383811 19.548 0.031 53679.385478 19.468 0.089 38.558936 0.616514
53681.376158 -99.99 0.05 53681.377824 19.711 0.015 53681.374491 19.402 0.02 53681.375324 19.503 0.026 53681.376991 19.419 0.065 38.558936 0.616514
53684.337655 -99.99 0.186 53684.339321 19.687 0.038 53684.335988 19.527 0.091 53684.336821 -99.99 0.189 53684.338488 19.443 0.275 38.558936 0.616514
53687.278967 19.804 0.117 53687.280633 19.71 0.051 53687.2773 19.43 0.035 53687.278133 19.482 0.041 53687.2798 19.516 0.092 38.558936 0.616514
53694.349105 19.757 0.084 53694.350771 19.636 0.03 53694.347438 19.466 0.028 53694.348271 19.531 0.037 53694.349938 19.558 0.084 38.558936 0.616514
53697.333184 19.789 0.049 53697.33485 19.681 0.018 53697.331517 19.398 0.016 53697.33235 19.493 0.023 53697.334017 19.495 0.065 38.558936 0.616514
53700.33214 19.76 0.046 53700.333806 19.662 0.016 53700.330473 19.418 0.017 53700.331306 19.483 0.027 53700.332973 19.43 0.086 38.558936 0.616514
53705.318811 19.73 0.045 53705.320477 19.643 0.016 53705.317144 19.375 0.016 53705.317977 19.521 0.031 53705.319644 19.609 0.093 38.558936 0.616514
53975.403828 19.57 0.038 53975.405495 19.453 0.017 53975.402162 19.276 0.021 53975.402995 19.34 0.024 53975.404662 19.414 0.06 38.558936 0.616514
53994.426827 19.443 0.029 53994.428494 19.407 0.021 53994.425161 19.224 0.014 53994.425994 19.315 0.018 53994.427661 19.346 0.049 38.558936 0.616514
53996.410637 19.476 0.035 53996.412304 -99.99 0.032 53996.408971 19.26 0.022 53996.409804 19.316 0.028 53996.411471 19.476 0.066 38.558936 0.616514
54005.423712 -99.99 0.025 54005.425378 19.411 0.022 54005.422045 19.217 0.017 54005.422878 19.315 0.019 54005.424545 19.387 0.049 38.558936 0.616514
54009.437554 19.337 0.031 54009.439221 19.385 0.027 54009.435888 19.221 0.02 54009.436721 19.304 0.026 54009.438388 19.402 0.053 38.558936 0.616514
54010.364663 19.406 0.026 54010.36633 19.372 0.019 54010.362997 19.198 0.017 54010.36383 19.298 0.018 54010.365497 19.341 0.043 38.558936 0.616514
54012.357562 19.393 0.039 54012.359228 19.341 0.021 54012.355895 19.178 0.02 54012.356728 19.279 0.026 54012.358395 19.273 0.058 38.558936 0.616514
54020.363567 19.366 0.078 54020.365234 19.295 0.026 54020.3619 19.25 0.024 54020.362734 19.343 0.036 54020.3644 19.129 0.077 38.558936 0.616514
54024.445068 19.293 0.033 54024.446735 19.336 0.02 54024.443401 19.175 0.017 54024.444235 19.257 0.02 54024.445901 19.392 0.065 38.558936 0.616514
54028.433409 19.335 0.036 54028.435075 19.329 0.028 54028.431742 19.153 0.026 54028.432575 19.251 0.029 54028.434242 19.349 0.09 38.558936 0.616514
54030.388826 19.322 0.026 54030.390493 19.377 0.017 54030.387159 19.171 0.016 54030.387993 19.283 0.019 54030.389659 19.353 0.055 38.558936 0.616514
54035.432782 19.381 0.04 54035.434449 19.315 0.025 54035.431116 19.202 0.025 54035.431949 19.272 0.029 54035.433616 19.271 0.065 38.558936 0.616514
54037.338324 19.399 0.03 54037.33999 19.349 0.022 54037.336657 19.201 0.017 54037.33749 19.268 0.021 54037.339157 19.341 0.044 38.558936 0.616514
54040.352796 -99.99 0.033 54040.354463 19.328 0.02 54040.35113 19.189 0.017 54040.351963 19.265 0.022 54040.35363 19.301 0.055 38.558936 0.616514
54047.383436 19.631 0.163 54047.385102 -99.99 0.054 54047.381769 19.221 0.07 54047.382602 19.332 0.08 54047.384269 19.369 0.107 38.558936 0.616514
54049.379257 19.504 0.054 54049.380923 19.408 0.026 54049.37759 19.192 0.02 54049.378423 19.323 0.026 54049.38009 19.388 0.067 38.558936 0.616514
54053.358881 -99.99 0.036 54053.360548 -99.99 0.038 54053.357215 -99.99 0.016 54053.358048 19.236 0.027 54053.359715 -99.99 0.092 38.558936 0.616514
54056.345214 19.387 0.062 54056.346881 19.37 0.03 54056.343548 19.197 0.019 54056.344381 19.251 0.024 54056.346048 19.364 0.069 38.558936 0.616514
54059.339581 19.451 0.037 54059.341247 19.372 0.02 54059.337914 19.208 0.024 54059.338747 19.239 0.029 54059.340414 19.483 0.074 38.558936 0.616514
54061.350747 19.44 0.053 54061.352414 -99.99 0.063 54061.349081 19.227 0.022 54061.349914 19.25 0.043 54061.351581 19.208 0.082 38.558936 0.616514
54062.344379 19.477 0.034 54062.346045 19.42 0.019 54062.342712 19.255 0.017 54062.343545 19.273 0.022 54062.345212 19.374 0.062 38.558936 0.616514
54064.340866 19.496 0.034 54064.342533 19.444 0.018 54064.3392 19.235 0.016 54064.340033 19.27 0.021 54064.3417 19.386 0.059 38.558936 0.616514
54068.32502 -99.99 0.047 54068.326686 -99.99 0.034 54068.323353 -99.99 0.075 54068.324186 19.323 0.037 54068.325853 -99.99 0.129 38.558936 0.616514
54357.382732 20.392 0.049 54357.384398 20.05 0.029 54357.381065 19.666 0.022 54357.381898 19.772 0.025 54357.383565 19.883 0.06 38.558936 0.616514
54362.432511 20.258 0.043 54362.434178 20.016 0.027 54362.430844 19.652 0.017 54362.431678 19.726 0.024 54362.433344 20.044 0.083 38.558936 0.616514
54376.427596 20.257 0.058 54376.429262 19.999 0.027 54376.425929 19.624 0.023 54376.426762 19.71 0.029 54376.428429 19.847 0.077 38.558936 0.616514
54382.412726 -99.99 0.053 54382.414393 19.953 0.032 54382.411059 19.607 0.025 54382.411893 19.673 0.031 54382.413559 19.712 0.1 38.558936 0.616514
54385.430538 20.174 0.046 54385.432204 19.995 0.019 54385.428871 19.638 0.021 54385.429704 19.736 0.023 54385.431371 20.107 0.086 38.558936 0.616514
54387.431187 20.125 0.072 54387.432854 19.928 0.025 54387.429521 19.619 0.039 54387.430354 19.758 0.042 54387.432021 19.668 0.096 38.558936 0.616514
54390.423479 -99.99 99.999 54390.425145 19.969 0.026 54390.421812 -99.99 99.999 54390.422645 -99.99 1 54390.424312 -99.99 0.823 38.558936 0.616514
54391.431884 20.237 0.099 54391.433551 19.941 0.03 54391.430218 19.616 0.035 54391.431051 19.7 0.053 54391.432718 19.933 0.2 38.558936 0.616514
54402.424382 19.981 0.116 54402.426048 19.989 0.047 54402.422715 19.656 0.031 54402.423548 19.701 0.039 54402.425215 19.687 0.085 38.558936 0.616514
