51075.404407 19.719 0.034 51075.406073 19.536 0.013 51075.40274 19.271 0.013 51075.403573 19.029 0.015 51075.40524 18.97 0.054 37.74331 -0.511601
51818.37404 19.688 0.037 51818.375706 19.564 0.014 51818.372373 19.278 0.013 51818.373206 19.069 0.014 51818.374873 18.888 0.041 37.74331 -0.511601
52170.425064 19.745 0.041 52170.42673 19.609 0.015 52170.423397 19.326 0.015 52170.42423 19.132 0.017 52170.425897 18.991 0.046 37.74331 -0.511601
52171.362159 19.755 0.043 52171.363825 19.611 0.015 52171.360492 19.293 0.014 52171.361325 19.078 0.015 52171.362992 18.914 0.041 37.74331 -0.511601
52173.33842 19.735 0.046 52173.340086 19.64 0.015 52173.336753 19.306 0.015 52173.337586 19.09 0.017 52173.339253 19.081 0.058 37.74331 -0.511601
52224.318557 19.824 0.044 52224.320223 19.622 0.014 52224.31689 19.321 0.013 52224.317723 19.096 0.014 52224.31939 18.944 0.039 37.74331 -0.511601
52234.275074 19.78 0.046 52234.27674 19.596 0.014 52234.273407 19.316 0.014 52234.27424 19.113 0.014 52234.275907 19.031 0.044 37.74331 -0.511601
52261.23843 19.725 0.042 52261.240096 19.579 0.013 52261.236763 19.312 0.013 52261.237596 19.099 0.013 52261.239263 18.998 0.039 37.74331 -0.511601
52283.105801 19.626 0.044 52283.107467 19.583 0.015 52283.104134 19.335 0.018 52283.104967 19.118 0.018 52283.106634 19.022 0.062 37.74331 -0.511601
52287.118923 19.714 0.038 52287.120589 19.594 0.014 52287.117256 19.31 0.014 52287.118089 19.116 0.014 52287.119756 19.001 0.04 37.74331 -0.511601
52552.437621 19.659 0.047 52552.439287 19.632 0.016 52552.435954 19.315 0.017 52552.436787 19.107 0.018 52552.438454 18.981 0.058 37.74331 -0.511601
52557.411981 19.698 0.04 52557.413647 19.548 0.014 52557.410314 19.326 0.015 52557.411147 19.12 0.016 52557.412814 19.118 0.058 37.74331 -0.511601
52908.386548 19.616 0.039 52908.388214 19.526 0.013 52908.384881 19.316 0.014 52908.385714 19.081 0.015 52908.387381 18.969 0.045 37.74331 -0.511601
52912.365986 19.589 0.038 52912.367652 19.528 0.013 52912.364319 19.287 0.013 52912.365152 19.051 0.014 52912.366819 18.955 0.039 37.74331 -0.511601
52934.318452 19.69 0.04 52934.320118 19.552 0.013 52934.316785 19.284 0.015 52934.317618 19.075 0.016 52934.319285 18.978 0.049 37.74331 -0.511601
52936.314379 19.693 0.036 52936.316045 19.549 0.013 52936.312712 19.294 0.013 52936.313545 19.082 0.014 52936.315212 18.997 0.043 37.74331 -0.511601
53270.378449 19.893 0.042 53270.380115 19.712 0.018 53270.376782 19.38 0.017 53270.377615 19.183 0.016 53270.379282 19.087 0.038 37.74331 -0.511601
53272.428377 19.873 0.048 53272.430043 19.711 0.016 53272.42671 19.315 0.014 53272.427543 19.189 0.015 53272.42921 19.129 0.05 37.74331 -0.511601
53286.397099 19.807 0.047 53286.398765 19.681 0.017 53286.395432 19.404 0.015 53286.396265 19.204 0.015 53286.397932 19.082 0.046 37.74331 -0.511601
53288.35559 19.805 0.042 53288.357256 19.703 0.014 53288.353923 19.462 0.014 53288.354756 19.147 0.014 53288.356423 19.059 0.043 37.74331 -0.511601
53294.403263 19.879 0.045 53294.404929 19.702 0.015 53294.401596 19.422 0.016 53294.402429 19.196 0.015 53294.404096 19.095 0.048 37.74331 -0.511601
53296.350265 19.92 0.05 53296.351932 19.731 0.022 53296.348598 19.398 0.022 53296.349432 19.19 0.021 53296.351098 19.225 0.052 37.74331 -0.511601
53298.40004 19.869 0.046 53298.401706 19.723 0.014 53298.398373 19.392 0.017 53298.399206 19.224 0.018 53298.400873 19.096 0.055 37.74331 -0.511601
53302.351259 19.943 0.063 53302.352925 19.736 0.024 53302.349592 19.438 0.019 53302.350425 19.19 0.016 53302.352092 19.011 0.043 37.74331 -0.511601
53312.306791 19.882 0.07 53312.308457 19.708 0.027 53312.305124 19.433 0.026 53312.305957 19.25 0.024 53312.307624 19.169 0.075 37.74331 -0.511601
53314.30799 19.986 0.058 53314.309656 19.69 0.02 53314.306323 19.414 0.017 53314.307156 19.171 0.017 53314.308823 19.01 0.053 37.74331 -0.511601
53319.295786 19.942 0.064 53319.297452 19.686 0.019 53319.294119 19.414 0.022 53319.294952 19.212 0.022 53319.296619 19.054 0.063 37.74331 -0.511601
53616.412343 19.733 0.05 53616.414009 19.588 0.016 53616.410676 19.339 0.016 53616.411509 19.177 0.017 53616.413176 19.079 0.053 37.74331 -0.511601
53628.373635 19.887 0.071 53628.375301 19.657 0.025 53628.371968 19.372 0.021 53628.372801 19.197 0.021 53628.374468 19.135 0.065 37.74331 -0.511601
53639.420631 19.798 0.049 53639.422297 19.627 0.016 53639.418964 19.371 0.015 53639.419797 19.162 0.015 53639.421464 19.015 0.041 37.74331 -0.511601
53641.419796 19.786 0.047 53641.421462 19.656 0.018 53641.418129 19.357 0.014 53641.418962 19.145 0.014 53641.420629 19.04 0.043 37.74331 -0.511601
53657.378681 19.792 0.087 53657.380347 19.584 0.033 53657.377014 19.348 0.027 53657.377847 19.22 0.025 53657.379514 19.008 0.068 37.74331 -0.511601
53663.363229 19.682 0.073 53663.364895 19.611 0.028 53663.361562 19.361 0.02 53663.362395 19.158 0.018 53663.364062 19.022 0.048 37.74331 -0.511601
53665.341201 -99.99 0.502 53665.342867 19.702 0.043 53665.339534 19.31 0.054 53665.340367 -99.99 1.567 53665.342034 19.083 0.129 37.74331 -0.511601
53666.433317 -99.99 0.116 53666.434983 -99.99 0.028 53666.43165 19.36 0.022 53666.432483 19.159 0.019 53666.43415 -99.99 0.102 37.74331 -0.511601
53668.352829 19.728 0.055 53668.354495 19.629 0.02 53668.351162 19.339 0.018 53668.351995 19.17 0.019 53668.353662 19.024 0.054 37.74331 -0.511601
53669.440447 19.91 0.09 53669.442113 19.658 0.023 53669.43878 19.335 0.019 53669.439613 19.145 0.018 53669.44128 19.064 0.067 37.74331 -0.511601
53670.357681 19.764 0.054 53670.359347 19.597 0.017 53670.356014 19.374 0.018 53670.356847 19.104 0.017 53670.358514 19 0.052 37.74331 -0.511601
53673.325669 19.702 0.04 53673.327335 19.572 0.013 53673.324002 19.373 0.014 53673.324835 19.113 0.014 53673.326502 19.028 0.039 37.74331 -0.511601
53675.322556 19.728 0.042 53675.324222 19.585 0.014 53675.320889 19.375 0.015 53675.321722 19.149 0.015 53675.323389 19.149 0.055 37.74331 -0.511601
53677.343586 19.727 0.043 53677.345252 19.598 0.014 53677.341919 19.342 0.014 53677.342752 19.115 0.014 53677.344419 18.976 0.037 37.74331 -0.511601
53680.330254 19.742 0.044 53680.33192 19.594 0.014 53680.328587 19.333 0.015 53680.32942 19.146 0.016 53680.331087 18.982 0.043 37.74331 -0.511601
53683.388808 19.733 0.052 53683.390474 19.638 0.014 53683.387141 19.362 0.016 53683.387974 19.169 0.019 53683.389641 19.045 0.062 37.74331 -0.511601
53686.329686 19.743 0.095 53686.331352 19.638 0.034 53686.328019 19.287 0.026 53686.328852 19.148 0.021 53686.330519 19.163 0.058 37.74331 -0.511601
53687.387073 -99.99 0.273 53687.388739 19.42 0.098 53687.385406 -99.99 0.078 53687.386239 -99.99 0.08 53687.387906 -99.99 0.183 37.74331 -0.511601
53693.332146 19.849 0.121 53693.333812 19.587 0.044 53693.330479 19.379 0.03 53693.331312 19.139 0.024 53693.332979 18.99 0.069 37.74331 -0.511601
53698.329535 -99.99 1.863 53698.331201 -99.99 0.75 53698.327868 19.169 0.065 53698.328701 18.668 0.201 53698.330368 -99.99 0.81 37.74331 -0.511601
53699.352985 19.694 0.054 53699.354651 19.585 0.017 53699.351318 19.325 0.015 53699.352151 19.159 0.016 53699.353818 19.026 0.045 37.74331 -0.511601
53704.315466 19.814 0.058 53704.317132 19.57 0.014 53704.313799 19.334 0.017 53704.314632 19.099 0.017 53704.316299 19.097 0.059 37.74331 -0.511601
53989.411594 19.806 0.069 53989.413261 19.541 0.031 53989.409928 19.29 0.021 53989.410761 19.075 0.023 53989.412428 18.988 0.035 37.74331 -0.511601
53995.450301 19.716 0.042 53995.451968 19.592 0.022 53995.448634 19.265 0.018 53995.449468 19.069 0.017 53995.451134 19.094 0.043 37.74331 -0.511601
54000.386944 19.81 0.068 54000.388611 19.517 0.02 54000.385277 19.248 0.025 54000.386111 19.106 0.019 54000.387777 18.97 0.049 37.74331 -0.511601
54007.437087 19.745 0.05 54007.438754 19.552 0.021 54007.435421 19.245 0.017 54007.436254 19.074 0.016 54007.437921 18.954 0.038 37.74331 -0.511601
54009.360904 19.742 0.037 54009.362571 19.588 0.018 54009.359237 19.296 0.019 54009.360071 19.086 0.019 54009.361737 18.952 0.032 37.74331 -0.511601
54011.425372 19.772 0.039 54011.427039 19.583 0.022 54011.423706 19.299 0.017 54011.424539 19.098 0.02 54011.426206 18.985 0.037 37.74331 -0.511601
54012.438172 19.715 0.048 54012.439839 19.54 0.02 54012.436506 19.261 0.02 54012.437339 19.069 0.019 54012.439006 18.996 0.045 37.74331 -0.511601
54025.424377 19.738 0.048 54025.426044 19.533 0.025 54025.422711 19.331 0.021 54025.423544 19.068 0.02 54025.425211 18.911 0.042 37.74331 -0.511601
54346.41819 19.673 0.065 54346.419857 19.537 0.039 54346.416523 19.24 0.021 54346.417357 19.066 0.02 54346.419023 18.892 0.04 37.74331 -0.511601
54348.422101 19.65 0.058 54348.423768 19.528 0.024 54348.420434 19.265 0.02 54348.421268 19.056 0.022 54348.422934 18.912 0.044 37.74331 -0.511601
54355.432203 19.712 0.036 54355.433869 19.47 0.025 54355.430536 19.253 0.021 54355.431369 19.011 0.021 54355.433036 18.985 0.038 37.74331 -0.511601
54358.377947 19.567 0.067 54358.379614 19.484 0.028 54358.376281 19.255 0.02 54358.377114 19.023 0.022 54358.378781 18.994 0.048 37.74331 -0.511601
54365.410989 19.656 0.035 54365.412656 19.485 0.02 54365.409323 19.233 0.017 54365.410156 19.046 0.019 54365.411823 18.927 0.037 37.74331 -0.511601
54381.430556 19.682 0.04 54381.432223 19.493 0.027 54381.42889 19.217 0.021 54381.429723 19.077 0.021 54381.43139 18.926 0.032 37.74331 -0.511601
54384.43722 19.687 0.042 54384.438887 19.482 0.021 54384.435553 19.248 0.017 54384.436387 19.044 0.019 54384.438053 18.897 0.038 37.74331 -0.511601
54386.422864 19.67 0.041 54386.42453 19.491 0.028 54386.421197 19.222 0.017 54386.42203 19.031 0.027 54386.423697 18.931 0.044 37.74331 -0.511601
54388.427192 19.652 0.041 54388.428859 19.527 0.023 54388.425525 19.25 0.015 54388.426359 19.063 0.022 54388.428025 18.985 0.04 37.74331 -0.511601
54392.424766 19.654 0.047 54392.426433 19.517 0.017 54392.423099 19.239 0.02 54392.423933 19.017 0.018 54392.425599 18.901 0.043 37.74331 -0.511601
54403.340937 -99.99 0.117 54403.342603 19.558 0.046 54403.33927 19.34 0.046 54403.340103 19.114 0.052 54403.34177 18.826 0.075 37.74331 -0.511601
54404.398543 19.966 0.116 54404.40021 -99.99 0.087 54404.396877 19.288 0.027 54404.39771 19.139 0.023 54404.399377 19.057 0.068 37.74331 -0.511601
54405.396447 19.873 0.083 54405.398114 19.559 0.03 54405.394781 19.279 0.021 54405.395614 19.065 0.019 54405.397281 18.942 0.049 37.74331 -0.511601
54406.334765 19.818 0.042 54406.336432 19.537 0.021 54406.333098 19.252 0.023 54406.333932 19.096 0.021 54406.335598 18.991 0.035 37.74331 -0.511601
54412.360529 19.741 0.039 54412.362196 19.572 0.018 54412.358862 19.308 0.016 54412.359696 19.041 0.02 54412.361362 19.007 0.041 37.74331 -0.511601
