51075.407897 20.453 0.059 51075.409563 20.113 0.019 51075.40623 19.979 0.023 51075.407063 19.754 0.032 51075.40873 19.628 0.104 39.002023 1.18706
51818.377533 20.389 0.061 51818.379199 20.078 0.018 51818.375866 20.094 0.025 51818.376699 19.735 0.028 51818.378366 19.727 0.093 39.002023 1.18706
52170.42854 20.603 0.072 52170.430206 20.398 0.023 52170.426873 20.258 0.026 52170.427706 19.937 0.031 52170.429373 19.878 0.099 39.002023 1.18706
52171.36573 20.69 0.079 52171.367396 20.358 0.022 52171.364063 20.293 0.03 52171.364896 19.889 0.03 52171.366563 19.85 0.095 39.002023 1.18706
52173.341979 20.628 0.083 52173.343645 20.384 0.024 52173.340312 20.27 0.028 52173.341145 19.951 0.036 52173.342812 19.727 0.122 39.002023 1.18706
52224.32205 20.652 0.071 52224.323716 20.392 0.022 52224.320383 20.272 0.026 52224.321216 19.934 0.029 52224.322883 19.84 0.094 39.002023 1.18706
52234.278561 20.774 0.097 52234.280227 20.456 0.024 52234.276894 20.249 0.028 52234.277727 19.83 0.03 52234.279394 20.046 0.111 39.002023 1.18706
52261.241916 20.689 0.074 52261.243582 20.345 0.021 52261.240249 20.249 0.026 52261.241082 19.862 0.028 52261.242749 19.663 0.075 39.002023 1.18706
52287.122411 20.531 0.063 52287.124077 20.317 0.021 52287.120744 20.191 0.027 52287.121577 19.915 0.03 52287.123244 19.838 0.093 39.002023 1.18706
52552.441107 20.335 0.067 52552.442773 20.074 0.021 52552.43944 19.982 0.026 52552.440273 19.797 0.039 52552.44194 19.558 0.092 39.002023 1.18706
52557.415467 20.362 0.065 52557.417133 20.051 0.018 52557.4138 19.988 0.025 52557.414633 19.682 0.03 52557.4163 19.545 0.091 39.002023 1.18706
52908.390034 20.865 0.089 52908.3917 20.435 0.024 52908.388367 20.281 0.028 52908.3892 19.963 0.033 52908.390867 19.839 0.108 39.002023 1.18706
52912.369473 20.734 0.083 52912.371139 20.371 0.023 52912.367806 20.314 0.027 52912.368639 19.97 0.03 52912.370306 19.782 0.094 39.002023 1.18706
52934.32194 20.695 0.083 52934.323606 20.387 0.026 52934.320273 20.303 0.031 52934.321106 19.924 0.038 52934.322773 19.83 0.126 39.002023 1.18706
52936.317866 20.715 0.073 52936.319532 20.386 0.021 52936.316199 20.275 0.035 52936.317032 19.897 0.032 52936.318699 19.924 0.116 39.002023 1.18706
53270.381922 20.919 0.081 53270.383589 20.651 0.028 53270.380255 20.463 0.028 53270.381089 20.084 0.032 53270.382755 20.043 0.102 39.002023 1.18706
53272.431865 20.968 0.104 53272.433531 20.696 0.028 53272.430198 20.555 0.037 53272.431031 20.208 0.043 53272.432698 20.684 0.227 39.002023 1.18706
53286.400586 20.923 0.113 53286.402252 20.681 0.031 53286.398919 20.557 0.039 53286.399752 20.117 0.041 53286.401419 20.022 0.124 39.002023 1.18706
53288.359079 20.796 0.083 53288.360745 20.658 0.026 53288.357412 20.476 0.032 53288.358245 20.175 0.037 53288.359912 19.948 0.114 39.002023 1.18706
53294.406749 21.082 0.178 53294.408415 -99.99 0.049 53294.405082 -99.99 0.039 53294.405915 -99.99 0.093 53294.407582 20.062 0.208 39.002023 1.18706
53296.353767 21.078 0.109 53296.355434 -99.99 0.032 53296.3521 20.61 0.042 53296.352934 20.21 0.043 53296.3546 20.112 0.137 39.002023 1.18706
53298.403526 20.887 0.09 53298.405192 20.655 0.038 53298.401859 20.535 0.04 53298.402692 20.109 0.044 53298.404359 20.257 0.175 39.002023 1.18706
53302.354747 20.965 0.141 53302.356413 20.623 0.048 53302.35308 20.48 0.048 53302.353913 20.1 0.045 53302.35558 20.246 0.154 39.002023 1.18706
53312.310354 21.115 0.199 53312.312021 20.692 0.052 53312.308687 20.556 0.054 53312.309521 20.066 0.052 53312.311187 19.837 0.128 39.002023 1.18706
53314.311478 20.982 0.127 53314.313144 20.627 0.035 53314.309811 20.61 0.052 53314.310644 20.137 0.045 53314.312311 19.933 0.132 39.002023 1.18706
53319.299273 21.357 0.167 53319.300939 20.735 0.037 53319.297606 20.677 0.059 53319.298439 20.196 0.051 53319.300106 20.027 0.146 39.002023 1.18706
53616.415831 20.905 0.137 53616.417497 20.481 0.028 53616.414164 20.327 0.035 53616.414997 19.976 0.042 53616.416664 20.173 0.166 39.002023 1.18706
53628.377123 20.822 0.147 53628.378789 20.585 0.051 53628.375456 20.353 0.044 53628.376289 20.12 0.05 53628.377956 20.166 0.161 39.002023 1.18706
53639.424118 20.911 0.107 53639.425784 20.52 0.03 53639.422451 20.391 0.031 53639.423284 20.075 0.034 53639.424951 20.12 0.111 39.002023 1.18706
53641.423284 20.762 0.099 53641.42495 20.518 0.029 53641.421617 20.43 0.033 53641.42245 20.082 0.036 53641.424117 19.933 0.104 39.002023 1.18706
53657.38217 20.797 0.204 53657.383836 20.404 0.061 53657.380503 20.417 0.069 53657.381336 20.075 0.065 53657.383003 20.173 0.206 39.002023 1.18706
53666.436802 21.023 0.238 53666.438468 20.529 0.046 53666.435135 20.513 0.057 53666.435968 20.111 0.05 53666.437635 19.918 0.119 39.002023 1.18706
53668.356317 20.763 0.13 53668.357983 20.442 0.035 53668.35465 20.416 0.043 53668.355483 20.035 0.044 53668.35715 19.865 0.124 39.002023 1.18706
53669.443931 20.713 0.188 53669.445597 20.485 0.043 53669.442264 20.291 0.046 53669.443097 19.949 0.045 53669.444764 19.907 0.143 39.002023 1.18706
53670.361169 20.847 0.121 53670.362835 20.54 0.032 53670.359502 20.401 0.039 53670.360335 20.03 0.043 53670.362002 19.789 0.109 39.002023 1.18706
53673.329157 20.941 0.089 53673.330823 20.513 0.022 53673.32749 20.367 0.028 53673.328323 20.035 0.03 53673.32999 19.938 0.088 39.002023 1.18706
53675.326044 20.868 0.092 53675.32771 20.477 0.023 53675.324377 20.407 0.034 53675.32521 20.076 0.039 53675.326877 19.787 0.097 39.002023 1.18706
53677.347073 20.881 0.093 53677.348739 20.51 0.023 53677.345406 20.368 0.031 53677.346239 20.104 0.034 53677.347906 19.929 0.085 39.002023 1.18706
53680.333741 21.108 0.114 53680.335407 20.476 0.023 53680.332074 20.336 0.032 53680.332907 20.06 0.037 53680.334574 20.101 0.124 39.002023 1.18706
53683.392294 20.972 0.127 53683.39396 20.5 0.025 53683.390627 20.465 0.038 53683.39146 20.016 0.044 53683.393127 19.834 0.131 39.002023 1.18706
53686.333174 20.632 0.196 53686.33484 20.375 0.066 53686.331507 20.384 0.068 53686.33234 19.997 0.06 53686.334007 20.071 0.15 39.002023 1.18706
53693.335631 20.585 0.26 53693.337297 20.306 0.077 53693.333964 20.212 0.073 53693.334797 20.053 0.069 53693.336464 19.998 0.196 39.002023 1.18706
53699.356471 20.975 0.135 53699.358137 20.509 0.032 53699.354804 20.365 0.033 53699.355637 20.027 0.035 53699.357304 19.934 0.101 39.002023 1.18706
53704.318953 20.86 0.119 53704.320619 20.453 0.031 53704.317286 20.347 0.034 53704.318119 19.992 0.039 53704.319786 19.864 0.132 39.002023 1.18706
53995.453751 20.794 0.069 53995.455418 20.504 0.023 53995.452085 20.351 0.028 53995.452918 19.997 0.031 53995.454585 19.787 0.07 39.002023 1.18706
53997.438579 20.735 0.066 53997.440246 20.45 0.027 53997.436912 20.346 0.029 53997.437746 20.117 0.032 53997.439412 20.008 0.087 39.002023 1.18706
54000.390448 20.823 0.101 54000.392115 20.472 0.038 54000.388781 20.344 0.031 54000.389615 19.988 0.037 54000.391281 20.014 0.124 39.002023 1.18706
54007.440583 20.766 0.085 54007.44225 20.532 0.028 54007.438917 20.32 0.038 54007.43975 19.968 0.036 54007.441417 19.88 0.127 39.002023 1.18706
54009.364364 20.754 0.064 54009.366031 20.475 0.023 54009.362698 20.415 0.025 54009.363531 20.022 0.028 54009.365198 20.025 0.091 39.002023 1.18706
54011.428843 20.734 0.063 54011.43051 20.478 0.026 54011.427177 20.281 0.025 54011.42801 19.921 0.028 54011.429677 19.94 0.08 39.002023 1.18706
54012.441643 21.088 0.114 54012.443309 20.455 0.025 54012.439976 20.298 0.03 54012.440809 19.993 0.037 54012.442476 19.891 0.094 39.002023 1.18706
54025.427844 20.701 0.102 54025.429511 20.472 0.026 54025.426178 20.36 0.034 54025.427011 20.013 0.037 54025.428678 20.015 0.12 39.002023 1.18706
54346.421612 20.848 0.161 54346.423278 20.322 0.042 54346.419945 20.296 0.06 54346.420778 19.933 0.045 54346.422445 19.809 0.089 39.002023 1.18706
54348.425604 20.645 0.093 54348.427271 20.329 0.038 54348.423937 20.131 0.032 54348.424771 19.978 0.041 54348.426437 19.951 0.106 39.002023 1.18706
54358.381451 20.753 0.088 54358.383118 20.268 0.028 54358.379785 20.186 0.041 54358.380618 19.951 0.036 54358.382285 19.871 0.101 39.002023 1.18706
54365.414479 20.61 0.063 54365.416146 20.323 0.022 54365.412812 20.199 0.024 54365.413646 19.987 0.029 54365.415312 19.784 0.081 39.002023 1.18706
54381.434051 20.837 0.078 54381.435718 20.374 0.027 54381.432385 20.241 0.024 54381.433218 20.038 0.03 54381.434885 19.831 0.071 39.002023 1.18706
54384.440702 20.606 0.078 54384.442368 20.354 0.025 54384.439035 20.231 0.031 54384.439868 19.884 0.033 54384.441535 19.826 0.083 39.002023 1.18706
54386.426383 20.677 0.087 54386.428049 20.319 0.024 54386.424716 20.257 0.031 54386.425549 20.041 0.034 54386.427216 19.921 0.084 39.002023 1.18706
54388.430611 20.704 0.084 54388.432278 20.377 0.024 54388.428945 20.32 0.03 54388.429778 19.923 0.031 54388.431445 19.768 0.073 39.002023 1.18706
54392.428179 20.568 0.094 54392.429846 20.455 0.043 54392.426513 20.172 0.028 54392.427346 19.913 0.034 54392.429013 20.121 0.137 39.002023 1.18706
54403.344584 -99.99 0.191 54403.34625 20.368 0.047 54403.342917 20.12 0.102 54403.34375 19.807 0.157 54403.345417 19.657 0.142 39.002023 1.18706
54406.338271 20.592 0.072 54406.339938 20.396 0.032 54406.336604 20.252 0.029 54406.337438 19.916 0.03 54406.339104 20.013 0.087 39.002023 1.18706
54412.364029 20.58 0.077 54412.365695 20.343 0.027 54412.362362 20.232 0.029 54412.363195 19.851 0.032 54412.364862 19.991 0.098 39.002023 1.18706
