51081.388398 21.544 0.171 51081.390064 20.855 0.035 51081.386731 20.696 0.045 51081.387564 20.353 0.05 51081.389231 20.825 0.237 37.848314 1.026273
51819.459517 20.918 0.154 51819.461183 20.64 0.039 51819.45785 20.446 0.05 51819.458683 20.195 0.057 51819.46035 20.175 0.201 37.848314 1.026273
51875.203343 20.928 0.085 51875.205009 20.703 0.029 51875.201676 20.49 0.037 51875.202509 20.18 0.044 51875.204176 20.322 0.17 37.848314 1.026273
52225.284214 20.704 0.076 52225.28588 20.491 0.025 52225.282547 20.338 0.031 52225.28338 20.128 0.037 52225.285047 20.132 0.122 37.848314 1.026273
52288.118635 20.792 0.079 52288.120301 20.56 0.026 52288.116968 20.435 0.033 52288.117801 20.169 0.038 52288.119468 20.35 0.142 37.848314 1.026273
52551.391924 20.958 0.104 52551.39359 20.66 0.03 52551.390257 20.489 0.036 52551.39109 20.271 0.046 52551.392757 20.291 0.159 37.848314 1.026273
52558.424798 21.084 0.096 52558.426464 20.697 0.028 52558.423131 20.532 0.032 52558.423964 20.262 0.039 52558.425631 20.027 0.109 37.848314 1.026273
52578.296405 21.005 0.097 52578.298071 20.655 0.028 52578.294738 20.567 0.036 52578.295571 20.22 0.042 52578.297238 20.292 0.166 37.848314 1.026273
52585.259386 21.049 0.09 52585.261052 20.754 0.026 52585.257719 20.576 0.034 52585.258552 20.276 0.048 52585.260219 20.221 0.175 37.848314 1.026273
52909.426019 20.897 0.082 52909.427685 20.635 0.025 52909.424352 20.51 0.03 52909.425185 20.289 0.038 52909.426852 20.301 0.138 37.848314 1.026273
52910.396262 21.128 0.118 52910.397928 20.613 0.028 52910.394595 20.482 0.032 52910.395428 20.166 0.038 52910.397095 20.295 0.15 37.848314 1.026273
52935.323432 21.179 0.132 52935.325098 20.645 0.032 52935.321765 20.507 0.04 52935.322598 20.339 0.059 52935.324265 20.206 0.189 37.848314 1.026273
52963.246509 21.084 0.083 52963.248175 20.684 0.028 52963.244842 20.557 0.031 52963.245675 20.324 0.04 52963.247342 20.275 0.132 37.848314 1.026273
52971.237424 -99.99 0.144 52971.23909 -99.99 0.035 52971.235757 -99.99 0.064 52971.23659 20.291 0.078 52971.238257 20.271 0.204 37.848314 1.026273
53351.168812 21.054 0.105 53351.170478 20.88 0.031 53351.167145 20.625 0.038 53351.167978 20.375 0.05 53351.169645 20.646 0.24 37.848314 1.026273
53622.425865 20.703 0.078 53622.427531 20.47 0.023 53622.424198 20.388 0.028 53622.425031 20.072 0.033 53622.426698 19.967 0.11 37.848314 1.026273
53634.375336 20.866 0.238 53634.377002 20.428 0.073 53634.373669 20.439 0.064 53634.374502 20.199 0.06 53634.376169 20.068 0.131 37.848314 1.026273
53638.416672 20.784 0.103 53638.418338 20.369 0.028 53638.415005 20.302 0.031 53638.415838 20.055 0.036 53638.417505 20.161 0.139 37.848314 1.026273
53640.380708 20.644 0.088 53640.382374 20.446 0.027 53640.379041 20.376 0.032 53640.379874 20.122 0.037 53640.381541 20.223 0.135 37.848314 1.026273
53655.352881 20.853 0.09 53655.354547 20.503 0.024 53655.351214 20.416 0.032 53655.352047 20.223 0.043 53655.353714 20.029 0.123 37.848314 1.026273
53663.442522 20.752 0.267 53663.444188 20.579 0.079 53663.440855 20.429 0.067 53663.441688 20.117 0.06 53663.443355 20.155 0.153 37.848314 1.026273
53665.442469 20.573 0.15 53665.444135 20.626 0.053 53665.440802 20.468 0.052 53665.441635 20.18 0.056 53665.443302 20.254 0.188 37.848314 1.026273
53668.431084 20.907 0.223 53668.43275 20.496 0.052 53668.429417 20.391 0.056 53668.43025 20.167 0.06 53668.431917 19.801 0.151 37.848314 1.026273
53669.337082 20.858 0.138 53669.338748 20.534 0.077 53669.335415 20.322 0.046 53669.336248 20.053 0.055 53669.337915 -99.99 0.43 37.848314 1.026273
53670.437046 21.006 0.191 53670.438712 20.611 0.04 53670.435379 20.39 0.046 53670.436212 20.161 0.05 53670.437879 20.085 0.147 37.848314 1.026273
53671.421833 20.993 0.165 53671.423499 20.503 0.036 53671.420166 20.281 0.042 53671.420999 20.052 0.048 53671.422666 19.964 0.16 37.848314 1.026273
53674.32132 20.728 0.121 53674.322986 20.542 0.031 53674.319653 20.461 0.048 53674.320486 20.198 0.053 53674.322153 20.263 0.194 37.848314 1.026273
53676.410776 20.716 0.151 53676.412442 20.586 0.028 53676.409109 20.483 0.048 53676.409942 20.238 0.061 53676.411609 20.009 0.128 37.848314 1.026273
53679.382677 20.781 0.125 53679.384343 20.475 0.028 53679.38101 20.421 0.049 53679.381843 20.042 0.054 53679.38351 20.264 0.216 37.848314 1.026273
53681.374191 21.066 0.177 53681.375857 20.493 0.031 53681.372524 20.439 0.044 53681.373357 20.038 0.044 53681.375024 20.06 0.142 37.848314 1.026273
53684.335687 20.889 0.465 53684.337353 20.652 0.186 53684.33402 20.688 0.167 53684.334853 -99.99 0.19 53684.33652 20.461 0.845 37.848314 1.026273
53694.347137 21.275 0.383 53694.348803 20.552 0.061 53694.34547 20.469 0.067 53694.346303 20.21 0.07 53694.34797 20.139 0.18 37.848314 1.026273
53697.331217 20.62 0.103 53697.332883 20.523 0.034 53697.32955 20.527 0.041 53697.330383 20.106 0.04 53697.33205 19.845 0.098 37.848314 1.026273
53700.330173 20.741 0.113 53700.331839 20.54 0.028 53700.328506 20.411 0.039 53700.329339 20.123 0.049 53700.331006 20.141 0.169 37.848314 1.026273
53705.316844 20.892 0.118 53705.31851 20.611 0.029 53705.315177 20.453 0.04 53705.31601 20.164 0.046 53705.317677 19.944 0.143 37.848314 1.026273
53975.401848 21.255 0.129 53975.403515 20.86 0.032 53975.400181 20.564 0.039 53975.401015 20.311 0.045 53975.402681 20.324 0.152 37.848314 1.026273
53994.424847 21.015 0.096 53994.426514 20.834 0.03 53994.42318 20.572 0.035 53994.424014 20.268 0.039 53994.42568 20.333 0.133 37.848314 1.026273
53996.408591 21.059 0.106 53996.410258 -99.99 0.037 53996.406924 20.608 0.039 53996.407758 20.309 0.043 53996.409424 20.282 0.147 37.848314 1.026273
54005.421743 21.027 0.091 54005.42341 20.714 0.029 54005.420076 20.505 0.031 54005.42091 20.231 0.039 54005.422576 20.04 0.105 37.848314 1.026273
54009.435586 21.04 0.088 54009.437252 20.759 0.027 54009.433919 20.61 0.033 54009.434752 20.217 0.038 54009.436419 20.29 0.124 37.848314 1.026273
54010.362697 21.121 0.08 54010.364364 20.711 0.024 54010.36103 20.618 0.028 54010.361864 20.325 0.047 54010.36353 20.202 0.102 37.848314 1.026273
54012.355625 21.152 0.175 54012.357292 20.692 0.055 54012.353958 20.469 0.047 54012.354792 20.36 0.058 54012.356458 -99.99 0.226 37.848314 1.026273
54020.361512 21.05 0.204 54020.363179 20.694 0.097 54020.359846 20.435 0.052 54020.360679 20.223 0.081 54020.362346 19.963 0.161 37.848314 1.026273
54024.443101 21.018 0.13 54024.444768 20.694 0.033 54024.441435 20.559 0.04 54024.442268 20.246 0.046 54024.443935 20.223 0.136 37.848314 1.026273
54028.431472 20.836 0.139 54028.433138 20.64 0.04 54028.429805 20.506 0.043 54028.430638 20.294 0.066 54028.432305 20.479 0.241 37.848314 1.026273
54030.386827 20.82 0.08 54030.388494 20.714 0.034 54030.385161 20.455 0.032 54030.385994 20.223 0.043 54030.387661 20.041 0.12 37.848314 1.026273
54035.430824 20.991 0.17 54035.43249 20.678 0.036 54035.429157 20.48 0.046 54035.42999 20.171 0.058 54035.431657 20.389 0.203 37.848314 1.026273
54037.336323 20.949 0.074 54037.337989 20.668 0.028 54037.334656 20.481 0.029 54037.335489 20.203 0.035 54037.337156 20.265 0.105 37.848314 1.026273
54040.350791 20.929 0.106 54040.352458 20.62 0.039 54040.349125 20.497 0.047 54040.349958 20.159 0.051 54040.351625 20.11 0.138 37.848314 1.026273
54047.381467 -99.99 0.522 54047.383134 21.169 0.233 54047.3798 20.308 0.105 54047.380634 20.32 0.127 54047.3823 19.987 0.25 37.848314 1.026273
54049.377288 20.857 0.181 54049.378954 20.629 0.056 54049.375621 20.533 0.056 54049.376454 20.183 0.054 54049.378121 20.036 0.149 37.848314 1.026273
54053.357121 20.804 0.104 54053.358787 20.632 0.04 54053.355454 20.494 0.038 54053.356287 -99.99 0.051 54053.357954 -99.99 0.17 37.848314 1.026273
54056.343246 20.798 0.106 54056.344913 20.637 0.029 54056.341579 20.356 0.035 54056.342413 20.133 0.047 54056.344079 20.325 0.177 37.848314 1.026273
54059.337524 20.762 0.104 54059.33919 20.565 0.025 54059.335857 20.512 0.041 54059.33669 20.171 0.05 54059.338357 20.446 0.204 37.848314 1.026273
54061.348667 20.891 0.194 54061.350334 -99.99 0.051 54061.347001 20.458 0.057 54061.347834 20.129 0.058 54061.349501 19.971 0.191 37.848314 1.026273
54062.342438 20.92 0.106 54062.344105 20.638 0.026 54062.340772 20.45 0.035 54062.341605 20.154 0.043 54062.343272 20.117 0.137 37.848314 1.026273
54064.338898 20.733 0.098 54064.340565 -99.99 0.028 54064.337232 20.434 0.035 54064.338065 20.241 0.042 54064.339732 20.267 0.135 37.848314 1.026273
54068.323051 20.999 0.279 54068.324717 -99.99 0.055 54068.321384 20.483 0.085 54068.322217 -99.99 0.106 54068.323884 19.9 0.152 37.848314 1.026273
54357.380723 21.104 0.089 54357.38239 20.595 0.021 54357.379056 20.506 0.029 54357.37989 20.17 0.028 54357.381556 20.252 0.109 37.848314 1.026273
54362.430548 20.926 0.08 54362.432215 20.63 0.034 54362.428882 20.535 0.031 54362.429715 20.166 0.035 54362.431382 20.276 0.126 37.848314 1.026273
54376.425631 21.071 0.13 54376.427298 20.691 0.037 54376.423965 20.496 0.034 54376.424798 20.218 0.044 54376.426465 20.087 0.114 37.848314 1.026273
54382.410744 21.07 0.131 54382.41241 20.687 0.039 54382.409077 20.529 0.041 54382.40991 20.216 0.051 54382.411577 20.409 0.199 37.848314 1.026273
54385.428545 21.087 0.099 54385.430212 20.748 0.027 54385.426878 20.567 0.031 54385.427712 20.321 0.035 54385.429378 20.178 0.096 37.848314 1.026273
54387.429219 21.023 0.215 54387.430885 20.662 0.04 54387.427552 20.492 0.074 54387.428385 20.151 0.056 54387.430052 19.937 0.13 37.848314 1.026273
54390.421458 -99.99 0.315 54390.423125 -99.99 0.403 54390.419791 20.549 0.056 54390.420625 20.259 0.069 54390.422291 -99.99 0.46 37.848314 1.026273
54391.429915 20.934 0.255 54391.431582 20.759 0.054 54391.428249 20.539 0.069 54391.429082 20.061 0.072 54391.430749 20.205 0.261 37.848314 1.026273
54402.422224 21.21 0.345 54402.423891 20.616 0.078 54402.420558 20.548 0.068 54402.421391 20.191 0.06 54402.423058 20.133 0.144 37.848314 1.026273
