51081.381343 18.445 0.018 51081.383009 18.084 0.006 51081.379676 17.917 0.007 51081.380509 17.842 0.008 51081.382176 17.366 0.016 35.30477 1.017475
51819.452601 18.608 0.023 51819.454267 18.271 0.008 51819.450934 18.04 0.008 51819.451767 17.949 0.01 51819.453434 17.513 0.019 35.30477 1.017475
51875.196297 18.663 0.019 51875.197963 18.256 0.007 51875.19463 18.08 0.007 51875.195463 17.952 0.009 51875.19713 17.538 0.019 35.30477 1.017475
52225.277169 18.464 0.017 52225.278835 18.107 0.006 52225.275502 17.959 0.007 52225.276335 17.854 0.008 52225.278002 17.422 0.015 35.30477 1.017475
52288.111591 18.673 0.02 52288.113257 18.25 0.007 52288.109924 18.044 0.007 52288.110757 17.921 0.008 52288.112424 17.499 0.017 35.30477 1.017475
52551.38488 18.735 0.021 52551.386546 18.289 0.007 52551.383213 18.078 0.007 52551.384046 17.981 0.009 52551.385713 17.52 0.018 35.30477 1.017475
52558.417754 18.744 0.021 52558.41942 18.349 0.007 52558.416087 18.125 0.008 52558.41692 18.002 0.009 52558.418587 17.562 0.016 35.30477 1.017475
52576.250807 18.761 0.021 52576.252473 18.333 0.007 52576.24914 18.107 0.007 52576.249973 18.007 0.009 52576.25164 17.588 0.018 35.30477 1.017475
52578.289361 18.746 0.021 52578.291027 18.311 0.007 52578.287694 18.102 0.007 52578.288527 17.966 0.009 52578.290194 17.5 0.017 35.30477 1.017475
52585.252341 18.724 0.02 52585.254007 18.298 0.007 52585.250674 18.1 0.007 52585.251507 18.004 0.01 52585.253174 17.543 0.022 35.30477 1.017475
52909.418975 18.862 0.022 52909.420641 18.45 0.007 52909.417308 18.215 0.009 52909.418141 18.079 0.009 52909.419808 17.633 0.017 35.30477 1.017475
52910.389218 18.917 0.024 52910.390884 18.46 0.008 52910.387551 18.203 0.008 52910.388384 18.077 0.01 52910.390051 17.631 0.019 35.30477 1.017475
52935.316387 18.895 0.026 52935.318053 18.503 0.008 52935.31472 18.207 0.009 52935.315553 18.073 0.011 52935.31722 17.622 0.023 35.30477 1.017475
52963.239464 18.911 0.024 52963.24113 18.499 0.01 52963.237797 18.243 0.011 52963.23863 18.11 0.012 52963.240297 17.646 0.019 35.30477 1.017475
52971.230379 18.901 0.025 52971.232045 18.463 0.008 52971.228712 18.209 0.008 52971.229545 18.068 0.01 52971.231212 17.609 0.019 35.30477 1.017475
53351.161767 19.202 0.03 53351.163433 18.747 0.01 53351.1601 18.41 0.011 53351.160933 18.233 0.013 53351.1626 17.711 0.023 35.30477 1.017475
53622.41882 18.891 0.025 53622.420486 18.517 0.008 53622.417153 18.273 0.008 53622.417986 18.15 0.011 53622.419653 17.676 0.018 35.30477 1.017475
53634.368292 -99.99 0.044 53634.369958 -99.99 0.014 53634.366625 18.254 0.013 53634.367458 18.134 0.013 53634.369125 17.65 0.02 35.30477 1.017475
53638.409628 18.908 0.025 53638.411294 18.52 0.009 53638.407961 18.275 0.009 53638.408794 18.171 0.01 53638.410461 17.692 0.019 35.30477 1.017475
53640.373664 18.916 0.027 53640.37533 18.496 0.008 53640.371997 18.252 0.009 53640.37283 18.113 0.01 53640.374497 17.634 0.019 35.30477 1.017475
53646.435073 18.994 0.03 53646.436739 18.553 0.008 53646.433406 18.262 0.009 53646.434239 18.143 0.011 53646.435906 17.786 0.022 35.30477 1.017475
53655.345837 18.94 0.024 53655.347503 18.534 0.008 53655.34417 18.282 0.009 53655.345003 18.172 0.01 53655.34667 17.803 0.021 35.30477 1.017475
53663.435479 18.904 0.051 53663.437145 18.498 0.015 53663.433812 18.289 0.012 53663.434645 18.165 0.013 53663.436312 17.673 0.021 35.30477 1.017475
53664.370792 18.897 0.049 53664.372458 18.502 0.017 53664.369125 18.28 0.017 53664.369958 18.184 0.019 53664.371625 17.698 0.034 35.30477 1.017475
53665.435426 18.895 0.04 53665.437092 18.521 0.011 53665.433759 18.282 0.01 53665.434592 18.16 0.013 53665.436259 17.673 0.023 35.30477 1.017475
53668.424031 18.936 0.042 53668.425697 18.502 0.011 53668.422364 18.201 0.01 53668.423197 18.076 0.013 53668.424864 17.589 0.024 35.30477 1.017475
53669.330038 -99.99 0.201 53669.331704 -99.99 0.014 53669.328371 -99.99 0.009 53669.329204 18.188 0.074 53669.330871 -99.99 0.042 35.30477 1.017475
53670.430004 18.918 0.04 53670.43167 18.532 0.01 53670.428337 18.247 0.01 53670.42917 18.152 0.012 53670.430837 17.7 0.024 35.30477 1.017475
53671.41479 18.919 0.031 53671.416456 18.509 0.009 53671.413123 18.288 0.009 53671.413956 18.144 0.011 53671.415623 17.599 0.022 35.30477 1.017475
53674.314275 18.942 0.03 53674.315941 18.521 0.008 53674.312608 18.228 0.009 53674.313441 18.084 0.011 53674.315108 17.659 0.022 35.30477 1.017475
53676.403733 18.92 0.034 53676.405399 18.48 0.011 53676.402066 18.273 0.009 53676.402899 18.102 0.011 53676.404566 17.648 0.026 35.30477 1.017475
53679.375634 18.931 0.03 53679.3773 18.521 0.008 53679.373967 18.241 0.009 53679.3748 18.114 0.011 53679.376467 17.625 0.023 35.30477 1.017475
53681.367147 -99.99 0.028 53681.368813 18.528 0.008 53681.36548 18.249 0.008 53681.366313 18.098 0.01 53681.36798 17.639 0.019 35.30477 1.017475
53684.328642 18.979 0.092 53684.330308 -99.99 0.04 53684.326975 18.29 0.028 53684.327808 18.188 0.036 53684.329475 -99.99 0.096 35.30477 1.017475
53687.269947 18.859 0.044 53687.271613 18.696 0.027 53687.26828 18.419 0.017 53687.269113 18.259 0.018 53687.27078 17.743 0.031 35.30477 1.017475
53694.340091 -99.99 0.062 53694.341757 18.596 0.016 53694.338424 -99.99 0.013 53694.339257 18.135 0.015 53694.340924 17.704 0.023 35.30477 1.017475
53697.324173 18.894 0.032 53697.325839 18.502 0.009 53697.322506 18.27 0.009 53697.323339 18.164 0.012 53697.325006 17.661 0.022 35.30477 1.017475
53700.323129 18.909 0.031 53700.324795 18.47 0.008 53700.321462 18.238 0.009 53700.322295 18.092 0.011 53700.323962 17.658 0.023 35.30477 1.017475
53705.3098 18.837 0.029 53705.311466 18.467 0.009 53705.308133 18.213 0.01 53705.308966 18.047 0.012 53705.310633 17.576 0.022 35.30477 1.017475
53975.394873 -99.99 0.03 53975.39654 18.697 0.018 53975.393206 18.421 0.016 53975.39404 18.315 0.019 53975.395706 17.736 0.039 35.30477 1.017475
53993.407012 -99.99 0.027 53993.408679 18.815 0.019 53993.405345 -99.99 0.021 53993.406179 -99.99 0.024 53993.407845 17.824 0.02 35.30477 1.017475
53994.417873 19.153 0.033 53994.419539 18.763 0.02 53994.416206 18.497 0.015 53994.417039 18.388 0.018 53994.418706 17.823 0.022 35.30477 1.017475
53996.401547 19.2 0.03 53996.403213 18.798 0.018 53996.39988 18.487 0.016 53996.400713 18.355 0.017 53996.40238 17.8 0.023 35.30477 1.017475
54005.414702 19.21 0.027 54005.416368 18.844 0.031 54005.413035 18.53 0.016 54005.413868 18.431 0.014 54005.415535 17.883 0.019 35.30477 1.017475
54010.355646 19.243 0.028 54010.357313 18.828 0.019 54010.35398 18.539 0.018 54010.354813 18.385 0.021 54010.35648 -99.99 0.022 35.30477 1.017475
54012.348553 19.256 0.038 54012.350219 18.801 0.02 54012.346886 18.528 0.018 54012.347719 18.378 0.022 54012.349386 17.86 0.025 35.30477 1.017475
54020.354476 19.242 0.042 54020.356142 18.839 0.048 54020.352809 18.515 0.021 54020.353642 18.346 0.019 54020.355309 17.864 0.027 35.30477 1.017475
54024.436069 19.182 0.033 54024.437736 18.819 0.019 54024.434402 18.517 0.022 54024.435236 18.378 0.013 54024.436902 17.834 0.021 35.30477 1.017475
54028.4244 19.191 0.032 54028.426067 18.834 0.032 54028.422733 18.513 0.019 54028.423567 18.357 0.02 54028.425233 17.837 0.029 35.30477 1.017475
54035.423863 19.276 0.041 54035.42553 18.863 0.03 54035.422197 18.492 0.018 54035.42303 18.36 0.019 54035.424697 17.848 0.027 35.30477 1.017475
54040.343839 -99.99 0.035 54040.345506 18.838 0.018 54040.342172 18.527 0.018 54040.343006 18.436 0.02 54040.344672 17.872 0.022 35.30477 1.017475
54049.370234 19.251 0.047 54049.3719 18.819 0.025 54049.368567 18.512 0.02 54049.3694 18.355 0.02 54049.371067 17.86 0.026 35.30477 1.017475
54053.349962 19.179 0.04 54053.351628 18.833 0.02 54053.348295 18.538 0.02 54053.349128 -99.99 0.019 54053.350795 -99.99 0.034 35.30477 1.017475
54059.330489 19.142 0.032 54059.332155 18.798 0.027 54059.328822 18.488 0.026 54059.329655 18.356 0.015 54059.331322 17.845 0.024 35.30477 1.017475
54061.341621 -99.99 0.046 54061.343287 18.764 0.026 54061.339954 18.469 0.018 54061.340787 18.292 0.016 54061.342454 17.76 0.045 35.30477 1.017475
54062.335368 -99.99 0.03 54062.337035 18.83 0.03 54062.333701 18.548 0.018 54062.334535 18.4 0.021 54062.336201 17.907 0.024 35.30477 1.017475
54064.331845 19.16 0.032 54064.333512 18.793 0.033 54064.330179 18.499 0.017 54064.331012 18.416 0.019 54064.332679 17.873 0.023 35.30477 1.017475
54068.316055 -99.99 0.047 54068.317721 18.783 0.043 54068.314388 18.47 0.017 54068.315221 18.283 0.019 54068.316888 17.796 0.032 35.30477 1.017475
54357.373733 19.289 0.028 54357.375399 18.91 0.021 54357.372066 18.605 0.024 54357.372899 18.519 0.015 54357.374566 18.001 0.032 35.30477 1.017475
54362.423513 -99.99 0.033 54362.42518 18.887 0.03 54362.421846 18.605 0.024 54362.42268 18.49 0.029 54362.424346 17.862 0.026 35.30477 1.017475
54376.418596 19.22 0.05 54376.420263 18.898 0.02 54376.416929 18.598 0.014 54376.417763 18.45 0.017 54376.419429 17.913 0.027 35.30477 1.017475
54382.403768 19.349 0.037 54382.405435 18.883 0.024 54382.402102 18.531 0.021 54382.402935 18.399 0.024 54382.404602 17.861 0.025 35.30477 1.017475
54385.421509 -99.99 0.034 54385.423176 18.905 0.029 54385.419842 18.573 0.02 54385.420676 18.506 0.021 54385.422342 17.938 0.023 35.30477 1.017475
54387.42206 19.267 0.047 54387.423726 18.843 0.025 54387.420393 18.528 0.018 54387.421226 18.362 0.02 54387.422893 17.805 0.027 35.30477 1.017475
54390.414565 -99.99 0.039 54390.416232 18.89 0.023 54390.412898 18.513 0.013 54390.413732 18.354 0.021 54390.415398 17.808 0.028 35.30477 1.017475
54402.415173 19.199 0.064 54402.416839 18.905 0.028 54402.413506 18.606 0.034 54402.414339 18.438 0.031 54402.416006 17.886 0.026 35.30477 1.017475
