51081.383564 21.296 0.132 51081.38523 20.216 0.022 51081.381897 19.786 0.022 51081.38273 19.682 0.026 51081.384397 19.712 0.086 36.107244 -0.682325
51819.454751 21.157 0.176 51819.456417 20.26 0.028 51819.453084 19.932 0.026 51819.453917 19.783 0.03 51819.455584 19.717 0.12 36.107244 -0.682325
51875.198547 21.413 0.14 51875.200213 20.288 0.023 51875.19688 19.974 0.025 51875.197713 19.834 0.028 51875.19938 20.262 0.148 36.107244 -0.682325
52225.27939 21.432 0.137 52225.281056 20.251 0.02 52225.277723 19.944 0.02 52225.278556 19.809 0.022 52225.280223 19.782 0.073 36.107244 -0.682325
52288.113812 21.57 0.185 52288.115478 20.273 0.024 52288.112145 19.959 0.025 52288.112978 19.805 0.026 52288.114645 19.716 0.083 36.107244 -0.682325
52551.387102 21.689 0.18 52551.388768 20.5 0.025 52551.385435 20.222 0.027 52551.386268 20.005 0.027 52551.387935 20.147 0.107 36.107244 -0.682325
52558.419976 22.093 0.233 52558.421642 20.5 0.024 52558.418309 20.229 0.023 52558.419142 20.069 0.025 52558.420809 19.874 0.083 36.107244 -0.682325
52576.253028 22.066 0.246 52576.254694 20.55 0.026 52576.251361 20.251 0.029 52576.252194 20.048 0.03 52576.253861 20.004 0.101 36.107244 -0.682325
52578.291584 21.918 0.216 52578.29325 20.475 0.024 52578.289917 20.215 0.028 52578.29075 20.039 0.03 52578.292417 19.774 0.089 36.107244 -0.682325
52585.254563 21.664 0.166 52585.256229 20.563 0.025 52585.252896 20.211 0.027 52585.253729 20.035 0.034 52585.255396 20.17 0.149 36.107244 -0.682325
52909.421199 21.194 0.119 52909.422865 20.25 0.019 52909.419532 20.003 0.02 52909.420365 19.871 0.022 52909.422032 19.81 0.073 36.107244 -0.682325
52910.39144 21.331 0.165 52910.393106 20.273 0.023 52910.389773 19.997 0.024 52910.390606 19.855 0.026 52910.392273 19.788 0.087 36.107244 -0.682325
52935.318609 21.146 0.136 52935.320275 20.207 0.022 52935.316942 19.919 0.026 52935.317775 19.872 0.03 52935.319442 19.799 0.106 36.107244 -0.682325
52963.241687 21.15 0.095 52963.243353 20.201 0.019 52963.24002 19.919 0.018 52963.240853 19.82 0.021 52963.24252 19.778 0.066 36.107244 -0.682325
52971.232601 21.251 0.171 52971.234267 20.169 0.028 52971.230934 19.914 0.023 52971.231767 19.844 0.028 52971.233434 19.863 0.114 36.107244 -0.682325
53351.163989 21.313 0.144 53351.165655 20.384 0.022 53351.162322 20.074 0.025 53351.163155 19.893 0.03 53351.164822 19.822 0.102 36.107244 -0.682325
53622.421041 21.484 0.149 53622.422707 20.476 0.023 53622.419374 20.19 0.024 53622.420207 20.053 0.027 53622.421874 19.909 0.082 36.107244 -0.682325
53634.370512 22.674 1.296 53634.372178 20.791 0.118 53634.368845 20.094 0.049 53634.369678 19.958 0.044 53634.371345 19.95 0.113 36.107244 -0.682325
53638.411848 21.155 0.14 53638.413514 20.466 0.031 53638.410181 20.156 0.025 53638.411014 20.03 0.027 53638.412681 19.923 0.092 36.107244 -0.682325
53640.375884 21.563 0.218 53640.37755 20.493 0.031 53640.374217 20.169 0.03 53640.37505 20.079 0.034 53640.376717 19.795 0.083 36.107244 -0.682325
53646.437294 21.685 0.262 53646.43896 20.434 0.036 53646.435627 20.179 0.028 53646.43646 20.046 0.031 53646.438127 20.003 0.138 36.107244 -0.682325
53655.348057 21.578 0.187 53655.349723 20.49 0.024 53655.34639 20.191 0.026 53655.347223 19.989 0.029 53655.34889 19.719 0.088 36.107244 -0.682325
53663.437713 22.25 1.049 53663.439379 20.438 0.082 53663.436046 20.19 0.047 53663.436879 20.034 0.04 53663.438546 20.033 0.132 36.107244 -0.682325
53664.373014 21.167 0.37 53664.37468 20.461 0.086 53664.371347 20.176 0.082 53664.37218 19.931 0.065 53664.373847 20.286 0.278 36.107244 -0.682325
53665.437647 21.894 0.538 53665.439313 20.46 0.048 53665.43598 20.171 0.038 53665.436813 20.041 0.036 53665.43848 19.92 0.125 36.107244 -0.682325
53668.426263 21.314 0.367 53668.427929 20.545 0.054 53668.424596 20.086 0.041 53668.425429 19.931 0.049 53668.427096 19.94 0.172 36.107244 -0.682325
53669.332258 -99.99 0.498 53669.333924 20.46 0.056 53669.330591 -99.99 0.105 53669.331424 -99.99 0.052 53669.333091 -99.99 0.414 36.107244 -0.682325
53670.432237 21.318 0.302 53670.433903 20.505 0.043 53670.43057 20.148 0.041 53670.431403 19.983 0.04 53670.43307 19.847 0.126 36.107244 -0.682325
53671.417013 21.371 0.227 53671.418679 20.541 0.036 53671.415346 20.182 0.03 53671.416179 20.005 0.033 53671.417846 19.834 0.106 36.107244 -0.682325
53674.316495 22.507 0.575 53674.318161 20.483 0.031 53674.314828 20.148 0.032 53674.315661 19.978 0.037 53674.317328 19.778 0.119 36.107244 -0.682325
53679.377856 21.805 0.309 53679.379522 20.43 0.029 53679.376189 20.135 0.034 53679.377022 19.938 0.039 53679.378689 19.763 0.126 36.107244 -0.682325
53681.369369 21.463 0.229 53681.371035 20.456 0.027 53681.367702 20.201 0.028 53681.368535 20.038 0.028 53681.370202 20.003 0.118 36.107244 -0.682325
53684.330864 -99.99 1.311 53684.33253 20.282 0.121 53684.329197 20.143 0.164 53684.33003 -99.99 0.402 53684.331697 19.96 0.734 36.107244 -0.682325
53694.342314 21.309 0.573 53694.34398 20.471 0.079 53694.340647 20.099 0.055 53694.34148 20.066 0.06 53694.343147 19.802 0.14 36.107244 -0.682325
53697.326393 21.579 0.261 53697.328059 20.467 0.035 53697.324726 20.115 0.031 53697.325559 20.016 0.031 53697.327226 19.996 0.105 36.107244 -0.682325
53705.31202 21.959 0.329 53705.313686 20.476 0.028 53705.310353 20.19 0.03 53705.311186 19.953 0.033 53705.312853 19.694 0.1 36.107244 -0.682325
53975.397012 21.75 0.196 53975.398678 20.313 0.028 53975.395345 20.025 0.031 53975.396178 19.872 0.025 53975.397845 19.846 0.092 36.107244 -0.682325
53993.409151 21.374 0.152 53993.410818 20.324 0.049 53993.407485 19.99 0.02 53993.408318 19.914 0.022 53993.409985 19.82 0.072 36.107244 -0.682325
53994.420012 21.503 0.161 53994.421679 20.345 0.024 53994.418345 20.025 0.021 53994.419179 19.917 0.025 53994.420845 19.756 0.074 36.107244 -0.682325
53996.403797 21.35 0.126 53996.405464 20.317 0.026 53996.40213 19.99 0.024 53996.402964 19.905 0.026 53996.40463 19.688 0.071 36.107244 -0.682325
54005.416968 21.389 0.132 54005.418635 20.387 0.023 54005.415302 20.027 0.018 54005.416135 19.883 0.02 54005.417802 19.814 0.069 36.107244 -0.682325
54010.357892 21.381 0.107 54010.359559 20.334 0.028 54010.356226 20.046 0.02 54010.357059 19.934 0.025 54010.358726 19.791 0.054 36.107244 -0.682325
54012.350737 -99.99 0.308 54012.352404 20.384 0.044 54012.34907 19.999 0.031 54012.349904 19.926 0.029 54012.35157 19.928 0.094 36.107244 -0.682325
54020.356729 21.498 0.279 54020.358396 20.378 0.042 54020.355063 20.025 0.033 54020.355896 19.938 0.035 54020.357563 19.857 0.097 36.107244 -0.682325
54024.438276 21.368 0.206 54024.439943 20.357 0.033 54024.436609 19.983 0.025 54024.437443 19.877 0.028 54024.439109 19.944 0.107 36.107244 -0.682325
54028.426571 -99.99 0.196 54028.428238 20.409 0.029 54028.424905 19.967 0.029 54028.425738 19.919 0.033 54028.427405 19.712 0.154 36.107244 -0.682325
54030.382014 21.316 0.115 54030.383681 20.31 0.023 54030.380348 20.061 0.021 54030.381181 19.889 0.022 54030.382848 19.735 0.073 36.107244 -0.682325
54035.426036 21.364 0.229 54035.427703 20.301 0.029 54035.424369 19.976 0.034 54035.425203 19.931 0.035 54035.426869 19.759 0.126 36.107244 -0.682325
54037.33151 21.201 0.101 54037.333177 20.327 0.026 54037.329843 20.041 0.024 54037.330677 19.888 0.019 54037.332343 19.767 0.056 36.107244 -0.682325
54040.345981 21.268 0.177 54040.347648 20.274 0.033 54040.344314 20.009 0.029 54040.345148 19.85 0.029 54040.346814 19.888 0.101 36.107244 -0.682325
54047.376666 -99.99 2.686 54047.378332 20.546 0.146 54047.374999 19.947 0.063 54047.375832 19.822 0.068 54047.377499 19.696 0.163 36.107244 -0.682325
54049.372468 21.16 0.256 54049.374135 20.362 0.047 54049.370801 19.953 0.031 54049.371635 19.878 0.03 54049.373301 19.712 0.095 36.107244 -0.682325
54053.352075 21.415 0.197 54053.353742 20.251 0.029 54053.350408 19.986 0.035 54053.351242 19.827 0.038 54053.352908 19.62 0.101 36.107244 -0.682325
54056.338478 21.377 0.188 54056.340145 20.295 0.037 54056.336811 19.987 0.027 54056.337645 19.88 0.028 54056.339311 19.853 0.111 36.107244 -0.682325
54059.332723 21.647 0.242 54059.33439 20.338 0.028 54059.331056 20.004 0.028 54059.33189 19.85 0.034 54059.333556 19.861 0.123 36.107244 -0.682325
54061.343793 21.122 0.285 54061.34546 20.311 0.052 54061.342127 20.006 0.042 54061.34296 19.884 0.048 54061.344627 19.857 0.159 36.107244 -0.682325
54062.337683 21.301 0.155 54062.339349 20.306 0.026 54062.336016 20.028 0.022 54062.336849 19.859 0.027 54062.338516 19.806 0.096 36.107244 -0.682325
54064.33405 21.149 0.146 54064.335716 20.307 0.028 54064.332383 20 0.026 54064.333216 19.875 0.028 54064.334883 19.752 0.086 36.107244 -0.682325
54068.318231 21.669 0.487 54068.319898 20.276 0.047 54068.316564 19.967 0.042 54068.317398 19.871 0.042 54068.319064 19.777 0.179 36.107244 -0.682325
54357.375906 21.094 0.108 54357.377573 20.044 0.021 54357.37424 19.744 0.019 54357.375073 19.686 0.026 54357.37674 19.604 0.062 36.107244 -0.682325
54362.425763 21.187 0.109 54362.427429 20.083 0.022 54362.424096 19.772 0.019 54362.424929 19.636 0.028 54362.426596 19.628 0.066 36.107244 -0.682325
54376.420852 20.906 0.112 54376.422519 20.052 0.023 54376.419186 19.737 0.022 54376.420019 19.638 0.022 54376.421686 19.63 0.068 36.107244 -0.682325
54382.405939 21.146 0.153 54382.407606 20.045 0.022 54382.404272 19.734 0.022 54382.405106 19.6 0.028 54382.406772 19.485 0.086 36.107244 -0.682325
54385.423783 21.158 0.126 54385.425449 20.098 0.025 54385.422116 19.725 0.027 54385.422949 19.612 0.021 54385.424616 19.553 0.066 36.107244 -0.682325
54387.42423 20.797 0.149 54387.425897 20.07 0.026 54387.422563 19.742 0.024 54387.423397 19.604 0.053 54387.425063 19.51 0.093 36.107244 -0.682325
54390.416631 20.752 0.158 54390.418298 19.914 0.027 54390.414965 19.748 0.029 54390.415798 19.601 0.039 54390.417465 19.459 0.226 36.107244 -0.682325
54391.425044 21.127 0.329 54391.426711 19.938 0.04 54391.423377 19.714 0.043 54391.424211 19.533 0.045 54391.425877 19.762 0.186 36.107244 -0.682325
54402.417406 21.24 0.387 54402.419072 19.976 0.047 54402.415739 19.671 0.033 54402.416572 19.651 0.029 54402.418239 19.64 0.079 36.107244 -0.682325
