51075.396943 21.974 0.219 51075.398609 20.982 0.036 51075.395276 20.871 0.051 51075.396109 20.924 0.08 51075.397776 20.293 0.182 35.048734 -0.563657
51818.366706 21.747 0.185 51818.368372 20.935 0.035 51818.365039 20.794 0.04 51818.365872 20.911 0.061 51818.367539 20.984 0.251 35.048734 -0.563657
52170.417583 21.868 0.226 52170.419249 20.922 0.033 52170.415916 20.809 0.041 52170.416749 20.698 0.052 52170.418416 20.585 0.18 35.048734 -0.563657
52173.330967 21.738 0.26 52173.332633 21.023 0.041 52173.3293 20.886 0.054 52173.330133 20.779 0.073 52173.3318 20.833 0.31 35.048734 -0.563657
52224.311138 21.65 0.167 52224.312804 20.988 0.032 52224.309471 20.85 0.038 52224.310304 20.934 0.079 52224.311971 20.508 0.139 35.048734 -0.563657
52234.267611 21.611 0.177 52234.269277 20.998 0.037 52234.265944 20.881 0.043 52234.266777 20.942 0.057 52234.268444 20.422 0.13 35.048734 -0.563657
52261.230966 21.954 0.239 52261.232632 20.991 0.034 52261.229299 20.874 0.041 52261.230132 20.892 0.057 52261.231799 20.83 0.19 35.048734 -0.563657
52283.098338 21.813 0.306 52283.100004 20.968 0.046 52283.096671 20.668 0.059 52283.097504 20.893 0.091 52283.099171 20.629 0.298 35.048734 -0.563657
52287.111459 21.785 0.176 52287.113125 21.044 0.038 52287.109792 20.803 0.04 52287.110625 20.838 0.048 52287.112292 20.42 0.14 35.048734 -0.563657
52552.43016 22.575 0.614 52552.431826 -99.99 0.052 52552.428493 20.861 0.064 52552.429326 20.854 0.086 52552.430993 -99.99 0.22 35.048734 -0.563657
52557.404518 22.108 0.318 52557.406184 21.038 0.039 52557.402851 20.772 0.046 52557.403684 20.814 0.064 52557.405351 20.523 0.206 35.048734 -0.563657
52908.379086 21.694 0.183 52908.380752 21.076 0.036 52908.377419 20.926 0.049 52908.378252 20.886 0.058 52908.379919 20.555 0.153 35.048734 -0.563657
52934.310989 21.767 0.216 52934.312655 21.055 0.038 52934.309322 20.973 0.051 52934.310155 20.998 0.075 52934.311822 20.397 0.168 35.048734 -0.563657
52936.306916 21.884 0.193 52936.308582 21.024 0.033 52936.305249 20.935 0.043 52936.306082 20.873 0.055 52936.307749 20.559 0.163 35.048734 -0.563657
53270.370988 21.739 0.184 53270.372655 21.129 0.04 53270.369322 20.99 0.042 53270.370155 21.137 0.061 53270.371822 20.703 0.148 35.048734 -0.563657
53272.420916 21.952 0.274 53272.422582 21.06 0.041 53272.419249 20.933 0.052 53272.420082 21.067 0.087 53272.421749 20.972 0.273 35.048734 -0.563657
53286.389635 21.789 0.256 53286.391301 21.18 0.049 53286.387968 20.946 0.052 53286.388801 20.954 0.064 53286.390468 20.69 0.171 35.048734 -0.563657
53288.348126 22.93 0.509 53288.349792 21.196 0.036 53288.346459 21.094 0.051 53288.347292 21.084 0.067 53288.348959 20.775 0.168 35.048734 -0.563657
53294.3958 21.795 0.229 53294.397466 21.191 0.048 53294.394133 21.063 0.059 53294.394966 21.107 0.08 53294.396633 20.555 0.18 35.048734 -0.563657
53296.34282 21.758 0.218 53296.344486 21.3 0.054 53296.341153 21.126 0.066 53296.341986 20.957 0.068 53296.343653 20.7 0.207 35.048734 -0.563657
53298.392577 21.808 0.282 53298.394243 21.152 0.049 53298.39091 21.035 0.081 53298.391743 21.04 0.099 53298.39341 20.414 0.231 35.048734 -0.563657
53302.343795 22.007 0.452 53302.345461 21.134 0.085 53302.342128 21.046 0.086 53302.342961 21.245 0.1 53302.344628 20.764 0.214 35.048734 -0.563657
53314.300527 -99.99 0.311 53314.302193 21.252 0.065 53314.29886 20.9 0.056 53314.299693 20.929 0.078 53314.30136 20.507 0.199 35.048734 -0.563657
53319.288323 22.285 0.544 53319.289989 21.082 0.056 53319.286656 21.067 0.085 53319.287489 21.284 0.136 53319.289156 20.591 0.267 35.048734 -0.563657
53616.404881 22.246 0.428 53616.406547 21.183 0.05 53616.403214 21.092 0.061 53616.404047 21.134 0.101 53616.405714 20.412 0.182 35.048734 -0.563657
53626.381308 -99.99 1.635 53626.382974 -99.99 0.054 53626.379641 20.953 0.067 53626.380474 -99.99 0.286 53626.382141 -99.99 0.259 35.048734 -0.563657
53628.366172 21.735 0.396 53628.367838 21.332 0.117 53628.364505 21.059 0.085 53628.365338 21.198 0.117 53628.367005 21.113 0.327 35.048734 -0.563657
53637.367791 22.461 0.758 53637.369457 21.338 0.111 53637.366124 21.055 0.085 53637.366957 21.153 0.114 53637.368624 20.819 0.318 35.048734 -0.563657
53639.413169 21.574 0.21 53639.414835 21.095 0.046 53639.411502 21.043 0.05 53639.412335 20.905 0.061 53639.414002 20.559 0.161 35.048734 -0.563657
53641.412334 22.273 0.368 53641.414 21.209 0.044 53641.410667 21.038 0.05 53641.4115 21.208 0.078 53641.413167 20.774 0.178 35.048734 -0.563657
53663.355766 21.663 0.406 53663.357432 21.354 0.146 53663.354099 21.009 0.082 53663.354932 20.914 0.077 53663.356599 20.651 0.199 35.048734 -0.563657
53666.425855 21.912 0.505 53666.427521 21.393 0.1 53666.424188 21.106 0.077 53666.425021 21.1 0.081 53666.426688 20.772 0.227 35.048734 -0.563657
53668.345367 21.965 0.414 53668.347033 21.371 0.089 53668.3437 21.17 0.084 53668.344533 21.04 0.096 53668.3462 20.8 0.287 35.048734 -0.563657
53669.432985 21.548 0.397 53669.434651 21.349 0.102 53669.431318 21.24 0.088 53669.432151 21.109 0.09 53669.433818 21.307 0.448 35.048734 -0.563657
53670.350219 22.282 0.515 53670.351885 21.311 0.061 53670.348552 21.168 0.072 53670.349385 21.306 0.113 53670.351052 20.674 0.211 35.048734 -0.563657
53673.318206 22.435 0.357 53673.319872 21.355 0.042 53673.316539 21.164 0.05 53673.317372 21.156 0.063 53673.319039 20.865 0.168 35.048734 -0.563657
53675.315094 23.436 0.898 53675.31676 21.306 0.043 53675.313427 21.222 0.065 53675.31426 21.246 0.095 53675.315927 20.744 0.206 35.048734 -0.563657
53677.336124 22.266 0.297 53677.33779 21.371 0.042 53677.334457 21.219 0.049 53677.33529 21.16 0.058 53677.336957 20.99 0.178 35.048734 -0.563657
53680.322791 22.128 0.289 53680.324457 21.364 0.049 53680.321124 21.119 0.052 53680.321957 21.199 0.073 53680.323624 20.863 0.214 35.048734 -0.563657
53683.381347 22.491 0.537 53683.383013 21.456 0.057 53683.37968 21.135 0.081 53683.380513 21.09 0.099 53683.38218 20.552 0.261 35.048734 -0.563657
53698.322072 22.677 0.667 53698.323738 21.509 0.097 53698.320405 21.182 0.077 53698.321238 21.202 0.095 53698.322905 21.039 0.292 35.048734 -0.563657
53704.308004 21.868 0.294 53704.30967 21.433 0.066 53704.306337 21.269 0.068 53704.30717 21.188 0.088 53704.308837 20.858 0.291 35.048734 -0.563657
53989.404062 22.35 0.725 53989.405729 -99.99 0.147 53989.402396 21.043 0.084 53989.403229 21.348 0.109 53989.404896 21.313 0.282 35.048734 -0.563657
53995.442806 22.097 0.228 53995.444473 21.37 0.043 53995.44114 21.29 0.047 53995.441973 21.358 0.062 53995.44364 20.798 0.152 35.048734 -0.563657
54000.379477 22.218 0.319 54000.381144 -99.99 0.057 54000.37781 -99.99 0.062 54000.378644 21.101 0.081 54000.38031 21.391 0.371 35.048734 -0.563657
54007.429656 21.724 0.202 54007.431323 21.448 0.049 54007.42799 21.279 0.053 54007.428823 21.049 0.06 54007.43049 21.078 0.237 35.048734 -0.563657
54009.353427 22.211 0.234 54009.355093 21.411 0.043 54009.35176 21.182 0.042 54009.352593 21.351 0.061 54009.35426 21.251 0.215 35.048734 -0.563657
54011.417952 21.954 0.176 54011.419618 21.51 0.04 54011.416285 21.232 0.04 54011.417118 21.278 0.051 54011.418785 21.131 0.19 35.048734 -0.563657
54025.416978 22.609 0.543 54025.418644 21.512 0.065 54025.415311 21.321 0.075 54025.416144 21.278 0.087 54025.417811 20.669 0.195 35.048734 -0.563657
54348.414626 22.458 0.47 54348.416293 -99.99 0.088 54348.412959 21.269 0.083 54348.413793 21.175 0.084 54348.415459 20.92 0.216 35.048734 -0.563657
54355.424722 22.696 0.406 54355.426389 21.463 0.043 54355.423056 21.433 0.055 54355.423889 21.34 0.063 54355.425556 20.778 0.161 35.048734 -0.563657
54358.370473 22.529 0.434 54358.37214 21.544 0.057 54358.368807 21.246 0.057 54358.36964 21.211 0.08 54358.371307 21.247 0.318 35.048734 -0.563657
54365.403527 22.38 0.252 54365.405194 21.542 0.045 54365.40186 21.392 0.044 54365.402694 21.398 0.062 54365.40436 21.419 0.266 35.048734 -0.563657
54381.423192 22.685 0.385 54381.424858 21.574 0.046 54381.421525 21.353 0.05 54381.422358 21.371 0.059 54381.424025 21.056 0.187 35.048734 -0.563657
54384.429743 22.524 0.411 54384.43141 21.548 0.049 54384.428076 21.385 0.056 54384.42891 21.423 0.075 54384.430576 21.299 0.311 35.048734 -0.563657
54386.415424 22.672 0.438 54386.417091 21.552 0.051 54386.413757 21.268 0.059 54386.414591 21.399 0.071 54386.416257 20.928 0.2 35.048734 -0.563657
54388.419793 22.141 0.296 54388.42146 21.607 0.052 54388.418127 21.409 0.061 54388.41896 21.373 0.073 54388.420627 20.538 0.136 35.048734 -0.563657
54392.417366 22.581 0.618 54392.419033 21.663 0.072 54392.4157 21.373 0.076 54392.416533 21.328 0.11 54392.4182 21.392 0.387 35.048734 -0.563657
54406.327308 22.189 0.263 54406.328974 21.645 0.067 54406.325641 21.429 0.056 54406.326474 21.33 0.063 54406.328141 21.238 0.214 35.048734 -0.563657
54412.353215 23.174 0.779 54412.354882 21.513 0.051 54412.351548 21.418 0.064 54412.352382 21.521 0.095 54412.354048 20.945 0.226 35.048734 -0.563657
