51081.385536 20.219 0.053 51081.387202 20.068 0.019 51081.383869 19.975 0.023 51081.384702 19.815 0.027 51081.386369 19.615 0.079 36.819689 -0.221417
51875.200502 20.44 0.057 51875.202168 20.139 0.02 51875.198835 19.961 0.022 51875.199668 19.894 0.03 51875.201335 19.668 0.09 36.819689 -0.221417
52225.281364 20.405 0.057 52225.28303 20.087 0.019 52225.279697 19.891 0.018 52225.28053 19.807 0.022 52225.282197 19.719 0.078 36.819689 -0.221417
52288.115786 20.228 0.053 52288.117452 20.102 0.019 52288.114119 19.958 0.025 52288.114952 19.811 0.026 52288.116619 19.621 0.079 36.819689 -0.221417
52551.389074 20.224 0.05 52551.39074 20.043 0.017 52551.387407 19.904 0.02 52551.38824 19.793 0.024 52551.389907 19.508 0.07 36.819689 -0.221417
52558.421949 20.171 0.048 52558.423615 20.037 0.016 52558.420282 19.907 0.019 52558.421115 19.768 0.024 52558.422782 19.665 0.071 36.819689 -0.221417
52576.255003 20.287 0.053 52576.256669 20.085 0.019 52576.253336 19.942 0.021 52576.254169 19.818 0.027 52576.255836 19.747 0.087 36.819689 -0.221417
52578.293557 20.288 0.054 52578.295223 20.056 0.017 52578.29189 19.906 0.02 52578.292723 19.814 0.026 52578.29439 19.58 0.078 36.819689 -0.221417
52585.256537 -99.99 0.047 52585.258203 20.057 0.019 52585.25487 19.874 0.023 52585.255703 19.793 0.031 52585.25737 19.759 0.107 36.819689 -0.221417
52909.423172 20.147 0.046 52909.424838 19.994 0.017 52909.421505 19.872 0.018 52909.422338 19.79 0.021 52909.424005 19.674 0.067 36.819689 -0.221417
52910.393413 20.129 0.052 52910.395079 19.996 0.018 52910.391746 19.886 0.021 52910.392579 19.74 0.025 52910.394246 19.477 0.065 36.819689 -0.221417
52935.320583 20.101 0.052 52935.322249 20.029 0.019 52935.318916 19.851 0.023 52935.319749 19.825 0.03 52935.321416 19.594 0.087 36.819689 -0.221417
52963.24366 -99.99 0.042 52963.245326 19.998 0.016 52963.241993 19.894 0.017 52963.242826 19.785 0.021 52963.244493 19.631 0.061 36.819689 -0.221417
52971.234574 -99.99 0.063 52971.23624 -99.99 0.029 52971.232907 19.902 0.024 52971.23374 -99.99 0.039 52971.235407 19.593 0.128 36.819689 -0.221417
53351.165962 20.387 0.058 53351.167628 20.133 0.019 53351.164295 20.058 0.026 53351.165128 19.959 0.031 53351.166795 19.737 0.098 36.819689 -0.221417
53622.423015 20.21 0.047 53622.424681 20.104 0.018 53622.421348 19.993 0.02 53622.422181 19.866 0.024 53622.423848 19.845 0.076 36.819689 -0.221417
53634.372487 -99.99 0.14 53634.374153 20.084 0.049 53634.37082 20.037 0.046 53634.371653 19.835 0.043 53634.37332 19.723 0.098 36.819689 -0.221417
53638.413823 20.228 0.063 53638.415489 20.064 0.021 53638.412156 19.975 0.022 53638.412989 19.965 0.028 53638.414656 19.729 0.078 36.819689 -0.221417
53640.377859 20.115 0.06 53640.379525 20.09 0.022 53640.376192 19.928 0.023 53640.377025 19.812 0.027 53640.378692 19.841 0.092 36.819689 -0.221417
53646.439268 20.093 0.089 53646.440934 20.01 0.032 53646.437601 19.955 0.024 53646.438434 19.955 0.038 53646.440101 19.671 0.147 36.819689 -0.221417
53655.350032 20.17 0.052 53655.351698 20.044 0.017 53655.348365 19.969 0.023 53655.349198 19.858 0.027 53655.350865 19.743 0.087 36.819689 -0.221417
53663.439687 20.816 0.306 53663.441353 20.049 0.051 53663.43802 19.971 0.04 53663.438853 19.805 0.038 53663.44052 19.737 0.105 36.819689 -0.221417
53664.374988 20.33 0.159 53664.376654 20.033 0.048 53664.373321 19.956 0.057 53664.374154 -99.99 0.107 53664.375821 20.053 0.196 36.819689 -0.221417
53665.439622 -99.99 0.091 53665.441288 20.059 0.035 53665.437955 19.98 0.033 53665.438788 19.873 0.033 53665.440455 19.87 0.126 36.819689 -0.221417
53668.428227 -99.99 0.1 53668.429893 20.094 0.033 53668.42656 19.985 0.035 53668.427393 19.754 0.04 53668.42906 19.604 0.124 36.819689 -0.221417
53670.43421 20.17 0.091 53670.435876 20.037 0.027 53670.432543 19.985 0.032 53670.433376 19.964 0.036 53670.435043 19.971 0.145 36.819689 -0.221417
53671.418986 20.069 0.071 53671.420652 20.018 0.024 53671.417319 20.023 0.028 53671.418152 19.874 0.031 53671.419819 19.751 0.096 36.819689 -0.221417
53674.31847 20.196 0.069 53674.320136 19.984 0.022 53674.316803 19.989 0.026 53674.317636 19.82 0.035 53674.319303 19.702 0.114 36.819689 -0.221417
53676.407929 20.198 0.084 53676.409595 -99.99 0.025 53676.406262 -99.99 0.039 53676.407095 19.887 0.044 53676.408762 19.576 0.093 36.819689 -0.221417
53679.37983 20.145 0.066 53679.381496 20.053 0.021 53679.378163 19.998 0.029 53679.378996 19.865 0.038 53679.380663 19.717 0.125 36.819689 -0.221417
53681.371343 20.271 0.066 53681.373009 20.109 0.025 53681.369676 20.034 0.033 53681.370509 19.915 0.035 53681.372176 19.775 0.102 36.819689 -0.221417
53684.332839 -99.99 0.316 53684.334505 -99.99 0.07 53684.331172 19.772 0.19 53684.332005 19.821 0.184 53684.333672 -99.99 0.272 36.819689 -0.221417
53687.274142 20.081 0.141 53687.275808 20.068 0.064 53687.272475 -99.99 0.094 53687.273308 -99.99 0.053 53687.274975 19.918 0.156 36.819689 -0.221417
53694.344288 20.392 0.18 53694.345954 19.993 0.05 53694.342621 -99.99 0.05 53694.343454 -99.99 0.045 53694.345121 19.794 0.117 36.819689 -0.221417
53697.328368 20.309 0.078 53697.330034 20.071 0.027 53697.326701 20.014 0.029 53697.327534 19.89 0.033 53697.329201 19.643 0.078 36.819689 -0.221417
53700.327324 20.303 0.072 53700.32899 20.055 0.021 53700.325657 20.056 0.028 53700.32649 -99.99 0.035 53700.328157 19.781 0.118 36.819689 -0.221417
53705.313995 20.24 0.067 53705.315661 20.107 0.021 53705.312328 20.008 0.025 53705.313161 19.875 0.029 53705.314828 19.729 0.11 36.819689 -0.221417
53975.399035 20.918 0.119 53975.400702 20.683 0.03 53975.397368 20.508 0.031 53975.398202 20.172 0.044 53975.399868 19.951 0.117 36.819689 -0.221417
53993.411114 -99.99 0.144 53993.412781 -99.99 99.999 53993.409447 20.476 0.026 53993.410281 20.304 0.038 53993.411947 -99.99 0.18 36.819689 -0.221417
53994.422034 20.947 0.099 53994.423701 20.707 0.03 53994.420367 20.542 0.03 53994.421201 20.284 0.032 53994.422867 20.197 0.112 36.819689 -0.221417
53996.40575 20.914 0.08 53996.407417 20.705 0.029 53996.404083 20.461 0.027 53996.404917 20.294 0.036 53996.406583 20 0.099 36.819689 -0.221417
54005.418902 21.086 0.08 54005.420568 20.804 0.028 54005.417235 20.489 0.03 54005.418068 20.239 0.028 54005.419735 20.096 0.083 36.819689 -0.221417
54010.359841 20.811 0.06 54010.361508 20.848 0.023 54010.358174 20.497 0.028 54010.359008 20.29 0.032 54010.360674 19.992 0.062 36.819689 -0.221417
54012.352695 21.034 0.154 54012.354362 20.785 0.055 54012.351028 20.581 0.046 54012.351862 20.219 0.042 54012.353528 20.027 0.102 36.819689 -0.221417
54020.358663 20.443 0.104 54020.360329 20.753 0.069 54020.356996 20.543 0.042 54020.357829 20.299 0.043 54020.359496 19.955 0.127 36.819689 -0.221417
54024.440313 20.79 0.101 54024.44198 20.752 0.034 54024.438646 20.437 0.043 54024.43948 20.304 0.041 54024.441146 19.875 0.093 36.819689 -0.221417
54028.428545 20.679 0.108 54028.430212 20.732 0.046 54028.426879 -99.99 0.089 54028.427712 20.14 0.059 54028.429379 20.165 0.184 36.819689 -0.221417
54030.383984 20.848 0.081 54030.385651 20.641 0.024 54030.382318 20.445 0.027 54030.383151 20.281 0.041 54030.384818 20.082 0.098 36.819689 -0.221417
54035.428009 20.656 0.103 54035.429676 20.714 0.035 54035.426342 20.532 0.05 54035.427176 20.225 0.053 54035.428842 20.064 0.142 36.819689 -0.221417
54037.333467 -99.99 0.064 54037.335134 20.706 0.028 54037.3318 20.509 0.026 54037.332634 20.262 0.034 54037.3343 19.962 0.063 36.819689 -0.221417
54040.347941 20.705 0.094 54040.349608 20.61 0.04 54040.346275 20.468 0.041 54040.347108 20.242 0.041 54040.348775 20.04 0.115 36.819689 -0.221417
54049.374412 -99.99 0.167 54049.376078 20.616 0.057 54049.372745 20.426 0.044 54049.373578 20.226 0.045 54049.375245 20.126 0.139 36.819689 -0.221417
54053.354106 -99.99 0.098 54053.355773 -99.99 0.031 54053.35244 20.414 0.037 54053.353273 -99.99 0.041 54053.35494 -99.99 0.141 36.819689 -0.221417
54056.340394 -99.99 0.098 54056.342061 20.618 0.03 54056.338727 20.428 0.032 54056.339561 20.227 0.042 54056.341227 20.075 0.139 36.819689 -0.221417
54059.334678 20.678 0.097 54059.336345 20.577 0.03 54059.333011 20.488 0.042 54059.333845 20.209 0.05 54059.335511 19.834 0.118 36.819689 -0.221417
54061.345766 20.806 0.171 54061.347433 -99.99 0.045 54061.3441 20.299 0.053 54061.344933 20.193 0.061 54061.3466 20.186 0.227 36.819689 -0.221417
54062.339594 20.702 0.077 54062.341261 20.567 0.028 54062.337928 20.406 0.032 54062.338761 20.245 0.037 54062.340428 19.815 0.099 36.819689 -0.221417
54064.33602 20.692 0.084 54064.337686 20.632 0.027 54064.334353 20.425 0.032 54064.335186 20.165 0.036 54064.336853 20.111 0.116 36.819689 -0.221417
54357.377931 20.45 0.051 54357.379598 20.319 0.019 54357.376264 20.193 0.024 54357.377098 20.09 0.03 54357.378764 19.907 0.064 36.819689 -0.221417
54362.427727 20.575 0.059 54362.429393 20.315 0.027 54362.42606 20.266 0.024 54362.426893 20.043 0.029 54362.42856 20.099 0.089 36.819689 -0.221417
54376.422814 20.413 0.064 54376.42448 20.279 0.029 54376.421147 20.196 0.027 54376.42198 20.106 0.033 54376.423647 20.049 0.097 36.819689 -0.221417
54382.407931 -99.99 0.064 54382.409598 20.299 0.025 54382.406265 20.211 0.034 54382.407098 20.073 0.043 54382.408765 19.734 0.101 36.819689 -0.221417
54385.425697 20.456 0.065 54385.427364 20.264 0.023 54385.42403 20.253 0.027 54385.424864 20.12 0.028 54385.42653 19.913 0.073 36.819689 -0.221417
54390.418647 20.367 0.087 54390.420314 20.271 0.033 54390.416981 -99.99 0.061 54390.417814 -99.99 0.111 54390.419481 20.023 0.178 36.819689 -0.221417
54391.427039 20.386 0.134 54391.428706 20.363 0.039 54391.425372 20.161 0.058 54391.426206 20.079 0.075 54391.427872 20.008 0.231 36.819689 -0.221417
54402.419503 20.684 0.23 54402.42117 20.212 0.053 54402.417837 20.214 0.043 54402.41867 20.038 0.042 54402.420337 19.893 0.099 36.819689 -0.221417
