51081.382502 -99.99 0.06 51081.384168 20.071 0.02 51081.380835 19.865 0.023 51081.381668 19.85 0.03 51081.383335 19.629 0.082 35.725266 -0.714292
51819.453651 20.087 0.072 51819.455317 19.946 0.023 51819.451984 19.786 0.025 51819.452817 19.73 0.028 51819.454484 -99.99 0.093 35.725266 -0.714292
51875.197456 19.909 0.045 51875.199122 19.892 0.017 51875.195789 19.753 0.021 51875.196622 19.665 0.025 51875.198289 19.748 0.097 35.725266 -0.714292
52225.278332 20.001 0.048 52225.279998 19.925 0.016 52225.276665 19.675 0.017 52225.277498 19.751 0.021 52225.279165 19.565 0.065 35.725266 -0.714292
52288.112754 20.206 0.06 52288.11442 20.063 0.019 52288.111087 19.916 0.023 52288.11192 19.839 0.026 52288.113587 19.669 0.082 35.725266 -0.714292
52551.386045 20.265 0.058 52551.387711 20.215 0.02 52551.384378 20.022 0.023 52551.385211 19.944 0.026 52551.386878 19.933 0.091 35.725266 -0.714292
52558.418919 -99.99 0.061 52558.420585 20.331 0.021 52558.417252 19.96 0.02 52558.418085 19.939 0.023 52558.419752 19.853 0.082 35.725266 -0.714292
52576.251971 20.513 0.072 52576.253637 20.322 0.021 52576.250304 20.07 0.025 52576.251137 19.987 0.03 52576.252804 19.68 0.073 35.725266 -0.714292
52578.290526 20.455 0.071 52578.292192 20.372 0.023 52578.288859 20.107 0.025 52578.289692 20.03 0.03 52578.291359 19.661 0.073 35.725266 -0.714292
52585.253505 20.504 0.067 52585.255171 20.331 0.02 52585.251838 20.067 0.026 52585.252671 20.018 0.035 52585.254338 19.726 0.106 35.725266 -0.714292
52909.420141 20.483 0.068 52909.421807 20.375 0.021 52909.418474 20.077 0.022 52909.419307 20.035 0.026 52909.420974 19.705 0.068 35.725266 -0.714292
52910.390382 20.569 0.09 52910.392048 20.409 0.025 52910.388715 20.097 0.024 52910.389548 20.157 0.033 52910.391215 20.028 0.108 35.725266 -0.714292
52935.317551 20.488 0.081 52935.319217 20.36 0.025 52935.315884 20.061 0.029 52935.316717 19.998 0.035 52935.318384 19.738 0.106 35.725266 -0.714292
52963.240628 20.561 0.062 52963.242294 20.413 0.021 52963.238961 20.105 0.02 52963.239794 20.103 0.025 52963.241461 19.79 0.069 35.725266 -0.714292
52971.231543 20.61 0.09 52971.233209 20.331 0.028 52971.229876 20.071 0.025 52971.230709 20.056 0.032 52971.232376 19.839 0.098 35.725266 -0.714292
53351.162931 20.547 0.078 53351.164597 20.426 0.024 53351.161264 20.188 0.028 53351.162097 20.15 0.036 53351.163764 19.683 0.092 35.725266 -0.714292
53622.419983 20.266 0.06 53622.421649 20.11 0.018 53622.418316 19.929 0.02 53622.419149 19.891 0.025 53622.420816 19.72 0.073 35.725266 -0.714292
53634.369454 20.201 0.14 53634.37112 20.15 0.055 53634.367787 19.885 0.039 53634.36862 19.851 0.038 53634.370287 19.713 0.087 35.725266 -0.714292
53638.41079 20.205 0.064 53638.412456 20.104 0.023 53638.409123 19.92 0.021 53638.409956 19.881 0.024 53638.411623 19.758 0.075 35.725266 -0.714292
53640.374826 20.184 0.068 53640.376492 20.127 0.022 53640.373159 19.896 0.023 53640.373992 19.824 0.025 53640.375659 19.782 0.084 35.725266 -0.714292
53646.436236 20.131 0.069 53646.437902 20.042 0.021 53646.434569 19.82 0.022 53646.435402 19.848 0.027 53646.437069 19.629 0.088 35.725266 -0.714292
53655.347 20.12 0.056 53655.348666 20.096 0.019 53655.345333 19.882 0.02 53655.346166 19.887 0.026 53655.347833 19.647 0.079 35.725266 -0.714292
53663.436656 20.195 0.165 53663.438322 20.099 0.059 53663.434989 19.898 0.037 53663.435822 19.877 0.034 53663.437489 19.677 0.094 35.725266 -0.714292
53664.371956 20.264 0.159 53664.373622 20.017 0.057 53664.370289 19.844 0.052 53664.371122 19.848 0.064 53664.372789 19.898 0.188 35.725266 -0.714292
53665.436589 20.003 0.101 53665.438255 20.107 0.037 53665.434922 19.823 0.028 53665.435755 19.799 0.031 53665.437422 19.79 0.114 35.725266 -0.714292
53668.425205 20.062 0.12 53668.426871 20.026 0.035 53668.423538 19.875 0.036 53668.424371 19.788 0.036 53668.426038 19.598 0.124 35.725266 -0.714292
53670.431179 20.211 0.12 53670.432845 20.056 0.03 53670.429512 19.853 0.031 53670.430345 19.796 0.037 53670.432012 19.612 0.114 35.725266 -0.714292
53671.415954 20.174 0.082 53671.41762 20.121 0.026 53671.414287 19.85 0.024 53671.41512 19.811 0.026 53671.416787 19.814 0.106 35.725266 -0.714292
53674.315438 20.244 0.08 53674.317104 20.035 0.021 53674.313771 19.84 0.025 53674.314604 19.838 0.032 53674.316271 19.754 0.117 35.725266 -0.714292
53676.404897 -99.99 0.141 53676.406563 20.083 0.033 53676.40323 19.848 0.029 53676.404063 19.722 0.031 53676.40573 19.422 0.111 35.725266 -0.714292
53679.376798 20.275 0.084 53679.378464 20.078 0.022 53679.375131 19.934 0.029 53679.375964 19.851 0.036 53679.377631 19.62 0.108 35.725266 -0.714292
53681.368311 20.185 0.066 53681.369977 20.094 0.023 53681.366644 19.905 0.021 53681.367477 19.889 0.024 53681.369144 19.782 0.092 35.725266 -0.714292
53687.27112 20.16 0.174 53687.272786 19.933 0.078 53687.269453 19.746 0.047 53687.270286 19.796 0.051 53687.271953 19.069 0.141 35.725266 -0.714292
53697.325337 20.207 0.082 53697.327003 20.119 0.026 53697.32367 19.932 0.026 53697.324503 19.899 0.029 53697.32617 19.783 0.086 35.725266 -0.714292
53700.324293 20.121 0.081 53700.325959 20.044 0.021 53700.322626 19.916 0.026 53700.323459 19.956 0.039 53700.325126 19.657 0.11 35.725266 -0.714292
53705.310963 20.168 0.077 53705.312629 20.081 0.021 53705.309296 19.864 0.023 53705.310129 19.751 0.027 53705.311796 19.681 0.096 35.725266 -0.714292
53975.39598 20.5 0.078 53975.397647 20.373 0.039 53975.394313 20.142 0.035 53975.395147 20.048 0.045 53975.396813 20.012 0.102 35.725266 -0.714292
53993.408118 20.565 0.079 53993.409785 20.288 0.028 53993.406452 20.201 0.057 53993.407285 20.037 0.024 53993.408952 19.816 0.069 35.725266 -0.714292
53994.418979 20.55 0.074 53994.420646 20.327 0.031 53994.417312 20.137 0.024 53994.418146 19.993 0.029 53994.419812 19.717 0.073 35.725266 -0.714292
53996.402705 20.588 0.068 53996.404372 20.341 0.027 53996.401039 20.147 0.029 53996.401872 20.022 0.034 53996.403539 19.654 0.07 35.725266 -0.714292
54005.415893 20.386 0.059 54005.417559 20.298 0.027 54005.414226 20.286 0.036 54005.415059 20.025 0.024 54005.416726 19.678 0.061 35.725266 -0.714292
54010.35681 20.511 0.055 54010.358476 20.373 0.03 54010.355143 20.057 0.018 54010.355976 20.071 0.029 54010.357643 19.807 0.055 35.725266 -0.714292
54012.349658 20.386 0.1 54012.351325 20.369 0.044 54012.347991 20.02 0.034 54012.348825 19.964 0.032 54012.350491 19.739 0.087 35.725266 -0.714292
54020.355632 20.529 0.129 54020.357298 20.411 0.042 54020.353965 20.044 0.036 54020.354798 20.026 0.04 54020.356465 19.839 0.104 35.725266 -0.714292
54024.437292 20.444 0.09 54024.438959 20.322 0.033 54024.435626 20.024 0.029 54024.436459 20.064 0.035 54024.438126 19.705 0.087 35.725266 -0.714292
54030.380955 20.534 0.065 54030.382621 20.361 0.03 54030.379288 20.108 0.024 54030.380121 19.982 0.026 54030.381788 19.817 0.077 35.725266 -0.714292
54035.424945 20.453 0.102 54035.426611 20.341 0.041 54035.423278 20.028 0.032 54035.424111 20.005 0.048 54035.425778 19.685 0.108 35.725266 -0.714292
54037.330449 20.477 0.06 54037.332116 20.383 0.027 54037.328783 20.112 0.023 54037.329616 20.01 0.027 54037.331283 19.867 0.059 35.725266 -0.714292
54040.344949 20.466 0.087 54040.346616 20.312 0.036 54040.343283 20.021 0.034 54040.344116 20.016 0.034 54040.345783 19.704 0.094 35.725266 -0.714292
54049.371368 20.65 0.167 54049.373034 20.289 0.045 54049.369701 19.98 0.032 54049.370534 20.041 0.038 54049.372201 19.63 0.087 35.725266 -0.714292
54053.351042 20.39 0.096 54053.352709 20.431 0.036 54053.349375 20.069 0.044 54053.350209 20.016 0.052 54053.351875 19.702 0.117 35.725266 -0.714292
54056.337366 20.593 0.095 54056.339032 20.351 0.036 54056.335699 20.101 0.031 54056.336532 19.996 0.034 54056.338199 19.883 0.111 35.725266 -0.714292
54059.331646 20.543 0.091 54059.333313 20.364 0.033 54059.32998 20.077 0.029 54059.330813 20.037 0.035 54059.33248 19.886 0.12 35.725266 -0.714292
54062.336564 20.582 0.083 54062.338231 20.383 0.028 54062.334898 20.047 0.027 54062.335731 19.949 0.037 54062.337398 19.91 0.112 35.725266 -0.714292
54064.332976 20.448 0.088 54064.334643 20.407 0.03 54064.331309 20.037 0.028 54064.332143 19.993 0.033 54064.333809 19.982 0.106 35.725266 -0.714292
54357.374884 -99.99 0.057 54357.376551 20.119 0.029 54357.373218 19.892 0.023 54357.374051 19.836 0.027 54357.375718 19.638 0.065 35.725266 -0.714292
54362.424671 20.371 0.059 54362.426337 -99.99 0.028 54362.423004 19.974 0.026 54362.423837 19.868 0.029 54362.425504 19.761 0.076 35.725266 -0.714292
54376.41978 20.261 0.069 54376.421446 20.145 0.029 54376.418113 19.92 0.028 54376.418946 19.846 0.029 54376.420613 19.662 0.073 35.725266 -0.714292
54382.404879 20.277 0.073 54382.406546 20.163 0.03 54382.403213 19.879 0.033 54382.404046 19.818 0.036 54382.405713 19.801 0.115 35.725266 -0.714292
54385.422687 20.405 0.073 54385.424354 20.238 0.029 54385.421021 19.97 0.028 54385.421854 19.908 0.03 54385.423521 19.611 0.063 35.725266 -0.714292
54402.416385 20.517 0.221 54402.418052 20.221 0.058 54402.414719 19.876 0.038 54402.415552 20.049 0.042 54402.417219 19.709 0.089 35.725266 -0.714292
