52288.114591 22.662 0.42 52288.116257 21.723 0.066 52288.112924 21.977 0.131 52288.113757 21.935 0.183 52288.115424 21.733 0.578 36.387927 0.052335
52551.387879 -99.99 0.279 52551.389545 21.468 0.047 52551.386212 21.604 0.075 52551.387045 21.357 0.086 52551.388712 20.684 0.218 36.387927 0.052335
52558.420754 22.506 0.308 52558.42242 21.359 0.04 52558.419087 21.501 0.061 52558.41992 21.402 0.082 52558.421587 21.243 0.347 36.387927 0.052335
52576.253806 22.001 0.221 52576.255472 21.44 0.047 52576.252139 21.538 0.075 52576.252972 21.347 0.089 52576.254639 21.529 0.465 36.387927 0.052335
52578.292361 21.559 0.174 52578.294027 21.366 0.046 52578.290694 21.437 0.074 52578.291527 21.409 0.096 52578.293194 20.799 0.266 36.387927 0.052335
52585.255341 22.933 0.423 52585.257007 21.388 0.04 52585.253674 21.557 0.076 52585.254507 21.312 0.104 52585.256174 21.652 0.572 36.387927 0.052335
52909.421976 21.793 0.166 52909.423642 20.865 0.028 52909.420309 20.999 0.039 52909.421142 20.931 0.051 52909.422809 20.757 0.201 36.387927 0.052335
52910.392217 21.588 0.196 52910.393883 -99.99 0.032 52910.39055 21.013 0.053 52910.391383 20.901 0.071 52910.39305 20.53 0.233 36.387927 0.052335
52935.319387 21.727 0.207 52935.321053 20.719 0.03 52935.31772 20.817 0.048 52935.318553 20.869 0.073 52935.32022 20.251 0.19 36.387927 0.052335
52963.242464 21.147 0.088 52963.24413 20.638 0.023 52963.240797 20.849 0.034 52963.24163 20.762 0.043 52963.243297 20.574 0.161 36.387927 0.052335
52971.233379 21.248 0.172 52971.235045 20.717 0.046 52971.231712 20.756 0.043 52971.232545 20.727 0.061 52971.234212 20.713 0.328 36.387927 0.052335
53351.164766 21.512 0.155 53351.166432 21.149 0.036 53351.163099 21.418 0.072 53351.163932 21.092 0.083 53351.165599 20.948 0.298 36.387927 0.052335
53634.37129 22.605 1.226 53634.372956 21.556 0.198 53634.369623 21.691 0.21 53634.370456 22.045 0.292 53634.372123 20.493 0.265 36.387927 0.052335
53638.412627 22.08 0.331 53638.414293 21.466 0.069 53638.41096 21.913 0.113 53638.411793 21.4 0.101 53638.41346 21.195 0.381 36.387927 0.052335
53663.438491 21.753 0.708 53663.440157 22.122 0.361 53663.436824 22.006 0.266 53663.437657 21.547 0.178 53663.439324 20.974 0.392 36.387927 0.052335
53670.433013 23.079 1.429 53670.434679 21.308 0.09 53670.431346 21.779 0.181 53670.432179 21.88 0.264 53670.433846 21.354 0.648 36.387927 0.052335
53674.317273 22.2 0.418 53674.318939 21.588 0.07 53674.315606 21.778 0.126 53674.316439 21.813 0.191 53674.318106 21.691 0.733 36.387927 0.052335
53681.370146 23.589 1.194 53681.371812 21.535 0.061 53681.368479 21.899 0.113 53681.369312 21.478 0.121 53681.370979 21.046 0.335 36.387927 0.052335
53975.397826 22.743 0.482 53975.399492 21.547 0.068 53975.396159 21.726 0.078 53975.396992 21.683 0.111 53975.398659 20.458 0.266 36.387927 0.052335
53993.409966 -99.99 0.941 53993.411633 -99.99 0.107 53993.408299 21.831 0.079 53993.409133 21.661 0.089 53993.410799 -99.99 0.556 36.387927 0.052335
53994.420825 22.453 0.335 53994.422491 21.549 0.057 53994.419158 21.763 0.075 53994.419991 21.482 0.084 53994.421658 21.428 0.396 36.387927 0.052335
53996.404537 -99.99 0.259 53996.406203 21.484 0.048 53996.40287 21.871 0.08 53996.403703 21.454 0.089 53996.40537 21.83 0.616 36.387927 0.052335
54005.417757 -99.99 0.292 54005.419423 21.579 0.046 54005.41609 21.798 0.068 54005.416923 21.545 0.075 54005.41859 20.745 0.168 36.387927 0.052335
54010.358643 22.996 0.343 54010.36031 21.547 0.035 54010.356977 21.941 0.059 54010.35781 21.708 0.073 54010.359477 21.106 0.203 36.387927 0.052335
54012.351528 22.672 0.634 54012.353195 21.364 0.084 54012.349862 21.692 0.113 54012.350695 21.476 0.118 54012.352362 21.246 0.347 36.387927 0.052335
54020.357547 21.669 0.279 54020.359213 21.648 0.117 54020.35588 21.841 0.149 54020.356713 22.074 0.211 54020.35838 20.893 0.32 36.387927 0.052335
54024.439051 22.165 0.397 54024.440717 21.579 0.064 54024.437384 21.886 0.118 54024.438217 21.608 0.13 54024.439884 21.464 0.476 36.387927 0.052335
54030.382794 22.352 0.266 54030.384461 21.516 0.045 54030.381128 21.941 0.085 54030.381961 21.687 0.094 54030.383628 21.885 0.594 36.387927 0.052335
54037.33229 -99.99 0.333 54037.333957 21.544 0.038 54037.330624 21.869 0.069 54037.331457 21.779 0.083 54037.333124 21.043 0.2 36.387927 0.052335
54049.373238 26.242 99.999 54049.374904 21.826 0.145 54049.371571 21.776 0.142 54049.372404 21.414 0.121 54049.374071 21.086 0.374 36.387927 0.052335
54056.339258 22.107 0.316 54056.340924 21.452 0.054 54056.337591 21.869 0.104 54056.338424 21.624 0.127 54056.340091 21.857 0.806 36.387927 0.052335
54059.33356 22.295 0.439 54059.335227 21.482 0.061 54059.331893 21.847 0.117 54059.332727 21.615 0.142 54059.334393 23.342 3.805 36.387927 0.052335
54062.338426 22.144 0.284 54062.340092 21.627 0.05 54062.336759 21.905 0.097 54062.337592 21.595 0.118 54062.339259 21.852 0.633 36.387927 0.052335
54064.334847 21.835 0.252 54064.336513 21.514 0.048 54064.33318 21.921 0.111 54064.334013 21.897 0.149 54064.33568 20.718 0.238 36.387927 0.052335
54068.319014 23.074 1.624 54068.32068 21.373 0.118 54068.317347 21.701 0.163 54068.31818 -99.99 0.184 54068.319847 20.243 0.304 36.387927 0.052335
54362.426496 22.723 0.395 54362.428163 21.616 0.041 54362.42483 22.031 0.084 54362.425663 21.88 0.118 54362.42733 21.229 0.314 36.387927 0.052335
54376.421584 22.11 0.284 54376.423251 21.64 0.067 54376.419917 22.091 0.113 54376.420751 22.072 0.151 54376.422417 21.749 0.495 36.387927 0.052335
54385.424581 -99.99 0.37 54385.426248 21.705 0.05 54385.422915 21.949 0.092 54385.423748 21.691 0.102 54385.425415 23.039 1.582 36.387927 0.052335
54387.425071 22.057 0.638 54387.426738 -99.99 0.09 54387.423404 22.176 0.193 54387.424238 22.052 0.252 54387.425904 -99.99 99.999 36.387927 0.052335
