51075.398541 19.956 0.039 51075.400207 19.606 0.013 51075.396874 19.462 0.016 51075.397707 19.263 0.02 51075.399374 19.058 0.076 35.626183 0.312397
51818.368193 20.044 0.045 51818.369859 19.595 0.013 51818.366526 19.434 0.014 51818.367359 19.218 0.017 51818.369026 18.954 0.051 35.626183 0.312397
52170.419197 19.988 0.044 52170.420863 19.598 0.013 52170.41753 19.421 0.014 52170.418363 19.264 0.017 52170.42003 18.921 0.051 35.626183 0.312397
52173.332609 20.198 0.06 52173.334275 19.566 0.014 52173.330942 19.401 0.017 52173.331775 19.181 0.02 52173.333442 18.841 0.057 35.626183 0.312397
52234.26921 20.028 0.047 52234.270876 19.641 0.014 52234.267543 19.45 0.015 52234.268376 19.296 0.017 52234.270043 18.905 0.046 35.626183 0.312397
52261.232566 20.081 0.049 52261.234232 19.639 0.015 52261.230899 19.364 0.016 52261.231732 19.28 0.019 52261.233399 18.956 0.051 35.626183 0.312397
52283.099938 20.011 0.057 52283.101604 19.608 0.014 52283.098271 19.449 0.021 52283.099104 19.247 0.023 52283.100771 19.023 0.073 35.626183 0.312397
52287.11306 20.074 0.046 52287.114726 19.581 0.013 52287.111393 19.43 0.015 52287.112226 19.254 0.017 52287.113893 19.004 0.051 35.626183 0.312397
52552.431759 19.894 0.059 52552.433425 19.492 0.015 52552.430092 19.334 0.018 52552.430925 19.181 0.022 52552.432592 18.853 0.067 35.626183 0.312397
52557.406118 19.975 0.048 52557.407784 19.487 0.012 52557.404451 19.345 0.015 52557.405284 19.176 0.017 52557.406951 18.916 0.057 35.626183 0.312397
52908.380686 19.978 0.046 52908.382352 19.5 0.012 52908.379019 19.35 0.013 52908.379852 19.176 0.016 52908.381519 18.871 0.05 35.626183 0.312397
52912.360124 20.034 0.048 52912.36179 19.53 0.013 52912.358457 19.34 0.014 52912.35929 19.152 0.015 52912.360957 18.884 0.045 35.626183 0.312397
52934.31259 19.945 0.047 52934.314256 19.534 0.013 52934.310923 19.358 0.014 52934.311756 19.219 0.018 52934.313423 18.887 0.056 35.626183 0.312397
52936.308516 19.906 0.04 52936.310182 19.527 0.012 52936.306849 19.325 0.014 52936.307682 19.201 0.016 52936.309349 18.903 0.047 35.626183 0.312397
53270.372628 19.712 0.038 53270.374294 19.329 0.014 53270.370961 19.157 0.018 53270.371794 19.046 0.018 53270.373461 18.793 0.04 35.626183 0.312397
53272.422515 19.697 0.041 53272.424181 19.316 0.011 53272.420848 19.17 0.012 53272.421681 19.037 0.015 53272.423348 18.786 0.043 35.626183 0.312397
53286.391236 19.693 0.041 53286.392902 19.311 0.012 53286.389569 19.171 0.014 53286.390402 19.054 0.014 53286.392069 18.803 0.043 35.626183 0.312397
53288.349727 19.757 0.038 53288.351393 19.307 0.011 53288.34806 19.179 0.013 53288.348893 19.053 0.014 53288.35056 18.81 0.041 35.626183 0.312397
53294.397401 19.689 0.043 53294.399067 19.34 0.012 53294.395734 19.196 0.014 53294.396567 19.078 0.016 53294.398234 18.746 0.048 35.626183 0.312397
53296.344412 19.641 0.047 53296.346078 19.351 0.019 53296.342745 19.157 0.016 53296.343578 19.05 0.023 53296.345245 18.775 0.048 35.626183 0.312397
53298.394176 19.721 0.045 53298.395842 19.31 0.012 53298.392509 19.172 0.017 53298.393342 19.084 0.021 53298.395009 18.758 0.058 35.626183 0.312397
53302.345395 19.788 0.054 53302.347061 19.282 0.017 53302.343728 19.181 0.016 53302.344561 19.006 0.016 53302.346228 18.86 0.045 35.626183 0.312397
53312.300926 19.72 0.079 53312.302592 19.316 0.023 53312.299259 19.215 0.018 53312.300092 19.071 0.021 53312.301759 18.782 0.072 35.626183 0.312397
53314.302127 19.727 0.048 53314.303793 19.335 0.013 53314.30046 19.22 0.016 53314.301293 19.106 0.017 53314.30296 18.846 0.051 35.626183 0.312397
53319.289923 19.769 0.05 53319.291589 19.299 0.016 53319.288256 19.163 0.019 53319.289089 -99.99 0.02 53319.290756 18.716 0.058 35.626183 0.312397
53616.406481 19.981 0.06 53616.408147 19.484 0.014 53616.404814 19.332 0.015 53616.405647 19.149 0.019 53616.407314 18.934 0.064 35.626183 0.312397
53626.382908 -99.99 0.063 53626.384574 -99.99 0.018 53626.381241 -99.99 0.029 53626.382074 -99.99 0.024 53626.383741 -99.99 0.099 35.626183 0.312397
53628.367773 19.81 0.064 53628.369439 19.52 0.022 53628.366106 19.342 0.021 53628.366939 19.199 0.021 53628.368606 18.969 0.059 35.626183 0.312397
53637.369391 19.956 0.083 53637.371057 19.506 0.022 53637.367724 19.334 0.019 53637.368557 19.207 0.024 53637.370224 18.792 0.062 35.626183 0.312397
53639.414768 19.985 0.049 53639.416434 19.508 0.014 53639.413101 19.335 0.014 53639.413934 19.184 0.016 53639.415601 18.907 0.044 35.626183 0.312397
53641.413934 19.935 0.048 53641.4156 19.476 0.013 53641.412267 19.321 0.014 53641.4131 19.181 0.016 53641.414767 18.857 0.048 35.626183 0.312397
53657.372818 19.928 0.098 53657.374484 19.571 0.034 53657.371151 19.343 0.027 53657.371984 19.134 0.027 53657.373651 18.827 0.065 35.626183 0.312397
53663.357366 19.921 0.095 53663.359032 19.524 0.024 53663.355699 19.335 0.019 53663.356532 19.158 0.019 53663.358199 18.886 0.066 35.626183 0.312397
53665.335338 19.991 0.08 53665.337004 19.501 0.021 53665.333671 19.395 0.027 53665.334504 19.174 0.026 53665.336171 18.903 0.057 35.626183 0.312397
53666.427453 19.966 0.087 53666.429119 19.56 0.021 53666.425786 19.339 0.019 53666.426619 19.183 0.02 53666.428286 18.891 0.053 35.626183 0.312397
53668.346966 20.086 0.078 53668.348632 19.531 0.017 53668.345299 19.334 0.018 53668.346132 19.199 0.021 53668.347799 18.932 0.065 35.626183 0.312397
53669.434584 20.154 0.123 53669.43625 19.548 0.02 53669.432917 19.372 0.022 53669.43375 19.174 0.024 53669.435417 18.788 0.06 35.626183 0.312397
53670.351819 19.899 0.058 53670.353485 19.524 0.014 53670.350152 19.339 0.018 53670.350985 19.156 0.019 53670.352652 18.848 0.059 35.626183 0.312397
53673.319805 19.906 0.044 53673.321471 19.54 0.013 53673.318138 19.363 0.014 53673.318971 19.177 0.015 53673.320638 18.916 0.041 35.626183 0.312397
53675.316694 20.059 0.05 53675.31836 19.549 0.013 53675.315027 19.358 0.016 53675.31586 19.206 0.017 53675.317527 18.881 0.053 35.626183 0.312397
53677.337724 20.021 0.047 53677.33939 19.53 0.012 53677.336057 19.338 0.013 53677.33689 19.201 0.015 53677.338557 18.914 0.041 35.626183 0.312397
53680.32439 19.951 0.051 53680.326056 19.546 0.016 53680.322723 19.358 0.019 53680.323556 19.181 0.021 53680.325223 18.951 0.052 35.626183 0.312397
53683.382945 19.997 0.065 53683.384611 19.537 0.014 53683.381278 19.382 0.019 53683.382111 19.172 0.024 53683.383778 18.969 0.068 35.626183 0.312397
53686.323823 19.887 0.121 53686.325489 19.527 0.034 53686.322156 19.357 0.04 53686.322989 19.205 0.032 53686.324656 18.778 0.059 35.626183 0.312397
53693.326282 19.915 0.128 53693.327948 19.574 0.038 53693.324615 19.385 0.028 53693.325448 19.191 0.025 53693.327115 18.867 0.068 35.626183 0.312397
53698.323671 19.938 0.07 53698.325337 -99.99 0.027 53698.322004 19.378 0.017 53698.322837 19.201 0.019 53698.324504 18.939 0.063 35.626183 0.312397
53699.347123 20.025 0.062 53699.348789 19.594 0.016 53699.345456 19.386 0.016 53699.346289 19.237 0.018 53699.347956 18.919 0.052 35.626183 0.312397
53704.309604 20.003 0.069 53704.31127 19.599 0.015 53704.307937 19.382 0.016 53704.30877 19.214 0.02 53704.310437 18.97 0.061 35.626183 0.312397
53989.405833 19.982 0.083 53989.407499 19.629 0.027 53989.404166 19.427 0.027 53989.404999 19.217 0.024 53989.406666 19.043 0.048 35.626183 0.312397
53995.444396 20.107 0.047 53995.446063 19.594 0.017 53995.44273 19.424 0.016 53995.443563 19.255 0.016 53995.44523 18.942 0.038 35.626183 0.312397
54000.381079 20.054 0.05 54000.382746 19.619 0.016 54000.379412 19.43 0.018 54000.380246 19.224 0.02 54000.381912 18.994 0.065 35.626183 0.312397
54007.431261 19.996 0.049 54007.432928 19.622 0.022 54007.429594 19.411 0.018 54007.430428 19.214 0.018 54007.432094 18.959 0.055 35.626183 0.312397
54009.354996 20.085 0.044 54009.356663 19.619 0.019 54009.35333 19.435 0.016 54009.354163 19.238 0.019 54009.35583 19.001 0.042 35.626183 0.312397
54011.419639 20.049 0.039 54011.421306 19.641 0.017 54011.417972 19.398 0.015 54011.418806 19.247 0.017 54011.420472 18.936 0.038 35.626183 0.312397
54025.418554 20.07 0.064 54025.420221 19.619 0.016 54025.416887 19.432 0.024 54025.417721 19.273 0.022 54025.419387 19.019 0.061 35.626183 0.312397
54346.412276 19.831 0.068 54346.413943 19.542 0.028 54346.41061 19.39 0.022 54346.411443 19.278 0.025 54346.41311 18.956 0.05 35.626183 0.312397
54348.416277 19.96 0.055 54348.417944 19.567 0.02 54348.414611 19.405 0.016 54348.415444 19.24 0.022 54348.417111 18.953 0.053 35.626183 0.312397
54355.426336 19.955 0.042 54355.428003 19.558 0.019 54355.424669 19.388 0.018 54355.425503 19.25 0.019 54355.427169 18.883 0.04 35.626183 0.312397
54358.372124 20.084 0.058 54358.373791 19.621 0.03 54358.370457 19.378 0.024 54358.371291 19.249 0.02 54358.372957 18.844 0.059 35.626183 0.312397
54365.405131 19.981 0.04 54365.406798 19.542 0.02 54365.403465 19.418 0.015 54365.404298 19.219 0.016 54365.405965 18.958 0.044 35.626183 0.312397
54381.424713 19.97 0.049 54381.42638 19.566 0.021 54381.423047 19.39 0.02 54381.42388 19.253 0.019 54381.425547 18.957 0.041 35.626183 0.312397
54384.431345 19.959 0.052 54384.433011 19.562 0.016 54384.429678 19.406 0.021 54384.430511 19.202 0.017 54384.432178 18.895 0.044 35.626183 0.312397
54386.417026 19.913 0.045 54386.418692 19.575 0.023 54386.415359 19.378 0.015 54386.416192 19.247 0.018 54386.417859 18.998 0.047 35.626183 0.312397
54388.421286 19.963 0.049 54388.422952 19.569 0.017 54388.419619 19.378 0.019 54388.420452 19.252 0.018 54388.422119 18.936 0.044 35.626183 0.312397
54392.418861 20.014 0.058 54392.420527 19.537 0.029 54392.417194 19.364 0.026 54392.418027 19.229 0.024 54392.419694 18.989 0.061 35.626183 0.312397
54403.335071 20.198 0.212 54403.336737 19.487 0.041 54403.333404 19.343 0.067 54403.334237 19.309 0.071 54403.335904 -99.99 0.249 35.626183 0.312397
54404.392731 -99.99 0.221 54404.394398 -99.99 0.045 54404.391064 -99.99 0.038 54404.391898 19.305 0.056 54404.393564 18.921 0.071 35.626183 0.312397
54405.390648 19.92 0.06 54405.392315 19.536 0.022 54405.388981 19.408 0.018 54405.389815 19.197 0.018 54405.391481 18.987 0.051 35.626183 0.312397
54406.32891 19.989 0.055 54406.330576 19.556 0.017 54406.327243 19.376 0.017 54406.328076 19.2 0.025 54406.329743 18.982 0.042 35.626183 0.312397
54412.354663 19.894 0.049 54412.356329 19.541 0.019 54412.352996 19.352 0.018 54412.353829 19.199 0.017 54412.355496 18.946 0.044 35.626183 0.312397
