51075.409434 20.306 0.049 51075.4111 20.137 0.019 51075.407767 20.104 0.023 51075.4086 19.901 0.031 51075.410267 20.374 0.233 39.558954 0.328164
51818.379102 21.011 0.086 51818.380768 20.8 0.029 51818.377435 20.624 0.033 51818.378268 20.328 0.037 51818.379935 20.327 0.168 39.558954 0.328164
52170.430125 20.984 0.095 52170.431791 20.592 0.027 52170.428458 20.58 0.032 52170.429291 20.199 0.034 52170.430958 20.246 0.164 39.558954 0.328164
52171.367185 20.917 0.087 52171.368851 20.572 0.026 52171.365518 20.589 0.033 52171.366351 20.287 0.035 52171.368018 20.318 0.159 39.558954 0.328164
52173.343502 20.983 0.111 52173.345168 20.627 0.027 52173.341835 20.53 0.036 52173.342668 20.236 0.045 52173.344335 -99.99 0.157 39.558954 0.328164
52224.323611 20.83 0.083 52224.325277 20.566 0.024 52224.321944 20.465 0.029 52224.322777 20.175 0.032 52224.324444 20.197 0.141 39.558954 0.328164
52234.280104 20.702 0.082 52234.28177 20.603 0.028 52234.278437 20.434 0.034 52234.27927 20.215 0.035 52234.280937 20.381 0.171 39.558954 0.328164
52261.243459 20.816 0.081 52261.245125 20.589 0.025 52261.241792 20.515 0.028 52261.242625 20.168 0.029 52261.244292 20.368 0.143 39.558954 0.328164
52283.11083 20.8 0.12 52283.112496 20.56 0.031 52283.109163 20.486 0.046 52283.109996 20.215 0.054 52283.111663 -99.99 0.42 39.558954 0.328164
52287.123952 20.94 0.089 52287.125618 20.599 0.025 52287.122285 20.555 0.032 52287.123118 20.287 0.036 52287.124785 20.624 0.203 39.558954 0.328164
52552.442649 20.752 0.099 52552.444315 20.571 0.029 52552.440982 20.467 0.035 52552.441815 20.154 0.038 52552.443482 19.883 0.161 39.558954 0.328164
52557.417009 20.667 0.077 52557.418675 20.457 0.023 52557.415342 20.453 0.033 52557.416175 20.172 0.037 52557.417842 20.128 0.158 39.558954 0.328164
52908.391576 20.585 0.074 52908.393242 20.429 0.024 52908.389909 20.429 0.031 52908.390742 20.064 0.032 52908.392409 20.178 0.165 39.558954 0.328164
52912.371015 20.754 0.083 52912.372681 20.447 0.023 52912.369348 20.454 0.028 52912.370181 20.188 0.032 52912.371848 20.146 0.135 39.558954 0.328164
52934.323481 20.624 0.084 52934.325147 20.444 0.024 52934.321814 20.456 0.033 52934.322647 20.191 0.038 52934.324314 20.268 0.192 39.558954 0.328164
52936.319408 20.634 0.068 52936.321074 20.407 0.021 52936.317741 20.422 0.029 52936.318574 20.21 0.035 52936.320241 20.241 0.145 39.558954 0.328164
53270.38346 20.94 0.08 53270.385127 20.592 0.022 53270.381794 20.497 0.027 53270.382627 20.213 0.031 53270.384294 20.427 0.146 39.558954 0.328164
53272.433407 20.721 0.084 53272.435073 20.582 0.025 53272.43174 20.531 0.032 53272.432573 20.243 0.038 53272.43424 19.989 0.134 39.558954 0.328164
53286.402128 20.536 0.082 53286.403794 20.456 0.026 53286.400461 20.484 0.034 53286.401294 20.145 0.036 53286.402961 20.403 0.183 39.558954 0.328164
53288.360621 20.677 0.075 53288.362287 20.446 0.021 53288.358954 20.484 0.029 53288.359787 20.218 0.033 53288.361454 20.348 0.159 39.558954 0.328164
53294.408292 20.647 0.174 53294.409958 -99.99 0.195 53294.406625 -99.99 0.07 53294.407458 -99.99 0.058 53294.409125 -99.99 0.599 39.558954 0.328164
53296.355425 20.631 0.08 53296.357092 20.453 0.028 53296.353758 20.39 0.034 53296.354592 20.206 0.042 53296.356258 20.01 0.141 39.558954 0.328164
53298.405069 20.642 0.079 53298.406735 20.481 0.022 53298.403402 20.436 0.033 53298.404235 20.174 0.038 53298.405902 20.271 0.175 39.558954 0.328164
53302.356289 20.658 0.102 53302.357955 -99.99 0.037 53302.354622 20.511 0.042 53302.355455 20.237 0.04 53302.357122 19.952 0.109 39.558954 0.328164
53312.311837 20.749 0.138 53312.313504 20.543 0.045 53312.310171 20.581 0.055 53312.311004 20.177 0.047 53312.312671 20.578 0.249 39.558954 0.328164
53314.313019 20.744 0.098 53314.314685 20.513 0.031 53314.311352 20.483 0.038 53314.312185 20.232 0.042 53314.313852 20.119 0.152 39.558954 0.328164
53319.300815 20.857 0.115 53319.302481 20.543 0.028 53319.299148 20.555 0.044 53319.299981 20.279 0.049 53319.301648 19.95 0.143 39.558954 0.328164
53616.417371 21.331 0.183 53616.419037 20.887 0.033 53616.415704 20.862 0.052 53616.416537 20.512 0.054 53616.418204 20.892 0.32 39.558954 0.328164
53626.3938 20.945 0.169 53626.395466 -99.99 0.039 53626.392133 20.79 0.073 53626.392966 -99.99 0.06 53626.394633 -99.99 0.314 39.558954 0.328164
53628.378665 21.354 0.216 53628.380331 20.844 0.062 53628.376998 20.814 0.07 53628.377831 20.438 0.059 53628.379498 20.222 0.184 39.558954 0.328164
53639.42566 21.141 0.14 53639.427326 20.848 0.037 53639.423993 20.782 0.038 53639.424826 20.48 0.04 53639.426493 20.41 0.162 39.558954 0.328164
53641.424825 20.968 0.128 53641.426491 20.871 0.035 53641.423158 20.838 0.042 53641.423991 20.547 0.045 53641.425658 20.757 0.255 39.558954 0.328164
53657.383709 20.815 0.199 53657.385375 20.888 0.097 53657.382042 20.635 0.088 53657.382875 20.432 0.081 53657.384542 21.022 0.541 39.558954 0.328164
53663.368257 20.894 0.208 53663.369923 21.092 0.137 53663.36659 20.713 0.064 53663.367423 20.542 0.06 53663.36909 20.368 0.187 39.558954 0.328164
53665.34623 21.201 0.287 53665.347896 20.667 0.062 53665.344563 20.4 0.097 53665.345396 20.277 0.073 53665.347063 20.064 0.187 39.558954 0.328164
53666.438344 21.702 0.419 53666.44001 20.867 0.065 53666.436677 20.714 0.068 53666.43751 20.521 0.062 53666.439177 20.99 0.338 39.558954 0.328164
53668.357859 21.543 0.295 53668.359525 20.754 0.051 53668.356192 20.645 0.058 53668.357025 20.312 0.059 53668.358692 20.448 0.291 39.558954 0.328164
53669.445472 20.8 0.181 53669.447138 20.932 0.062 53669.443805 20.863 0.074 53669.444638 20.614 0.066 53669.446305 20.936 0.347 39.558954 0.328164
53670.36271 21.115 0.158 53670.364376 20.977 0.042 53670.361043 20.89 0.055 53670.361876 20.452 0.052 53670.363543 20.849 0.289 39.558954 0.328164
53673.330698 21.3 0.118 53673.332364 21.016 0.031 53673.329031 20.903 0.038 53673.329864 20.505 0.035 53673.331531 20.581 0.16 39.558954 0.328164
53675.327586 21.267 0.126 53675.329252 20.878 0.031 53675.325919 20.757 0.04 53675.326752 20.567 0.048 53675.328419 20.272 0.166 39.558954 0.328164
53677.348615 21.321 0.125 53677.350281 20.969 0.03 53677.346948 20.838 0.039 53677.347781 20.485 0.035 53677.349448 20.661 0.166 39.558954 0.328164
53680.335282 21.363 0.136 53680.336948 20.952 0.031 53680.333615 20.817 0.043 53680.334448 20.452 0.042 53680.336115 20.651 0.203 39.558954 0.328164
53683.393836 21.203 0.15 53683.395502 20.91 0.035 53683.392169 20.825 0.052 53683.393002 20.434 0.059 53683.394669 20.452 0.247 39.558954 0.328164
53686.334714 21 0.244 53686.33638 20.797 0.089 53686.333047 20.802 0.088 53686.33388 20.471 0.069 53686.335547 20.68 0.287 39.558954 0.328164
53693.337173 20.923 0.371 53693.338839 -99.99 0.103 53693.335506 20.867 0.103 53693.336339 20.481 0.087 53693.338006 20.695 0.33 39.558954 0.328164
53699.358013 21.1 0.158 53699.359679 20.887 0.043 53699.356346 20.825 0.046 53699.357179 20.413 0.043 53699.358846 20.746 0.238 39.558954 0.328164
53704.320495 21.045 0.171 53704.322161 20.786 0.031 53704.318828 20.748 0.045 53704.319661 20.47 0.057 53704.321328 21.544 0.623 39.558954 0.328164
53989.416583 21.207 0.222 53989.418249 21 0.079 53989.414916 20.993 0.071 53989.415749 20.642 0.056 53989.417416 20.739 0.19 39.558954 0.328164
53995.455311 21.445 0.112 53995.456978 21.151 0.035 53995.453644 21.062 0.037 53995.454478 20.782 0.041 53995.456144 20.775 0.166 39.558954 0.328164
53997.440209 21.623 0.121 53997.441876 21.18 0.032 53997.438542 20.968 0.036 53997.439376 20.609 0.036 53997.441042 20.886 0.185 39.558954 0.328164
54000.391965 21.495 0.159 54000.393632 21.232 0.038 54000.390299 20.959 0.051 54000.391132 20.539 0.053 54000.392799 20.842 0.272 39.558954 0.328164
54007.442245 21.428 0.176 54007.443911 21.106 0.055 54007.440578 21.11 0.052 54007.441411 20.722 0.06 54007.443078 20.989 0.282 39.558954 0.328164
54009.365895 21.592 0.118 54009.367561 21.168 0.027 54009.364228 21.015 0.033 54009.365061 20.7 0.039 54009.366728 20.925 0.186 39.558954 0.328164
54012.443217 21.69 0.178 54012.444883 21.214 0.043 54012.44155 21.041 0.053 54012.442383 20.801 0.054 54012.44405 21.132 0.301 39.558954 0.328164
54025.429384 21.427 0.176 54025.431051 21.199 0.045 54025.427718 21.043 0.06 54025.428551 20.636 0.056 54025.430218 20.215 0.156 39.558954 0.328164
54346.423211 21.979 0.403 54346.424878 -99.99 0.098 54346.421545 21.098 0.081 54346.422378 20.666 0.059 54346.424045 20.552 0.194 39.558954 0.328164
54348.427262 21.626 0.235 54348.428929 21.254 0.055 54348.425596 21.235 0.079 54348.426429 20.757 0.055 54348.428096 20.495 0.19 39.558954 0.328164
54358.383109 21.65 0.178 54358.384775 21.426 0.058 54358.381442 21.14 0.05 54358.382275 20.728 0.058 54358.383942 20.422 0.275 39.558954 0.328164
54365.416103 21.487 0.12 54365.417769 21.154 0.031 54365.414436 21.07 0.039 54365.415269 20.686 0.042 54365.416936 20.892 0.205 39.558954 0.328164
54381.435583 21.396 0.119 54381.43725 21.123 0.034 54381.433916 21.025 0.036 54381.43475 20.761 0.039 54381.436416 21.129 0.243 39.558954 0.328164
54384.44233 21.147 0.121 54384.443997 21.143 0.043 54384.440664 21.058 0.048 54384.441497 20.746 0.057 54384.443164 21.352 0.401 39.558954 0.328164
54386.428011 21.268 0.127 54386.429678 21.155 0.049 54386.426345 21.135 0.054 54386.427178 20.645 0.044 54386.428845 20.772 0.242 39.558954 0.328164
54388.4322 21.236 0.121 54388.433867 -99.99 0.036 54388.430534 20.987 0.04 54388.431367 20.76 0.045 54388.433034 20.933 0.222 39.558954 0.328164
54392.429722 -99.99 0.126 54392.431389 21.255 0.043 54392.428056 21.044 0.069 54392.428889 20.736 0.073 54392.430556 -99.99 3.915 39.558954 0.328164
54403.345969 21.227 0.256 54403.347636 21.193 0.077 54403.344302 21.603 0.433 54403.345136 20.883 0.132 54403.346802 20.701 0.251 39.558954 0.328164
54404.403492 21.33 0.329 54404.405158 -99.99 99.999 54404.401825 -99.99 0.402 54404.402658 20.889 0.101 54404.404325 -99.99 99.999 39.558954 0.328164
54406.339897 21.399 0.141 54406.341564 21.139 0.04 54406.338231 20.994 0.048 54406.339064 20.741 0.045 54406.340731 20.719 0.159 39.558954 0.328164
54412.365549 21.373 0.132 54412.367215 21.077 0.032 54412.363882 21.084 0.046 54412.364715 20.727 0.045 54412.366382 20.647 0.175 39.558954 0.328164
