51075.40537 20.248 0.05 51075.407036 19.982 0.017 51075.403703 19.919 0.022 51075.404536 19.659 0.029 51075.406203 19.707 0.112 38.089685 1.112862
51818.375033 20.44 0.061 51818.376699 20.153 0.018 51818.373366 19.991 0.021 51818.374199 19.696 0.025 51818.375866 19.713 0.099 38.089685 1.112862
52170.426036 20.556 0.071 52170.427702 20.357 0.021 52170.424369 20.149 0.024 52170.425202 19.88 0.034 52170.426869 19.793 0.092 38.089685 1.112862
52171.363116 20.814 0.09 52171.364782 20.297 0.023 52171.361449 20.135 0.025 52171.362282 19.77 0.026 52171.363949 19.837 0.111 38.089685 1.112862
52173.339395 20.586 0.083 52173.341061 20.351 0.024 52173.337728 20.116 0.026 52173.338561 19.81 0.033 52173.340228 19.738 0.108 38.089685 1.112862
52224.319519 20.657 0.071 52224.321185 20.375 0.021 52224.317852 20.174 0.023 52224.318685 19.816 0.026 52224.320352 19.786 0.085 38.089685 1.112862
52234.276033 20.651 0.082 52234.277699 20.337 0.023 52234.274366 20.169 0.027 52234.275199 19.855 0.03 52234.276866 19.653 0.077 38.089685 1.112862
52261.239389 20.584 0.068 52261.241055 20.36 0.021 52261.237722 20.16 0.023 52261.238555 19.841 0.025 52261.240222 19.676 0.076 38.089685 1.112862
52283.106761 20.449 0.075 52283.108427 20.284 0.025 52283.105094 20.126 0.032 52283.105927 19.802 0.035 52283.107594 19.734 0.121 38.089685 1.112862
52287.119884 20.566 0.063 52287.12155 20.346 0.022 52287.118217 20.133 0.026 52287.11905 19.865 0.029 52287.120717 19.904 0.089 38.089685 1.112862
52552.438581 20.473 0.077 52552.440247 20.324 0.026 52552.436914 20.096 0.028 52552.437747 19.856 0.037 52552.439414 19.831 0.124 38.089685 1.112862
52557.41294 20.602 0.075 52557.414606 20.295 0.021 52557.411273 20.104 0.026 52557.412106 19.781 0.03 52557.413773 19.745 0.136 38.089685 1.112862
52908.387508 20.547 0.071 52908.389174 20.307 0.021 52908.385841 20.141 0.027 52908.386674 19.846 0.031 52908.388341 19.74 0.095 38.089685 1.112862
52912.366947 20.553 0.072 52912.368613 20.312 0.022 52912.36528 20.209 0.026 52912.366113 19.802 0.027 52912.36778 19.724 0.085 38.089685 1.112862
52934.319413 20.699 0.083 52934.321079 20.379 0.024 52934.317746 20.197 0.028 52934.318579 19.933 0.034 52934.320246 19.673 0.104 38.089685 1.112862
52936.315339 20.855 0.078 52936.317005 20.389 0.021 52936.313672 20.19 0.026 52936.314505 19.896 0.03 52936.316172 19.721 0.092 38.089685 1.112862
53270.379397 20.554 0.062 53270.381064 20.299 0.024 53270.37773 20.161 0.021 53270.378564 19.848 0.024 53270.38023 19.831 0.077 38.089685 1.112862
53272.429338 20.697 0.083 53272.431004 20.306 0.021 53272.427671 20.15 0.024 53272.428504 19.922 0.034 53272.430171 19.961 0.121 38.089685 1.112862
53286.398059 20.636 0.087 53286.399725 20.291 0.026 53286.396392 20.136 0.027 53286.397225 19.815 0.03 53286.398892 19.811 0.1 38.089685 1.112862
53288.356552 20.57 0.07 53288.358218 20.385 0.023 53288.354885 20.1 0.025 53288.355718 19.867 0.03 53288.357385 19.817 0.092 38.089685 1.112862
53294.404222 20.501 0.072 53294.405888 20.343 0.047 53294.402555 20.105 0.027 53294.403388 19.81 0.03 53294.405055 19.826 0.108 38.089685 1.112862
53296.351237 20.571 0.073 53296.352904 20.321 0.026 53296.34957 20.074 0.031 53296.350404 19.895 0.037 53296.35207 19.786 0.095 38.089685 1.112862
53298.400999 20.555 0.071 53298.402665 20.241 0.022 53298.399332 20.129 0.033 53298.400165 19.778 0.036 53298.401832 19.88 0.122 38.089685 1.112862
53302.35222 20.702 0.11 53302.353886 20.397 0.039 53302.350553 20.173 0.036 53302.351386 19.838 0.035 53302.353053 19.74 0.09 38.089685 1.112862
53312.307758 20.517 0.117 53312.309425 20.324 0.042 53312.306091 20.099 0.038 53312.306925 19.884 0.041 53312.308591 19.872 0.119 38.089685 1.112862
53314.308951 20.501 0.086 53314.310617 20.293 0.028 53314.307284 20.122 0.03 53314.308117 19.839 0.035 53314.309784 19.779 0.123 38.089685 1.112862
53319.296747 20.549 0.097 53319.298413 20.266 0.026 53319.29508 20.096 0.038 53319.295913 19.772 0.041 53319.29758 19.889 0.144 38.089685 1.112862
53616.413304 20.436 0.081 53616.41497 20.165 0.023 53616.411637 20.09 0.026 53616.41247 19.737 0.03 53616.414137 19.553 0.094 38.089685 1.112862
53626.389731 -99.99 1.356 53626.391397 20.175 0.028 53626.388064 -99.99 0.044 53626.388897 -99.99 0.067 53626.390564 -99.99 0.788 38.089685 1.112862
53628.374597 20.476 0.122 53628.376263 20.107 0.036 53628.37293 20.035 0.037 53628.373763 19.717 0.038 53628.37543 19.554 0.1 38.089685 1.112862
53639.421591 20.488 0.082 53639.423257 20.186 0.024 53639.419924 20.032 0.025 53639.420757 19.772 0.028 53639.422424 19.622 0.07 38.089685 1.112862
53641.420757 20.388 0.07 53641.422423 20.192 0.022 53641.41909 20.052 0.024 53641.419923 19.794 0.028 53641.42159 19.868 0.098 38.089685 1.112862
53657.379643 20.347 0.13 53657.381309 20.211 0.052 53657.377976 20.057 0.047 53657.378809 19.847 0.053 53657.380476 19.849 0.149 38.089685 1.112862
53663.364189 20.518 0.137 53663.365855 20.152 0.041 53663.362522 20.017 0.038 53663.363355 19.834 0.037 53663.365022 19.729 0.096 38.089685 1.112862
53666.434277 20.829 0.21 53666.435943 20.24 0.044 53666.43261 20.092 0.037 53666.433443 19.752 0.034 53666.43511 19.846 0.123 38.089685 1.112862
53668.353791 20.577 0.103 53668.355457 20.176 0.028 53668.352124 20.137 0.034 53668.352957 19.815 0.036 53668.354624 19.712 0.109 38.089685 1.112862
53669.441405 20.747 0.199 53669.443071 20.187 0.033 53669.439738 20.054 0.034 53669.440571 19.724 0.037 53669.442238 19.614 0.109 38.089685 1.112862
53670.358642 20.406 0.083 53670.360308 20.176 0.025 53670.356975 20.052 0.03 53670.357808 19.707 0.031 53670.359475 19.657 0.095 38.089685 1.112862
53673.32663 20.38 0.06 53673.328296 20.233 0.018 53673.324963 20.056 0.021 53673.325796 19.808 0.024 53673.327463 19.838 0.075 38.089685 1.112862
53675.323518 20.432 0.069 53675.325184 20.235 0.02 53675.321851 20.12 0.03 53675.322684 19.747 0.028 53675.324351 19.819 0.099 38.089685 1.112862
53677.344547 20.437 0.066 53677.346213 20.189 0.022 53677.34288 20.069 0.026 53677.343713 19.776 0.028 53677.34538 19.643 0.07 38.089685 1.112862
53680.331214 20.391 0.066 53680.33288 20.157 0.019 53680.329547 20.093 0.026 53680.33038 19.788 0.03 53680.332047 19.618 0.078 38.089685 1.112862
53683.389767 20.4 0.08 53683.391433 20.175 0.021 53683.3881 20.022 0.029 53683.388933 19.699 0.036 53683.3906 19.523 0.099 38.089685 1.112862
53686.330647 20.331 0.136 53686.332313 20.213 0.06 53686.32898 19.983 0.045 53686.329813 19.756 0.044 53686.33148 19.712 0.103 38.089685 1.112862
53693.333105 20.315 0.22 53693.334771 20.259 0.069 53693.331438 20.147 0.058 53693.332271 19.884 0.054 53693.333938 19.772 0.14 38.089685 1.112862
53699.353945 20.491 0.093 53699.355611 20.262 0.027 53699.352278 20.055 0.026 53699.353111 19.804 0.031 53699.354778 19.669 0.077 38.089685 1.112862
53704.316426 20.456 0.082 53704.318092 20.272 0.022 53704.314759 20.164 0.03 53704.315592 19.754 0.035 53704.317259 19.525 0.085 38.089685 1.112862
53989.41248 20.75 0.149 53989.414146 20.322 0.046 53989.410813 20.117 0.04 53989.411646 19.757 0.036 53989.413313 -99.99 0.085 38.089685 1.112862
53995.451209 20.406 0.057 53995.452875 20.296 0.02 53995.449542 20.168 0.026 53995.450375 19.8 0.025 53995.452042 19.742 0.069 38.089685 1.112862
54000.387919 20.622 0.072 54000.389586 20.286 0.027 54000.386252 20.073 0.025 54000.387086 19.841 0.036 54000.388752 19.836 0.104 38.089685 1.112862
54007.438054 20.651 0.074 54007.439721 -99.99 0.03 54007.436388 20.099 0.027 54007.437221 19.742 0.026 54007.438888 19.81 0.09 38.089685 1.112862
54009.361834 -99.99 0.056 54009.363501 20.251 0.022 54009.360168 20.134 0.022 54009.361001 19.776 0.025 54009.362668 -99.99 0.064 38.089685 1.112862
54011.426318 20.537 0.054 54011.427985 20.283 0.027 54011.424652 20.085 0.02 54011.425485 19.75 0.024 54011.427152 20.238 0.219 38.089685 1.112862
54012.439149 20.597 0.076 54012.440816 20.263 0.025 54012.437482 20.114 0.027 54012.438316 19.756 0.029 54012.439982 19.791 0.092 38.089685 1.112862
54025.425321 20.457 0.079 54025.426987 20.245 0.028 54025.423654 20.11 0.034 54025.424487 19.815 0.033 54025.426154 19.707 0.083 38.089685 1.112862
54346.419132 20.193 0.106 54346.420798 20.038 0.035 54346.417465 19.935 0.032 54346.418298 19.665 0.032 54346.419965 19.723 0.094 38.089685 1.112862
54348.423075 20.478 0.089 54348.424742 20.084 0.036 54348.421408 19.896 0.028 54348.422242 19.672 0.032 54348.423908 19.62 0.083 38.089685 1.112862
54355.433141 -99.99 0.056 54355.434808 20.077 0.018 54355.431474 19.935 0.019 54355.432308 19.638 0.024 54355.433974 19.647 0.068 38.089685 1.112862
54358.378891 20.51 0.081 54358.380558 20.061 0.027 54358.377225 19.81 0.028 54358.378058 19.682 0.029 54358.379725 19.366 0.079 38.089685 1.112862
54365.411962 -99.99 0.05 54365.413629 20.072 0.018 54365.410295 19.916 0.019 54365.411129 19.677 0.025 54365.412795 19.779 0.075 38.089685 1.112862
54381.431533 20.352 0.058 54381.433199 20.125 0.02 54381.429866 19.936 0.024 54381.430699 19.655 0.027 54381.432366 19.68 0.06 38.089685 1.112862
54384.438159 20.341 0.064 54384.439826 20.076 0.02 54384.436492 19.972 0.028 54384.437326 19.638 0.028 54384.438992 19.698 0.147 38.089685 1.112862
54386.423825 20.238 0.072 54386.425492 20.117 0.022 54386.422158 19.959 0.026 54386.422992 19.696 0.024 54386.424658 19.712 0.142 38.089685 1.112862
54388.428096 -99.99 0.068 54388.429762 20.146 0.021 54388.426429 19.941 0.022 54388.427262 19.657 0.024 54388.428929 19.425 0.065 38.089685 1.112862
54392.425671 20.289 0.064 54392.427337 20.124 0.021 54392.424004 19.919 0.024 54392.424837 19.627 0.03 54392.426504 19.677 0.079 38.089685 1.112862
54403.341903 20.329 0.183 54403.343569 20.03 0.107 54403.340236 19.877 0.103 54403.341069 19.854 0.111 54403.342736 19.784 0.24 38.089685 1.112862
54404.399462 20.268 0.126 54404.401129 -99.99 0.621 54404.397795 -99.99 0.039 54404.398629 19.501 0.07 54404.400295 -99.99 0.373 38.089685 1.112862
54405.397393 20.434 0.119 54405.39906 20.102 0.037 54405.395726 19.926 0.03 54405.39656 19.766 0.041 54405.398226 19.739 0.112 38.089685 1.112862
54406.335712 20.402 0.062 54406.337379 20.107 0.024 54406.334045 19.938 0.021 54406.334879 19.641 0.024 54406.336545 19.584 0.058 38.089685 1.112862
54412.361479 20.465 0.067 54412.363146 20.135 0.023 54412.359812 20.036 0.036 54412.360646 19.673 0.026 54412.362312 19.573 0.067 38.089685 1.112862
