51081.386047 20.523 0.074 51081.387713 20.337 0.025 51081.38438 19.937 0.025 51081.385213 20.105 0.036 51081.38688 20.11 0.128 36.99383 -0.762783
51819.457184 20.664 0.118 51819.45885 -99.99 0.029 51819.455517 19.956 0.029 51819.45635 20.138 0.042 51819.458017 20.22 0.202 36.99383 -0.762783
51875.200984 20.569 0.069 51875.20265 20.29 0.022 51875.199317 19.913 0.023 51875.20015 20.029 0.033 51875.201817 19.969 0.118 36.99383 -0.762783
52225.281846 19.825 0.043 52225.283512 19.76 0.015 52225.280179 19.536 0.015 52225.281012 19.664 0.02 52225.282679 19.711 0.079 36.99383 -0.762783
52288.116268 19.922 0.048 52288.117934 19.802 0.016 52288.114601 19.563 0.018 52288.115434 19.651 0.023 52288.117101 19.606 0.073 36.99383 -0.762783
52551.389557 20.279 0.06 52551.391223 20.124 0.02 52551.38789 19.769 0.019 52551.388723 19.909 0.026 52551.39039 19.968 0.099 36.99383 -0.762783
52558.422431 20.417 0.064 52558.424097 20.077 0.018 52558.420764 19.777 0.018 52558.421597 19.833 0.024 52558.423264 19.937 0.088 36.99383 -0.762783
52576.255483 20.338 0.062 52576.257149 20.113 0.021 52576.253816 19.857 0.023 52576.254649 19.902 0.029 52576.256316 19.945 0.101 36.99383 -0.762783
52578.294039 20.407 0.068 52578.295705 20.109 0.019 52578.292372 19.802 0.021 52578.293205 19.848 0.026 52578.294872 20.081 0.112 36.99383 -0.762783
52585.257019 20.263 0.055 52585.258685 20.068 0.017 52585.255352 19.722 0.02 52585.256185 19.883 0.031 52585.257852 19.94 0.119 36.99383 -0.762783
52909.423654 20.245 0.057 52909.42532 20.13 0.019 52909.421987 19.859 0.019 52909.42282 19.933 0.023 52909.424487 20.045 0.089 36.99383 -0.762783
52910.393895 20.343 0.072 52910.395561 20.148 0.02 52910.392228 19.829 0.021 52910.393061 19.863 0.028 52910.394728 20.144 0.108 36.99383 -0.762783
52935.321065 20.325 0.069 52935.322731 20.08 0.021 52935.319398 19.792 0.022 52935.320231 19.907 0.032 52935.321898 19.746 0.101 36.99383 -0.762783
52963.244142 20.334 0.052 52963.245808 20.139 0.018 52963.242475 19.831 0.018 52963.243308 19.88 0.022 52963.244975 19.967 0.078 36.99383 -0.762783
52971.235057 20.278 0.1 52971.236723 -99.99 0.03 52971.23339 19.853 0.026 52971.234223 -99.99 0.041 52971.23589 20.052 0.194 36.99383 -0.762783
53351.166444 20.66 0.081 53351.16811 20.492 0.024 53351.164777 20 0.024 53351.16561 20.225 0.035 53351.167277 20.084 0.125 36.99383 -0.762783
53622.423496 20.518 0.071 53622.425162 20.306 0.021 53622.421829 19.93 0.02 53622.422662 20.036 0.027 53622.424329 20.145 0.101 36.99383 -0.762783
53634.372968 20.491 0.185 53634.374634 20.335 0.059 53634.371301 19.932 0.043 53634.372134 19.94 0.051 53634.373801 20.175 0.125 36.99383 -0.762783
53638.414304 20.507 0.085 53638.41597 20.212 0.024 53638.412637 19.906 0.023 53638.41347 20.014 0.028 53638.415137 20.213 0.113 36.99383 -0.762783
53640.378339 20.454 0.083 53640.380005 20.274 0.025 53640.376672 19.883 0.021 53640.377505 20.01 0.031 53640.379172 19.988 0.098 36.99383 -0.762783
53646.439749 20.559 0.161 53646.441415 20.252 0.045 53646.438082 19.912 0.028 53646.438915 19.98 0.045 53646.440582 20.218 0.246 36.99383 -0.762783
53655.350513 20.536 0.077 53655.352179 20.262 0.023 53655.348846 19.934 0.025 53655.349679 19.988 0.032 53655.351346 20.211 0.126 36.99383 -0.762783
53663.440169 20.904 0.355 53663.441835 20.166 0.064 53663.438502 19.914 0.042 53663.439335 19.946 0.042 53663.441002 19.928 0.115 36.99383 -0.762783
53664.37547 20.387 0.213 53664.377136 20.154 0.061 53664.373803 19.891 0.1 53664.374636 19.839 0.066 53664.376303 19.946 0.203 36.99383 -0.762783
53665.440102 20.352 0.132 53665.441768 20.259 0.044 53665.438435 19.909 0.03 53665.439268 19.923 0.032 53665.440935 19.959 0.132 36.99383 -0.762783
53668.428718 20.681 0.182 53668.430384 20.151 0.034 53668.427051 19.898 0.035 53668.427884 20.094 0.049 53668.429551 20.24 0.2 36.99383 -0.762783
53669.334714 20.435 0.116 53669.33638 20.207 0.03 53669.333047 -99.99 0.11 53669.33388 -99.99 0.063 53669.335547 19.933 0.135 36.99383 -0.762783
53670.434692 20.472 0.137 53670.436358 20.251 0.034 53670.433025 19.904 0.03 53670.433858 19.941 0.037 53670.435525 20.109 0.159 36.99383 -0.762783
53671.419468 20.27 0.092 53671.421134 20.212 0.029 53671.417801 19.832 0.026 53671.418634 19.929 0.033 53671.420301 20.143 0.137 36.99383 -0.762783
53674.318951 20.41 0.095 53674.320617 20.246 0.025 53674.317284 19.925 0.027 53674.318117 19.948 0.037 53674.319784 20.497 0.233 36.99383 -0.762783
53676.40841 20.557 0.126 53676.410076 20.283 0.032 53676.406743 19.839 0.039 53676.407576 19.915 0.039 53676.409243 19.851 0.123 36.99383 -0.762783
53679.380311 20.436 0.096 53679.381977 20.228 0.025 53679.378644 19.901 0.029 53679.379477 20.036 0.041 53679.381144 19.983 0.167 36.99383 -0.762783
53681.371825 20.44 0.091 53681.373491 20.254 0.029 53681.370158 19.82 0.026 53681.370991 19.958 0.029 53681.372658 20.114 0.132 36.99383 -0.762783
53684.33332 -99.99 0.333 53684.334986 -99.99 0.12 53684.331653 -99.99 0.181 53684.332486 19.971 0.173 53684.334153 -99.99 0.595 36.99383 -0.762783
53694.344771 20.453 0.197 53694.346437 20.268 0.061 53694.343104 19.884 0.042 53694.343937 20.13 0.055 53694.345604 19.703 0.12 36.99383 -0.762783
53697.328849 20.323 0.086 53697.330515 20.204 0.028 53697.327182 19.901 0.023 53697.328015 19.927 0.026 53697.329682 20.09 0.108 36.99383 -0.762783
53700.327805 20.378 0.091 53700.329471 20.222 0.023 53700.326138 19.869 0.025 53700.326971 19.958 0.034 53700.328638 19.772 0.119 36.99383 -0.762783
53705.314476 20.5 0.096 53705.316142 20.216 0.023 53705.312809 19.87 0.023 53705.313642 19.952 0.03 53705.315309 19.986 0.132 36.99383 -0.762783
53975.399475 20.188 0.074 53975.401142 19.96 0.029 53975.397808 19.716 0.039 53975.398642 19.73 0.049 53975.400308 19.838 0.096 36.99383 -0.762783
53993.411635 20.222 0.097 53993.413302 -99.99 0.074 53993.409968 19.719 0.019 53993.410802 19.842 0.037 53993.412468 -99.99 0.28 36.99383 -0.762783
53994.422475 20.25 0.061 53994.424142 20.045 0.032 53994.420809 19.736 0.027 53994.421642 19.783 0.026 53994.423309 19.98 0.091 36.99383 -0.762783
53996.406233 20.231 0.059 53996.407899 20.024 0.019 53996.404566 19.755 0.025 53996.405399 19.803 0.025 53996.407066 19.856 0.086 36.99383 -0.762783
54005.419371 20.206 0.05 54005.421038 20.057 0.02 54005.417704 19.726 0.021 54005.418538 19.849 0.027 54005.420204 19.968 0.079 36.99383 -0.762783
54010.36032 20.271 0.05 54010.361987 20.039 0.021 54010.358653 19.765 0.02 54010.359487 19.874 0.028 54010.361153 19.893 0.058 36.99383 -0.762783
54012.353208 20.141 0.079 54012.354875 20.111 0.034 54012.351542 19.739 0.026 54012.352375 19.84 0.028 54012.354042 19.952 0.093 36.99383 -0.762783
54020.359207 20.175 0.092 54020.360874 20.046 0.043 54020.35754 19.737 0.023 54020.358374 19.767 0.035 54020.36004 20.014 0.139 36.99383 -0.762783
54024.440736 20.163 0.071 54024.442403 20.028 0.025 54024.439069 19.804 0.028 54024.439903 19.819 0.033 54024.441569 19.746 0.085 36.99383 -0.762783
54030.384467 20.308 0.056 54030.386133 20.075 0.024 54030.3828 19.783 0.026 54030.383633 19.81 0.028 54030.3853 19.93 0.085 36.99383 -0.762783
54035.428471 20.143 0.077 54035.430138 20.099 0.026 54035.426805 19.699 0.034 54035.427638 19.796 0.032 54035.429305 19.88 0.114 36.99383 -0.762783
54037.333963 20.239 0.049 54037.335629 20.026 0.022 54037.332296 19.723 0.02 54037.333129 19.782 0.027 54037.334796 19.862 0.058 36.99383 -0.762783
54040.348446 20.261 0.074 54040.350113 20.021 0.025 54040.346779 19.67 0.026 54040.347613 19.799 0.03 54040.349279 19.932 0.104 36.99383 -0.762783
54047.378987 -99.99 0.238 54047.380654 20.072 0.099 54047.377321 19.705 0.059 54047.378154 19.74 0.06 54047.379821 20.306 0.294 36.99383 -0.762783
54049.3749 20.241 0.115 54049.376566 20.089 0.039 54049.373233 19.73 0.031 54049.374066 19.823 0.032 54049.375733 19.761 0.101 36.99383 -0.762783
54053.354536 20.202 0.066 54053.356202 20.052 0.029 54053.352869 19.721 0.025 54053.353702 19.832 0.028 54053.355369 19.828 0.107 36.99383 -0.762783
54056.340921 20.28 0.078 54056.342587 20.015 0.033 54056.339254 19.708 0.031 54056.340087 19.803 0.03 54056.341754 20.269 0.166 36.99383 -0.762783
54059.335162 20.235 0.086 54059.336828 19.973 0.024 54059.333495 19.699 0.026 54059.334328 19.649 0.032 54059.335995 19.841 0.106 36.99383 -0.762783
54061.3463 20.032 0.091 54061.347967 19.986 0.026 54061.344634 19.65 0.039 54061.345467 19.732 0.05 54061.347134 19.816 0.169 36.99383 -0.762783
54062.340049 20.289 0.066 54062.341716 20.012 0.025 54062.338382 19.693 0.024 54062.339216 19.767 0.027 54062.340882 19.88 0.104 36.99383 -0.762783
54064.336508 20.068 0.059 54064.338175 20.003 0.02 54064.334841 19.724 0.021 54064.335675 19.767 0.025 54064.337341 19.896 0.094 36.99383 -0.762783
54357.378368 -99.99 0.043 54357.380034 19.803 0.022 54357.376701 19.543 0.022 54357.377534 19.625 0.023 54357.379201 19.721 0.055 36.99383 -0.762783
54362.428181 19.985 0.044 54362.429848 19.778 0.024 54362.426514 19.517 0.021 54362.427348 19.621 0.023 54362.429014 19.757 0.071 36.99383 -0.762783
54376.423271 20.086 0.059 54376.424938 19.807 0.025 54376.421604 19.541 0.02 54376.422438 19.648 0.024 54376.424104 19.698 0.072 36.99383 -0.762783
54382.408377 19.967 0.067 54382.410043 19.773 0.023 54382.40671 19.543 0.029 54382.407543 19.598 0.027 54382.40921 19.873 0.095 36.99383 -0.762783
54385.426304 19.953 0.048 54385.427971 19.775 0.019 54385.424638 19.527 0.021 54385.425471 19.653 0.025 54385.427138 19.686 0.063 36.99383 -0.762783
54387.426766 19.888 0.069 54387.428433 19.715 0.026 54387.4251 19.525 0.028 54387.425933 19.563 0.034 54387.4276 19.702 0.115 36.99383 -0.762783
54390.419108 -99.99 0.078 54390.420774 -99.99 0.026 54390.417441 -99.99 0.05 54390.418274 -99.99 0.041 54390.419941 19.447 0.12 36.99383 -0.762783
54391.427526 19.869 0.09 54391.429192 19.764 0.027 54391.425859 19.519 0.041 54391.426692 19.643 0.056 54391.428359 -99.99 0.169 36.99383 -0.762783
54402.419865 19.829 0.115 54402.421532 19.712 0.044 54402.418199 19.437 0.025 54402.419032 19.572 0.026 54402.420699 19.623 0.081 36.99383 -0.762783
