51081.391124 20.492 0.062 51081.39279 19.612 0.014 51081.389457 19.623 0.017 51081.39029 19.619 0.022 51081.391957 19.281 0.062 38.826447 -0.335553
51819.462235 20.45 0.081 51819.463901 19.678 0.018 51819.460568 19.724 0.025 51819.461401 19.671 0.03 51819.463068 19.367 0.082 38.826447 -0.335553
51875.206109 20.699 0.07 51875.207775 19.67 0.014 51875.204442 19.753 0.018 51875.205275 19.736 0.025 51875.206942 19.407 0.074 38.826447 -0.335553
52225.286922 21.035 0.096 52225.288588 19.912 0.016 52225.285255 20.098 0.022 52225.286088 20.013 0.029 52225.287755 19.553 0.066 38.826447 -0.335553
52288.121344 21.14 0.1 52288.12301 19.949 0.017 52288.119677 20.13 0.025 52288.12051 19.988 0.029 52288.122177 19.664 0.078 38.826447 -0.335553
52551.394632 20.947 0.087 52551.396298 20.01 0.017 52551.392965 20.104 0.023 52551.393798 20.074 0.029 52551.395465 19.62 0.076 38.826447 -0.335553
52558.427506 20.938 0.086 52558.429172 20.002 0.017 52558.425839 20.087 0.021 52558.426672 20.054 0.029 52558.428339 19.582 0.069 38.826447 -0.335553
52578.299115 20.917 0.077 52578.300781 19.979 0.015 52578.297448 20.082 0.024 52578.298281 20.008 0.027 52578.299948 19.75 0.073 38.826447 -0.335553
52585.262094 -99.99 0.071 52585.26376 19.982 0.015 52585.260427 20.09 0.022 52585.26126 19.998 0.032 52585.262927 19.733 0.094 38.826447 -0.335553
52909.428729 20.586 0.062 52909.430395 19.846 0.015 52909.427062 19.955 0.019 52909.427895 19.837 0.022 52909.429562 19.534 0.06 38.826447 -0.335553
52910.398971 -99.99 0.084 52910.400637 19.817 0.02 52910.397304 19.963 0.021 52910.398137 19.868 0.025 52910.399804 19.545 0.08 38.826447 -0.335553
52935.326141 20.779 0.091 52935.327807 19.861 0.017 52935.324474 19.933 0.024 52935.325307 19.885 0.032 52935.326974 19.523 0.089 38.826447 -0.335553
52963.249218 20.762 0.062 52963.250884 19.862 0.014 52963.247551 19.91 0.018 52963.248384 19.86 0.022 52963.250051 19.396 0.05 38.826447 -0.335553
52971.240132 -99.99 0.104 52971.241798 19.844 0.017 52971.238465 19.969 0.03 52971.239298 19.886 0.032 52971.240965 19.601 0.082 38.826447 -0.335553
53351.171521 20.87 0.086 53351.173187 19.897 0.017 53351.169854 19.975 0.022 53351.170687 19.904 0.029 53351.172354 19.525 0.082 38.826447 -0.335553
53622.428572 20.774 0.075 53622.430238 19.859 0.015 53622.426905 19.973 0.019 53622.427738 19.927 0.026 53622.429405 19.517 0.064 38.826447 -0.335553
53634.378044 20.549 0.166 53634.37971 19.866 0.043 53634.376377 19.948 0.041 53634.37721 19.984 0.049 53634.378877 19.522 0.079 38.826447 -0.335553
53638.419381 20.762 0.093 53638.421047 19.897 0.018 53638.417714 19.971 0.022 53638.418547 19.896 0.025 53638.420214 19.495 0.063 38.826447 -0.335553
53640.383417 20.635 0.086 53640.385083 19.878 0.018 53640.38175 19.96 0.022 53640.382583 19.906 0.027 53640.38425 19.531 0.075 38.826447 -0.335553
53646.444826 20.642 0.13 53646.446492 19.904 0.021 53646.443159 19.924 0.04 53646.443992 19.882 0.045 53646.445659 19.457 0.115 38.826447 -0.335553
53655.355591 20.907 0.094 53655.357257 19.87 0.015 53655.353924 19.949 0.022 53655.354757 19.869 0.026 53655.356424 19.444 0.067 38.826447 -0.335553
53657.263557 20.464 0.327 53657.265223 19.771 0.072 53657.26189 19.854 0.07 53657.262723 -99.99 0.093 53657.26439 -99.99 0.222 38.826447 -0.335553
53663.445245 20.553 0.216 53663.446911 19.874 0.046 53663.443578 19.931 0.039 53663.444411 19.84 0.038 53663.446078 19.451 0.082 38.826447 -0.335553
53664.380546 20.575 0.144 53664.382212 19.878 0.033 53664.378879 19.934 0.042 53664.379712 19.879 0.047 53664.381379 19.575 0.097 38.826447 -0.335553
53665.445178 20.542 0.145 53665.446844 19.964 0.033 53665.443511 19.942 0.031 53665.444344 19.849 0.035 53665.446011 19.462 0.092 38.826447 -0.335553
53668.433784 20.49 0.163 53668.43545 19.798 0.03 53668.432117 19.867 0.036 53668.43295 19.782 0.044 53668.434617 19.334 0.111 38.826447 -0.335553
53669.339791 -99.99 0.289 53669.341457 19.863 0.025 53669.338124 -99.99 0.064 53669.338957 -99.99 0.081 53669.340624 -99.99 0.099 38.826447 -0.335553
53670.439767 20.969 0.173 53670.441433 19.928 0.024 53670.4381 19.991 0.029 53670.438933 19.844 0.033 53670.4406 19.566 0.094 38.826447 -0.335553
53671.424543 20.723 0.108 53671.426209 19.916 0.02 53671.422876 19.969 0.031 53671.423709 19.896 0.033 53671.425376 19.553 0.08 38.826447 -0.335553
53674.324028 20.785 0.105 53674.325694 19.864 0.017 53674.322361 19.914 0.026 53674.323194 19.922 0.036 53674.324861 19.55 0.09 38.826447 -0.335553
53676.413486 20.646 0.091 53676.415152 19.929 0.018 53676.411819 20.023 0.027 53676.412652 19.901 0.027 53676.414319 19.489 0.067 38.826447 -0.335553
53679.385387 20.82 0.108 53679.387053 19.886 0.018 53679.38372 19.983 0.028 53679.384553 19.879 0.036 53679.38622 19.541 0.105 38.826447 -0.335553
53681.3769 20.867 0.119 53681.378566 19.911 0.016 53681.375233 19.992 0.027 53681.376066 19.909 0.032 53681.377733 19.543 0.069 38.826447 -0.335553
53684.338396 20.566 0.307 53684.340062 19.837 0.045 53684.336729 19.702 0.156 53684.337562 19.582 0.161 53684.339229 -99.99 0.27 38.826447 -0.335553
53687.27971 20.895 0.315 53687.281376 19.972 0.057 53687.278043 20.02 0.057 53687.278876 19.88 0.055 53687.280543 19.721 0.129 38.826447 -0.335553
53694.349848 22.005 0.623 53694.351514 19.907 0.035 53694.348181 19.988 0.043 53694.349014 19.984 0.038 53694.350681 19.568 0.085 38.826447 -0.335553
53697.333926 20.896 0.126 53697.335592 19.906 0.022 53697.332259 19.974 0.023 53697.333092 19.836 0.026 53697.334759 19.571 0.072 38.826447 -0.335553
53700.332881 20.885 0.122 53700.334547 19.859 0.017 53700.331214 19.949 0.025 53700.332047 19.885 0.035 53700.333714 19.496 0.094 38.826447 -0.335553
53705.319552 20.704 0.109 53705.321218 19.796 0.019 53705.317885 19.994 0.03 53705.318718 19.863 0.033 53705.320385 19.434 0.09 38.826447 -0.335553
53975.404562 20.793 0.077 53975.406229 19.932 0.025 53975.402895 20.033 0.027 53975.403729 19.93 0.029 53975.405395 19.555 0.068 38.826447 -0.335553
53993.416915 20.079 0.616 53993.418582 -99.99 0.054 53993.415249 -99.99 0.414 53993.416082 -99.99 0.356 53993.417749 -99.99 0.174 38.826447 -0.335553
53994.427549 20.995 0.092 53994.429216 19.942 0.025 53994.425883 19.99 0.02 53994.426716 19.955 0.024 53994.428383 19.56 0.062 38.826447 -0.335553
53996.411283 20.765 0.077 53996.412949 19.93 0.03 53996.409616 20.022 0.032 53996.410449 20.009 0.031 53996.412116 19.521 0.064 38.826447 -0.335553
54005.424474 -99.99 0.083 54005.426141 19.949 0.03 54005.422808 20.029 0.02 54005.423641 19.979 0.026 54005.425308 19.658 0.064 38.826447 -0.335553
54009.438273 20.702 0.069 54009.43994 19.958 0.02 54009.436606 20.012 0.018 54009.43744 19.891 0.026 54009.439106 19.444 0.054 38.826447 -0.335553
54010.365394 20.902 0.063 54010.367061 19.924 0.02 54010.363728 20.028 0.022 54010.364561 19.946 0.025 54010.366228 19.557 0.046 38.826447 -0.335553
54012.358283 20.487 0.095 54012.359949 19.878 0.027 54012.356616 20.072 0.031 54012.357449 19.954 0.03 54012.359116 19.444 0.067 38.826447 -0.335553
54020.364227 20.707 0.176 54020.365894 19.861 0.035 54020.36256 20.067 0.041 54020.363394 19.929 0.078 54020.36506 19.597 0.119 38.826447 -0.335553
54024.445856 21.139 0.15 54024.447522 19.918 0.033 54024.444189 20.025 0.023 54024.445022 19.95 0.033 54024.446689 19.645 0.095 38.826447 -0.335553
54028.434133 20.649 0.101 54028.4358 -99.99 0.081 54028.432466 19.945 0.031 54028.4333 19.946 0.041 54028.434966 19.591 0.107 38.826447 -0.335553
54030.389545 20.876 0.076 54030.391212 19.965 0.023 54030.387878 19.963 0.02 54030.388712 19.945 0.025 54030.390378 19.514 0.062 38.826447 -0.335553
54035.433519 20.885 0.12 54035.435186 19.946 0.024 54035.431852 19.986 0.035 54035.432686 19.944 0.037 54035.434352 19.609 0.113 38.826447 -0.335553
54037.339042 20.791 0.068 54037.340709 19.954 0.018 54037.337376 20.013 0.019 54037.338209 19.925 0.022 54037.339876 19.42 0.044 38.826447 -0.335553
54040.353531 20.75 0.083 54040.355198 19.876 0.024 54040.351864 20.019 0.026 54040.352698 19.939 0.03 54040.354364 19.566 0.07 38.826447 -0.335553
54049.379953 20.704 0.162 54049.381619 19.974 0.033 54049.378286 20.059 0.035 54049.379119 19.909 0.035 54049.380786 19.405 0.075 38.826447 -0.335553
54053.359602 21.068 0.129 54053.361269 19.856 0.024 54053.357935 19.986 0.027 54053.358769 -99.99 0.04 54053.360435 -99.99 0.092 38.826447 -0.335553
54056.345951 20.827 0.1 54056.347618 19.923 0.02 54056.344285 20.036 0.025 54056.345118 19.937 0.037 54056.346785 19.442 0.075 38.826447 -0.335553
54059.340242 20.696 0.083 54059.341909 19.902 0.023 54059.338576 20.011 0.037 54059.339409 19.942 0.033 54059.341076 19.568 0.086 38.826447 -0.335553
54062.345144 20.869 0.092 54062.346811 19.946 0.022 54062.343477 19.928 0.022 54062.344311 19.975 0.032 54062.345977 19.584 0.076 38.826447 -0.335553
54064.34156 20.878 0.109 54064.343227 19.934 0.025 54064.339893 19.989 0.024 54064.340727 19.909 0.027 54064.342393 19.807 0.093 38.826447 -0.335553
54357.383432 20.677 0.057 54357.385099 19.822 0.019 54357.381766 19.822 0.022 54357.382599 19.779 0.028 54357.384266 19.562 0.048 38.826447 -0.335553
54362.433247 20.709 0.061 54362.434914 19.788 0.019 54362.43158 19.836 0.02 54362.432414 19.804 0.027 54362.43408 19.488 0.054 38.826447 -0.335553
54376.428334 20.516 0.077 54376.430001 19.81 0.018 54376.426667 19.846 0.022 54376.427501 19.752 0.022 54376.429167 19.486 0.059 38.826447 -0.335553
54382.413461 20.471 0.071 54382.415127 19.738 0.022 54382.411794 19.888 0.029 54382.412627 19.795 0.039 54382.414294 19.577 0.105 38.826447 -0.335553
54385.431262 20.418 0.057 54385.432929 19.754 0.024 54385.429595 19.815 0.017 54385.430429 19.779 0.023 54385.432095 19.574 0.059 38.826447 -0.335553
54387.431791 20.473 0.088 54387.433458 19.66 0.058 54387.430124 19.834 0.031 54387.430958 -99.99 0.045 54387.432624 19.361 0.086 38.826447 -0.335553
54390.424388 -99.99 1.396 54390.426054 19.815 0.027 54390.422721 -99.99 0.347 54390.423554 -99.99 2.132 54390.425221 19.383 0.113 38.826447 -0.335553
54402.425004 20.242 0.161 54402.42667 19.72 0.041 54402.423337 19.858 0.036 54402.42417 19.823 0.035 54402.425837 19.47 0.074 38.826447 -0.335553
