51081.392226 19.637 0.036 51081.393892 19.453 0.014 51081.390559 19.368 0.015 51081.391392 19.512 0.025 51081.393059 19.29 0.062 39.232135 0.613935
51875.207169 19.496 0.031 51875.208835 19.43 0.013 51875.205502 19.373 0.015 51875.206335 19.46 0.024 51875.208002 19.274 0.066 39.232135 0.613935
52225.288046 19.846 0.037 52225.289712 19.562 0.014 52225.286379 19.48 0.017 52225.287212 19.55 0.022 52225.288879 19.363 0.061 39.232135 0.613935
52288.122468 19.611 0.032 52288.124134 19.424 0.013 52288.120801 19.361 0.015 52288.121634 19.448 0.021 52288.123301 19.238 0.053 39.232135 0.613935
52551.395755 19.538 0.032 52551.397421 19.324 0.012 52551.394088 19.32 0.014 52551.394921 19.377 0.02 52551.396588 19.331 0.058 39.232135 0.613935
52558.428631 19.543 0.031 52558.430297 19.344 0.012 52558.426964 19.297 0.014 52558.427797 19.405 0.02 52558.429464 19.221 0.051 39.232135 0.613935
52578.300239 19.461 0.028 52578.301905 19.325 0.012 52578.298572 19.253 0.013 52578.299405 19.348 0.019 52578.301072 19.212 0.048 39.232135 0.613935
52585.263217 19.502 0.029 52585.264883 19.323 0.011 52585.26155 19.26 0.013 52585.262383 19.372 0.021 52585.26405 19.233 0.059 39.232135 0.613935
52909.429851 19.605 0.032 52909.431517 19.375 0.012 52909.428184 19.339 0.013 52909.429017 19.408 0.021 52909.430684 19.247 0.049 39.232135 0.613935
52910.400095 19.563 0.038 52910.401761 19.329 0.013 52910.398428 19.299 0.014 52910.399261 19.47 0.024 52910.400928 19.234 0.069 39.232135 0.613935
52935.327264 19.547 0.035 52935.32893 19.325 0.013 52935.325597 19.261 0.016 52935.32643 19.367 0.027 52935.328097 19.155 0.064 39.232135 0.613935
52963.250341 19.508 0.029 52963.252007 19.351 0.012 52963.248674 19.276 0.013 52963.249507 19.378 0.02 52963.251174 19.292 0.048 39.232135 0.613935
52971.241257 19.511 0.034 52971.242923 19.35 0.013 52971.23959 19.25 0.016 52971.240423 19.37 0.023 52971.24209 19.278 0.054 39.232135 0.613935
53351.172645 19.708 0.038 53351.174311 19.462 0.013 53351.170978 19.369 0.015 53351.171811 19.481 0.024 53351.173478 19.315 0.067 39.232135 0.613935
53622.429696 19.787 0.038 53622.431362 19.437 0.013 53622.428029 19.365 0.013 53622.428862 19.446 0.023 53622.430529 19.279 0.054 39.232135 0.613935
53634.379167 19.672 0.077 53634.380833 19.407 0.03 53634.3775 19.335 0.026 53634.378333 19.425 0.03 53634.38 19.127 0.06 39.232135 0.613935
53638.420504 19.607 0.038 53638.42217 19.353 0.014 53638.418837 19.319 0.015 53638.41967 19.413 0.021 53638.421337 19.298 0.052 39.232135 0.613935
53640.384539 19.519 0.037 53640.386205 19.325 0.014 53640.382872 19.304 0.014 53640.383705 19.395 0.022 53640.385372 19.29 0.059 39.232135 0.613935
53646.445947 19.498 0.055 53646.447613 19.303 0.017 53646.44428 19.24 0.022 53646.445113 19.344 0.035 53646.44678 19.117 0.069 39.232135 0.613935
53655.356713 19.51 0.032 53655.358379 19.293 0.011 53655.355046 19.212 0.014 53655.355879 19.357 0.021 53655.357546 19.25 0.053 39.232135 0.613935
53663.446366 19.285 0.07 53663.448032 19.257 0.028 53663.444699 19.166 0.023 53663.445532 19.258 0.028 53663.447199 19.214 0.063 39.232135 0.613935
53664.381669 19.273 0.049 53664.383335 19.225 0.021 53664.380002 19.261 0.025 53664.380835 19.34 0.03 53664.382502 19.148 0.062 39.232135 0.613935
53665.446299 19.346 0.055 53665.447965 19.19 0.018 53665.444632 19.187 0.019 53665.445465 19.289 0.026 53665.447132 19.185 0.068 39.232135 0.613935
53668.434915 19.3 0.057 53668.436581 19.26 0.019 53668.433248 19.157 0.019 53668.434081 19.246 0.028 53668.435748 19.207 0.078 39.232135 0.613935
53669.340914 19.423 0.04 53669.34258 19.217 0.015 53669.339247 19.255 0.038 53669.34008 -99.99 0.048 53669.341747 19.227 0.072 39.232135 0.613935
53670.440889 19.326 0.046 53670.442555 19.217 0.016 53670.439222 19.169 0.017 53670.440055 19.244 0.023 53670.441722 19.156 0.058 39.232135 0.613935
53671.425665 19.356 0.038 53671.427331 19.228 0.013 53671.423998 19.177 0.017 53671.424831 19.256 0.023 53671.426498 19.142 0.053 39.232135 0.613935
53674.325151 19.339 0.034 53674.326817 19.195 0.012 53674.323484 19.147 0.015 53674.324317 19.225 0.022 53674.325984 19.121 0.057 39.232135 0.613935
53676.414608 19.316 0.036 53676.416274 19.181 0.012 53676.412941 19.144 0.014 53676.413774 19.276 0.021 53676.415441 19.132 0.047 39.232135 0.613935
53679.386509 19.318 0.035 53679.388175 19.161 0.012 53679.384842 19.103 0.015 53679.385675 19.169 0.025 53679.387342 19.061 0.066 39.232135 0.613935
53681.378022 19.284 0.032 53681.379688 19.162 0.011 53681.376355 19.107 0.016 53681.377188 19.241 0.021 53681.378855 19.186 0.044 39.232135 0.613935
53684.339519 -99.99 0.071 53684.341185 19.21 0.019 53684.337852 19.229 0.067 53684.338685 19.292 0.071 53684.340352 19.233 0.162 39.232135 0.613935
53687.280832 19.239 0.075 53687.282498 19.179 0.033 53687.279165 19.119 0.028 53687.279998 19.228 0.033 53687.281665 19.337 0.08 39.232135 0.613935
53694.35097 19.217 0.056 53694.352636 19.142 0.021 53694.349303 19.091 0.018 53694.350136 19.14 0.023 53694.351803 19.029 0.055 39.232135 0.613935
53697.335048 19.291 0.036 53697.336714 19.2 0.014 53697.333381 19.127 0.014 53697.334214 19.227 0.02 53697.335881 19.144 0.047 39.232135 0.613935
53700.334005 19.227 0.032 53700.335671 19.132 0.012 53700.332338 19.149 0.015 53700.333171 19.207 0.023 53700.334838 19.136 0.064 39.232135 0.613935
53705.320675 19.29 0.037 53705.322341 19.174 0.012 53705.319008 19.141 0.014 53705.319841 19.231 0.024 53705.321508 19.126 0.067 39.232135 0.613935
53975.405691 19.632 0.038 53975.407358 19.451 0.025 53975.404025 19.405 0.023 53975.404858 19.51 0.022 53975.406525 19.375 0.06 39.232135 0.613935
53994.428691 19.568 0.037 53994.430358 19.391 0.021 53994.427025 19.312 0.015 53994.427858 19.412 0.023 53994.429525 19.302 0.048 39.232135 0.613935
53996.412403 19.609 0.032 53996.414069 19.39 0.019 53996.410736 19.373 0.023 53996.411569 19.47 0.025 53996.413236 19.387 0.05 39.232135 0.613935
54005.425567 19.546 0.029 54005.427233 19.377 0.017 54005.4239 19.329 0.016 54005.424733 19.502 0.022 54005.4264 19.32 0.048 39.232135 0.613935
54009.4394 19.492 0.031 54009.441067 19.407 0.015 54009.437733 19.317 0.015 54009.438567 19.468 0.02 54009.440233 19.254 0.042 39.232135 0.613935
54010.36652 19.63 0.03 54010.368187 19.401 0.012 54010.364854 19.378 0.016 54010.365687 19.448 0.019 54010.367354 19.272 0.038 39.232135 0.613935
54012.35936 19.512 0.044 54012.361026 19.367 0.02 54012.357693 19.311 0.02 54012.358526 19.423 0.026 54012.360193 19.334 0.06 39.232135 0.613935
54020.365352 19.54 0.065 54020.367018 19.37 0.02 54020.363685 19.315 0.037 54020.364518 19.397 0.036 54020.366185 19.233 0.073 39.232135 0.613935
54020.397477 19.486 0.055 54020.399143 19.361 0.025 54020.39581 19.333 0.019 54020.396643 19.47 0.027 54020.39831 19.261 0.061 39.232135 0.613935
54024.446936 19.614 0.042 54024.448603 19.356 0.02 54024.44527 19.306 0.021 54024.446103 19.371 0.027 54024.44777 19.286 0.059 39.232135 0.613935
54028.435233 19.607 0.043 54028.4369 19.354 0.028 54028.433567 19.276 0.027 54028.4344 19.367 0.03 54028.436067 19.181 0.106 39.232135 0.613935
54030.390659 19.525 0.034 54030.392326 19.425 0.018 54030.388992 19.282 0.016 54030.389826 19.38 0.023 54030.391492 19.289 0.046 39.232135 0.613935
54035.434656 19.542 0.042 54035.436323 19.402 0.023 54035.432989 19.275 0.019 54035.433823 19.44 0.028 54035.435489 19.174 0.064 39.232135 0.613935
54037.340157 19.621 0.033 54037.341823 19.4 0.018 54037.33849 19.305 0.017 54037.339323 19.396 0.021 54037.34099 19.306 0.038 39.232135 0.613935
54040.354659 19.549 0.037 54040.356326 19.428 0.017 54040.352993 19.335 0.018 54040.353826 19.473 0.024 54040.355493 19.191 0.05 39.232135 0.613935
54041.390219 19.546 0.047 54041.391885 19.375 0.027 54041.388552 19.297 0.02 54041.389385 19.416 0.027 54041.391052 19.32 0.056 39.232135 0.613935
54047.385219 19.445 0.137 54047.386886 19.384 0.059 54047.383553 19.29 0.043 54047.384386 19.247 0.05 54047.386053 19.061 0.112 39.232135 0.613935
54049.381184 19.489 0.055 54049.382851 19.439 0.024 54049.379518 19.349 0.02 54049.380351 19.44 0.027 54049.382018 19.178 0.056 39.232135 0.613935
54053.360942 19.609 0.04 54053.362608 -99.99 0.022 54053.359275 -99.99 0.021 54053.360108 19.436 0.031 54053.361775 -99.99 0.071 39.232135 0.613935
54056.347081 19.544 0.039 54056.348748 19.39 0.02 54056.345414 19.342 0.019 54056.346248 19.391 0.028 54056.347914 19.225 0.058 39.232135 0.613935
54059.341365 19.541 0.04 54059.343032 19.38 0.017 54059.339699 19.319 0.017 54059.340532 19.362 0.024 54059.342199 19.408 0.077 39.232135 0.613935
54061.352453 19.55 0.08 54061.35412 19.374 0.027 54061.350786 19.315 0.029 54061.35162 19.426 0.033 54061.353286 19.002 0.082 39.232135 0.613935
54062.346242 -99.99 0.04 54062.347909 19.414 0.02 54062.344575 19.301 0.019 54062.345409 19.509 0.027 54062.347075 19.292 0.053 39.232135 0.613935
54064.342693 19.568 0.038 54064.34436 19.403 0.026 54064.341026 19.324 0.018 54064.34186 19.395 0.023 54064.343526 19.302 0.053 39.232135 0.613935
54068.326949 19.719 0.079 54068.328615 19.338 0.023 54068.325282 19.33 0.022 54068.326115 19.36 0.056 54068.327782 19.242 0.121 39.232135 0.613935
54357.384612 -99.99 0.036 54357.386278 19.76 0.022 54357.382945 19.695 0.033 54357.383778 19.754 0.03 54357.385445 19.595 0.048 39.232135 0.613935
54362.434363 20.065 0.038 54362.43603 19.765 0.023 54362.432696 19.647 0.018 54362.43353 19.762 0.024 54362.435196 19.611 0.054 39.232135 0.613935
54376.429531 20.285 0.057 54376.431197 19.753 0.024 54376.427864 19.642 0.02 54376.428697 19.752 0.029 54376.430364 19.607 0.059 39.232135 0.613935
54382.414588 20.045 0.053 54382.416255 19.726 0.018 54382.412922 19.622 0.025 54382.413755 19.627 0.031 54382.415422 19.353 0.075 39.232135 0.613935
54385.432394 20.036 0.04 54385.43406 19.723 0.017 54385.430727 19.617 0.017 54385.43156 19.713 0.024 54385.433227 19.516 0.049 39.232135 0.613935
54387.432894 19.877 0.055 54387.434561 19.71 0.03 54387.431228 19.61 0.031 54387.432061 19.602 0.031 54387.433728 19.434 0.105 39.232135 0.613935
54391.433813 19.931 0.072 54391.43548 19.65 0.032 54391.432147 19.612 0.033 54391.43298 19.705 0.054 54391.434647 19.412 0.115 39.232135 0.613935
54402.42612 19.805 0.107 54402.427787 19.667 0.035 54402.424454 19.606 0.031 54402.425287 19.633 0.036 54402.426954 19.638 0.083 39.232135 0.613935
