51075.399349 20.617 0.069 51075.401015 20.679 0.028 51075.397682 20.474 0.033 51075.398515 20.493 0.052 51075.400182 20.719 0.261 35.917139 -0.47136
51818.36899 21.058 0.103 51818.370656 20.848 0.031 51818.367323 20.685 0.035 51818.368156 20.659 0.047 51818.369823 20.339 0.13 35.917139 -0.47136
52170.420011 21.059 0.11 52170.421677 20.918 0.033 52170.418344 20.615 0.034 52170.419177 20.634 0.046 52170.420844 21.174 0.291 35.917139 -0.47136
52173.33337 21.004 0.119 52173.335036 20.878 0.035 52173.331703 20.683 0.045 52173.332536 20.713 0.063 52173.334203 20.92 0.281 35.917139 -0.47136
52224.31353 21.069 0.105 52224.315196 21.015 0.034 52224.311863 20.756 0.035 52224.312696 20.755 0.044 52224.314363 20.728 0.176 35.917139 -0.47136
52234.270016 21.152 0.13 52234.271682 21.037 0.04 52234.268349 20.735 0.039 52234.269182 20.719 0.047 52234.270849 20.85 0.204 35.917139 -0.47136
52261.233371 21.067 0.118 52261.235037 20.991 0.035 52261.231704 20.599 0.034 52261.232537 20.751 0.048 52261.234204 20.509 0.148 35.917139 -0.47136
52283.100743 21.154 0.14 52283.102409 21.078 0.046 52283.099076 20.682 0.056 52283.099909 20.816 0.081 52283.101576 21.199 0.386 35.917139 -0.47136
52287.113865 21.153 0.117 52287.115531 21.048 0.037 52287.112198 20.659 0.037 52287.113031 20.647 0.047 52287.114698 20.796 0.185 35.917139 -0.47136
52552.432564 21.333 0.181 52552.43423 21.093 0.046 52552.430897 20.896 0.059 52552.43173 20.922 0.089 52552.433397 20.589 0.25 35.917139 -0.47136
52557.406923 21.322 0.156 52557.408589 21.091 0.039 52557.405256 20.751 0.042 52557.406089 20.722 0.059 52557.407756 20.84 0.254 35.917139 -0.47136
52908.381491 21.14 0.114 52908.383157 21.004 0.035 52908.379824 20.857 0.04 52908.380657 20.825 0.054 52908.382324 20.578 0.17 35.917139 -0.47136
52912.360928 21.02 0.112 52912.362594 20.996 0.036 52912.359261 20.776 0.037 52912.360094 20.771 0.048 52912.361761 20.735 0.176 35.917139 -0.47136
52934.313394 21.116 0.132 52934.31506 21.008 0.04 52934.311727 20.821 0.048 52934.31256 20.688 0.06 52934.314227 20.36 0.181 35.917139 -0.47136
52936.309321 21.096 0.105 52936.310987 21.007 0.035 52936.307654 20.756 0.038 52936.308487 20.766 0.05 52936.310154 20.402 0.14 35.917139 -0.47136
53270.373429 21.308 0.121 53270.375096 21.147 0.035 53270.371763 20.828 0.038 53270.372596 20.859 0.053 53270.374263 21.185 0.221 35.917139 -0.47136
53272.42332 21.129 0.12 53272.424986 21.099 0.037 53272.421653 20.802 0.041 53272.422486 20.738 0.054 53272.424153 20.472 0.156 35.917139 -0.47136
53286.392041 20.986 0.12 53286.393707 21.081 0.043 53286.390374 20.801 0.041 53286.391207 20.773 0.049 53286.392874 20.805 0.194 35.917139 -0.47136
53288.350532 21.106 0.106 53288.352198 21.11 0.034 53288.348865 20.845 0.037 53288.349698 20.728 0.042 53288.351365 20.8 0.164 35.917139 -0.47136
53294.398205 21.232 0.159 53294.399871 21.05 0.04 53294.396538 20.641 0.042 53294.397371 20.845 0.064 53294.399038 20.507 0.162 35.917139 -0.47136
53296.345271 21.089 0.128 53296.346938 21.124 0.046 53296.343604 20.84 0.055 53296.344438 20.867 0.07 53296.346104 20.556 0.175 35.917139 -0.47136
53298.394982 21.145 0.145 53298.396648 21.13 0.043 53298.393315 20.904 0.067 53298.394148 20.655 0.065 53298.395815 20.938 0.303 35.917139 -0.47136
53302.3462 21.104 0.186 53302.347866 -99.99 0.082 53302.344533 20.725 0.059 53302.345366 20.869 0.068 53302.347033 20.834 0.206 35.917139 -0.47136
53312.301818 20.679 0.173 53312.303485 20.962 0.075 53312.300152 20.77 0.064 53312.300985 20.987 0.122 53312.302652 20.473 0.241 35.917139 -0.47136
53314.302932 21.135 0.148 53314.304598 21.069 0.054 53314.301265 20.849 0.054 53314.302098 20.932 0.077 53314.303765 20.707 0.232 35.917139 -0.47136
53319.290727 21.088 0.163 53319.292393 21.044 0.055 53319.28906 20.892 0.073 53319.289893 20.746 0.078 53319.29156 20.639 0.281 35.917139 -0.47136
53616.407285 21.176 0.166 53616.408951 21.114 0.046 53616.405618 20.793 0.047 53616.406451 20.795 0.066 53616.408118 20.782 0.251 35.917139 -0.47136
53628.368577 21.415 0.266 53628.370243 21 0.089 53628.36691 20.714 0.063 53628.367743 20.813 0.081 53628.36941 20.473 0.197 35.917139 -0.47136
53637.370196 21.169 0.248 53637.371862 21.119 0.106 53637.368529 20.836 0.076 53637.369362 20.678 0.075 53637.371029 20.753 0.264 35.917139 -0.47136
53639.415574 21.285 0.152 53639.41724 21.106 0.047 53639.413907 20.777 0.04 53639.41474 20.8 0.048 53639.416407 20.47 0.142 35.917139 -0.47136
53641.414739 21.212 0.144 53641.416405 20.975 0.042 53641.413072 20.754 0.038 53641.413905 20.754 0.047 53641.415572 20.951 0.23 35.917139 -0.47136
53657.373623 -99.99 0.356 53657.375289 21.132 0.129 53657.371956 20.817 0.099 53657.372789 20.873 0.111 53657.374456 20.788 0.346 35.917139 -0.47136
53663.358171 21.25 0.409 53663.359837 20.857 0.08 53663.356504 20.879 0.069 53663.357337 20.677 0.068 53663.359004 20.694 0.192 35.917139 -0.47136
53665.336143 21.417 0.307 53665.337809 21.166 0.149 53665.334476 20.864 0.092 53665.335309 20.741 0.065 53665.336976 20.683 0.199 35.917139 -0.47136
53666.42826 21.315 0.293 53666.429926 -99.99 0.143 53666.426593 20.744 0.058 53666.427426 20.698 0.06 53666.429093 20.75 0.226 35.917139 -0.47136
53668.347772 21.2 0.208 53668.349438 20.996 0.055 53668.346105 20.692 0.053 53668.346938 20.818 0.076 53668.348605 21.018 0.305 35.917139 -0.47136
53669.43539 21.249 0.302 53669.437056 20.948 0.064 53669.433723 20.699 0.063 53669.434556 20.822 0.09 53669.436223 21.466 0.511 35.917139 -0.47136
53673.320611 21.058 0.108 53673.322277 21.018 0.033 53673.318944 20.828 0.036 53673.319777 20.857 0.045 53673.321444 20.886 0.169 35.917139 -0.47136
53675.317499 20.962 0.116 53675.319165 20.907 0.033 53675.315832 20.722 0.044 53675.316665 20.784 0.057 53675.318332 22.153 0.636 35.917139 -0.47136
53677.338529 20.963 0.103 53677.340195 21.01 0.034 53677.336862 20.729 0.035 53677.337695 20.852 0.045 53677.339362 20.788 0.156 35.917139 -0.47136
53680.325195 21.025 0.119 53680.326861 20.962 0.034 53680.323528 20.726 0.042 53680.324361 20.75 0.054 53680.326028 20.699 0.181 35.917139 -0.47136
53683.383751 20.84 0.124 53683.385417 20.98 0.038 53683.382084 20.857 0.065 53683.382917 20.711 0.075 53683.384584 20.524 0.238 35.917139 -0.47136
53686.324628 20.943 0.311 53686.326294 20.852 0.126 53686.322961 20.766 0.128 53686.323794 20.661 0.103 53686.325461 20.84 0.321 35.917139 -0.47136
53698.324477 20.783 0.156 53698.326143 21.366 0.275 53698.32281 20.701 0.051 53698.323643 20.845 0.08 53698.32531 21.106 0.679 35.917139 -0.47136
53699.347929 20.833 0.134 53699.349595 20.939 0.046 53699.346262 20.815 0.047 53699.347095 20.814 0.055 53699.348762 20.599 0.173 35.917139 -0.47136
53704.310409 20.929 0.141 53704.312075 20.81 0.038 53704.308742 20.555 0.046 53704.309575 20.655 0.076 53704.311242 20.214 0.178 35.917139 -0.47136
53989.406455 21.242 0.268 53989.408122 20.963 0.087 53989.404788 20.687 0.06 53989.405622 20.645 0.06 53989.407288 20.963 0.203 35.917139 -0.47136
53995.445193 20.955 0.087 53995.44686 20.891 0.031 53995.443526 20.698 0.032 53995.44436 20.713 0.037 53995.446026 20.464 0.105 35.917139 -0.47136
54000.381998 21.036 0.132 54000.383665 20.871 0.037 54000.380331 20.665 0.037 54000.381165 20.761 0.061 54000.382831 20.327 0.164 35.917139 -0.47136
54007.432025 20.869 0.108 54007.433692 20.871 0.039 54007.430359 20.742 0.035 54007.431192 20.739 0.043 54007.432859 20.886 0.209 35.917139 -0.47136
54009.355817 20.879 0.076 54009.357484 20.817 0.029 54009.35415 20.677 0.031 54009.354984 20.734 0.038 54009.35665 20.704 0.137 35.917139 -0.47136
54011.420303 -99.99 0.071 54011.42197 -99.99 0.03 54011.418637 20.686 0.028 54011.41947 20.715 0.036 54011.421137 20.613 0.118 35.917139 -0.47136
54025.419358 20.867 0.119 54025.421025 20.738 0.035 54025.417692 20.646 0.04 54025.418525 20.634 0.054 54025.420192 20.499 0.177 35.917139 -0.47136
54346.413076 21.086 0.215 54346.414743 21.087 0.089 54346.411409 20.856 0.069 54346.412243 20.707 0.064 54346.413909 20.552 0.145 35.917139 -0.47136
54348.417039 21.233 0.18 54348.418706 21.019 0.05 54348.415373 20.831 0.045 54348.416206 20.91 0.067 54348.417873 20.837 0.238 35.917139 -0.47136
54355.427116 21.36 0.125 54355.428782 20.988 0.034 54355.425449 20.798 0.035 54355.426282 20.828 0.049 54355.427949 20.578 0.131 35.917139 -0.47136
54358.37287 21.228 0.162 54358.374536 21.045 0.045 54358.371203 20.793 0.04 54358.372036 20.774 0.058 54358.373703 20.729 0.247 35.917139 -0.47136
54365.405947 21.132 0.094 54365.407614 21.083 0.032 54365.404281 20.84 0.03 54365.405114 20.851 0.043 54365.406781 21.168 0.217 35.917139 -0.47136
54381.425508 21.335 0.127 54381.427174 21.085 0.04 54381.423841 20.819 0.035 54381.424674 20.899 0.041 54381.426341 20.713 0.137 35.917139 -0.47136
54384.432179 21.171 0.126 54384.433846 21.09 0.04 54384.430513 20.836 0.041 54384.431346 20.905 0.052 54384.433013 20.855 0.201 35.917139 -0.47136
54386.417859 21.274 0.134 54386.419526 21.09 0.038 54386.416192 20.785 0.041 54386.417026 20.899 0.051 54386.418692 20.925 0.186 35.917139 -0.47136
54388.422075 21.359 0.153 54388.423742 21.072 0.04 54388.420408 20.859 0.039 54388.421242 20.827 0.045 54388.422908 20.837 0.183 35.917139 -0.47136
54392.419649 21.221 0.176 54392.421316 21.093 0.045 54392.417982 20.862 0.055 54392.418816 20.785 0.062 54392.420482 20.451 0.179 35.917139 -0.47136
54404.393432 21.989 0.642 54404.395098 22.307 1.42 54404.391765 20.883 0.167 54404.392598 -99.99 0.27 54404.394265 20.963 0.592 35.917139 -0.47136
54406.329701 21.272 0.13 54406.331368 -99.99 0.046 54406.328034 20.877 0.037 54406.328868 20.812 0.048 54406.330534 20.931 0.169 35.917139 -0.47136
54412.355457 21.35 0.145 54412.357124 21.293 0.04 54412.35379 20.913 0.042 54412.354624 20.847 0.052 54412.35629 20.856 0.185 35.917139 -0.47136
