51081.389534 20.427 0.066 51081.3912 20.29 0.024 51081.387867 20.283 0.03 51081.3887 20.18 0.038 51081.390367 19.981 0.107 38.256223 -0.80623
51819.460661 20.59 0.117 51819.462327 20.425 0.03 51819.458994 20.42 0.04 51819.459827 20.334 0.053 51819.461494 20.169 0.169 38.256223 -0.80623
51875.20447 20.436 0.063 51875.206136 20.356 0.024 51875.202803 20.339 0.032 51875.203636 20.319 0.039 51875.205303 19.955 0.113 38.256223 -0.80623
52225.285341 20.415 0.067 52225.287007 20.199 0.021 52225.283674 20.233 0.027 52225.284507 20.105 0.03 52225.286174 19.849 0.089 38.256223 -0.80623
52288.119764 20.321 0.062 52288.12143 20.044 0.019 52288.118097 20.075 0.025 52288.11893 20.055 0.029 52288.120597 19.77 0.083 38.256223 -0.80623
52551.393053 20.225 0.058 52551.394719 20.018 0.017 52551.391386 20.018 0.023 52551.392219 19.93 0.026 52551.393886 19.732 0.075 38.256223 -0.80623
52558.425929 20.21 0.051 52558.427595 20.008 0.017 52558.424262 20.011 0.02 52558.425095 19.934 0.022 52558.426762 19.816 0.084 38.256223 -0.80623
52578.297535 20.142 0.056 52578.299201 19.961 0.016 52578.295868 20 0.024 52578.296701 19.88 0.026 52578.298368 19.744 0.081 38.256223 -0.80623
52585.260515 20.309 0.052 52585.262181 19.991 0.016 52585.258848 20.002 0.023 52585.259681 19.963 0.031 52585.261348 19.795 0.099 38.256223 -0.80623
52909.42715 20.376 0.062 52909.428816 20.063 0.017 52909.425483 20.053 0.021 52909.426316 19.962 0.024 52909.427983 19.83 0.073 38.256223 -0.80623
52910.397392 20.492 0.077 52910.399058 20.054 0.021 52910.395725 20.113 0.025 52910.396558 19.972 0.026 52910.398225 19.891 0.086 38.256223 -0.80623
52935.324561 20.316 0.071 52935.326227 20.117 0.021 52935.322894 20.092 0.029 52935.323727 20.033 0.038 52935.325394 19.747 0.104 38.256223 -0.80623
52963.247638 20.375 0.055 52963.249304 20.104 0.017 52963.245971 20.035 0.02 52963.246804 19.943 0.022 52963.248471 19.804 0.066 38.256223 -0.80623
52971.238553 20.361 0.094 52971.240219 19.984 0.021 52971.236886 20.002 0.04 52971.237719 19.99 0.043 52971.239386 -99.99 0.08 38.256223 -0.80623
53351.169941 20.471 0.07 53351.171607 20.191 0.019 53351.168274 20.151 0.026 53351.169107 20.101 0.033 53351.170774 19.717 0.086 38.256223 -0.80623
53622.426992 20.442 0.064 53622.428658 20.259 0.02 53622.425325 20.191 0.023 53622.426158 20.148 0.03 53622.427825 19.917 0.083 38.256223 -0.80623
53634.376464 -99.99 0.184 53634.37813 -99.99 0.058 53634.374797 20.157 0.048 53634.37563 20.144 0.052 53634.377297 19.705 0.09 38.256223 -0.80623
53638.4178 20.321 0.075 53638.419466 20.286 0.025 53638.416133 20.222 0.026 53638.416966 20.082 0.029 53638.418633 19.912 0.086 38.256223 -0.80623
53640.381835 20.372 0.075 53640.383501 20.326 0.026 53640.380168 20.189 0.028 53640.381001 20.049 0.029 53640.382668 19.861 0.088 38.256223 -0.80623
53646.443245 20.221 0.128 53646.444911 20.245 0.033 53646.441578 20.184 0.058 53646.442411 20.122 0.061 53646.444078 20.081 0.199 38.256223 -0.80623
53655.35401 20.297 0.066 53655.355676 20.206 0.019 53655.352343 20.173 0.027 53655.353176 20.127 0.032 53655.354843 19.926 0.093 38.256223 -0.80623
53663.443665 20.367 0.193 53663.445331 20.206 0.066 53663.441998 20.108 0.05 53663.442831 20.064 0.042 53663.444498 19.912 0.116 38.256223 -0.80623
53664.378966 20.413 0.144 53664.380632 20.131 0.044 53664.377299 20.196 0.059 53664.378132 20.082 0.056 53664.379799 20.219 0.181 38.256223 -0.80623
53665.443598 20.151 0.112 53665.445264 20.132 0.039 53665.441931 20.138 0.04 53665.442764 20.119 0.04 53665.444431 19.832 0.123 38.256223 -0.80623
53668.432214 20.317 0.145 53668.43388 20.153 0.038 53668.430547 20.167 0.04 53668.43138 20.05 0.044 53668.433047 20.132 0.195 38.256223 -0.80623
53669.33821 -99.99 0.137 53669.339876 -99.99 0.052 53669.336543 20.086 0.034 53669.337376 20.012 0.039 53669.339043 20.136 0.308 38.256223 -0.80623
53670.438187 20.394 0.126 53670.439853 20.09 0.029 53670.43652 20.07 0.036 53670.437353 20.002 0.038 53670.43902 20.123 0.158 38.256223 -0.80623
53671.422964 20.401 0.111 53671.42463 20.167 0.024 53671.421297 20.115 0.032 53671.42213 20.079 0.035 53671.423797 19.814 0.103 38.256223 -0.80623
53674.322447 20.349 0.088 53674.324113 20.15 0.022 53674.32078 20.134 0.032 53674.321613 20.087 0.041 53674.32328 19.931 0.133 38.256223 -0.80623
53676.411906 20.307 0.087 53676.413572 20.141 0.022 53676.410239 20.167 0.04 53676.411072 -99.99 0.041 53676.412739 19.826 0.086 38.256223 -0.80623
53679.383808 20.263 0.076 53679.385474 20.157 0.022 53679.382141 20.112 0.034 53679.382974 20.057 0.041 53679.384641 19.9 0.137 38.256223 -0.80623
53681.37532 20.223 0.082 53681.376986 20.129 0.022 53681.373653 20.103 0.035 53681.374486 19.953 0.035 53681.376153 19.878 0.105 38.256223 -0.80623
53687.278129 20.51 0.268 53687.279795 20.014 0.066 53687.276462 20.115 0.072 53687.277295 19.946 0.058 53687.278962 19.953 0.159 38.256223 -0.80623
53694.348268 20.389 0.188 53694.349934 20.148 0.045 53694.346601 20.195 0.052 53694.347434 20.176 0.052 53694.349101 19.774 0.097 38.256223 -0.80623
53697.332345 20.481 0.093 53697.334011 20.178 0.027 53697.330678 20.109 0.026 53697.331511 20.109 0.029 53697.333178 19.863 0.088 38.256223 -0.80623
53700.331301 20.351 0.084 53700.332967 20.222 0.023 53700.329634 20.142 0.029 53700.330467 20.119 0.037 53700.332134 19.656 0.106 38.256223 -0.80623
53705.317972 20.483 0.113 53705.319638 20.134 0.024 53705.316305 20.121 0.028 53705.317138 20.032 0.032 53705.318805 19.88 0.113 38.256223 -0.80623
53975.402983 20.367 0.074 53975.40465 20.084 0.022 53975.401317 20.037 0.035 53975.40215 19.983 0.03 53975.403817 19.789 0.092 38.256223 -0.80623
53994.425966 20.178 0.051 53994.427632 20.03 0.023 53994.424299 19.984 0.025 53994.425132 19.904 0.023 53994.426799 19.796 0.072 38.256223 -0.80623
53996.409702 20.239 0.068 53996.411368 19.983 0.03 53996.408035 19.985 0.023 53996.408868 19.982 0.031 53996.410535 19.866 0.088 38.256223 -0.80623
54005.422867 20.229 0.05 54005.424534 20.022 0.022 54005.421201 19.99 0.022 54005.422034 19.881 0.024 54005.423701 19.777 0.069 38.256223 -0.80623
54009.436712 20.222 0.052 54009.438379 20.002 0.022 54009.435046 20.01 0.024 54009.435879 20.004 0.027 54009.437546 19.726 0.061 38.256223 -0.80623
54010.363878 20.212 0.044 54010.365544 20.04 0.022 54010.362211 19.977 0.021 54010.363044 19.981 0.03 54010.364711 19.804 0.053 38.256223 -0.80623
54012.356717 20.139 0.077 54012.358383 19.967 0.035 54012.35505 19.992 0.03 54012.355883 19.893 0.031 54012.35755 19.985 0.097 38.256223 -0.80623
54020.362642 20.299 0.122 54020.364309 20.011 0.042 54020.360976 19.922 0.045 54020.361809 19.875 0.043 54020.363476 19.59 0.271 38.256223 -0.80623
54024.444236 20.148 0.069 54024.445903 19.973 0.025 54024.442569 19.966 0.027 54024.443403 19.952 0.029 54024.445069 19.907 0.104 38.256223 -0.80623
54028.432568 20.328 0.084 54028.434234 19.999 0.031 54028.430901 19.916 0.033 54028.431734 19.838 0.033 54028.433401 19.807 0.126 38.256223 -0.80623
54030.387951 20.132 0.048 54030.389618 20.007 0.019 54030.386284 19.977 0.023 54030.387118 19.959 0.029 54030.388784 19.74 0.075 38.256223 -0.80623
54035.432055 20.248 0.086 54035.433722 20.044 0.027 54035.430388 19.955 0.039 54035.431222 19.892 0.037 54035.432888 19.905 0.116 38.256223 -0.80623
54037.337447 20.267 0.051 54037.339114 19.982 0.024 54037.335781 19.971 0.019 54037.336614 19.934 0.022 54037.338281 19.704 0.054 38.256223 -0.80623
54040.351935 20.236 0.064 54040.353602 20.023 0.022 54040.350269 19.941 0.028 54040.351102 19.876 0.027 54040.352769 19.744 0.083 38.256223 -0.80623
54049.378379 20.054 0.107 54049.380045 20.021 0.037 54049.376712 20.028 0.034 54049.377545 19.878 0.034 54049.379212 19.727 0.096 38.256223 -0.80623
54053.35813 20.302 0.076 54053.359797 19.994 0.025 54053.356464 19.984 0.026 54053.357297 19.885 0.03 54053.358964 19.929 0.143 38.256223 -0.80623
54056.344399 -99.99 0.069 54056.346066 19.994 0.026 54056.342733 19.941 0.026 54056.343566 19.923 0.033 54056.345233 19.763 0.098 38.256223 -0.80623
54059.338657 20.112 0.06 54059.340324 19.989 0.021 54059.33699 19.953 0.028 54059.337824 19.875 0.037 54059.33949 19.679 0.092 38.256223 -0.80623
54062.343561 20.248 0.068 54062.345228 20.004 0.022 54062.341895 19.923 0.023 54062.342728 19.984 0.029 54062.344395 19.827 0.102 38.256223 -0.80623
54064.339986 20.268 0.07 54064.341653 20.049 0.027 54064.33832 19.98 0.023 54064.339153 19.896 0.026 54064.34082 19.883 0.1 38.256223 -0.80623
54357.381897 -99.99 0.056 54357.383563 20.226 0.026 54357.38023 20.208 0.022 54357.381063 20.109 0.026 54357.38273 19.947 0.066 38.256223 -0.80623
54362.431717 20.349 0.053 54362.433384 20.23 0.023 54362.430051 20.16 0.024 54362.430884 20.092 0.033 54362.432551 19.992 0.083 38.256223 -0.80623
54376.426806 20.401 0.075 54376.428473 20.223 0.029 54376.42514 20.158 0.027 54376.425973 20.086 0.035 54376.42764 19.941 0.086 38.256223 -0.80623
54382.411883 20.518 0.091 54382.41355 -99.99 0.032 54382.410216 20.217 0.033 54382.41105 20.059 0.039 54382.412716 19.976 0.13 38.256223 -0.80623
54385.429678 20.507 0.064 54385.431344 20.254 0.023 54385.428011 20.187 0.025 54385.428844 20.083 0.025 54385.430511 19.79 0.066 38.256223 -0.80623
54387.43025 20.28 0.087 54387.431917 20.266 0.027 54387.428583 20.334 0.059 54387.429417 20.094 0.048 54387.431083 -99.99 0.196 38.256223 -0.80623
54390.422755 -99.99 0.789 54390.424421 -99.99 0.106 54390.421088 20.256 0.047 54390.421921 -99.99 99.999 54390.423588 -99.99 99.999 38.256223 -0.80623
54402.423391 20.161 0.175 54402.425058 20.248 0.062 54402.421724 20.136 0.047 54402.422558 20.103 0.04 54402.424224 19.952 0.112 38.256223 -0.80623
