51081.388824 -99.99 0.242 51081.39049 20.609 0.032 51081.387157 20.387 0.032 51081.38799 20.172 0.041 51081.389657 20.075 0.121 38.002811 -1.149961
51819.459964 21.803 0.278 51819.46163 20.414 0.037 51819.458297 20.144 0.036 51819.45913 20.026 0.044 51819.460797 20.148 0.174 38.002811 -1.149961
51875.203807 21.544 0.122 51875.205473 20.419 0.027 51875.20214 20.116 0.026 51875.202973 20.088 0.038 51875.20464 20.007 0.121 38.002811 -1.149961
52225.28464 21.896 0.18 52225.286306 20.386 0.026 52225.282973 20.088 0.025 52225.283806 19.982 0.031 52225.285473 19.91 0.097 38.002811 -1.149961
52288.119061 21.481 0.126 52288.120727 20.324 0.026 52288.117394 20.062 0.024 52288.118227 19.985 0.031 52288.119894 20.05 0.108 38.002811 -1.149961
52551.39235 21.739 0.16 52551.394016 20.254 0.023 52551.390683 19.991 0.022 52551.391516 19.888 0.028 52551.393183 19.883 0.093 38.002811 -1.149961
52558.425226 21.575 0.123 52558.426892 20.211 0.022 52558.423559 20.004 0.02 52558.424392 19.894 0.025 52558.426059 19.863 0.083 38.002811 -1.149961
52578.296833 21.206 0.098 52578.298499 20.227 0.021 52578.295166 19.949 0.021 52578.295999 19.849 0.029 52578.297666 19.815 0.091 38.002811 -1.149961
52585.259813 21.285 0.094 52585.261479 20.193 0.02 52585.258146 19.944 0.021 52585.258979 19.816 0.031 52585.260646 19.681 0.093 38.002811 -1.149961
52909.426448 21.389 0.116 52909.428114 20.188 0.021 52909.424781 19.958 0.02 52909.425614 19.861 0.025 52909.427281 20.033 0.09 38.002811 -1.149961
52910.396689 21.275 0.12 52910.398355 20.174 0.024 52910.395022 19.908 0.021 52910.395855 19.83 0.03 52910.397522 19.835 0.086 38.002811 -1.149961
52935.323858 21.315 0.14 52935.325524 20.307 0.026 52935.322191 20.011 0.025 52935.323024 19.942 0.037 52935.324691 19.776 0.112 38.002811 -1.149961
52963.246936 21.515 0.105 52963.248602 20.293 0.021 52963.245269 20.079 0.021 52963.246102 19.931 0.027 52963.247769 19.795 0.071 38.002811 -1.149961
52971.237851 21.829 0.28 52971.239517 -99.99 0.029 52971.236184 20.085 0.043 52971.237017 20 0.053 52971.238684 20.037 0.135 38.002811 -1.149961
53351.169239 21.915 0.189 53351.170905 20.434 0.026 53351.167572 20.16 0.025 53351.168405 20.046 0.034 53351.170072 20.109 0.13 38.002811 -1.149961
53622.426289 21.385 0.114 53622.427955 20.347 0.023 53622.424622 20.024 0.021 53622.425455 20.023 0.03 53622.427122 19.945 0.088 38.002811 -1.149961
53634.375762 21.632 0.458 53634.377428 20.332 0.063 53634.374095 20.222 0.052 53634.374928 19.892 0.043 53634.376595 20.049 0.119 38.002811 -1.149961
53638.417098 21.458 0.169 53638.418764 20.334 0.03 53638.415431 20.002 0.023 53638.416264 19.928 0.028 53638.417931 19.916 0.094 38.002811 -1.149961
53640.381133 21.719 0.194 53640.382799 20.297 0.028 53640.379466 20.061 0.026 53640.380299 19.969 0.032 53640.381966 19.849 0.089 38.002811 -1.149961
53646.442543 21.915 0.422 53646.444209 20.454 0.045 53646.440876 20.118 0.051 53646.441709 19.975 0.063 53646.443376 19.891 0.176 38.002811 -1.149961
53655.353307 21.709 0.173 53655.354973 20.289 0.023 53655.35164 20.083 0.024 53655.352473 19.96 0.032 53655.35414 19.903 0.101 38.002811 -1.149961
53663.442962 -99.99 0.451 53663.444628 20.368 0.07 53663.441295 20.049 0.043 53663.442128 19.95 0.045 53663.443795 19.962 0.123 38.002811 -1.149961
53664.378263 20.976 0.231 53664.379929 20.398 0.062 53664.376596 19.96 0.051 53664.377429 20.057 0.063 53664.379096 20.101 0.173 38.002811 -1.149961
53665.442895 22.318 0.719 53665.444561 20.293 0.047 53665.441228 20.074 0.036 53665.442061 19.972 0.042 53665.443728 19.984 0.14 38.002811 -1.149961
53668.431523 21.391 0.296 53668.433189 20.282 0.047 53668.429856 20.007 0.035 53668.430689 19.961 0.045 53668.432356 19.953 0.175 38.002811 -1.149961
53669.337508 -99.99 0.187 53669.339174 -99.99 0.064 53669.335841 20.13 0.035 53669.336674 20.012 0.044 53669.338341 19.841 0.212 38.002811 -1.149961
53670.437486 22.048 0.443 53670.439152 20.309 0.038 53670.435819 20.061 0.033 53670.436652 19.892 0.038 53670.438319 20.015 0.134 38.002811 -1.149961
53671.422262 21.155 0.167 53671.423928 20.371 0.035 53671.420595 20.092 0.036 53671.421428 19.948 0.041 53671.423095 19.825 0.117 38.002811 -1.149961
53674.321744 21.676 0.23 53674.32341 20.395 0.032 53674.320077 20.178 0.034 53674.32091 20.002 0.041 53674.322577 19.969 0.137 38.002811 -1.149961
53676.411205 21.294 0.197 53676.412871 20.278 0.029 53676.409538 19.963 0.034 53676.410371 19.798 0.042 53676.412038 19.815 0.11 38.002811 -1.149961
53679.383105 21.523 0.193 53679.384771 20.313 0.029 53679.381438 20.101 0.034 53679.382271 19.961 0.044 53679.383938 19.844 0.128 38.002811 -1.149961
53681.374618 21.862 0.299 53681.376284 20.342 0.032 53681.372951 20.073 0.03 53681.373784 19.899 0.041 53681.375451 19.864 0.106 38.002811 -1.149961
53684.336114 21.32 0.816 53684.33778 20.141 0.119 53684.334447 -99.99 0.156 53684.33528 19.621 0.194 53684.336947 -99.99 0.824 38.002811 -1.149961
53687.277426 21.478 0.541 53687.279092 -99.99 0.082 53687.275759 20.183 0.069 53687.276592 19.905 0.061 53687.278259 19.74 0.136 38.002811 -1.149961
53694.347567 21.813 0.621 53694.349233 20.4 0.059 53694.3459 20.029 0.05 53694.346733 19.923 0.048 53694.3484 20.209 0.175 38.002811 -1.149961
53697.331643 21.524 0.204 53697.333309 20.314 0.031 53697.329976 20.058 0.025 53697.330809 20.003 0.032 53697.332476 19.806 0.089 38.002811 -1.149961
53700.3306 21.677 0.213 53700.332266 20.294 0.029 53700.328933 20.073 0.028 53700.329766 19.965 0.037 53700.331433 19.844 0.126 38.002811 -1.149961
53705.31727 21.641 0.209 53705.318936 20.268 0.028 53705.315603 20.077 0.028 53705.316436 20.016 0.035 53705.318103 20.241 0.186 38.002811 -1.149961
53975.402269 21.551 0.154 53975.403935 20.41 0.033 53975.400602 20.146 0.034 53975.401435 19.993 0.032 53975.403102 19.991 0.102 38.002811 -1.149961
53994.42527 21.795 0.166 53994.426937 20.349 0.031 53994.423604 20.15 0.023 53994.424437 20.125 0.033 53994.426104 20.022 0.09 38.002811 -1.149961
53996.409054 -99.99 0.137 53996.410721 20.415 0.03 53996.407388 20.151 0.023 53996.408221 20.039 0.032 53996.409888 20.006 0.108 38.002811 -1.149961
54005.422162 21.584 0.133 54005.423829 20.439 0.026 54005.420496 20.144 0.023 54005.421329 20.101 0.028 54005.422996 20.105 0.09 38.002811 -1.149961
54009.435989 21.87 0.178 54009.437656 20.384 0.03 54009.434323 20.148 0.022 54009.435156 20.097 0.029 54009.436823 19.926 0.083 38.002811 -1.149961
54010.363131 21.9 0.13 54010.364798 20.471 0.028 54010.361465 20.155 0.021 54010.362298 20.063 0.027 54010.363965 19.962 0.065 38.002811 -1.149961
54012.355978 22.098 0.554 54012.357644 20.463 0.044 54012.354311 20.153 0.031 54012.355144 20.076 0.036 54012.356811 19.987 0.106 38.002811 -1.149961
54020.361989 20.893 0.174 54020.363656 20.433 0.089 54020.360323 20.1 0.045 54020.361156 20.078 0.065 54020.362823 19.851 0.152 38.002811 -1.149961
54024.44357 21.594 0.204 54024.445237 20.377 0.036 54024.441903 20.146 0.033 54024.442737 20.106 0.037 54024.444403 19.935 0.104 38.002811 -1.149961
54028.43183 21.572 0.194 54028.433497 20.379 0.033 54028.430163 20.154 0.041 54028.430997 20.034 0.054 54028.432663 19.705 0.117 38.002811 -1.149961
54030.387278 21.471 0.128 54030.388945 20.459 0.029 54030.385612 20.135 0.025 54030.386445 20.145 0.05 54030.388112 19.983 0.096 38.002811 -1.149961
54035.431294 21.575 0.313 54035.43296 20.392 0.036 54035.429627 20.155 0.038 54035.43046 20.024 0.045 54035.432127 19.929 0.133 38.002811 -1.149961
54037.336741 21.587 0.117 54037.338408 20.415 0.03 54037.335075 20.174 0.026 54037.335908 20.052 0.029 54037.337575 20.023 0.073 38.002811 -1.149961
54040.35124 21.515 0.167 54040.352907 20.39 0.036 54040.349574 20.104 0.03 54040.350407 19.997 0.033 54040.352074 19.957 0.106 38.002811 -1.149961
54047.3818 -99.99 0.519 54047.383467 20.267 0.114 54047.380133 20.394 0.121 54047.380967 19.965 0.081 54047.382633 19.913 0.203 38.002811 -1.149961
54049.377681 21.053 0.22 54049.379348 20.358 0.047 54049.376015 20.165 0.037 54049.376848 19.997 0.04 54049.378515 20.124 0.144 38.002811 -1.149961
54053.357393 21.663 0.204 54053.359059 20.379 0.036 54053.355726 20.108 0.026 54053.356559 20.091 0.039 54053.358226 -99.99 0.591 38.002811 -1.149961
54056.343702 21.481 0.176 54056.345368 20.371 0.03 54056.342035 20.077 0.031 54056.342868 20.006 0.034 54056.344535 19.931 0.113 38.002811 -1.149961
54059.338001 22.019 0.238 54059.339668 20.419 0.04 54059.336334 20.051 0.026 54059.337168 19.991 0.037 54059.338834 19.974 0.116 38.002811 -1.149961
54061.349052 21.099 0.213 54061.350719 20.37 0.055 54061.347385 20.083 0.044 54061.348219 20.122 0.056 54061.349885 20.042 0.167 38.002811 -1.149961
54062.342921 21.742 0.191 54062.344587 20.45 0.027 54062.341254 20.122 0.025 54062.342087 19.968 0.031 54062.343754 19.915 0.113 38.002811 -1.149961
54064.339289 21.185 0.126 54064.340955 20.35 0.037 54064.337622 20.123 0.033 54064.338455 20.023 0.036 54064.340122 20.052 0.112 38.002811 -1.149961
54068.323445 -99.99 0.258 54068.325112 20.337 0.048 54068.321779 20.104 0.066 54068.322612 19.909 0.063 54068.324279 20.117 0.176 38.002811 -1.149961
54357.381233 21.62 0.115 54357.382899 20.502 0.027 54357.379566 20.276 0.032 54357.380399 20.204 0.03 54357.382066 20.174 0.088 38.002811 -1.149961
54362.431004 21.776 0.134 54362.432671 20.504 0.027 54362.429337 20.292 0.027 54362.430171 20.231 0.036 54362.431837 20.123 0.106 38.002811 -1.149961
54376.426094 21.579 0.203 54376.42776 20.472 0.035 54376.424427 20.288 0.028 54376.42526 20.147 0.037 54376.426927 20.246 0.116 38.002811 -1.149961
54382.411176 21.947 0.224 54382.412842 20.476 0.037 54382.409509 20.232 0.031 54382.410342 20.122 0.04 54382.412009 19.812 0.114 38.002811 -1.149961
54385.429022 21.377 0.113 54385.430689 20.514 0.031 54385.427355 20.329 0.025 54385.428189 20.242 0.047 54385.429855 20.103 0.088 38.002811 -1.149961
54390.421994 -99.99 1 54390.423661 -99.99 99.999 54390.420327 20.285 0.052 54390.421161 20.169 0.068 54390.422827 -99.99 5.788 38.002811 -1.149961
54391.430307 21.555 0.333 54391.431974 -99.99 0.055 54391.42864 20.308 0.06 54391.429474 20.272 0.086 54391.43114 20.572 0.379 38.002811 -1.149961
54402.422635 20.982 0.316 54402.424302 -99.99 0.07 54402.420969 20.196 0.047 54402.421802 20.149 0.047 54402.423469 19.983 0.128 38.002811 -1.149961
