51075.402783 20.583 0.059 51075.404449 20.269 0.02 51075.401116 20.284 0.027 51075.401949 20.145 0.037 51075.403616 19.904 0.151 37.157767 0.370947
51818.372428 20.932 0.084 51818.374094 20.402 0.021 51818.370761 20.445 0.029 51818.371594 20.131 0.033 51818.373261 19.931 0.12 37.157767 0.370947
52170.423424 20.436 0.065 52170.42509 20.083 0.018 52170.421757 20.125 0.024 52170.42259 19.885 0.029 52170.424257 19.75 0.108 37.157767 0.370947
52173.336888 20.34 0.07 52173.338554 20.124 0.02 52173.335221 20.142 0.027 52173.336054 19.93 0.033 52173.337721 20.049 0.179 37.157767 0.370947
52224.316949 20.342 0.056 52224.318615 20.014 0.016 52224.315282 20.019 0.021 52224.316115 19.824 0.024 52224.317782 19.872 0.104 37.157767 0.370947
52234.273452 20.394 0.062 52234.275118 19.992 0.018 52234.271785 20.039 0.023 52234.272618 19.884 0.026 52234.274285 19.796 0.098 37.157767 0.370947
52261.236808 20.329 0.058 52261.238474 19.945 0.016 52261.235141 20.006 0.02 52261.235974 19.803 0.023 52261.237641 19.673 0.086 37.157767 0.370947
52283.10418 20.28 0.065 52283.105846 19.941 0.018 52283.102513 19.966 0.027 52283.103346 19.824 0.033 52283.105013 19.662 0.131 37.157767 0.370947
52287.117302 20.298 0.053 52287.118968 19.935 0.016 52287.115635 19.963 0.021 52287.116468 19.813 0.024 52287.118135 20.02 0.121 37.157767 0.370947
52552.436 20.076 0.067 52552.437666 19.765 0.016 52552.434333 19.749 0.022 52552.435166 19.722 0.032 52552.436833 19.666 0.122 37.157767 0.370947
52557.41036 20.009 0.048 52557.412026 19.735 0.014 52557.408693 19.768 0.019 52557.409526 19.64 0.023 52557.411193 19.677 0.107 37.157767 0.370947
52908.384927 19.78 0.041 52908.386593 19.618 0.013 52908.38326 19.67 0.017 52908.384093 19.604 0.023 52908.38576 19.658 0.107 37.157767 0.370947
52912.364365 19.778 0.041 52912.366031 19.562 0.013 52912.362698 19.677 0.016 52912.363531 19.546 0.019 52912.365198 19.718 0.096 37.157767 0.370947
52934.316831 19.789 0.043 52934.318497 19.58 0.013 52934.315164 19.646 0.018 52934.315997 19.519 0.023 52934.317664 19.649 0.109 37.157767 0.370947
52936.312758 19.791 0.037 52936.314424 19.563 0.012 52936.311091 19.66 0.017 52936.311924 19.539 0.02 52936.313591 19.571 0.084 37.157767 0.370947
53270.376843 19.919 0.04 53270.37851 19.703 0.016 53270.375177 19.805 0.018 53270.37601 19.707 0.022 53270.377677 19.759 0.086 37.157767 0.370947
53272.426756 19.815 0.044 53272.428422 19.686 0.014 53272.425089 19.763 0.017 53272.425922 19.671 0.023 53272.427589 19.632 0.096 37.157767 0.370947
53286.395478 19.943 0.048 53286.397144 19.742 0.015 53286.393811 19.81 0.019 53286.394644 19.697 0.023 53286.396311 19.844 0.106 37.157767 0.370947
53288.35397 20.04 0.047 53288.355636 19.741 0.013 53288.352303 19.813 0.017 53288.353136 19.749 0.022 53288.354803 19.872 0.105 37.157767 0.370947
53294.401642 20.04 0.053 53294.403308 19.752 0.014 53294.399975 19.851 0.021 53294.400808 19.736 0.025 53294.402475 19.743 0.094 37.157767 0.370947
53296.348646 19.998 0.052 53296.350313 19.786 0.021 53296.34698 19.85 0.027 53296.347813 19.721 0.029 53296.34948 19.926 0.134 37.157767 0.370947
53298.398418 20.012 0.053 53298.400084 19.762 0.014 53298.396751 19.838 0.025 53298.397584 19.716 0.029 53298.399251 19.736 0.123 37.157767 0.370947
53302.349637 20.026 0.067 53302.351303 19.787 0.024 53302.34797 19.881 0.026 53302.348803 19.704 0.026 53302.35047 19.959 0.116 37.157767 0.370947
53312.305249 19.906 0.065 53312.306916 19.721 0.031 53312.303582 19.849 0.034 53312.304416 19.764 0.036 53312.306082 19.637 0.121 37.157767 0.370947
53314.306369 20.043 0.055 53314.308035 19.706 0.018 53314.304702 19.768 0.023 53314.305535 19.715 0.03 53314.307202 19.786 0.124 37.157767 0.370947
53319.294165 19.965 0.063 53319.295831 19.748 0.019 53319.292498 19.861 0.028 53319.293331 19.704 0.033 53319.294998 19.957 0.186 37.157767 0.370947
53616.410722 20.046 0.068 53616.412388 19.807 0.017 53616.409055 19.875 0.024 53616.409888 19.718 0.029 53616.411555 19.644 0.12 37.157767 0.370947
53628.372015 20.235 0.091 53628.373681 19.877 0.03 53628.370348 19.972 0.035 53628.371181 19.834 0.036 53628.372848 20.245 0.21 37.157767 0.370947
53639.41901 20.195 0.063 53639.420676 19.912 0.018 53639.417343 19.975 0.022 53639.418176 19.835 0.025 53639.419843 19.842 0.108 37.157767 0.370947
53641.418175 20.375 0.067 53641.419841 20.004 0.018 53641.416508 20.046 0.024 53641.417341 19.847 0.025 53641.419008 19.848 0.104 37.157767 0.370947
53657.377059 20.132 0.115 53657.378725 20.004 0.045 53657.375392 19.969 0.043 53657.376225 19.835 0.047 53657.377892 19.784 0.16 37.157767 0.370947
53663.361608 20.241 0.113 53663.363274 19.911 0.032 53663.359941 19.948 0.033 53663.360774 19.875 0.033 53663.362441 19.856 0.109 37.157767 0.370947
53665.339579 20.313 0.226 53665.341245 19.948 0.283 53665.337912 19.883 0.061 53665.338745 19.883 0.067 53665.340412 -99.99 0.572 37.157767 0.370947
53666.431695 20.128 0.143 53666.433361 19.731 0.032 53666.430028 -99.99 0.061 53666.430861 19.68 0.043 53666.432528 19.655 0.151 37.157767 0.370947
53668.351209 20.227 0.084 53668.352875 19.933 0.022 53668.349542 19.926 0.026 53668.350375 19.812 0.032 53668.352042 19.844 0.144 37.157767 0.370947
53669.438824 20.231 0.113 53669.44049 19.892 0.025 53669.437157 19.968 0.03 53669.43799 19.808 0.038 53669.439657 19.718 0.124 37.157767 0.370947
53670.35606 20.145 0.074 53670.357726 19.861 0.019 53670.354393 19.947 0.028 53670.355226 19.828 0.032 53670.356893 19.947 0.144 37.157767 0.370947
53673.324048 20.216 0.055 53673.325714 19.905 0.015 53673.322381 19.954 0.02 53673.323214 19.824 0.022 53673.324881 19.931 0.092 37.157767 0.370947
53675.320936 20.226 0.059 53675.322602 19.855 0.015 53675.319269 19.946 0.022 53675.320102 19.781 0.026 53675.321769 20.047 0.135 37.157767 0.370947
53677.341965 20.048 0.051 53677.343631 19.846 0.015 53677.340298 19.97 0.019 53677.341131 19.789 0.022 53677.342798 19.654 0.083 37.157767 0.370947
53680.328632 20.17 0.058 53680.330298 19.847 0.016 53680.326965 19.886 0.022 53680.327798 19.788 0.028 53680.329465 19.702 0.101 37.157767 0.370947
53683.387187 20.022 0.059 53683.388853 19.881 0.017 53683.38552 19.965 0.025 53683.386353 19.82 0.032 53683.38802 19.652 0.125 37.157767 0.370947
53686.328064 19.878 0.103 53686.32973 19.773 0.039 53686.326397 19.864 0.044 53686.32723 19.655 0.038 53686.328897 19.821 0.141 37.157767 0.370947
53693.330523 20.2 0.177 53693.332189 19.855 0.047 53693.328856 20.013 0.052 53693.329689 19.859 0.051 53693.331356 19.71 0.135 37.157767 0.370947
53698.327912 -99.99 0.336 53698.329578 -99.99 1.326 53698.326245 -99.99 0.06 53698.327078 -99.99 0.085 53698.328745 -99.99 0.846 37.157767 0.370947
53699.351364 20.014 0.064 53699.35303 19.862 0.019 53699.349697 19.915 0.023 53699.35053 19.765 0.025 53699.352197 19.66 0.094 37.157767 0.370947
53704.313845 20.107 0.069 53704.315511 19.853 0.018 53704.312178 19.883 0.024 53704.313011 19.693 0.03 53704.314678 19.665 0.124 37.157767 0.370947
53989.409966 -99.99 0.099 53989.411633 19.964 0.036 53989.408299 20.072 0.036 53989.409133 19.886 0.031 53989.410799 19.989 0.101 37.157767 0.370947
53995.448626 20.288 0.051 53995.450293 19.949 0.028 53995.44696 20.076 0.02 53995.447793 19.914 0.025 53995.44946 19.988 0.099 37.157767 0.370947
54000.385334 20.23 0.059 54000.387001 19.936 0.018 54000.383668 19.971 0.025 54000.384501 19.817 0.03 54000.386168 19.664 0.106 37.157767 0.370947
54007.435481 20.184 0.05 54007.437148 19.898 0.02 54007.433814 20.055 0.023 54007.434648 19.861 0.024 54007.436314 19.942 0.101 37.157767 0.370947
54009.359247 20.279 0.048 54009.360913 19.944 0.021 54009.35758 20.085 0.022 54009.358413 19.925 0.024 54009.36008 19.915 0.082 37.157767 0.370947
54011.423721 20.243 0.051 54011.425388 19.984 0.021 54011.422055 20.009 0.02 54011.422888 19.959 0.024 54011.424555 19.986 0.084 37.157767 0.370947
54012.43656 20.179 0.054 54012.438227 19.955 0.022 54012.434893 19.977 0.022 54012.435727 19.886 0.03 54012.437393 19.785 0.104 37.157767 0.370947
54025.422754 20.312 0.082 54025.424421 20.074 0.024 54025.421087 20.067 0.028 54025.421921 19.891 0.031 54025.423587 19.976 0.126 37.157767 0.370947
54346.416539 20.295 0.098 54346.418206 20.054 0.039 54346.414872 20.084 0.036 54346.415706 19.898 0.033 54346.417372 19.808 0.095 37.157767 0.370947
54348.420499 20.222 0.076 54348.422165 20.041 0.039 54348.418832 20.089 0.03 54348.419665 19.887 0.028 54348.421332 19.657 0.101 37.157767 0.370947
54355.430552 20.284 0.053 54355.432219 20.029 0.026 54355.428886 20.124 0.023 54355.429719 19.965 0.028 54355.431386 19.893 0.09 37.157767 0.370947
54358.376345 20.431 0.078 54358.378012 -99.99 0.026 54358.374679 20.144 0.031 54358.375512 19.882 0.036 54358.377179 19.974 0.123 37.157767 0.370947
54365.409382 20.389 0.051 54365.411048 20.084 0.018 54365.407715 20.136 0.02 54365.408548 20.012 0.038 54365.410215 19.826 0.082 37.157767 0.370947
54381.428963 20.724 0.074 54381.43063 20.305 0.02 54381.427297 20.36 0.024 54381.42813 20.104 0.026 54381.429797 19.944 0.086 37.157767 0.370947
54384.435583 20.675 0.085 54384.437249 20.299 0.022 54384.433916 20.302 0.026 54384.434749 20.165 0.031 54384.436416 20.066 0.122 37.157767 0.370947
54386.421248 20.754 0.085 54386.422914 20.34 0.024 54386.419581 20.361 0.028 54386.420414 20.13 0.029 54386.422081 20.232 0.142 37.157767 0.370947
54388.425517 20.842 0.093 54388.427183 20.381 0.024 54388.42385 20.354 0.029 54388.424683 20.107 0.028 54388.42635 20.004 0.105 37.157767 0.370947
54392.42307 20.986 0.122 54392.424736 20.288 0.025 54392.421403 20.43 0.037 54392.422236 20.164 0.038 54392.423903 20.134 0.148 37.157767 0.370947
54403.339393 20.26 0.184 54403.34106 20.201 0.082 54403.337726 20.299 0.075 54403.33856 20.293 0.1 54403.340226 19.977 0.355 37.157767 0.370947
54405.394854 -99.99 0.118 54405.396521 20.195 0.037 54405.393187 20.287 0.036 54405.394021 20.05 0.04 54405.395687 20.154 0.171 37.157767 0.370947
54406.333132 20.724 0.093 54406.334799 -99.99 0.026 54406.331466 20.301 0.029 54406.332299 20.102 0.033 54406.333966 20.245 0.112 37.157767 0.370947
54412.35894 20.726 0.079 54412.360606 20.261 0.038 54412.357273 20.289 0.025 54412.358106 20.145 0.029 54412.359773 20.017 0.105 37.157767 0.370947
