51081.387437 19.906 0.042 51081.389103 19.825 0.016 51081.38577 19.68 0.019 51081.386603 19.707 0.025 51081.38827 19.667 0.1 37.505032 0.129136
51819.45861 20.239 0.075 51819.460276 20.157 0.027 51819.456943 19.909 0.027 51819.457776 19.882 0.04 51819.459443 19.975 0.187 37.505032 0.129136
51875.202405 20.264 0.05 51875.204071 20.12 0.019 51875.200738 19.956 0.023 51875.201571 19.938 0.032 51875.203238 20.001 0.136 37.505032 0.129136
52225.283262 20.07 0.051 52225.284928 19.993 0.016 52225.281595 19.824 0.019 52225.282428 19.812 0.025 52225.284095 20.045 0.121 37.505032 0.129136
52288.117685 20.2 0.051 52288.119351 20.096 0.018 52288.116018 19.861 0.022 52288.116851 19.831 0.026 52288.118518 19.951 0.111 37.505032 0.129136
52551.390973 20.513 0.068 52551.392639 20.369 0.022 52551.389306 20.059 0.022 52551.390139 20 0.029 52551.391806 20.021 0.123 37.505032 0.129136
52558.423847 20.527 0.06 52558.425513 20.341 0.019 52558.42218 20.03 0.021 52558.423013 19.967 0.025 52558.42468 20.1 0.113 37.505032 0.129136
52576.2569 20.593 0.077 52576.258566 20.393 0.024 52576.255233 20.068 0.024 52576.256066 20.003 0.031 52576.257733 19.951 0.133 37.505032 0.129136
52578.295455 20.593 0.074 52578.297121 20.385 0.022 52578.293788 20.121 0.024 52578.294621 20.067 0.032 52578.296288 19.821 0.105 37.505032 0.129136
52585.258435 20.688 0.067 52585.260101 20.346 0.019 52585.256768 20.099 0.023 52585.257601 20.054 0.033 52585.259268 20.042 0.148 37.505032 0.129136
52909.425069 20.62 0.068 52909.426735 20.5 0.022 52909.423402 20.235 0.023 52909.424235 20.131 0.028 52909.425902 19.997 0.107 37.505032 0.129136
52910.395311 20.684 0.082 52910.396977 20.46 0.024 52910.393644 20.178 0.026 52910.394477 20.168 0.033 52910.396144 20.125 0.146 37.505032 0.129136
52935.322481 20.602 0.077 52935.324147 20.451 0.026 52935.320814 20.281 0.031 52935.321647 20.175 0.038 52935.323314 20.216 0.18 37.505032 0.129136
52963.245558 20.617 0.059 52963.247224 20.516 0.021 52963.243891 20.254 0.022 52963.244724 20.184 0.027 52963.246391 20.414 0.135 37.505032 0.129136
52971.236473 20.644 0.13 52971.238139 20.535 0.033 52971.234806 20.201 0.041 52971.235639 -99.99 0.062 52971.237306 20.422 0.275 37.505032 0.129136
53351.167861 21.071 0.106 53351.169527 20.717 0.03 53351.166194 20.461 0.033 53351.167027 20.471 0.051 53351.168694 20.318 0.196 37.505032 0.129136
53622.424912 20.577 0.068 53622.426578 20.403 0.021 53622.423245 20.225 0.022 53622.424078 20.202 0.03 53622.425745 20.243 0.139 37.505032 0.129136
53634.374384 20.213 0.131 53634.37605 20.228 0.058 53634.372717 20.111 0.056 53634.37355 20.068 0.053 53634.375217 20.1 0.171 37.505032 0.129136
53638.41572 20.658 0.081 53638.417386 20.351 0.025 53638.414053 20.168 0.025 53638.414886 20.134 0.031 53638.416553 20.228 0.134 37.505032 0.129136
53640.379756 20.794 0.103 53640.381422 20.327 0.024 53640.378089 20.146 0.026 53640.378922 20.171 0.033 53640.380589 20.093 0.13 37.505032 0.129136
53646.441165 20.511 0.162 53646.442831 20.341 0.037 53646.439498 20.095 0.041 53646.440331 20.181 0.062 53646.441998 20.466 0.358 37.505032 0.129136
53655.351929 20.556 0.073 53655.353595 20.383 0.022 53655.350262 20.115 0.024 53655.351095 20.18 0.034 53655.352762 20.351 0.166 37.505032 0.129136
53663.441584 20.723 0.251 53663.44325 20.266 0.059 53663.439917 20.04 0.047 53663.44075 20.062 0.045 53663.442417 20.034 0.151 37.505032 0.129136
53664.376885 20.736 0.193 53664.378551 20.306 0.054 53664.375218 20.134 0.071 53664.376051 20.136 0.076 53664.377718 20.365 0.254 37.505032 0.129136
53665.441516 20.437 0.139 53665.443182 20.308 0.04 53665.439849 20.082 0.035 53665.440682 20.278 0.05 53665.442349 20.341 0.218 37.505032 0.129136
53668.430133 20.433 0.136 53668.431799 20.341 0.038 53668.428466 20.094 0.039 53668.429299 20.091 0.051 53668.430966 20.409 0.271 37.505032 0.129136
53669.33613 20.394 0.104 53669.337796 -99.99 0.042 53669.334463 19.878 0.053 53669.335296 20.112 0.053 53669.336963 20.39 0.258 37.505032 0.129136
53670.436106 20.418 0.119 53670.437772 20.287 0.031 53670.434439 20.077 0.034 53670.435272 20.067 0.044 53670.436939 20.292 0.203 37.505032 0.129136
53671.420882 20.589 0.109 53671.422548 20.312 0.031 53671.419215 20.093 0.032 53671.420048 20.137 0.039 53671.421715 20.303 0.19 37.505032 0.129136
53674.320367 20.568 0.102 53674.322033 20.332 0.025 53674.3187 20.161 0.032 53674.319533 20.065 0.044 53674.3212 20.219 0.206 37.505032 0.129136
53676.409825 20.55 0.136 53676.411491 20.274 0.025 53676.408158 20.082 0.036 53676.408991 20.016 0.041 53676.410658 19.937 0.176 37.505032 0.129136
53679.381726 20.657 0.112 53679.383392 20.341 0.025 53679.380059 20.083 0.034 53679.380892 20.091 0.049 53679.382559 20.103 0.199 37.505032 0.129136
53681.37324 20.492 0.093 53681.374906 20.327 0.026 53681.371573 20.08 0.027 53681.372406 20.153 0.04 53681.374073 20.083 0.186 37.505032 0.129136
53684.334735 -99.99 0.474 53684.336401 20.204 0.119 53684.333068 19.937 0.144 53684.333901 -99.99 0.127 53684.335568 21.491 0.889 37.505032 0.129136
53687.276049 20.562 0.234 53687.277715 20.324 0.079 53687.274382 20.099 0.076 53687.275215 20.015 0.065 53687.276882 20.247 0.218 37.505032 0.129136
53694.346186 20.465 0.216 53694.347852 20.326 0.062 53694.344519 19.98 0.043 53694.345352 20.027 0.05 53694.347019 19.903 0.163 37.505032 0.129136
53697.330265 20.505 0.091 53697.331931 20.282 0.027 53697.328598 20.051 0.026 53697.329431 20.092 0.032 53697.331098 19.947 0.109 37.505032 0.129136
53700.329221 20.44 0.088 53700.330887 20.257 0.023 53700.327554 20.081 0.028 53700.328387 20.012 0.039 53700.330054 20.456 0.237 37.505032 0.129136
53705.315892 20.348 0.082 53705.317558 -99.99 0.023 53705.314225 20 0.025 53705.315058 20.073 0.04 53705.316725 20.207 0.172 37.505032 0.129136
53975.400903 19.814 0.045 53975.402569 19.586 0.016 53975.399236 -99.99 0.04 53975.400069 19.643 0.036 53975.401736 19.773 0.098 37.505032 0.129136
53993.41334 -99.99 0.355 53993.415007 -99.99 99.999 53993.411674 -99.99 0.026 53993.412507 -99.99 0.081 53993.414174 -99.99 99.999 37.505032 0.129136
53994.423904 19.743 0.04 53994.425571 19.547 0.017 53994.422237 19.502 0.017 53994.423071 19.528 0.02 53994.424737 19.621 0.076 37.505032 0.129136
53996.407675 19.741 0.041 53996.409342 19.543 0.016 53996.406008 19.512 0.018 53996.406842 19.536 0.021 53996.408508 19.702 0.094 37.505032 0.129136
54005.420797 19.661 0.035 54005.422464 19.527 0.021 54005.419131 19.497 0.018 54005.419964 19.515 0.02 54005.421631 19.86 0.088 37.505032 0.129136
54009.434608 19.643 0.04 54009.436275 19.514 0.018 54009.432941 19.48 0.019 54009.433775 19.542 0.021 54009.435441 19.683 0.073 37.505032 0.129136
54010.361742 19.604 0.028 54010.363409 19.513 0.015 54010.360075 19.496 0.02 54010.360909 19.565 0.018 54010.362575 19.66 0.058 37.505032 0.129136
54012.354598 19.729 0.049 54012.356265 19.521 0.024 54012.352931 19.513 0.023 54012.353765 19.561 0.025 54012.355431 19.52 0.077 37.505032 0.129136
54020.360558 19.638 0.066 54020.362224 19.545 0.027 54020.358891 19.534 0.023 54020.359724 19.52 0.027 54020.361391 20.127 0.191 37.505032 0.129136
54024.442157 19.593 0.05 54024.443823 19.59 0.02 54024.44049 19.466 0.021 54024.441323 19.562 0.022 54024.44299 19.678 0.093 37.505032 0.129136
54028.430448 19.736 0.052 54028.432115 19.53 0.026 54028.428781 19.522 0.024 54028.429615 -99.99 0.034 54028.431281 19.56 0.118 37.505032 0.129136
54030.385879 19.529 0.034 54030.387546 19.538 0.019 54030.384212 19.472 0.016 54030.385046 19.542 0.02 54030.386712 19.576 0.075 37.505032 0.129136
54035.429925 19.694 0.056 54035.431592 19.543 0.02 54035.428259 19.504 0.024 54035.429092 19.463 0.029 54035.430759 19.699 0.13 37.505032 0.129136
54037.335359 19.73 0.038 54037.337026 19.537 0.014 54037.333692 19.483 0.016 54037.334526 19.565 0.02 54037.336192 19.728 0.059 37.505032 0.129136
54040.349872 19.615 0.041 54040.351539 19.572 0.016 54040.348205 19.513 0.019 54040.349039 19.515 0.023 54040.350705 19.852 0.105 37.505032 0.129136
54047.380557 19.74 0.139 54047.382224 19.574 0.063 54047.378891 19.578 0.061 54047.379724 19.557 0.069 54047.381391 19.515 0.198 37.505032 0.129136
54049.376377 19.611 0.065 54049.378044 19.58 0.025 54049.37471 19.535 0.022 54049.375544 19.538 0.028 54049.37721 19.685 0.107 37.505032 0.129136
54053.356296 19.711 0.045 54053.357962 -99.99 0.02 54053.354629 -99.99 0.021 54053.355462 19.536 0.025 54053.357129 -99.99 0.107 37.505032 0.129136
54056.342345 19.81 0.07 54056.344012 19.625 0.021 54056.340679 19.531 0.019 54056.341512 19.545 0.027 54056.343179 19.738 0.119 37.505032 0.129136
54059.33657 19.704 0.048 54059.338237 19.695 0.028 54059.334904 19.549 0.021 54059.335737 19.558 0.025 54059.337404 19.735 0.116 37.505032 0.129136
54061.347682 19.712 0.067 54061.349348 19.634 0.029 54061.346015 19.548 0.028 54061.346848 19.539 0.038 54061.348515 19.597 0.146 37.505032 0.129136
54062.341464 19.698 0.042 54062.343131 19.656 0.018 54062.339798 19.574 0.019 54062.340631 19.57 0.028 54062.342298 19.679 0.092 37.505032 0.129136
54064.337934 19.814 0.046 54064.339601 19.653 0.017 54064.336268 19.57 0.018 54064.337101 19.56 0.024 54064.338768 19.625 0.086 37.505032 0.129136
54357.379773 20.036 0.052 54357.38144 19.96 0.029 54357.378107 19.783 0.019 54357.37894 19.831 0.03 54357.380607 19.865 0.077 37.505032 0.129136
54362.429658 20.131 0.047 54362.431324 19.936 0.027 54362.427991 19.795 0.02 54362.428824 19.833 0.023 54362.430491 19.743 0.078 37.505032 0.129136
54376.424743 20.053 0.054 54376.42641 19.974 0.025 54376.423077 19.805 0.021 54376.42391 19.835 0.025 54376.425577 20.034 0.118 37.505032 0.129136
54382.409802 20.238 0.06 54382.411469 19.961 0.02 54382.408135 19.837 0.025 54382.408969 19.805 0.032 54382.410635 19.711 0.115 37.505032 0.129136
54385.427591 20.117 0.053 54385.429257 19.97 0.018 54385.425924 19.849 0.019 54385.426757 19.778 0.025 54385.428424 20.167 0.108 37.505032 0.129136
54387.428123 20.041 0.083 54387.429789 19.931 0.041 54387.426456 19.864 0.044 54387.427289 19.726 0.041 54387.428956 20.222 0.272 37.505032 0.129136
54390.420512 20.252 0.095 54390.422178 -99.99 0.095 54390.418845 19.836 0.029 54390.419678 19.891 0.042 54390.421345 -99.99 0.295 37.505032 0.129136
54391.429004 20.254 0.119 54391.430671 19.943 0.032 54391.427338 19.867 0.049 54391.428171 19.914 0.058 54391.429838 20.551 0.453 37.505032 0.129136
54402.4214 20.241 0.16 54402.423066 -99.99 0.042 54402.419733 19.818 0.035 54402.420566 19.821 0.032 54402.422233 20.027 0.124 37.505032 0.129136
