51075.410358 19.38 0.026 51075.412024 19.224 0.012 51075.408691 19.1 0.012 51075.409524 18.828 0.015 51075.411191 18.741 0.049 39.891562 -1.021221
51818.380022 19.346 0.026 51818.381688 19.226 0.012 51818.378355 19.072 0.012 51818.379188 18.768 0.013 51818.380855 18.749 0.038 39.891562 -1.021221
52170.431009 19.214 0.025 52170.432675 19.091 0.011 52170.429342 18.989 0.012 52170.430175 18.741 0.013 52170.431842 18.749 0.04 39.891562 -1.021221
52171.368102 -99.99 0.028 52171.369768 19.105 0.011 52171.366435 18.989 0.012 52171.367268 18.739 0.013 52171.368935 18.695 0.038 39.891562 -1.021221
52173.344446 19.263 0.028 52173.346112 19.112 0.012 52173.342779 18.984 0.013 52173.343612 18.729 0.015 52173.345279 18.73 0.043 39.891562 -1.021221
52224.324517 19.217 0.027 52224.326183 19.107 0.011 52224.32285 18.977 0.012 52224.323683 18.713 0.012 52224.32535 18.739 0.036 39.891562 -1.021221
52234.281025 19.298 0.028 52234.282691 19.082 0.012 52234.279358 18.961 0.012 52234.280191 18.711 0.012 52234.281858 18.737 0.04 39.891562 -1.021221
52261.24438 19.252 0.025 52261.246046 19.081 0.011 52261.242713 18.995 0.011 52261.243546 18.706 0.012 52261.245213 18.687 0.031 39.891562 -1.021221
52283.11175 19.21 0.029 52283.113416 19.119 0.013 52283.110083 18.993 0.015 52283.110916 18.712 0.017 52283.112583 18.596 0.046 39.891562 -1.021221
52287.124872 19.255 0.025 52287.126538 19.099 0.011 52287.123205 18.977 0.012 52287.124038 18.723 0.012 52287.125705 18.676 0.034 39.891562 -1.021221
52552.44357 19.201 0.032 52552.445236 19.043 0.011 52552.441903 18.939 0.012 52552.442736 18.71 0.015 52552.444403 18.813 0.05 39.891562 -1.021221
52557.417931 19.166 0.025 52557.419597 19.024 0.011 52557.416264 18.939 0.011 52557.417097 18.683 0.013 52557.418764 18.672 0.041 39.891562 -1.021221
52908.392496 19.091 0.024 52908.394162 18.94 0.01 52908.390829 18.883 0.011 52908.391662 18.64 0.013 52908.393329 18.644 0.037 39.891562 -1.021221
52912.371935 19.039 0.025 52912.373601 18.934 0.01 52912.370268 18.887 0.011 52912.371101 18.65 0.012 52912.372768 18.651 0.034 39.891562 -1.021221
52934.324401 19.104 0.025 52934.326067 18.948 0.01 52934.322734 18.898 0.011 52934.323567 18.658 0.014 52934.325234 18.634 0.041 39.891562 -1.021221
52936.320328 19.079 0.024 52936.321994 18.97 0.01 52936.318661 18.886 0.011 52936.319494 18.649 0.012 52936.321161 18.678 0.037 39.891562 -1.021221
53270.384408 19.205 0.022 53270.386074 19.067 0.033 53270.382741 18.937 0.017 53270.383574 18.702 0.013 53270.385241 18.686 0.031 39.891562 -1.021221
53272.434327 19.184 0.026 53272.435993 19.006 0.011 53272.43266 18.959 0.011 53272.433493 18.681 0.013 53272.43516 18.687 0.038 39.891562 -1.021221
53286.403049 19.194 0.028 53286.404715 19.088 0.012 53286.401382 18.995 0.012 53286.402215 18.71 0.013 53286.403882 18.703 0.035 39.891562 -1.021221
53288.361538 19.227 0.025 53288.363204 19.06 0.011 53288.359871 18.968 0.011 53288.360704 18.674 0.012 53288.362371 18.651 0.034 39.891562 -1.021221
53294.409212 -99.99 0.102 53294.410878 19.094 0.07 53294.407545 18.947 0.017 53294.408378 18.7 0.031 53294.410045 18.565 0.168 39.891562 -1.021221
53296.35623 19.23 0.027 53296.357896 19.074 0.017 53296.354563 18.967 0.018 53296.355396 18.712 0.016 53296.357063 18.631 0.038 39.891562 -1.021221
53298.405989 19.188 0.026 53298.407655 19.038 0.011 53298.404322 18.966 0.012 53298.405155 18.668 0.014 53298.406822 18.69 0.043 39.891562 -1.021221
53302.357208 19.254 0.033 53302.358874 19.122 0.015 53302.355541 18.978 0.014 53302.356374 18.715 0.014 53302.358041 18.732 0.04 39.891562 -1.021221
53312.312744 19.224 0.039 53312.314411 19.067 0.029 53312.311077 18.985 0.02 53312.311911 18.691 0.02 53312.313577 18.685 0.046 39.891562 -1.021221
53314.313941 19.194 0.028 53314.315607 19.075 0.013 53314.312274 18.956 0.013 53314.313107 18.67 0.013 53314.314774 18.76 0.043 39.891562 -1.021221
53319.301736 19.191 0.028 53319.303402 19.065 0.012 53319.300069 18.967 0.014 53319.300902 18.685 0.015 53319.302569 18.6 0.038 39.891562 -1.021221
53616.418292 19.204 0.028 53616.419958 19.027 0.012 53616.416625 18.928 0.012 53616.417458 18.674 0.015 53616.419125 18.657 0.041 39.891562 -1.021221
53626.39472 19.174 0.034 53626.396386 -99.99 0.042 53626.393053 18.894 0.012 53626.393886 18.722 0.018 53626.395553 18.72 0.039 39.891562 -1.021221
53628.379584 19.112 0.031 53628.38125 19.045 0.016 53628.377917 18.936 0.014 53628.37875 18.661 0.015 53628.380417 18.613 0.042 39.891562 -1.021221
53639.42658 19.179 0.029 53639.428246 19.029 0.011 53639.424913 18.91 0.011 53639.425746 18.66 0.012 53639.427413 18.615 0.032 39.891562 -1.021221
53641.425745 19.186 0.028 53641.427411 19.022 0.011 53641.424078 18.925 0.011 53641.424911 18.673 0.013 53641.426578 18.664 0.035 39.891562 -1.021221
53657.384629 19.094 0.041 53657.386295 18.981 0.02 53657.382962 18.861 0.017 53657.383795 18.669 0.021 53657.385462 18.633 0.054 39.891562 -1.021221
53663.369178 19.273 0.05 53663.370844 19.017 0.019 53663.367511 18.891 0.015 53663.368344 18.631 0.015 53663.370011 18.587 0.039 39.891562 -1.021221
53665.34715 19.116 0.035 53665.348816 18.99 0.014 53665.345483 18.882 0.016 53665.346316 18.635 0.015 53665.347983 18.602 0.037 39.891562 -1.021221
53666.439265 19.147 0.041 53666.440931 19.007 0.015 53666.437598 18.87 0.014 53666.438431 18.634 0.013 53666.440098 18.567 0.036 39.891562 -1.021221
53668.358779 19.105 0.032 53668.360445 19.004 0.014 53668.357112 18.864 0.013 53668.357945 18.65 0.014 53668.359612 18.641 0.044 39.891562 -1.021221
53669.446394 19.194 0.045 53669.44806 18.982 0.015 53669.444727 18.906 0.015 53669.44556 18.65 0.015 53669.447227 18.573 0.043 39.891562 -1.021221
53670.363631 19.139 0.029 53670.365297 18.99 0.013 53670.361964 18.879 0.013 53670.362797 18.621 0.013 53670.364464 18.644 0.037 39.891562 -1.021221
53673.331618 19.15 0.025 53673.333284 18.999 0.01 53673.329951 18.889 0.01 53673.330784 18.645 0.011 53673.332451 18.648 0.03 39.891562 -1.021221
53675.328506 19.129 0.025 53675.330172 18.971 0.01 53675.326839 18.901 0.011 53675.327672 18.633 0.012 53675.329339 18.654 0.037 39.891562 -1.021221
53677.349535 19.149 0.024 53677.351201 18.971 0.01 53677.347868 18.866 0.01 53677.348701 18.625 0.011 53677.350368 18.6 0.028 39.891562 -1.021221
53680.336204 19.108 0.026 53680.33787 18.981 0.01 53680.334537 18.877 0.011 53680.33537 18.621 0.012 53680.337037 18.586 0.032 39.891562 -1.021221
53683.394757 19.172 0.032 53683.396423 18.99 0.012 53683.39309 18.893 0.013 53683.393923 18.627 0.014 53683.39559 18.632 0.047 39.891562 -1.021221
53686.335635 19.077 0.047 53686.337301 18.947 0.021 53686.333968 18.856 0.016 53686.334801 18.638 0.016 53686.336468 18.574 0.038 39.891562 -1.021221
53693.338095 19.199 0.065 53693.339761 18.949 0.021 53693.336428 18.881 0.02 53693.337261 -99.99 0.023 53693.338928 18.738 0.049 39.891562 -1.021221
53699.358934 19.097 0.031 53699.3606 18.977 0.012 53699.357267 18.849 0.011 53699.3581 18.63 0.012 53699.359767 18.627 0.034 39.891562 -1.021221
53704.321415 19.104 0.028 53704.323081 18.959 0.011 53704.319748 18.873 0.012 53704.320581 18.626 0.015 53704.322248 18.633 0.039 39.891562 -1.021221
53989.417488 19.038 0.034 53989.419155 18.955 0.02 53989.415821 18.813 0.016 53989.416655 18.611 0.021 53989.418321 18.578 0.031 39.891562 -1.021221
53995.456217 19.099 0.023 53995.457884 18.921 0.017 53995.454551 18.823 0.023 53995.455384 18.62 0.018 53995.457051 18.578 0.027 39.891562 -1.021221
53997.441048 -99.99 0.021 53997.442714 18.921 0.019 53997.439381 18.819 0.013 53997.440214 18.608 0.017 53997.441881 18.62 0.029 39.891562 -1.021221
54000.392907 19.068 0.028 54000.394574 18.862 0.012 54000.39124 18.845 0.021 54000.392074 18.604 0.017 54000.39374 18.575 0.035 39.891562 -1.021221
54007.443055 19.089 0.043 54007.444721 18.878 0.037 54007.441388 18.847 0.03 54007.442221 18.634 0.022 54007.443888 18.646 0.048 39.891562 -1.021221
54009.366812 19.09 0.021 54009.368479 18.923 0.027 54009.365146 18.83 0.013 54009.365979 18.556 0.019 54009.367646 18.605 0.028 39.891562 -1.021221
54011.431332 19.061 0.026 54011.432998 18.912 0.024 54011.429665 18.849 0.02 54011.430498 18.615 0.024 54011.432165 18.641 0.032 39.891562 -1.021221
54012.444117 19.024 0.025 54012.445784 18.916 0.025 54012.442451 18.854 0.017 54012.443284 18.618 0.019 54012.444951 18.592 0.034 39.891562 -1.021221
54025.430334 19.072 0.026 54025.432001 18.884 0.021 54025.428668 18.819 0.016 54025.429501 18.583 0.015 54025.431168 18.607 0.036 39.891562 -1.021221
54346.42407 19.16 0.036 54346.425737 18.978 0.035 54346.422403 18.9 0.018 54346.423237 18.68 0.019 54346.424903 18.631 0.037 39.891562 -1.021221
54348.428065 19.126 0.028 54348.429732 18.984 0.022 54348.426399 18.889 0.021 54348.427232 18.64 0.028 54348.428899 18.706 0.039 39.891562 -1.021221
54358.383946 19.113 0.084 54358.385612 18.983 0.018 54358.382279 18.875 0.012 54358.383112 18.592 0.02 54358.384779 18.686 0.045 39.891562 -1.021221
54365.41694 19.14 0.024 54365.418606 18.984 0.014 54365.415273 18.913 0.021 54365.416106 18.668 0.014 54365.417773 18.609 0.032 39.891562 -1.021221
54381.436514 19.179 0.027 54381.438181 19.018 0.019 54381.434848 18.919 0.018 54381.435681 18.634 0.015 54381.437348 18.575 0.032 39.891562 -1.021221
54384.443173 19.2 0.031 54384.44484 18.994 0.024 54384.441507 18.881 0.02 54384.44234 18.645 0.025 54384.444007 18.619 0.034 39.891562 -1.021221
54386.42882 19.046 0.029 54386.430487 18.981 0.022 54386.427154 18.937 0.016 54386.427987 18.645 0.016 54386.429654 18.629 0.037 39.891562 -1.021221
54388.433111 19.141 0.026 54388.434778 18.989 0.016 54388.431444 18.91 0.016 54388.432278 18.636 0.018 54388.433944 18.653 0.032 39.891562 -1.021221
54392.430683 19.177 0.034 54392.43235 18.987 0.031 54392.429017 -99.99 0.032 54392.42985 18.65 0.019 54392.431517 18.641 0.041 39.891562 -1.021221
54403.34689 19.132 0.051 54403.348557 18.998 0.024 54403.345223 18.872 0.022 54403.346057 18.652 0.02 54403.347723 18.643 0.036 39.891562 -1.021221
54404.404665 -99.99 0.101 54404.406332 -99.99 0.091 54404.402998 18.947 0.016 54404.403832 18.682 0.019 54404.405498 -99.99 0.713 39.891562 -1.021221
54406.340705 19.111 0.028 54406.342371 18.994 0.02 54406.339038 18.905 0.015 54406.339871 18.653 0.016 54406.341538 18.678 0.03 39.891562 -1.021221
54412.366491 19.195 0.025 54412.368158 19.01 0.02 54412.364825 18.915 0.016 54412.365658 18.655 0.019 54412.367325 18.644 0.03 39.891562 -1.021221
