51081.297015 20.017 0.052 51081.298681 -99.99 0.022 51081.295348 20.198 0.035 51081.296181 19.832 0.033 51081.297848 20.096 0.147 4.850277 -0.276375
51819.368153 -99.99 0.046 51819.369819 19.925 0.018 51819.366486 19.994 0.024 51819.367319 19.722 0.025 51819.368986 19.631 0.081 4.850277 -0.276375
52558.333411 20.25 0.059 52558.335077 20.13 0.019 52558.331744 20.267 0.029 52558.332577 19.863 0.025 52558.334244 19.849 0.097 4.850277 -0.276375
52577.220912 -99.99 0.052 52577.222578 20.109 0.018 52577.219245 20.243 0.03 52577.220078 19.873 0.033 52577.221745 19.784 0.102 4.850277 -0.276375
52586.224391 20.045 0.043 52586.226057 20.195 0.019 52586.222724 20.239 0.029 52586.223557 19.854 0.03 52586.225224 19.665 0.093 4.850277 -0.276375
52910.304872 19.986 0.042 52910.306538 20.095 0.017 52910.303205 20.199 0.022 52910.304038 19.844 0.024 52910.305705 19.884 0.089 4.850277 -0.276375
52931.235073 20.114 0.051 52931.236739 20.133 0.02 52931.233406 20.279 0.027 52931.234239 19.905 0.029 52931.235906 20.005 0.107 4.850277 -0.276375
52935.232037 20.042 0.043 52935.233703 20.099 0.018 52935.23037 20.248 0.026 52935.231203 19.914 0.028 52935.23287 19.824 0.1 4.850277 -0.276375
52959.175366 20.153 0.045 52959.177032 20.183 0.019 52959.173699 20.282 0.024 52959.174532 19.937 0.025 52959.176199 19.955 0.089 4.850277 -0.276375
52963.15511 20.155 0.041 52963.156776 20.199 0.017 52963.153443 20.302 0.022 52963.154276 19.928 0.023 52963.155943 20.019 0.082 4.850277 -0.276375
53352.126176 -99.99 0.042 53352.127842 20.165 0.018 53352.124509 20.259 0.024 53352.125342 19.976 0.027 53352.127009 20.005 0.1 4.850277 -0.276375
53622.334478 20.355 0.077 53622.336144 20.401 0.026 53622.332811 20.482 0.045 53622.333644 20.084 0.047 53622.335311 20.006 0.139 4.850277 -0.276375
53634.283948 20.477 0.197 53634.285614 20.235 0.072 53634.282281 20.417 0.074 53634.283114 20.047 0.058 53634.284781 20.123 0.177 4.850277 -0.276375
53638.325282 20.397 0.067 53638.326948 20.406 0.026 53638.323615 20.52 0.032 53638.324448 20.092 0.029 53638.326115 20.168 0.111 4.850277 -0.276375
53640.289318 20.4 0.081 53640.290984 -99.99 0.025 53640.287651 -99.99 0.109 53640.288484 20.136 0.046 53640.290151 20.434 0.172 4.850277 -0.276375
53655.261489 20.422 0.111 53655.263155 20.317 0.043 53655.259822 20.459 0.061 53655.260655 20.069 0.048 53655.262322 20.222 0.174 4.850277 -0.276375
53664.286446 20.266 0.117 53664.288112 20.285 0.047 53664.284779 20.421 0.054 53664.285612 19.967 0.041 53664.287279 19.859 0.131 4.850277 -0.276375
53669.245688 20.288 0.05 53669.247354 20.312 0.02 53669.244021 20.453 0.03 53669.244854 20.08 0.03 53669.246521 20.133 0.121 4.850277 -0.276375
53671.33046 20.33 0.082 53671.332126 20.354 0.027 53671.328793 20.462 0.039 53671.329626 20.098 0.039 53671.331293 19.873 0.117 4.850277 -0.276375
53674.229924 20.275 0.057 53674.23159 20.323 0.021 53674.228257 20.452 0.031 53674.22909 20.089 0.03 53674.230757 19.937 0.092 4.850277 -0.276375
53676.319403 20.325 0.064 53676.321069 20.326 0.021 53676.317736 20.425 0.033 53676.318569 20.102 0.028 53676.320236 20.203 0.115 4.850277 -0.276375
53679.291293 20.453 0.084 53679.292959 20.333 0.027 53679.289626 20.521 0.049 53679.290459 20.055 0.044 53679.292126 20.195 0.175 4.850277 -0.276375
53681.282807 20.249 0.07 53681.284473 20.367 0.025 53681.28114 20.488 0.036 53681.281973 20.018 0.033 53681.28364 20.256 0.153 4.850277 -0.276375
53685.241858 20.353 0.144 53685.243524 -99.99 0.069 53685.240191 20.453 0.092 53685.241024 20.115 0.071 53685.242691 20.208 0.176 4.850277 -0.276375
53694.255736 -99.99 0.212 53694.257402 -99.99 0.085 53694.254069 -99.99 0.083 53694.254902 -99.99 0.061 53694.256569 -99.99 0.199 4.850277 -0.276375
53697.23983 20.318 0.067 53697.241496 20.277 0.023 53697.238163 20.399 0.031 53697.238996 20.057 0.031 53697.240663 20.259 0.122 4.850277 -0.276375
53700.238788 -99.99 0.08 53700.240454 20.314 0.025 53700.237121 20.394 0.034 53700.237954 20.097 0.041 53700.239621 20.25 0.179 4.850277 -0.276375
53705.225458 20.231 0.057 53705.227124 20.26 0.022 53705.223791 20.327 0.029 53705.224624 20 0.028 53705.226291 20.053 0.094 4.850277 -0.276375
53975.310457 20.427 0.067 53975.312124 20.469 0.03 53975.308791 20.537 0.031 53975.309624 20.094 0.036 53975.311291 20.319 0.143 4.850277 -0.276375
53990.323302 20.41 0.108 53990.324969 20.393 0.048 53990.321635 20.438 0.041 53990.322469 20.132 0.042 53990.324135 19.861 0.104 4.850277 -0.276375
53994.333446 20.308 0.048 53994.335113 20.409 0.022 53994.33178 20.531 0.028 53994.332613 20.064 0.032 53994.33428 20.175 0.107 4.850277 -0.276375
53996.317194 20.394 0.072 53996.318861 20.428 0.037 53996.315527 -99.99 0.063 53996.316361 20.077 0.04 53996.318027 19.95 0.123 4.850277 -0.276375
53998.285838 20.275 0.046 53998.287505 20.41 0.022 53998.284172 20.474 0.025 53998.285005 20.117 0.029 53998.286672 20.133 0.088 4.850277 -0.276375
54005.316063 20.391 0.048 54005.31773 20.391 0.022 54005.314397 20.533 0.026 54005.31523 20.1 0.031 54005.316897 20.025 0.074 4.850277 -0.276375
54010.271302 20.383 0.063 54010.272969 20.415 0.034 54010.269635 20.442 0.03 54010.270469 20.17 0.035 54010.272135 20.151 0.083 4.850277 -0.276375
54012.264141 20.385 0.108 54012.265808 20.395 0.049 54012.262475 20.441 0.046 54012.263308 20.167 0.041 54012.264975 20.131 0.108 4.850277 -0.276375
54020.270215 20.256 0.096 54020.271882 20.444 0.039 54020.268549 20.581 0.047 54020.269382 20.059 0.043 54020.271049 19.706 0.147 4.850277 -0.276375
54024.351712 20.314 0.075 54024.353379 20.387 0.029 54024.350045 20.472 0.043 54024.350879 19.983 0.043 54024.352545 19.979 0.155 4.850277 -0.276375
54030.263697 20.356 0.049 54030.265364 20.419 0.024 54030.26203 20.499 0.029 54030.262864 20.094 0.029 54030.26453 20.156 0.092 4.850277 -0.276375
54035.33949 20.197 0.112 54035.341156 20.297 0.043 54035.337823 20.433 0.056 54035.338656 20.078 0.056 54035.340323 20.077 0.243 4.850277 -0.276375
54037.244942 -99.99 0.055 54037.246609 20.385 0.024 54037.243275 20.434 0.027 54037.244109 20.061 0.031 54037.245775 20.051 0.094 4.850277 -0.276375
54040.259407 20.4 0.109 54040.261073 20.398 0.051 54040.25774 20.61 0.065 54040.258573 20.117 0.045 54040.26024 20.238 0.151 4.850277 -0.276375
54047.290252 20.155 0.29 54047.291918 20.473 0.105 54047.288585 -99.99 0.121 54047.289418 20.139 0.095 54047.291085 20.253 0.346 4.850277 -0.276375
54049.285873 19.882 0.116 54049.28754 -99.99 0.076 54049.284206 20.556 0.066 54049.28504 20.138 0.069 54049.286706 19.664 0.166 4.850277 -0.276375
54053.25023 20.385 0.057 54053.251897 20.392 0.028 54053.248563 20.47 0.031 54053.249397 20.094 0.035 54053.251063 20.053 0.097 4.850277 -0.276375
54056.251884 20.359 0.08 54056.25355 20.384 0.035 54056.250217 -99.99 0.085 54056.25105 20.073 0.047 54056.252717 19.998 0.139 4.850277 -0.276375
54059.24624 20.126 0.09 54059.247906 20.344 0.062 54059.244573 20.424 0.043 54059.245406 20.144 0.068 54059.247073 19.849 0.13 4.850277 -0.276375
54062.251163 20.208 0.079 54062.25283 20.369 0.039 54062.249496 20.505 0.05 54062.25033 20.133 0.055 54062.251996 20.343 0.237 4.850277 -0.276375
54068.231631 20.543 0.174 54068.233298 20.379 0.078 54068.229965 20.483 0.082 54068.230798 20.098 0.062 54068.232465 19.799 0.129 4.850277 -0.276375
54357.289357 20.181 0.046 54357.291023 20.156 0.026 54357.28769 20.257 0.029 54357.288523 19.945 0.032 54357.29019 19.985 0.079 4.850277 -0.276375
54362.339141 -99.99 0.051 54362.340808 20.14 0.023 54362.337474 20.263 0.031 54362.338308 19.931 0.033 54362.339974 19.924 0.092 4.850277 -0.276375
54382.319396 20.228 0.071 54382.321063 20.177 0.026 54382.31773 20.238 0.041 54382.318563 19.942 0.041 54382.32023 19.696 0.111 4.850277 -0.276375
54385.337188 20.148 0.049 54385.338854 20.17 0.023 54385.335521 20.238 0.028 54385.336354 19.903 0.033 54385.338021 19.821 0.076 4.850277 -0.276375
54387.337663 20.016 0.057 54387.33933 20.191 0.023 54387.335996 20.206 0.037 54387.33683 19.906 0.038 54387.338496 19.901 0.119 4.850277 -0.276375
54392.332415 20.185 0.062 54392.334082 20.14 0.032 54392.330749 20.247 0.037 54392.331582 19.95 0.038 54392.333249 19.855 0.112 4.850277 -0.276375
54402.330844 20.131 0.143 54402.33251 20.227 0.062 54402.329177 20.221 0.048 54402.33001 19.873 0.041 54402.331677 20.012 0.138 4.850277 -0.276375
