51081.384606 -99.99 0.054 51081.386272 18.817 0.009 51081.382939 -99.99 0.009 51081.383772 18.565 0.012 51081.385439 18.471 0.033 36.478551 0.91443
51819.455723 20.435 0.097 51819.457389 18.903 0.011 51819.454056 18.72 0.012 51819.454889 18.727 0.016 51819.456556 18.53 0.04 36.478551 0.91443
51875.199578 20.459 0.062 51875.201244 18.951 0.009 51875.197911 -99.99 0.01 51875.198744 18.67 0.013 51875.200411 18.66 0.043 36.478551 0.91443
52225.28042 20.625 0.066 52225.282086 19.107 0.01 52225.278753 18.891 0.01 52225.279586 18.818 0.013 52225.281253 18.742 0.036 36.478551 0.91443
52288.114842 20.512 0.068 52288.116508 19.102 0.01 52288.113175 18.945 0.012 52288.114008 18.83 0.015 52288.115675 18.766 0.041 36.478551 0.91443
52551.388131 20.601 0.068 52551.389797 19.139 0.01 52551.386464 18.925 0.011 52551.387297 18.909 0.014 52551.388964 18.824 0.04 36.478551 0.91443
52558.421004 20.552 0.065 52558.42267 19.129 0.01 52558.419337 18.951 0.011 52558.42017 18.878 0.014 52558.421837 18.751 0.037 36.478551 0.91443
52576.254058 20.573 0.07 52576.255724 19.09 0.01 52576.252391 18.928 0.011 52576.253224 18.858 0.014 52576.254891 18.745 0.04 36.478551 0.91443
52578.292612 20.64 0.077 52578.294278 19.14 0.01 52578.290945 18.912 0.011 52578.291778 18.852 0.014 52578.293445 18.822 0.042 36.478551 0.91443
52585.255592 20.48 0.059 52585.257258 19.11 0.01 52585.253925 18.923 0.011 52585.254758 18.86 0.015 52585.256425 18.774 0.05 36.478551 0.91443
52909.422226 20.546 0.064 52909.423892 19.064 0.01 52909.420559 18.868 0.01 52909.421392 18.838 0.013 52909.423059 18.8 0.037 36.478551 0.91443
52910.392469 20.553 0.079 52910.394135 19.067 0.01 52910.390802 18.877 0.011 52910.391635 18.84 0.014 52910.393302 18.754 0.041 36.478551 0.91443
52935.319638 20.534 0.074 52935.321304 19.068 0.01 52935.317971 18.875 0.012 52935.318804 18.827 0.016 52935.320471 -99.99 0.049 36.478551 0.91443
52963.242715 20.588 0.059 52963.244381 19.046 0.009 52963.241048 18.88 0.01 52963.241881 18.818 0.013 52963.243548 -99.99 0.035 36.478551 0.91443
52971.23363 20.611 0.117 52971.235296 19.06 0.013 52971.231963 18.873 0.011 52971.232796 18.831 0.015 52971.234463 18.77 0.052 36.478551 0.91443
53351.165018 20.645 0.076 53351.166684 19.184 0.01 53351.163351 18.968 0.012 53351.164184 18.947 0.017 53351.165851 18.861 0.05 36.478551 0.91443
53622.422071 20.773 0.08 53622.423737 19.19 0.01 53622.420404 19.026 0.011 53622.421237 18.939 0.014 53622.422904 18.739 0.037 36.478551 0.91443
53634.371543 21.002 0.277 53634.373209 19.246 0.025 53634.369876 -99.99 0.019 53634.370709 18.919 0.021 53634.372376 18.866 0.056 36.478551 0.91443
53638.412878 20.628 0.087 53638.414544 19.202 0.012 53638.411211 19.002 0.012 53638.412044 18.891 0.014 53638.413711 18.832 0.042 36.478551 0.91443
53640.376915 20.764 0.097 53640.378581 19.238 0.012 53640.375248 19.025 0.012 53640.376081 18.888 0.015 53640.377748 18.926 0.047 36.478551 0.91443
53646.438324 20.746 0.127 53646.43999 -99.99 0.015 53646.436657 19.038 0.013 53646.43749 18.922 0.016 53646.439157 18.917 0.075 36.478551 0.91443
53655.349087 20.813 0.092 53655.350753 19.22 0.01 53655.34742 18.995 0.012 53655.348253 18.905 0.016 53655.34992 18.908 0.046 36.478551 0.91443
53663.438729 20.849 0.286 53663.440395 19.159 0.025 53663.437062 -99.99 0.019 53663.437895 18.895 0.021 53663.439562 18.921 0.055 36.478551 0.91443
53664.374043 20.811 0.247 53664.375709 19.147 0.026 53664.372376 19.021 0.027 53664.373209 -99.99 0.032 53664.374876 -99.99 0.089 36.478551 0.91443
53665.438676 20.424 0.126 53665.440342 19.169 0.016 53665.437009 19.003 0.015 53665.437842 18.929 0.019 53665.439509 18.947 0.055 36.478551 0.91443
53668.427281 20.815 0.185 53668.428947 19.193 0.017 53668.425614 18.95 0.017 53668.426447 18.927 0.02 53668.428114 18.942 0.067 36.478551 0.91443
53669.333288 -99.99 0.549 53669.334954 19.147 0.014 53669.331621 -99.99 0.025 53669.332454 -99.99 0.034 53669.334121 -99.99 0.089 36.478551 0.91443
53670.433254 -99.99 0.136 53670.43492 19.169 0.014 53670.431587 18.998 0.015 53670.43242 18.907 0.018 53670.434087 18.822 0.052 36.478551 0.91443
53671.41804 20.539 0.098 53671.419706 19.178 0.013 53671.416373 18.985 0.013 53671.417206 18.897 0.017 53671.418873 18.839 0.05 36.478551 0.91443
53674.317526 20.86 0.135 53674.319192 19.141 0.011 53674.315859 18.986 0.013 53674.316692 18.864 0.017 53674.318359 18.878 0.055 36.478551 0.91443
53676.406983 20.798 0.191 53676.408649 -99.99 0.014 53676.405316 -99.99 0.021 53676.406149 -99.99 0.023 53676.407816 -99.99 0.054 36.478551 0.91443
53679.378885 20.666 0.11 53679.380551 19.142 0.012 53679.377218 18.967 0.015 53679.378051 18.911 0.02 53679.379718 18.736 0.055 36.478551 0.91443
53681.370398 20.449 0.088 53681.372064 19.169 0.012 53681.368731 18.954 0.012 53681.369564 18.892 0.015 53681.371231 18.772 0.04 36.478551 0.91443
53684.331893 20.559 0.382 53684.333559 -99.99 0.027 53684.330226 -99.99 0.132 53684.331059 -99.99 0.088 53684.332726 -99.99 0.198 36.478551 0.91443
53687.273208 20.419 0.186 53687.274874 19.14 0.03 53687.271541 19.209 0.052 53687.272374 -99.99 0.051 53687.274041 18.976 0.081 36.478551 0.91443
53694.343342 21.01 0.326 53694.345008 19.108 0.021 53694.341675 18.924 0.02 53694.342508 18.885 0.024 53694.344175 18.904 0.06 36.478551 0.91443
53697.327423 20.368 0.084 53697.329089 19.119 0.012 53697.325756 18.929 0.012 53697.326589 18.879 0.015 53697.328256 18.759 0.038 36.478551 0.91443
53700.32638 20.503 0.092 53700.328046 19.141 0.011 53700.324713 18.923 0.013 53700.325546 18.872 0.018 53700.327213 18.805 0.051 36.478551 0.91443
53705.31305 20.548 0.09 53705.314716 19.09 0.011 53705.311383 18.936 0.012 53705.312216 18.875 0.016 53705.313883 18.822 0.046 36.478551 0.91443
53975.398069 20.503 0.075 53975.399736 19.068 0.029 53975.396403 18.87 0.015 53975.397236 18.815 0.019 53975.398903 18.778 0.05 36.478551 0.91443
53993.410209 -99.99 0.079 53993.411875 -99.99 0.019 53993.408542 18.886 0.011 53993.409375 18.793 0.015 53993.411042 -99.99 0.085 36.478551 0.91443
53994.421069 20.475 0.066 53994.422736 19.054 0.022 53994.419402 18.877 0.021 53994.420236 18.807 0.02 53994.421902 18.752 0.037 36.478551 0.91443
53996.404789 20.496 0.065 53996.406456 19.066 0.017 53996.403123 18.892 0.024 53996.403956 18.801 0.016 53996.405623 18.762 0.039 36.478551 0.91443
54005.41801 20.498 0.06 54005.419677 19.075 0.014 54005.416344 18.882 0.02 54005.417177 18.782 0.018 54005.418844 18.715 0.033 36.478551 0.91443
54010.358907 20.471 0.052 54010.360574 19.097 0.019 54010.35724 18.866 0.018 54010.358074 18.822 0.02 54010.35974 -99.99 0.04 36.478551 0.91443
54012.351774 20.567 0.107 54012.353441 19.079 0.018 54012.350108 18.891 0.024 54012.350941 18.818 0.02 54012.352608 -99.99 0.044 36.478551 0.91443
54020.357748 20.571 0.107 54020.359414 19.082 0.022 54020.356081 18.893 0.03 54020.356914 18.834 0.019 54020.358581 18.77 0.045 36.478551 0.91443
54024.439307 20.405 0.082 54024.440974 19.09 0.018 54024.437641 18.909 0.022 54024.438474 18.79 0.022 54024.440141 18.838 0.041 36.478551 0.91443
54028.427598 -99.99 0.162 54028.429265 19.119 0.037 54028.425932 18.902 0.033 54028.426765 18.769 0.024 54028.428432 18.767 0.058 36.478551 0.91443
54030.383039 20.649 0.066 54030.384705 19.108 0.024 54030.381372 18.861 0.016 54030.382205 18.824 0.021 54030.383872 18.749 0.039 36.478551 0.91443
54035.427023 20.644 0.114 54035.42869 19.098 0.024 54035.425357 18.893 0.019 54035.42619 18.775 0.026 54035.427857 18.763 0.051 36.478551 0.91443
54037.332534 20.604 0.062 54037.3342 19.1 0.016 54037.330867 18.878 0.022 54037.3317 18.802 0.016 54037.333367 -99.99 0.036 36.478551 0.91443
54040.347036 20.671 0.093 54040.348702 19.09 0.016 54040.345369 18.878 0.015 54040.346202 18.791 0.017 54040.347869 18.754 0.045 36.478551 0.91443
54047.377839 -99.99 0.305 54047.379506 19.103 0.045 54047.376173 18.977 0.045 54047.377006 18.873 0.036 54047.378673 18.757 0.085 36.478551 0.91443
54049.373493 20.526 0.141 54049.37516 19.11 0.021 54049.371827 18.876 0.017 54049.37266 18.816 0.02 54049.374327 18.719 0.043 36.478551 0.91443
54053.353225 20.369 0.089 54053.354892 -99.99 0.023 54053.351559 18.899 0.025 54053.352392 -99.99 0.021 54053.354059 -99.99 0.051 36.478551 0.91443
54056.339456 20.684 0.101 54056.341123 19.112 0.022 54056.33779 18.874 0.027 54056.338623 18.8 0.017 54056.34029 18.768 0.048 36.478551 0.91443
54059.33376 20.619 0.102 54059.335427 19.122 0.023 54059.332094 18.9 0.02 54059.332927 18.782 0.02 54059.334594 18.761 0.05 36.478551 0.91443
54061.344825 20.876 0.175 54061.346492 19.076 0.032 54061.343158 18.886 0.027 54061.343992 18.849 0.044 54061.345658 18.735 0.056 36.478551 0.91443
54062.338675 20.509 0.078 54062.340342 19.13 0.025 54062.337009 18.86 0.015 54062.337842 18.805 0.021 54062.339509 18.776 0.041 36.478551 0.91443
54064.335105 20.541 0.087 54064.336771 19.103 0.025 54064.333438 18.904 0.017 54064.334271 18.862 0.017 54064.335938 18.71 0.037 36.478551 0.91443
54068.319259 20.739 0.205 54068.320925 -99.99 0.047 54068.317592 18.902 0.021 54068.318425 18.815 0.036 54068.320092 18.712 0.062 36.478551 0.91443
54357.376932 20.563 0.081 54357.378599 19.083 0.025 54357.375266 18.87 0.029 54357.376099 18.804 0.021 54357.377766 18.766 0.043 36.478551 0.91443
54362.426756 -99.99 0.059 54362.428423 19.082 0.029 54362.42509 18.843 0.018 54362.425923 18.821 0.017 54362.42759 18.721 0.033 36.478551 0.91443
54376.42184 -99.99 0.071 54376.423507 19.019 0.015 54376.420174 18.852 0.022 54376.421007 18.775 0.02 54376.422674 18.803 0.038 36.478551 0.91443
54382.406967 20.386 0.075 54382.408634 -99.99 0.027 54382.4053 18.853 0.016 54382.406134 18.788 0.021 54382.4078 18.773 0.046 36.478551 0.91443
54385.42478 20.315 0.062 54385.426447 19.036 0.021 54385.423114 18.818 0.023 54385.423947 18.755 0.016 54385.425614 18.712 0.032 36.478551 0.91443
54387.425264 20.362 0.102 54387.426931 19.012 0.021 54387.423597 18.852 0.016 54387.424431 18.714 0.019 54387.426097 18.816 0.059 36.478551 0.91443
54390.41768 -99.99 0.184 54390.419346 19.026 0.019 54390.416013 18.804 0.021 54390.416846 18.658 0.028 54390.418513 -99.99 0.058 36.478551 0.91443
54391.426122 -99.99 0.691 54391.427789 19.022 0.019 54391.424456 18.79 0.021 54391.425289 18.811 0.037 54391.426956 18.769 0.087 36.478551 0.91443
54402.418431 -99.99 0.138 54402.420098 18.999 0.022 54402.416764 -99.99 0.017 54402.417598 18.753 0.021 54402.419264 18.712 0.041 36.478551 0.91443
