51075.410112 19.543 0.028 51075.411778 19.302 0.012 51075.408445 19.218 0.013 51075.409278 18.996 0.02 51075.410945 19.083 0.063 39.80296 -0.872252
51818.379776 19.706 0.032 51818.381442 19.415 0.014 51818.378109 19.313 0.014 51818.378942 19.063 0.015 51818.380609 19.059 0.048 39.80296 -0.872252
52170.430764 19.821 0.036 52170.43243 19.459 0.014 52170.429097 19.346 0.014 52170.42993 19.097 0.016 52170.431597 19.107 0.05 39.80296 -0.872252
52171.367856 -99.99 0.035 52171.369522 19.484 0.013 52171.366189 19.338 0.014 52171.367022 19.084 0.016 52171.368689 19.12 0.053 39.80296 -0.872252
52173.344121 19.754 0.039 52173.345787 19.475 0.015 52173.342454 19.39 0.016 52173.343287 19.119 0.019 52173.344954 19.23 0.061 39.80296 -0.872252
52224.32428 19.825 0.036 52224.325946 19.499 0.013 52224.322613 19.358 0.014 52224.323446 19.086 0.015 52224.325113 19.013 0.044 39.80296 -0.872252
52234.280779 19.832 0.039 52234.282445 19.492 0.015 52234.279112 19.338 0.015 52234.279945 19.092 0.016 52234.281612 19.09 0.047 39.80296 -0.872252
52261.244134 19.766 0.035 52261.2458 19.448 0.013 52261.242467 19.302 0.013 52261.2433 19.065 0.014 52261.244967 18.993 0.038 39.80296 -0.872252
52283.111505 19.767 0.041 52283.113171 19.482 0.017 52283.109838 19.36 0.019 52283.110671 19.076 0.022 52283.112338 19.152 0.079 39.80296 -0.872252
52287.124628 19.792 0.035 52287.126294 19.473 0.013 52287.122961 19.343 0.014 52287.123794 19.084 0.015 52287.125461 19.168 0.051 39.80296 -0.872252
52552.443324 19.748 0.044 52552.44499 19.387 0.014 52552.441657 19.323 0.015 52552.44249 19.036 0.018 52552.444157 19.141 0.067 39.80296 -0.872252
52557.417685 19.683 0.036 52557.419351 19.403 0.013 52557.416018 19.314 0.014 52557.416851 19.055 0.016 52557.418518 19.048 0.056 39.80296 -0.872252
52908.39225 19.353 0.03 52908.393916 19.124 0.011 52908.390583 19.065 0.012 52908.391416 18.901 0.015 52908.393083 18.922 0.045 39.80296 -0.872252
52912.37169 19.438 0.031 52912.373356 19.125 0.011 52912.370023 19.086 0.012 52912.370856 18.864 0.013 52912.372523 18.921 0.04 39.80296 -0.872252
52934.324155 19.311 0.028 52934.325821 19.124 0.011 52934.322488 19.08 0.013 52934.323321 18.869 0.015 52934.324988 18.937 0.051 39.80296 -0.872252
52936.320083 -99.99 0.026 52936.321749 19.135 0.011 52936.318416 19.091 0.012 52936.319249 18.894 0.014 52936.320916 18.905 0.043 39.80296 -0.872252
53270.384137 19.672 0.029 53270.385804 19.344 0.033 53270.38247 19.206 0.021 53270.383304 18.988 0.017 53270.38497 19.035 0.039 39.80296 -0.872252
53272.434083 -99.99 0.035 53272.435749 19.304 0.013 53272.432416 19.22 0.013 53272.433249 19.014 0.015 53272.434916 19.018 0.047 39.80296 -0.872252
53286.402803 19.633 0.038 53286.404469 19.352 0.014 53286.401136 19.226 0.014 53286.401969 18.984 0.015 53286.403636 19.123 0.048 39.80296 -0.872252
53288.361293 19.697 0.034 53288.362959 19.392 0.013 53288.359626 19.248 0.013 53288.360459 19.001 0.014 53288.362126 18.996 0.043 39.80296 -0.872252
53294.408967 -99.99 0.098 53294.410633 19.343 0.077 53294.4073 19.267 0.016 53294.408133 19.06 0.038 53294.4098 19.659 0.357 39.80296 -0.872252
53296.35601 -99.99 0.038 53296.357677 19.363 0.021 53296.354344 19.25 0.02 53296.355177 18.985 0.022 53296.356844 19.017 0.049 39.80296 -0.872252
53298.405744 19.695 0.035 53298.40741 19.38 0.014 53298.404077 19.269 0.015 53298.40491 19.024 0.017 53298.406577 18.947 0.048 39.80296 -0.872252
53302.356963 19.694 0.045 53302.358629 19.386 0.018 53302.355296 19.229 0.016 53302.356129 18.997 0.016 53302.357796 19.015 0.044 39.80296 -0.872252
53312.312499 19.525 0.047 53312.314165 19.413 0.032 53312.310832 19.264 0.022 53312.311665 19.07 0.024 53312.313332 18.966 0.056 39.80296 -0.872252
53314.313695 19.699 0.039 53314.315361 19.4 0.016 53314.312028 19.236 0.015 53314.312861 19.016 0.016 53314.314528 19.105 0.056 39.80296 -0.872252
53319.301491 19.694 0.038 53319.303157 19.382 0.014 53319.299824 19.274 0.017 53319.300657 19.045 0.018 53319.302324 19.08 0.053 39.80296 -0.872252
53616.418046 19.551 0.037 53616.419712 19.339 0.015 53616.416379 19.237 0.014 53616.417212 19.049 0.018 53616.418879 19.043 0.054 39.80296 -0.872252
53626.394474 19.646 0.047 53626.39614 -99.99 0.026 53626.392807 19.254 0.015 53626.39364 19.033 0.022 53626.395307 19.018 0.055 39.80296 -0.872252
53628.379339 19.644 0.046 53628.381005 19.373 0.021 53628.377672 19.264 0.018 53628.378505 19.021 0.019 53628.380172 19.055 0.056 39.80296 -0.872252
53639.426335 19.722 0.04 53639.428001 19.364 0.014 53639.424668 19.243 0.013 53639.425501 19.026 0.016 53639.427168 19.051 0.043 39.80296 -0.872252
53641.425501 19.696 0.041 53641.427167 19.437 0.014 53641.423834 19.285 0.014 53641.424667 19.046 0.016 53641.426334 19.065 0.048 39.80296 -0.872252
53657.384385 19.808 0.073 53657.386051 19.414 0.026 53657.382718 19.235 0.023 53657.383551 19.043 0.024 53657.385218 19.047 0.07 39.80296 -0.872252
53663.368933 19.554 0.063 53663.370599 19.413 0.027 53663.367266 19.27 0.019 53663.368099 18.993 0.018 53663.369766 18.99 0.054 39.80296 -0.872252
53665.346904 19.768 0.058 53665.34857 19.422 0.02 53665.345237 19.238 0.022 53665.34607 19.057 0.02 53665.347737 19.024 0.048 39.80296 -0.872252
53666.43902 19.698 0.063 53666.440686 19.459 0.021 53666.437353 19.293 0.02 53666.438186 19.013 0.017 53666.439853 19.03 0.05 39.80296 -0.872252
53668.358533 19.73 0.051 53668.360199 19.419 0.02 53668.356866 19.255 0.016 53668.357699 19.053 0.018 53668.359366 19.013 0.057 39.80296 -0.872252
53669.446149 19.764 0.069 53669.447815 19.42 0.02 53669.444482 19.258 0.019 53669.445315 19.013 0.02 53669.446982 18.996 0.061 39.80296 -0.872252
53670.363386 19.683 0.042 53670.365052 19.377 0.016 53670.361719 19.277 0.016 53670.362552 18.996 0.018 53670.364219 18.935 0.047 39.80296 -0.872252
53673.331373 19.794 0.036 53673.333039 19.393 0.013 53673.329706 19.242 0.012 53673.330539 19.037 0.013 53673.332206 19.068 0.041 39.80296 -0.872252
53675.328261 19.71 0.036 53675.329927 19.36 0.013 53675.326594 19.262 0.014 53675.327427 19.01 0.015 53675.329094 19.051 0.05 39.80296 -0.872252
53677.34929 19.638 0.034 53677.350956 19.394 0.013 53677.347623 19.244 0.013 53677.348456 19.007 0.013 53677.350123 19.012 0.036 39.80296 -0.872252
53680.335958 19.734 0.038 53680.337624 19.352 0.013 53680.334291 19.244 0.014 53680.335124 19.037 0.015 53680.336791 19.048 0.045 39.80296 -0.872252
53683.394513 19.707 0.043 53683.396179 19.408 0.015 53683.392846 19.251 0.016 53683.393679 19.023 0.018 53683.395346 19.046 0.067 39.80296 -0.872252
53686.33539 19.569 0.07 53686.337056 -99.99 0.03 53686.333723 19.263 0.022 53686.334556 19.001 0.02 53686.336223 19.075 0.058 39.80296 -0.872252
53693.33785 19.633 0.095 53693.339516 19.358 0.032 53693.336183 19.225 0.025 53693.337016 -99.99 0.029 53693.338683 18.852 0.055 39.80296 -0.872252
53699.358688 19.667 0.047 53699.360354 19.398 0.016 53699.357021 19.246 0.014 53699.357854 19.021 0.015 53699.359521 19.128 0.052 39.80296 -0.872252
53704.32117 19.658 0.042 53704.322836 19.378 0.014 53704.319503 19.227 0.014 53704.320336 19.012 0.022 53704.322003 19.061 0.055 39.80296 -0.872252
53989.41722 19.485 0.05 53989.418886 19.283 0.023 53989.415553 19.192 0.019 53989.416386 18.991 0.024 53989.418053 19.007 0.04 39.80296 -0.872252
53995.455947 19.585 0.03 53995.457614 19.324 0.022 53995.454281 19.201 0.017 53995.455114 18.978 0.021 53995.456781 19.016 0.035 39.80296 -0.872252
53997.440794 -99.99 0.028 53997.442461 19.299 0.019 53997.439127 19.164 0.018 53997.439961 18.986 0.017 53997.441627 19.042 0.036 39.80296 -0.872252
54000.392662 19.623 0.035 54000.394328 19.277 0.014 54000.390995 19.136 0.022 54000.391828 18.948 0.019 54000.393495 18.859 0.046 39.80296 -0.872252
54007.442835 19.56 0.034 54007.444501 19.261 0.021 54007.441168 19.194 0.027 54007.442001 18.942 0.018 54007.443668 18.995 0.049 39.80296 -0.872252
54009.366596 -99.99 0.028 54009.368262 19.288 0.028 54009.364929 19.184 0.014 54009.365762 18.97 0.02 54009.367429 18.987 0.033 39.80296 -0.872252
54011.431051 19.628 0.027 54011.432717 19.34 0.028 54011.429384 19.165 0.017 54011.430217 18.945 0.022 54011.431884 19.063 0.037 39.80296 -0.872252
54012.443872 19.514 0.031 54012.445539 19.264 0.026 54012.442205 19.12 0.018 54012.443039 18.905 0.02 54012.444705 19.009 0.043 39.80296 -0.872252
54025.430056 19.478 0.034 54025.431722 -99.99 0.021 54025.428389 19.148 0.021 54025.429222 18.991 0.018 54025.430889 18.914 0.045 39.80296 -0.872252
54346.423827 19.72 0.059 54346.425493 19.465 0.028 54346.42216 19.333 0.023 54346.422993 19.064 0.021 54346.42466 19.134 0.045 39.80296 -0.872252
54348.427847 19.788 0.045 54348.429513 19.378 0.029 54348.42618 19.291 0.028 54348.427013 19.02 0.026 54348.42868 18.982 0.047 39.80296 -0.872252
54358.383692 19.897 0.07 54358.385359 19.458 0.018 54358.382026 19.3 0.019 54358.382859 19.076 0.02 54358.384526 18.953 0.063 39.80296 -0.872252
54365.416687 19.824 0.032 54365.418354 19.459 0.021 54365.415021 19.305 0.018 54365.415854 19.045 0.018 54365.417521 19.06 0.042 39.80296 -0.872252
54381.436284 19.891 0.036 54381.43795 19.495 0.027 54381.434617 19.298 0.015 54381.43545 19.061 0.019 54381.437117 19.052 0.038 39.80296 -0.872252
54384.44292 19.732 0.042 54384.444586 19.481 0.026 54384.441253 19.346 0.021 54384.442086 19.071 0.021 54384.443753 19.112 0.048 39.80296 -0.872252
54386.428599 -99.99 0.046 54386.430266 19.494 0.025 54386.426933 19.276 0.025 54386.427766 19.058 0.017 54386.429433 19.042 0.052 39.80296 -0.872252
54388.432838 19.98 0.042 54388.434505 19.495 0.018 54388.431172 19.354 0.018 54388.432005 19.054 0.021 54388.433672 19.133 0.043 39.80296 -0.872252
54403.346645 19.845 0.079 54403.348311 19.515 0.028 54403.344978 19.343 0.032 54403.345811 19.046 0.024 54403.347478 19.045 0.048 39.80296 -0.872252
54404.404184 19.934 0.131 54404.405851 -99.99 0.14 54404.402517 -99.99 0.028 54404.403351 19.09 0.023 54404.405017 -99.99 99.999 39.80296 -0.872252
54406.340485 -99.99 0.037 54406.342152 19.467 0.023 54406.338818 19.28 0.021 54406.339652 19.074 0.023 54406.341318 19.132 0.038 39.80296 -0.872252
54412.366246 19.831 0.037 54412.367913 19.45 0.021 54412.364579 19.307 0.017 54412.365413 19.067 0.021 54412.367079 18.983 0.039 39.80296 -0.872252
