51081.31504 19.912 0.049 51081.316706 19.789 0.018 51081.313373 19.739 0.023 51081.314206 19.52 0.028 51081.315873 19.362 0.072 11.35551 0.872102
51819.386143 19.882 0.054 51819.387809 19.713 0.017 51819.384476 19.667 0.021 51819.385309 19.498 0.025 51819.386976 19.554 0.089 11.35551 0.872102
52558.351427 19.854 0.044 52558.353093 19.671 0.015 52558.34976 19.631 0.017 52558.350593 19.52 0.022 52558.35226 19.435 0.067 11.35551 0.872102
52577.23893 19.896 0.043 52577.240596 19.698 0.014 52577.237263 19.63 0.017 52577.238096 19.466 0.023 52577.239763 19.343 0.064 11.35551 0.872102
52586.242408 19.906 0.041 52586.244074 19.696 0.014 52586.240741 19.643 0.019 52586.241574 19.473 0.026 52586.243241 19.423 0.084 11.35551 0.872102
52910.322889 19.772 0.039 52910.324555 19.64 0.014 52910.321222 19.577 0.016 52910.322055 19.401 0.021 52910.323722 19.388 0.061 11.35551 0.872102
52931.253092 19.758 0.04 52931.254758 19.623 0.015 52931.251425 19.575 0.018 52931.252258 19.4 0.022 52931.253925 19.309 0.067 11.35551 0.872102
52935.250055 19.804 0.042 52935.251721 19.603 0.014 52935.248388 19.62 0.02 52935.249221 19.417 0.025 52935.250888 19.318 0.075 11.35551 0.872102
52959.193385 19.861 0.04 52959.195051 19.625 0.013 52959.191718 19.615 0.015 52959.192551 19.397 0.018 52959.194218 19.365 0.051 11.35551 0.872102
52963.173129 19.805 0.035 52963.174795 19.621 0.013 52963.171462 19.63 0.016 52963.172295 19.393 0.019 52963.173962 -99.99 0.057 11.35551 0.872102
53352.144197 19.876 0.045 53352.145863 19.638 0.014 53352.14253 19.609 0.017 53352.143363 19.401 0.021 53352.14503 19.295 0.063 11.35551 0.872102
53622.352494 20.058 0.067 53622.35416 19.902 0.02 53622.350827 19.775 0.025 53622.35166 19.609 0.032 53622.353327 19.365 0.105 11.35551 0.872102
53634.301964 20.028 0.105 53634.30363 19.856 0.044 53634.300297 19.814 0.033 53634.30113 19.621 0.058 53634.302797 19.642 0.094 11.35551 0.872102
53638.343301 20.043 0.056 53638.344967 19.865 0.018 53638.341634 19.811 0.021 53638.342467 19.626 0.025 53638.344134 19.558 0.074 11.35551 0.872102
53640.307336 19.966 0.06 53640.309002 19.804 0.018 53640.305669 19.789 0.024 53640.306502 19.594 0.03 53640.308169 19.447 0.083 11.35551 0.872102
53655.279507 20.232 0.096 53655.281173 19.854 0.024 53655.27784 19.786 0.032 53655.278673 19.691 0.039 53655.28034 19.469 0.098 11.35551 0.872102
53664.304463 20.279 0.148 53664.306129 19.939 0.056 53664.302796 19.783 0.042 53664.303629 19.658 0.051 53664.305296 19.443 0.114 11.35551 0.872102
53669.263706 20.038 0.046 53669.265372 19.903 0.019 53669.262039 19.831 0.023 53669.262872 19.58 0.027 53669.264539 19.517 0.068 11.35551 0.872102
53671.348471 20.175 0.073 53671.350137 19.949 0.018 53671.346804 19.795 0.025 53671.347637 19.59 0.029 53671.349304 19.561 0.084 11.35551 0.872102
53674.247943 20.197 0.063 53674.249609 19.889 0.017 53674.246276 19.84 0.021 53674.247109 19.588 0.028 53674.248776 19.456 0.074 11.35551 0.872102
53676.337415 20.185 0.061 53676.339081 19.863 0.017 53676.335748 19.815 0.02 53676.336581 19.602 0.023 53676.338248 19.556 0.064 11.35551 0.872102
53679.30931 20.077 0.069 53679.310976 19.893 0.018 53679.307643 19.82 0.026 53679.308476 19.603 0.032 53679.310143 19.514 0.089 11.35551 0.872102
53681.300822 -99.99 0.128 53681.302488 19.892 0.02 53681.299155 19.869 0.029 53681.299988 19.608 0.03 53681.301655 19.856 0.208 11.35551 0.872102
53685.259876 20.183 0.146 53685.261542 19.898 0.053 53685.258209 19.812 0.051 53685.259042 19.57 0.045 53685.260709 19.447 0.102 11.35551 0.872102
53694.273751 19.742 0.127 53694.275417 -99.99 0.053 53694.272084 19.824 0.058 53694.272917 19.705 0.061 53694.274584 19.494 0.147 11.35551 0.872102
53697.257847 20.055 0.064 53697.259513 19.883 0.02 53697.25618 19.803 0.023 53697.257013 19.635 0.027 53697.25868 19.559 0.073 11.35551 0.872102
53700.256804 20 0.063 53700.25847 19.907 0.019 53700.255137 19.8 0.024 53700.25597 19.695 0.033 53700.257637 19.609 0.097 11.35551 0.872102
53705.243474 20.078 0.056 53705.24514 19.881 0.017 53705.241807 19.852 0.02 53705.24264 19.641 0.031 53705.244307 19.555 0.064 11.35551 0.872102
53975.328499 20.137 0.05 53975.330165 19.908 0.022 53975.326832 19.785 0.019 53975.327665 19.57 0.026 53975.329332 19.586 0.077 11.35551 0.872102
53990.341315 20.259 0.099 53990.342982 19.923 0.034 53990.339649 19.823 0.03 53990.340482 19.603 0.034 53990.342149 -99.99 0.082 11.35551 0.872102
53994.35149 20.232 0.056 53994.353157 -99.99 0.027 53994.349824 19.824 0.021 53994.350657 19.695 0.031 53994.352324 19.504 0.078 11.35551 0.872102
53996.335246 20.204 0.054 53996.336913 19.905 0.019 53996.333579 19.814 0.021 53996.334413 19.604 0.027 53996.336079 19.505 0.076 11.35551 0.872102
53998.303835 20.424 0.081 53998.305502 19.88 0.026 53998.302169 -99.99 0.093 53998.303002 -99.99 0.055 53998.304669 19.512 0.088 11.35551 0.872102
54005.334089 20.164 0.043 54005.335756 19.955 0.022 54005.332423 19.806 0.021 54005.333256 19.613 0.025 54005.334923 -99.99 0.065 11.35551 0.872102
54010.289318 20.094 0.048 54010.290985 19.949 0.024 54010.287652 19.844 0.024 54010.288485 19.606 0.024 54010.290152 -99.99 0.056 11.35551 0.872102
54012.282211 20.115 0.086 54012.283877 19.951 0.033 54012.280544 19.844 0.034 54012.281377 19.635 0.036 54012.283044 -99.99 0.076 11.35551 0.872102
54020.288157 20.084 0.072 54020.289823 19.932 0.029 54020.28649 19.812 0.033 54020.287323 19.557 0.035 54020.28899 19.643 0.108 11.35551 0.872102
54024.369736 20.185 0.076 54024.371403 19.955 0.03 54024.368069 19.85 0.037 54024.368903 19.637 0.034 54024.370569 19.581 0.102 11.35551 0.872102
54028.358071 20.104 0.072 54028.359738 19.929 0.042 54028.356405 19.773 0.027 54028.357238 19.626 0.035 54028.358905 19.603 0.116 11.35551 0.872102
54030.281696 20.134 0.047 54030.283363 19.909 0.018 54030.28003 19.872 0.022 54030.280863 19.654 0.025 54030.28253 19.471 0.063 11.35551 0.872102
54035.357547 20.25 0.097 54035.359214 19.918 0.033 54035.35588 19.801 0.029 54035.356714 19.664 0.048 54035.35838 19.604 0.119 11.35551 0.872102
54037.262966 20.026 0.052 54037.264633 19.909 0.019 54037.2613 19.849 0.021 54037.262133 19.657 0.029 54037.2638 19.492 0.068 11.35551 0.872102
54040.277454 20.211 0.129 54040.279121 19.883 0.046 54040.275787 19.872 0.04 54040.276621 19.655 0.043 54040.278287 19.551 0.091 11.35551 0.872102
54047.308331 -99.99 0.363 54047.309997 19.82 0.061 54047.306664 19.834 0.065 54047.307497 19.593 0.062 54047.309164 -99.99 0.157 11.35551 0.872102
54049.303916 20.125 0.113 54049.305582 19.85 0.035 54049.302249 19.823 0.036 54049.303082 19.595 0.037 54049.304749 19.452 0.095 11.35551 0.872102
54053.268254 20.102 0.051 54053.26992 19.922 0.02 54053.266587 19.852 0.023 54053.26742 19.626 0.029 54053.269087 19.559 0.074 11.35551 0.872102
54056.269872 19.944 0.066 54056.271539 19.916 0.037 54056.268205 19.873 0.037 54056.269039 19.671 0.036 54056.270705 19.618 0.099 11.35551 0.872102
54059.264177 20.025 0.092 54059.265844 19.886 0.066 54059.262511 19.858 0.027 54059.263344 19.69 0.039 54059.265011 19.748 0.125 11.35551 0.872102
54062.269096 20.09 0.069 54062.270763 19.906 0.018 54062.26743 19.863 0.027 54062.268263 19.623 0.033 54062.26993 19.468 0.081 11.35551 0.872102
54068.249626 20.132 0.129 54068.251292 19.903 0.047 54068.247959 19.812 0.043 54068.248792 19.692 0.044 54068.250459 19.585 0.112 11.35551 0.872102
54357.307352 20.071 0.043 54357.309019 19.925 0.021 54357.305686 19.814 0.021 54357.306519 19.606 0.023 54357.308186 19.492 0.056 11.35551 0.872102
54362.357204 20.037 0.063 54362.358871 19.905 0.04 54362.355537 19.813 0.028 54362.356371 19.621 0.037 54362.358037 19.711 0.096 11.35551 0.872102
54382.337387 -99.99 0.085 54382.339054 19.873 0.027 54382.33572 19.805 0.03 54382.336554 19.662 0.04 54382.33822 19.375 0.099 11.35551 0.872102
54385.355199 20.058 0.049 54385.356866 19.916 0.025 54385.353533 19.856 0.021 54385.354366 19.659 0.022 54385.356033 19.631 0.057 11.35551 0.872102
54387.355726 20.208 0.083 54387.357393 19.9 0.039 54387.35406 19.867 0.031 54387.354893 19.683 0.035 54387.35656 19.543 0.095 11.35551 0.872102
54391.35654 19.997 0.095 54391.358207 19.898 0.04 54391.354873 19.902 0.045 54391.355707 19.694 0.08 54391.357373 19.395 0.115 11.35551 0.872102
54392.350405 20.106 0.087 54392.352071 19.912 0.032 54392.348738 19.824 0.03 54392.349571 19.592 0.033 54392.351238 19.513 0.104 11.35551 0.872102
54402.348864 20.094 0.157 54402.35053 19.923 0.041 54402.347197 19.834 0.038 54402.34803 19.697 0.04 54402.349697 19.656 0.099 11.35551 0.872102
