51075.409496 20.136 0.046 51075.411162 19.443 0.013 51075.407829 19.307 0.014 51075.408662 19.314 0.019 51075.410329 18.899 0.052 39.580286 -0.50815
51818.379134 20.268 0.055 51818.3808 19.513 0.013 51818.377467 19.419 0.015 51818.3783 19.417 0.017 51818.379967 19.099 0.047 39.580286 -0.50815
52170.430168 20.528 0.076 52170.431834 19.824 0.016 52170.428501 19.685 0.018 52170.429334 19.642 0.021 52170.431001 19.291 0.057 39.580286 -0.50815
52171.36724 20.617 0.076 52171.368906 19.79 0.016 52171.365573 19.638 0.017 52171.366406 19.551 0.019 52171.368073 19.212 0.05 39.580286 -0.50815
52173.343523 20.505 0.082 52173.345189 19.817 0.016 52173.341856 19.655 0.019 52173.342689 19.543 0.025 52173.344356 19.103 0.059 39.580286 -0.50815
52224.323737 20.601 0.075 52224.325403 19.798 0.015 52224.32207 19.674 0.017 52224.322903 19.743 0.021 52224.32457 19.219 0.049 39.580286 -0.50815
52234.280163 20.475 0.074 52234.281829 19.81 0.017 52234.278496 19.63 0.019 52234.279329 19.527 0.019 52234.280996 19.109 0.047 39.580286 -0.50815
52261.243517 20.328 0.061 52261.245183 19.684 0.014 52261.24185 19.573 0.016 52261.242683 19.556 0.018 52261.24435 19.158 0.043 39.580286 -0.50815
52283.110889 20.766 0.115 52283.112555 19.734 0.018 52283.109222 19.6 0.023 52283.110055 19.567 0.029 52283.111722 -99.99 0.094 39.580286 -0.50815
52287.124012 20.531 0.07 52287.125678 19.735 0.015 52287.122345 19.563 0.016 52287.123178 19.57 0.02 52287.124845 19.24 0.05 39.580286 -0.50815
52552.442707 20.235 0.071 52552.444373 19.644 0.016 52552.44104 19.421 0.016 52552.441873 19.488 0.021 52552.44354 18.95 0.056 39.580286 -0.50815
52557.417068 20.211 0.06 52557.418734 19.548 0.013 52557.415401 19.483 0.017 52557.416234 19.449 0.019 52557.417901 19.063 0.054 39.580286 -0.50815
52908.391635 20.149 0.057 52908.393301 19.516 0.013 52908.389968 19.357 0.015 52908.390801 19.361 0.017 52908.392468 19.034 0.048 39.580286 -0.50815
52912.371074 20.201 0.06 52912.37274 19.557 0.014 52912.369407 19.34 0.014 52912.37024 19.352 0.016 52912.371907 19.12 0.046 39.580286 -0.50815
52934.32354 20.097 0.057 52934.325206 19.452 0.013 52934.321873 19.463 0.016 52934.322706 19.335 0.018 52934.324373 18.968 0.05 39.580286 -0.50815
52936.319467 20.089 0.048 52936.321133 19.469 0.012 52936.3178 19.342 0.014 52936.318633 19.384 0.017 52936.3203 18.98 0.042 39.580286 -0.50815
53270.383586 -99.99 0.054 53270.385252 19.484 0.026 53270.381919 19.378 0.022 53270.382752 19.312 0.02 53270.384419 19.203 0.053 39.580286 -0.50815
53272.433465 20.042 0.054 53272.435131 19.508 0.013 53272.431798 19.361 0.014 53272.432631 19.373 0.018 53272.434298 19.166 0.052 39.580286 -0.50815
53286.402186 20.192 0.065 53286.403852 19.499 0.014 53286.400519 19.456 0.016 53286.401352 19.264 0.016 53286.403019 19.079 0.047 39.580286 -0.50815
53288.360679 20.131 0.053 53288.362345 19.441 0.012 53288.359012 19.353 0.014 53288.359845 19.355 0.016 53288.361512 18.972 0.039 39.580286 -0.50815
53294.40835 20.228 0.145 53294.410016 19.465 0.06 53294.406683 -99.99 0.022 53294.407516 19.407 0.026 53294.409183 -99.99 0.284 39.580286 -0.50815
53296.355353 20.15 0.059 53296.35702 19.451 0.024 53296.353687 19.399 0.025 53296.35452 19.308 0.028 53296.356187 19.107 0.057 39.580286 -0.50815
53298.405128 20.245 0.06 53298.406794 19.462 0.012 53298.403461 19.37 0.015 53298.404294 19.371 0.019 53298.405961 19.035 0.052 39.580286 -0.50815
53302.356347 -99.99 0.063 53302.358013 19.507 0.019 53302.35468 19.454 0.019 53302.355513 19.307 0.018 53302.35718 19.051 0.043 39.580286 -0.50815
53312.311883 20.193 0.09 53312.31355 19.478 0.036 53312.310216 19.329 0.027 53312.31105 19.328 0.032 53312.312716 19.059 0.058 39.580286 -0.50815
53314.313078 20.091 0.06 53314.314744 19.501 0.016 53314.311411 19.338 0.016 53314.312244 19.333 0.019 53314.313911 19.089 0.051 39.580286 -0.50815
53319.300874 20.185 0.068 53319.30254 19.476 0.014 53319.299207 19.334 0.017 53319.30004 19.404 0.022 53319.301707 19.21 0.059 39.580286 -0.50815
53616.41743 20.29 0.084 53616.419096 19.569 0.015 53616.415763 19.476 0.019 53616.416596 19.488 0.022 53616.418263 19.152 0.059 39.580286 -0.50815
53626.393857 20.253 0.097 53626.395523 -99.99 0.016 53626.39219 19.577 0.028 53626.393023 -99.99 0.023 53626.39469 19.261 0.078 39.580286 -0.50815
53628.378722 20.207 0.084 53628.380388 19.536 0.021 53628.377055 19.468 0.022 53628.377888 19.451 0.023 53628.379555 19.253 0.063 39.580286 -0.50815
53639.425718 20.303 0.074 53639.427384 19.621 0.016 53639.424051 19.434 0.015 53639.424884 19.447 0.017 53639.426551 19.074 0.043 39.580286 -0.50815
53641.424884 20.166 0.068 53641.42655 19.589 0.015 53641.423217 19.491 0.016 53641.42405 19.479 0.018 53641.425717 19.113 0.047 39.580286 -0.50815
53657.383768 20.58 0.164 53657.385434 19.623 0.032 53657.382101 19.485 0.032 53657.382934 19.519 0.033 53657.384601 19.542 0.115 39.580286 -0.50815
53663.368317 20.252 0.134 53663.369983 19.753 0.034 53663.36665 19.453 0.023 53663.367483 19.468 0.023 53663.36915 18.986 0.049 39.580286 -0.50815
53665.346288 20.259 0.114 53665.347954 19.599 0.023 53665.344621 19.385 0.034 53665.345454 19.388 0.027 53665.347121 18.987 0.051 39.580286 -0.50815
53666.438404 20.388 0.138 53666.44007 19.654 0.024 53666.436737 19.583 0.026 53666.43757 19.51 0.025 53666.439237 19.016 0.049 39.580286 -0.50815
53668.357917 20.437 0.102 53668.359583 19.703 0.021 53668.35625 19.552 0.021 53668.357083 19.529 0.024 53668.35875 19.107 0.059 39.580286 -0.50815
53669.445532 20.27 0.121 53669.447198 19.76 0.025 53669.443865 19.565 0.025 53669.444698 19.47 0.024 53669.446365 19.225 0.066 39.580286 -0.50815
53670.362769 20.241 0.079 53670.364435 19.669 0.017 53670.361102 19.526 0.019 53670.361935 19.544 0.024 53670.363602 19.231 0.057 39.580286 -0.50815
53673.330756 20.306 0.058 53673.332422 19.778 0.015 53673.329089 19.565 0.015 53673.329922 19.486 0.016 53673.331589 19.099 0.039 39.580286 -0.50815
53675.327644 20.53 0.075 53675.32931 19.677 0.014 53675.325977 19.517 0.016 53675.32681 19.568 0.02 53675.328477 19.107 0.05 39.580286 -0.50815
53677.348674 20.446 0.07 53677.35034 19.738 0.014 53677.347007 19.58 0.016 53677.34784 19.495 0.016 53677.349507 19.1 0.039 39.580286 -0.50815
53680.335341 -99.99 0.065 53680.337007 19.727 0.015 53680.333674 19.557 0.017 53680.334507 19.46 0.019 53680.336174 19.209 0.051 39.580286 -0.50815
53683.393896 20.792 0.113 53683.395562 19.766 0.017 53683.392229 19.577 0.019 53683.393062 19.602 0.026 53683.394729 19.202 0.072 39.580286 -0.50815
53686.334773 20.446 0.162 53686.336439 19.573 0.032 53686.333106 19.532 0.028 53686.333939 19.437 0.025 53686.335606 19.276 0.067 39.580286 -0.50815
53693.337232 20.517 0.338 53693.338898 19.882 0.046 53693.335565 19.654 0.035 53693.336398 19.65 0.038 53693.338065 19.451 0.095 39.580286 -0.50815
53699.358072 20.598 0.108 53699.359738 19.706 0.019 53699.356405 19.563 0.018 53699.357238 19.57 0.02 53699.358905 19.179 0.05 39.580286 -0.50815
53704.320554 20.473 0.104 53704.32222 19.692 0.015 53704.318887 19.569 0.018 53704.31972 19.498 0.024 53704.321387 19.203 0.067 39.580286 -0.50815
53989.416709 20.319 0.118 53989.418376 19.741 0.038 53989.415042 19.61 0.033 53989.415876 19.822 0.046 53989.417542 19.259 0.047 39.580286 -0.50815
53995.455437 20.367 0.056 53995.457104 19.795 0.026 53995.45377 19.704 0.027 53995.454604 19.656 0.024 53995.45627 19.251 0.043 39.580286 -0.50815
53997.440179 20.618 0.071 53997.441846 19.789 0.026 53997.438513 19.659 0.027 53997.439346 19.614 0.027 53997.441013 19.332 0.047 39.580286 -0.50815
54000.392036 20.514 0.072 54000.393703 19.818 0.027 54000.390369 19.64 0.032 54000.391203 19.678 0.037 54000.392869 19.437 0.072 39.580286 -0.50815
54007.442174 20.537 0.099 54007.443841 19.821 0.032 54007.440508 19.646 0.03 54007.441341 19.621 0.044 54007.443008 19.178 0.05 39.580286 -0.50815
54009.365953 20.641 0.068 54009.36762 19.901 0.033 54009.364286 19.634 0.02 54009.36512 19.633 0.025 54009.366786 19.232 0.042 39.580286 -0.50815
54011.430493 20.662 0.083 54011.43216 19.897 0.031 54011.428827 19.673 0.024 54011.42966 19.601 0.026 54011.431327 19.269 0.047 39.580286 -0.50815
54012.443258 20.529 0.073 54012.444925 19.8 0.026 54012.441591 19.66 0.033 54012.442425 19.613 0.031 54012.444091 19.23 0.051 39.580286 -0.50815
54025.429512 20.613 0.096 54025.431178 19.886 0.035 54025.427845 19.748 0.035 54025.428678 19.577 0.034 54025.430345 19.371 0.071 39.580286 -0.50815
54346.423232 20.853 0.158 54346.424898 20.001 0.044 54346.421565 19.717 0.036 54346.422398 19.675 0.035 54346.424065 19.165 0.05 39.580286 -0.50815
54348.427189 20.624 0.102 54348.428856 19.86 0.031 54348.425522 19.705 0.031 54348.426356 19.732 0.032 54348.428022 19.336 0.057 39.580286 -0.50815
54358.383008 20.781 0.125 54358.384675 19.825 0.038 54358.381342 19.836 0.042 54358.382175 19.647 0.031 54358.383842 19.433 0.092 39.580286 -0.50815
54365.416084 20.604 0.066 54365.417751 19.961 0.031 54365.414417 19.727 0.022 54365.415251 19.694 0.028 54365.416917 19.32 0.054 39.580286 -0.50815
54381.435643 20.56 0.062 54381.43731 19.958 0.036 54381.433976 19.762 0.023 54381.43481 19.714 0.028 54381.436476 19.201 0.042 39.580286 -0.50815
54384.442306 20.854 0.106 54384.443972 19.885 0.03 54384.440639 19.767 0.03 54384.441472 19.71 0.03 54384.443139 19.389 0.066 39.580286 -0.50815
54386.427986 20.638 0.084 54386.429652 19.939 0.028 54386.426319 19.687 0.027 54386.427152 19.672 0.03 54386.428819 19.308 0.067 39.580286 -0.50815
54388.432328 20.763 0.098 54388.433994 19.942 0.03 54388.430661 19.774 0.026 54388.431494 19.654 0.023 54388.433161 19.293 0.052 39.580286 -0.50815
54392.42981 20.566 0.109 54392.431476 19.961 0.041 54392.428143 19.738 0.035 54392.428976 19.831 0.044 54392.430643 -99.99 0.12 39.580286 -0.50815
54404.403587 20.655 0.19 54404.405254 -99.99 99.999 54404.40192 -99.99 0.136 54404.402754 -99.99 0.039 54404.40442 -99.99 0.249 39.580286 -0.50815
54406.339871 20.583 0.08 54406.341538 19.924 0.027 54406.338205 19.928 0.049 54406.339038 19.688 0.031 54406.340705 19.475 0.055 39.580286 -0.50815
54412.365621 20.634 0.081 54412.367287 19.827 0.031 54412.363954 19.752 0.025 54412.364787 19.68 0.028 54412.366454 19.298 0.051 39.580286 -0.50815
