51081.388535 21.371 0.124 51081.390201 21.106 0.041 51081.386868 20.74 0.041 51081.387701 20.825 0.06 51081.389368 21.042 0.263 37.888648 -0.29446
51819.459643 20.237 0.081 51819.461309 20.267 0.028 51819.457976 20.137 0.036 51819.458809 20.205 0.047 51819.460476 19.993 0.168 37.888648 -0.29446
51875.203495 20.506 0.056 51875.205161 20.332 0.022 51875.201828 20.133 0.026 51875.202661 20.2 0.038 51875.204328 20.135 0.13 37.888648 -0.29446
52225.284324 20.114 0.046 52225.28599 20.088 0.019 52225.282657 19.935 0.021 52225.28349 20.002 0.028 52225.285157 20.071 0.1 37.888648 -0.29446
52288.118746 20.319 0.052 52288.120412 20.274 0.021 52288.117079 20.11 0.024 52288.117912 20.121 0.032 52288.119579 20.386 0.143 37.888648 -0.29446
52551.392035 20.132 0.048 52551.393701 20.125 0.019 52551.390368 20.013 0.022 52551.391201 20.149 0.033 52551.392868 19.874 0.096 37.888648 -0.29446
52558.424909 20.117 0.044 52558.426575 20.183 0.018 52558.423242 20.001 0.02 52558.424075 20.024 0.025 52558.425742 20.094 0.098 37.888648 -0.29446
52578.296518 20.029 0.043 52578.298184 20.175 0.018 52578.294851 20.001 0.022 52578.295684 20.093 0.033 52578.297351 20.145 0.127 37.888648 -0.29446
52585.259497 20.175 0.044 52585.261163 20.222 0.018 52585.25783 20.015 0.021 52585.258663 20.12 0.035 52585.26033 20.173 0.141 37.888648 -0.29446
52909.426132 20.196 0.047 52909.427798 20.216 0.018 52909.424465 20.07 0.02 52909.425298 20.125 0.028 52909.426965 20.125 0.101 37.888648 -0.29446
52910.396374 20.16 0.052 52910.39804 20.208 0.02 52910.394707 20.049 0.022 52910.39554 20.158 0.032 52910.397207 20.19 0.117 37.888648 -0.29446
52935.323543 20.063 0.052 52935.325209 20.107 0.02 52935.321876 19.994 0.024 52935.322709 20.134 0.04 52935.324376 19.947 0.132 37.888648 -0.29446
52963.246621 20.107 0.04 52963.248287 20.159 0.017 52963.244954 20.015 0.019 52963.245787 20.09 0.025 52963.247454 20.243 0.1 37.888648 -0.29446
52971.237535 19.979 0.064 52971.239201 -99.99 0.022 52971.235868 -99.99 0.041 52971.236701 20.059 0.055 52971.238368 -99.99 0.137 37.888648 -0.29446
53351.168923 20.587 0.068 53351.170589 20.656 0.026 53351.167256 20.4 0.03 53351.168089 20.469 0.046 53351.169756 20.464 0.188 37.888648 -0.29446
53622.425976 20.848 0.079 53622.427642 20.815 0.027 53622.424309 20.505 0.028 53622.425142 20.557 0.04 53622.426809 20.756 0.174 37.888648 -0.29446
53634.375448 20.93 0.264 53634.377114 -99.99 0.102 53634.373781 20.552 0.066 53634.374614 20.576 0.068 53634.376281 20.737 0.211 37.888648 -0.29446
53638.416784 20.872 0.103 53638.41845 20.79 0.035 53638.415117 20.563 0.035 53638.41595 20.545 0.041 53638.417617 20.757 0.183 37.888648 -0.29446
53640.380819 20.897 0.099 53640.382485 20.758 0.033 53640.379152 20.502 0.035 53640.379985 20.591 0.048 53640.381652 20.548 0.165 37.888648 -0.29446
53646.442229 20.811 0.183 53646.443895 20.809 0.05 53646.440562 20.546 0.067 53646.441395 20.474 0.095 53646.443062 20.029 0.211 37.888648 -0.29446
53655.352993 20.867 0.09 53655.354659 20.82 0.028 53655.351326 20.545 0.033 53655.352159 20.554 0.047 53655.353826 20.497 0.165 37.888648 -0.29446
53657.260959 24.116 6.025 53657.262625 -99.99 0.25 53657.259292 20.533 0.106 53657.260125 20.632 0.145 53657.261792 -99.99 0.548 37.888648 -0.29446
53663.442648 21.142 0.36 53663.444314 20.763 0.095 53663.440981 20.636 0.07 53663.441814 20.718 0.083 53663.443481 20.933 0.277 37.888648 -0.29446
53664.377949 20.773 0.209 53664.379615 20.843 0.093 53664.376282 20.428 0.085 53664.377115 20.577 0.103 53664.378782 20.327 0.23 37.888648 -0.29446
53665.442581 21.055 0.235 53665.444247 20.912 0.074 53665.440914 20.477 0.051 53665.441747 20.661 0.077 53665.443414 20.532 0.238 37.888648 -0.29446
53668.431187 20.831 0.198 53668.432853 20.858 0.071 53668.42952 20.484 0.058 53668.430353 20.498 0.071 53668.43202 20.297 0.24 37.888648 -0.29446
53670.43717 20.566 0.141 53670.438836 -99.99 0.051 53670.435503 20.466 0.053 53670.436336 20.525 0.07 53670.438003 20.769 0.307 37.888648 -0.29446
53671.421946 20.877 0.131 53671.423612 20.763 0.041 53671.420279 20.541 0.042 53671.421112 20.591 0.056 53671.422779 20.37 0.199 37.888648 -0.29446
53674.321431 20.786 0.118 53674.323097 20.807 0.039 53674.319764 20.403 0.043 53674.320597 20.6 0.069 53674.322264 -99.99 0.294 37.888648 -0.29446
53676.410889 20.879 0.172 53676.412555 20.776 0.034 53676.409222 20.505 0.048 53676.410055 20.657 0.085 53676.411722 20.679 0.235 37.888648 -0.29446
53679.38279 20.766 0.112 53679.384456 20.837 0.036 53679.381123 20.599 0.055 53679.381956 20.636 0.078 53679.383623 20.667 0.281 37.888648 -0.29446
53681.374303 20.847 0.132 53681.375969 20.823 0.037 53681.372636 20.612 0.046 53681.373469 20.63 0.059 53681.375136 20.477 0.176 37.888648 -0.29446
53687.277112 21.312 0.536 53687.278778 20.522 0.128 53687.275445 -99.99 0.084 53687.276278 20.43 0.122 53687.277945 19.927 0.191 37.888648 -0.29446
53697.331328 20.812 0.116 53697.332994 20.827 0.043 53697.329661 20.51 0.036 53697.330494 20.587 0.048 53697.332161 20.508 0.157 37.888648 -0.29446
53700.330285 -99.99 0.114 53700.331951 20.832 0.035 53700.328618 20.507 0.039 53700.329451 20.526 0.056 53700.331118 20.53 0.222 37.888648 -0.29446
53705.316956 20.782 0.103 53705.318622 20.842 0.037 53705.315289 20.48 0.039 53705.316122 20.615 0.058 53705.317789 -99.99 0.275 37.888648 -0.29446
53975.401962 20.629 0.071 53975.403629 20.754 0.033 53975.400295 20.495 0.036 53975.401129 20.631 0.052 53975.402795 20.782 0.202 37.888648 -0.29446
53994.424961 20.659 0.066 53994.426628 20.656 0.029 53994.423294 20.494 0.029 53994.424128 20.592 0.04 53994.425794 20.694 0.154 37.888648 -0.29446
53996.408758 20.631 0.068 53996.410425 20.721 0.034 53996.407092 20.366 0.031 53996.407925 20.542 0.044 53996.409592 20.445 0.158 37.888648 -0.29446
54005.421929 20.633 0.062 54005.423595 20.629 0.03 54005.420262 20.368 0.024 54005.421095 20.474 0.034 54005.422762 20.561 0.131 37.888648 -0.29446
54009.435685 20.663 0.061 54009.437352 20.597 0.024 54009.434019 20.425 0.029 54009.434852 20.533 0.035 54009.436519 20.492 0.127 37.888648 -0.29446
54010.362828 20.672 0.056 54010.364495 20.653 0.028 54010.361161 20.413 0.028 54010.361995 20.542 0.03 54010.363661 20.52 0.096 37.888648 -0.29446
54012.355691 20.706 0.114 54012.357358 20.66 0.048 54012.354024 20.408 0.037 54012.354858 20.471 0.046 54012.356524 20.489 0.157 37.888648 -0.29446
54024.44322 20.56 0.082 54024.444886 20.606 0.034 54024.441553 20.373 0.038 54024.442386 20.43 0.044 54024.444053 20.148 0.118 37.888648 -0.29446
54028.431541 20.467 0.086 54028.433208 20.639 0.035 54028.429875 20.299 0.039 54028.430708 20.53 0.068 54028.432375 20.647 0.279 37.888648 -0.29446
54030.386958 20.735 0.072 54030.388625 20.648 0.025 54030.385292 20.361 0.027 54030.386125 20.44 0.037 54030.387792 20.665 0.172 37.888648 -0.29446
54035.430995 -99.99 0.103 54035.432662 20.653 0.034 54035.429328 20.431 0.044 54035.430162 20.475 0.063 54035.431828 20.288 0.177 37.888648 -0.29446
54037.336428 20.551 0.053 54037.338094 20.647 0.023 54037.334761 20.413 0.025 54037.335594 20.453 0.031 54037.337261 20.407 0.092 37.888648 -0.29446
54040.350931 20.821 0.094 54040.352597 20.668 0.039 54040.349264 20.52 0.041 54040.350097 20.618 0.057 54040.351764 20.663 0.186 37.888648 -0.29446
54049.377361 20.491 0.137 54049.379027 20.65 0.055 54049.375694 20.514 0.049 54049.376527 20.498 0.059 54049.378194 20.343 0.19 37.888648 -0.29446
54053.357327 20.7 0.091 54053.358994 20.629 0.04 54053.355661 20.418 0.033 54053.356494 -99.99 0.055 54053.358161 -99.99 0.181 37.888648 -0.29446
54056.343381 20.653 0.091 54056.345048 20.672 0.033 54056.341714 20.534 0.04 54056.342548 20.47 0.047 54056.344214 20.53 0.2 37.888648 -0.29446
54059.337636 20.737 0.091 54059.339303 -99.99 0.044 54059.335969 -99.99 0.038 54059.336803 20.455 0.053 54059.338469 20.155 0.149 37.888648 -0.29446
54061.348742 20.666 0.151 54061.350409 20.611 0.097 54061.347075 20.371 0.057 54061.347909 20.433 0.07 54061.349575 20.188 0.205 37.888648 -0.29446
54062.3426 20.697 0.08 54062.344267 20.603 0.027 54062.340933 20.385 0.032 54062.341767 20.459 0.043 54062.343433 20.316 0.157 37.888648 -0.29446
54064.338969 20.733 0.085 54064.340635 20.636 0.033 54064.337302 20.42 0.031 54064.338135 20.451 0.043 54064.339802 20.217 0.132 37.888648 -0.29446
54357.380939 20.705 0.06 54357.382606 20.714 0.025 54357.379272 20.44 0.028 54357.380106 20.62 0.034 54357.381772 20.521 0.109 37.888648 -0.29446
54362.430716 20.728 0.062 54362.432382 20.68 0.039 54362.429049 20.405 0.029 54362.429882 20.568 0.04 54362.431549 20.591 0.131 37.888648 -0.29446
54376.425803 20.625 0.101 54376.427469 -99.99 0.032 54376.424136 20.413 0.031 54376.424969 20.554 0.046 54376.426636 20.75 0.179 37.888648 -0.29446
54382.41086 20.709 0.084 54382.412527 20.593 0.047 54382.409194 20.372 0.039 54382.410027 20.582 0.053 54382.411694 20.269 0.17 37.888648 -0.29446
54385.428656 20.542 0.066 54385.430323 20.625 0.029 54385.426989 20.406 0.027 54385.427823 20.4 0.033 54385.429489 20.371 0.103 37.888648 -0.29446
54387.429243 20.629 0.128 54387.430909 20.665 0.044 54387.427576 20.389 0.045 54387.428409 20.409 0.066 54387.430076 -99.99 0.205 37.888648 -0.29446
54390.421736 -99.99 4.099 54390.423403 -99.99 99.999 54390.420069 20.418 0.051 54390.420903 20.409 0.075 54390.422569 -99.99 99.999 37.888648 -0.29446
54402.422365 20.392 0.17 54402.424032 20.609 0.08 54402.420698 20.342 0.052 54402.421532 20.452 0.062 54402.423198 20.612 0.212 37.888648 -0.29446
