51081.318152 19.203 0.028 51081.319818 19.025 0.011 51081.316485 18.892 0.012 51081.317318 19.009 0.018 51081.318985 18.943 0.05 12.486847 0.500691
51819.389281 -99.99 0.025 51819.390947 18.905 0.01 51819.387614 18.779 0.011 51819.388447 18.866 0.016 51819.390114 18.904 0.045 12.486847 0.500691
52558.35456 -99.99 0.021 52558.356226 18.782 0.009 52558.352893 18.71 0.01 52558.353726 18.81 0.013 52558.355393 18.844 0.038 12.486847 0.500691
52577.242063 18.846 0.02 52577.243729 18.809 0.009 52577.240396 18.71 0.01 52577.241229 18.807 0.014 52577.242896 18.814 0.038 12.486847 0.500691
52586.245542 -99.99 0.02 52586.247208 18.81 0.009 52586.243875 18.698 0.01 52586.244708 18.799 0.016 52586.246375 18.904 0.049 12.486847 0.500691
52910.326022 19.109 0.024 52910.327688 18.998 0.01 52910.324355 18.816 0.01 52910.325188 18.925 0.014 52910.326855 18.944 0.041 12.486847 0.500691
52931.256225 19.065 0.024 52931.257891 18.975 0.01 52931.254558 18.841 0.011 52931.255391 18.936 0.015 52931.257058 18.924 0.045 12.486847 0.500691
52935.253189 19.082 0.026 52935.254855 18.983 0.01 52935.251522 18.837 0.011 52935.252355 18.923 0.017 52935.254022 18.91 0.046 12.486847 0.500691
52959.196518 19.157 0.025 52959.198184 19.02 0.01 52959.194851 18.871 0.01 52959.195684 18.984 0.014 52959.197351 19.009 0.037 12.486847 0.500691
52963.176263 19.142 0.023 52963.177929 19.009 0.01 52963.174596 18.881 0.01 52963.175429 18.941 0.014 52963.177096 18.929 0.035 12.486847 0.500691
53352.147329 -99.99 0.023 53352.148995 18.97 0.01 53352.145662 18.833 0.01 53352.146495 18.963 0.016 53352.148162 19.061 0.052 12.486847 0.500691
53622.355627 19.373 0.037 53622.357293 19.273 0.014 53622.35396 19.07 0.014 53622.354793 19.241 0.029 53622.35646 19.162 0.073 12.486847 0.500691
53634.305097 19.408 0.065 53634.306763 19.24 0.024 53634.30343 19.058 0.021 53634.304263 19.163 0.025 53634.30593 19.145 0.058 12.486847 0.500691
53638.346431 19.495 0.035 53638.348097 19.296 0.013 53638.344764 19.1 0.013 53638.345597 19.228 0.018 53638.347264 19.187 0.05 12.486847 0.500691
53640.310468 19.396 0.035 53640.312134 19.288 0.013 53640.308801 19.118 0.013 53640.309634 19.252 0.022 53640.311301 19.121 0.051 12.486847 0.500691
53655.282639 19.413 0.037 53655.284305 19.304 0.016 53655.280972 19.134 0.016 53655.281805 19.238 0.023 53655.283472 19.232 0.066 12.486847 0.500691
53664.307596 19.413 0.071 53664.309262 19.339 0.023 53664.305929 19.092 0.028 53664.306762 19.237 0.047 53664.308429 19.29 0.09 12.486847 0.500691
53669.266838 19.54 0.03 53669.268504 19.329 0.011 53669.265171 19.139 0.012 53669.266004 19.26 0.018 53669.267671 19.249 0.046 12.486847 0.500691
53671.351604 19.408 0.039 53671.35327 -99.99 0.014 53671.349937 19.102 0.014 53671.35077 19.268 0.02 53671.352437 19.296 0.059 12.486847 0.500691
53674.251075 19.444 0.033 53674.252741 19.312 0.013 53674.249408 19.133 0.013 53674.250241 19.281 0.02 53674.251908 19.252 0.053 12.486847 0.500691
53676.340547 19.451 0.035 53676.342213 19.304 0.012 53676.33888 19.127 0.012 53676.339713 19.237 0.018 53676.34138 19.233 0.047 12.486847 0.500691
53679.312442 19.494 0.038 53679.314108 19.307 0.013 53679.310775 19.115 0.015 53679.311608 19.205 0.022 53679.313275 19.325 0.073 12.486847 0.500691
53681.303954 19.394 0.036 53681.30562 19.319 0.013 53681.302287 19.157 0.018 53681.30312 19.271 0.022 53681.304787 19.189 0.055 12.486847 0.500691
53685.263008 19.397 0.071 53685.264674 19.264 0.034 53685.261341 19.157 0.026 53685.262174 19.224 0.032 53685.263841 19.228 0.073 12.486847 0.500691
53694.276884 19.522 0.115 53694.27855 19.274 0.034 53694.275217 19.099 0.027 53694.27605 19.157 0.036 53694.277717 -99.99 0.087 12.486847 0.500691
53697.260979 19.484 0.038 53697.262645 19.308 0.014 53697.259312 19.143 0.014 53697.260145 19.307 0.021 53697.261812 19.193 0.045 12.486847 0.500691
53700.259937 19.392 0.038 53700.261603 19.303 0.014 53700.25827 19.143 0.015 53700.259103 19.25 0.023 53700.26077 19.23 0.068 12.486847 0.500691
53705.246607 19.467 0.035 53705.248273 19.304 0.012 53705.24494 19.11 0.013 53705.245773 19.281 0.018 53705.24744 19.3 0.049 12.486847 0.500691
53975.331612 19.698 0.036 53975.333279 19.437 0.027 53975.329945 19.218 0.015 53975.330779 19.347 0.021 53975.332445 19.348 0.059 12.486847 0.500691
53990.34457 19.622 0.052 53990.346237 19.412 0.026 53990.342903 19.274 0.019 53990.343737 19.386 0.027 53990.345403 19.217 0.06 12.486847 0.500691
53994.354598 19.617 0.033 53994.356265 19.44 0.019 53994.352931 19.212 0.021 53994.353765 19.366 0.022 53994.355431 -99.99 0.048 12.486847 0.500691
53996.338349 19.607 0.031 53996.340015 19.42 0.025 53996.336682 19.201 0.026 53996.337515 19.317 0.025 53996.339182 19.276 0.058 12.486847 0.500691
53998.307014 19.574 0.046 53998.308681 -99.99 0.018 53998.305347 19.244 0.024 53998.306181 19.352 0.025 53998.307847 -99.99 0.101 12.486847 0.500691
54010.292448 19.642 0.031 54010.294115 19.436 0.026 54010.290782 19.236 0.016 54010.291615 19.323 0.019 54010.293282 19.355 0.044 12.486847 0.500691
54012.285343 19.578 0.052 54012.287009 19.448 0.021 54012.283676 19.201 0.018 54012.284509 19.307 0.022 54012.286176 19.253 0.051 12.486847 0.500691
54020.291414 19.662 0.061 54020.29308 19.499 0.042 54020.289747 19.227 0.02 54020.29058 19.338 0.025 54020.292247 19.398 0.08 12.486847 0.500691
54024.372865 19.66 0.045 54024.374532 19.457 0.02 54024.371199 19.194 0.03 54024.372032 19.337 0.028 54024.373699 19.385 0.074 12.486847 0.500691
54028.361204 19.549 0.04 54028.362871 19.461 0.03 54028.359538 19.25 0.027 54028.360371 19.369 0.028 54028.362038 19.398 0.069 12.486847 0.500691
54030.284896 19.592 0.035 54030.286563 19.41 0.018 54030.28323 19.24 0.018 54030.284063 19.325 0.02 54030.28573 19.407 0.051 12.486847 0.500691
54035.360607 19.529 0.048 54035.362274 19.424 0.031 54035.35894 19.222 0.026 54035.359774 19.333 0.032 54035.36144 19.225 0.074 12.486847 0.500691
54037.2661 19.622 0.039 54037.267766 19.435 0.016 54037.264433 19.22 0.019 54037.265266 19.337 0.025 54037.266933 19.239 0.05 12.486847 0.500691
54040.280565 19.495 0.059 54040.282232 19.417 0.034 54040.278898 19.239 0.023 54040.279732 19.291 0.029 54040.281398 19.367 0.075 12.486847 0.500691
54047.311143 19.393 0.147 54047.312809 -99.99 0.052 54047.309476 19.177 0.04 54047.310309 19.326 0.05 54047.311976 -99.99 0.131 12.486847 0.500691
54049.307178 19.413 0.082 54049.308844 19.396 0.023 54049.305511 19.248 0.021 54049.306344 19.351 0.031 54049.308011 19.187 0.063 12.486847 0.500691
54053.2714 -99.99 0.03 54053.273067 19.391 0.026 54053.269733 19.164 0.019 54053.270567 19.346 0.022 54053.272233 19.363 0.061 12.486847 0.500691
54056.273131 19.511 0.045 54056.274798 19.423 0.037 54056.271465 19.186 0.019 54056.272298 19.342 0.027 54056.273965 19.25 0.07 12.486847 0.500691
54059.267328 19.613 0.051 54059.268995 19.412 0.04 54059.265662 -99.99 0.079 54059.266495 19.337 0.035 54059.268162 19.347 0.092 12.486847 0.500691
54061.278424 19.587 0.049 54061.28009 19.396 0.029 54061.276757 19.217 0.026 54061.27759 19.336 0.029 54061.279257 19.245 0.066 12.486847 0.500691
54062.272252 19.506 0.036 54062.273918 19.392 0.021 54062.270585 19.197 0.028 54062.271418 19.339 0.028 54062.273085 19.362 0.072 12.486847 0.500691
54068.252758 19.541 0.07 54068.254425 19.369 0.031 54068.251092 19.185 0.027 54068.251925 19.364 0.036 54068.253592 19.367 0.079 12.486847 0.500691
54357.310534 19.254 0.027 54357.312201 19.209 0.019 54357.308868 19.066 0.018 54357.309701 19.179 0.035 54357.311368 19.193 0.038 12.486847 0.500691
54362.360308 19.329 0.025 54362.361975 19.21 0.026 54362.358642 19.065 0.022 54362.359475 19.177 0.027 54362.361142 19.13 0.049 12.486847 0.500691
54376.355397 19.33 0.048 54376.357064 19.253 0.036 54376.35373 19.057 0.02 54376.354564 19.248 0.025 54376.35623 -99.99 0.099 12.486847 0.500691
54382.340526 19.31 0.033 54382.342192 19.237 0.023 54382.338859 19.063 0.024 54382.339692 19.133 0.025 54382.341359 19.249 0.098 12.486847 0.500691
54385.35832 19.321 0.028 54385.359987 19.207 0.023 54385.356654 19.075 0.016 54385.357487 19.222 0.023 54385.359154 19.184 0.038 12.486847 0.500691
54387.358859 19.242 0.039 54387.360526 19.204 0.025 54387.357193 19.116 0.029 54387.358026 19.156 0.028 54387.359693 19.284 0.074 12.486847 0.500691
54390.351217 -99.99 0.038 54390.352884 19.232 0.021 54390.349551 19.11 0.023 54390.350384 19.166 0.025 54390.352051 19.072 0.06 12.486847 0.500691
54391.359752 19.354 0.047 54391.361419 19.212 0.02 54391.358085 19.099 0.029 54391.358919 19.189 0.039 54391.360585 19.275 0.12 12.486847 0.500691
54392.353542 19.455 0.047 54392.355208 19.21 0.071 54392.351875 19.076 0.025 54392.352708 -99.99 0.052 54392.354375 19.205 0.067 12.486847 0.500691
54402.352071 19.253 0.067 54402.353738 19.242 0.043 54402.350405 19.049 0.024 54402.351238 19.138 0.027 54402.352905 19.236 0.068 12.486847 0.500691
