51075.409803 19.477 0.03 51075.411469 19.22 0.011 51075.408136 19.082 0.012 51075.408969 18.917 0.017 51075.410636 18.971 0.059 39.690041 1.205757
51818.379432 19.331 0.028 51818.381098 19.165 0.01 51818.377765 19.091 0.012 51818.378598 18.931 0.015 51818.380265 19.137 0.058 39.690041 1.205757
52170.430462 19.301 0.029 52170.432128 19.092 0.01 52170.428795 19.026 0.011 52170.429628 18.855 0.014 52170.431295 18.844 0.043 39.690041 1.205757
52171.367611 19.33 0.029 52171.369277 19.088 0.01 52171.365944 19.011 0.011 52171.366777 18.823 0.013 52171.368444 18.881 0.048 39.690041 1.205757
52173.343819 19.348 0.033 52173.345485 19.1 0.01 52173.342152 18.968 0.012 52173.342985 18.885 0.017 52173.344652 18.924 0.054 39.690041 1.205757
52224.323948 19.31 0.028 52224.325614 19.06 0.01 52224.322281 18.95 0.011 52224.323114 18.846 0.014 52224.324781 18.941 0.045 39.690041 1.205757
52234.280466 19.281 0.03 52234.282132 19.035 0.01 52234.278799 18.991 0.012 52234.279632 18.809 0.014 52234.281299 18.893 0.043 39.690041 1.205757
52261.243822 19.24 0.027 52261.245488 19.043 0.01 52261.242155 18.952 0.011 52261.242988 18.836 0.013 52261.244655 18.886 0.038 39.690041 1.205757
52283.111194 19.24 0.034 52283.11286 18.998 0.011 52283.109527 18.955 0.015 52283.11036 18.756 0.018 52283.112027 18.969 0.076 39.690041 1.205757
52287.124318 19.272 0.027 52287.125984 19.033 0.009 52287.122651 18.957 0.011 52287.123484 18.81 0.014 52287.125151 18.861 0.042 39.690041 1.205757
52552.443012 19.11 0.03 52552.444678 18.902 0.009 52552.441345 18.838 0.011 52552.442178 18.702 0.014 52552.443845 18.763 0.049 39.690041 1.205757
52557.417372 19.166 0.026 52557.419038 18.886 0.009 52557.415705 18.829 0.011 52557.416538 18.703 0.014 52557.418205 18.782 0.047 39.690041 1.205757
52908.39194 19.115 0.026 52908.393606 18.896 0.009 52908.390273 18.826 0.01 52908.391106 18.699 0.013 52908.392773 18.699 0.043 39.690041 1.205757
52912.371379 19.162 0.027 52912.373045 18.914 0.009 52912.369712 18.859 0.01 52912.370545 18.702 0.012 52912.372212 18.739 0.04 39.690041 1.205757
52934.323845 19.141 0.027 52934.325511 18.915 0.009 52934.322178 18.846 0.011 52934.323011 18.693 0.014 52934.324678 18.866 0.055 39.690041 1.205757
52936.319771 19.153 0.025 52936.321437 18.913 0.009 52936.318104 18.839 0.01 52936.318937 18.71 0.013 52936.320604 18.782 0.044 39.690041 1.205757
53270.383824 19.2 0.033 53270.385491 18.94 0.02 53270.382158 18.837 0.013 53270.382991 18.686 0.017 53270.384658 18.768 0.036 39.690041 1.205757
53272.433771 19.226 0.029 53272.435437 18.928 0.009 53272.432104 18.846 0.01 53272.432937 18.714 0.014 53272.434604 18.729 0.043 39.690041 1.205757
53286.402491 19.248 0.032 53286.404157 18.961 0.01 53286.400824 18.842 0.011 53286.401657 18.71 0.013 53286.403324 18.817 0.043 39.690041 1.205757
53288.360984 19.201 0.027 53288.36265 18.947 0.009 53288.359317 18.863 0.01 53288.36015 18.717 0.013 53288.361817 18.76 0.041 39.690041 1.205757
53294.408654 -99.99 0.053 53294.41032 -99.99 0.042 53294.406987 -99.99 0.016 53294.40782 18.749 0.024 53294.409487 18.322 0.106 39.690041 1.205757
53296.355733 19.123 0.026 53296.357399 18.965 0.018 53296.354066 18.864 0.013 53296.354899 18.711 0.017 53296.356566 18.712 0.041 39.690041 1.205757
53298.405432 19.257 0.029 53298.407098 18.97 0.009 53298.403765 18.871 0.011 53298.404598 18.726 0.015 53298.406265 18.851 0.051 39.690041 1.205757
53302.356652 19.226 0.034 53302.358318 18.956 0.013 53302.354985 18.843 0.013 53302.355818 18.699 0.015 53302.357485 18.803 0.086 39.690041 1.205757
53312.312217 19.216 0.036 53312.313884 18.927 0.026 53312.310551 18.855 0.033 53312.311384 18.717 0.019 53312.313051 18.686 0.046 39.690041 1.205757
53314.313384 19.219 0.031 53314.31505 18.968 0.011 53314.311717 18.877 0.012 53314.31255 18.709 0.014 53314.314217 18.808 0.046 39.690041 1.205757
53319.301179 19.25 0.032 53319.302845 18.968 0.01 53319.299512 18.87 0.013 53319.300345 18.698 0.015 53319.302012 18.786 0.046 39.690041 1.205757
53616.417737 19.057 0.029 53616.419403 -99.99 0.01 53616.41607 18.817 0.011 53616.416903 18.658 0.014 53616.41857 18.699 0.042 39.690041 1.205757
53626.394164 19.071 0.035 53626.39583 -99.99 0.013 53626.392497 18.813 0.013 53626.39333 18.658 0.016 53626.394997 18.786 0.057 39.690041 1.205757
53628.379029 19.046 0.032 53628.380695 18.881 0.013 53628.377362 18.759 0.013 53628.378195 18.655 0.015 53628.379862 18.747 0.048 39.690041 1.205757
53639.426023 19.092 0.028 53639.427689 18.855 0.01 53639.424356 18.79 0.01 53639.425189 18.666 0.012 53639.426856 18.758 0.037 39.690041 1.205757
53641.42519 19.103 0.029 53641.426856 18.854 0.009 53641.423523 18.787 0.01 53641.424356 18.651 0.012 53641.426023 18.755 0.039 39.690041 1.205757
53657.384075 19.008 0.041 53657.385741 18.841 0.016 53657.382408 18.817 0.018 53657.383241 18.67 0.019 53657.384908 18.649 0.052 39.690041 1.205757
53663.368622 19.045 0.045 53663.370288 18.877 0.016 53663.366955 18.766 0.014 53663.367788 18.662 0.016 53663.369455 18.741 0.047 39.690041 1.205757
53665.346594 19.137 0.039 53665.34826 18.858 0.012 53665.344927 18.835 0.017 53665.34576 18.652 0.016 53665.347427 18.688 0.041 39.690041 1.205757
53666.438707 19.101 0.04 53666.440373 18.876 0.013 53666.43704 18.809 0.013 53666.437873 18.644 0.014 53666.43954 18.732 0.043 39.690041 1.205757
53668.358223 19.091 0.033 53668.359889 18.854 0.011 53668.356556 18.776 0.012 53668.357389 18.666 0.015 53668.359056 18.873 0.053 39.690041 1.205757
53669.445836 19.047 0.041 53669.447502 18.872 0.012 53669.444169 18.799 0.014 53669.445002 18.681 0.016 53669.446669 18.66 0.048 39.690041 1.205757
53670.363074 19.108 0.031 53670.36474 18.864 0.01 53670.361407 18.808 0.012 53670.36224 18.641 0.014 53670.363907 18.711 0.041 39.690041 1.205757
53673.331062 19.051 0.024 53673.332728 18.869 0.009 53673.329395 18.796 0.01 53673.330228 18.66 0.011 53673.331895 18.751 0.035 39.690041 1.205757
53675.32795 19.063 0.025 53675.329616 18.873 0.009 53675.326283 18.811 0.01 53675.327116 18.675 0.013 53675.328783 18.741 0.041 39.690041 1.205757
53677.348978 19.087 0.026 53677.350644 18.878 0.009 53677.347311 18.788 0.01 53677.348144 18.651 0.011 53677.349811 18.703 0.032 39.690041 1.205757
53680.335647 19.097 0.026 53680.337313 18.869 0.009 53680.33398 18.787 0.01 53680.334813 18.662 0.013 53680.33648 18.764 0.038 39.690041 1.205757
53683.394199 19.13 0.03 53683.395865 18.903 0.01 53683.392532 18.819 0.012 53683.393365 18.689 0.015 53683.395032 18.744 0.051 39.690041 1.205757
53686.33508 19.212 0.052 53686.336746 18.949 0.019 53686.333413 18.855 0.017 53686.334246 18.7 0.018 53686.335913 18.733 0.046 39.690041 1.205757
53693.337537 19.125 0.066 53693.339203 18.915 0.02 53693.33587 18.824 0.02 53693.336703 18.691 0.022 53693.33837 18.717 0.051 39.690041 1.205757
53699.358376 19.143 0.035 53699.360042 18.95 0.011 53699.356709 18.836 0.011 53699.357542 18.687 0.013 53699.359209 18.702 0.036 39.690041 1.205757
53704.320859 19.173 0.036 53704.322525 18.905 0.009 53704.319192 18.819 0.011 53704.320025 18.629 0.016 53704.321692 18.71 0.047 39.690041 1.205757
53989.416922 19.385 0.051 53989.418588 19.041 0.019 53989.415255 18.909 0.019 53989.416088 18.74 0.018 53989.417755 -99.99 0.043 39.690041 1.205757
53995.455651 19.315 0.026 53995.457317 19.006 0.015 53995.453984 18.895 0.012 53995.454817 18.77 0.015 53995.456484 18.852 0.036 39.690041 1.205757
53997.440492 19.238 0.026 53997.442158 19.009 0.015 53997.438825 18.893 0.014 53997.439658 18.737 0.015 53997.441325 18.811 0.033 39.690041 1.205757
54000.392378 19.331 0.027 54000.394045 19 0.011 54000.390712 18.905 0.016 54000.391545 18.766 0.016 54000.393212 18.794 0.04 39.690041 1.205757
54007.44255 19.293 0.03 54007.444217 19.017 0.028 54007.440884 18.892 0.023 54007.441717 18.767 0.028 54007.443384 18.822 0.045 39.690041 1.205757
54009.366299 19.316 0.034 54009.367965 19.034 0.013 54009.364632 18.911 0.018 54009.365465 18.753 0.02 54009.367132 -99.99 0.032 39.690041 1.205757
54011.430748 19.303 0.032 54011.432414 19.04 0.019 54011.429081 18.887 0.019 54011.429914 18.745 0.018 54011.431581 18.707 0.034 39.690041 1.205757
54012.443644 19.236 0.04 54012.445311 19.024 0.02 54012.441977 18.917 0.016 54012.442811 18.731 0.02 54012.444477 18.748 0.038 39.690041 1.205757
54025.429748 19.277 0.031 54025.431415 18.986 0.014 54025.428082 18.882 0.019 54025.428915 18.761 0.019 54025.430582 18.82 0.043 39.690041 1.205757
54346.423535 -99.99 0.038 54346.425201 18.897 0.017 54346.421868 18.845 0.02 54346.422701 18.648 0.017 54346.424368 18.796 0.038 39.690041 1.205757
54348.427571 19.062 0.032 54348.429237 18.904 0.014 54348.425904 18.846 0.024 54348.426737 18.663 0.016 54348.428404 18.712 0.037 39.690041 1.205757
54358.383314 19.177 0.055 54358.384981 18.88 0.027 54358.381648 18.77 0.025 54358.382481 18.678 0.022 54358.384148 18.719 0.056 39.690041 1.205757
54365.416399 19.129 0.027 54365.418065 18.882 0.022 54365.414732 18.806 0.018 54365.415565 18.636 0.016 54365.417232 18.68 0.033 39.690041 1.205757
54381.435985 19.07 0.03 54381.437652 18.888 0.026 54381.434319 18.779 0.013 54381.435152 18.641 0.018 54381.436819 18.776 0.034 39.690041 1.205757
54384.442623 19.137 0.037 54384.444289 18.878 0.017 54384.440956 18.807 0.015 54384.441789 18.653 0.015 54384.443456 18.716 0.038 39.690041 1.205757
54386.428304 19.137 0.029 54386.42997 18.889 0.015 54386.426637 18.818 0.013 54386.42747 18.655 0.016 54386.429137 18.631 0.039 39.690041 1.205757
54388.432538 19.079 0.028 54388.434204 18.898 0.018 54388.430871 18.786 0.017 54388.431704 18.652 0.015 54388.433371 18.834 0.034 39.690041 1.205757
54392.430112 -99.99 0.053 54392.431779 18.845 0.033 54392.428446 -99.99 0.018 54392.429279 18.655 0.028 54392.430946 18.738 0.044 39.690041 1.205757
54403.346398 19.145 0.049 54403.348064 18.906 0.019 54403.344731 18.853 0.03 54403.345564 18.669 0.025 54403.347231 18.762 0.042 39.690041 1.205757
54406.34019 19.144 0.024 54406.341857 18.922 0.02 54406.338523 18.813 0.02 54406.339357 18.657 0.014 54406.341023 18.702 0.034 39.690041 1.205757
54412.365962 19.185 0.033 54412.367629 18.912 0.019 54412.364295 18.822 0.015 54412.365129 18.649 0.016 54412.366795 18.727 0.033 39.690041 1.205757
