51081.313609 20.745 0.089 51081.315275 20.766 0.043 51081.311942 20.386 0.039 51081.312775 20.147 0.048 51081.314442 20.091 0.147 10.852331 -1.20747
51819.384796 -99.99 0.123 51819.386462 21.191 0.064 51819.383129 20.688 0.044 51819.383962 20.506 0.058 51819.385629 20.857 0.268 10.852331 -1.20747
52558.350033 21.316 0.113 52558.351699 21.162 0.049 52558.348366 20.657 0.036 52558.349199 20.505 0.045 52558.350866 20.426 0.15 10.852331 -1.20747
52577.237536 21.269 0.109 52577.239202 21.225 0.05 52577.235869 20.752 0.04 52577.236702 20.69 0.056 52577.238369 20.696 0.211 10.852331 -1.20747
52586.241014 21.483 0.121 52586.24268 21.193 0.047 52586.239347 20.783 0.044 52586.24018 20.634 0.062 52586.241847 20.738 0.27 10.852331 -1.20747
52910.321494 -99.99 0.146 52910.32316 21.36 0.055 52910.319827 20.83 0.039 52910.32066 20.63 0.05 52910.322327 20.51 0.157 10.852331 -1.20747
52931.251697 21.599 0.16 52931.253363 21.396 0.061 52931.25003 20.863 0.045 52931.250863 20.721 0.061 52931.25253 20.242 0.142 10.852331 -1.20747
52935.24866 21.399 0.134 52935.250326 21.462 0.063 52935.246993 20.793 0.045 52935.247826 20.667 0.063 52935.249493 20.547 0.203 10.852331 -1.20747
52959.191989 21.371 0.103 52959.193655 21.4 0.05 52959.190322 20.907 0.038 52959.191155 20.598 0.043 52959.192822 20.622 0.142 10.852331 -1.20747
52963.171733 21.492 0.105 52963.173399 21.418 0.048 52963.170066 20.806 0.036 52963.170899 20.681 0.046 52963.172566 20.609 0.136 10.852331 -1.20747
53352.1428 21.515 0.12 53352.144466 21.38 0.053 53352.141133 20.867 0.039 53352.141966 20.676 0.052 53352.143633 20.612 0.179 10.852331 -1.20747
53622.351098 21.06 0.129 53622.352764 21.008 0.059 53622.349431 20.669 0.049 53622.350264 20.548 0.079 53622.351931 20.339 0.201 10.852331 -1.20747
53634.300568 20.816 0.209 53634.302234 21.082 0.129 53634.298901 20.552 0.066 53634.299734 20.404 0.065 53634.301401 20.385 0.159 10.852331 -1.20747
53638.341903 21.039 0.115 53638.343569 20.91 0.046 53638.340236 20.541 0.034 53638.341069 20.475 0.046 53638.342736 20.288 0.14 10.852331 -1.20747
53640.305939 20.829 0.116 53640.307605 20.986 0.047 53640.304272 20.561 0.045 53640.305105 20.452 0.055 53640.306772 20.507 0.193 10.852331 -1.20747
53655.27811 20.821 0.151 53655.279776 20.858 0.075 53655.276443 20.488 0.062 53655.277276 20.288 0.067 53655.278943 20.487 0.269 10.852331 -1.20747
53664.303068 20.704 0.207 53664.304734 20.956 0.145 53664.301401 20.491 0.062 53664.302234 20.285 0.074 53664.303901 19.86 0.178 10.852331 -1.20747
53669.26231 20.829 0.071 53669.263976 20.837 0.032 53669.260643 20.466 0.028 53669.261476 20.35 0.038 53669.263143 20.234 0.125 10.852331 -1.20747
53671.347079 20.948 0.139 53671.348745 20.755 0.04 53671.345412 20.454 0.039 53671.346245 20.306 0.051 53671.347912 20.55 0.198 10.852331 -1.20747
53674.246546 21.015 0.103 53674.248212 20.891 0.041 53674.244879 20.527 0.035 53674.245712 20.459 0.046 53674.247379 20.479 0.173 10.852331 -1.20747
53676.336022 20.918 0.094 53676.337688 21.016 0.042 53676.334355 20.528 0.031 53676.335188 20.365 0.036 53676.336855 20.733 0.167 10.852331 -1.20747
53679.307915 20.989 0.125 53679.309581 20.937 0.053 53679.306248 20.64 0.051 53679.307081 20.356 0.056 53679.308748 20.398 0.213 10.852331 -1.20747
53681.299428 21.204 0.161 53681.301094 20.81 0.102 53681.297761 20.508 0.049 53681.298594 20.349 0.057 53681.300261 -99.99 0.208 10.852331 -1.20747
53685.25848 21.164 0.347 53685.260146 21.014 0.153 53685.256813 20.716 0.125 53685.257646 20.528 0.106 53685.259313 20.623 0.287 10.852331 -1.20747
53694.272357 21.083 0.544 53694.274023 20.705 0.125 53694.27069 20.594 0.095 53694.271523 20.372 0.103 53694.27319 -99.99 0.25 10.852331 -1.20747
53697.25645 21.055 0.122 53697.258116 20.949 0.05 53697.254783 20.585 0.038 53697.255616 20.481 0.047 53697.257283 20.363 0.144 10.852331 -1.20747
53700.25541 21.07 0.139 53700.257076 20.975 0.05 53700.253743 20.565 0.044 53700.254576 20.476 0.059 53700.256243 20.305 0.178 10.852331 -1.20747
53705.242079 20.966 0.096 53705.243745 20.964 0.041 53705.240412 20.625 0.035 53705.241245 20.481 0.041 53705.242912 20.402 0.127 10.852331 -1.20747
53975.327097 21.052 0.083 53975.328764 20.922 0.039 53975.325431 20.555 0.033 53975.326264 20.348 0.039 53975.327931 20.236 0.122 10.852331 -1.20747
53990.339904 20.988 0.174 53990.341571 20.865 0.072 53990.338238 20.658 0.06 53990.339071 20.407 0.058 53990.340738 20.628 0.222 10.852331 -1.20747
53994.35009 20.912 0.075 53994.351756 20.903 0.045 53994.348423 20.54 0.035 53994.349256 20.444 0.038 53994.350923 20.679 0.213 10.852331 -1.20747
53996.333836 20.932 0.083 53996.335503 20.871 0.049 53996.33217 20.501 0.034 53996.333003 20.448 0.048 53996.33467 20.412 0.158 10.852331 -1.20747
53998.302562 -99.99 0.373 53998.304229 20.904 0.048 53998.300896 20.506 0.03 53998.301729 20.481 0.04 53998.303396 21.039 0.531 10.852331 -1.20747
54005.332757 20.976 0.078 54005.334424 20.958 0.04 54005.331091 20.508 0.027 54005.331924 20.415 0.034 54005.333591 20.23 0.104 10.852331 -1.20747
54010.287917 20.95 0.084 54010.289583 20.931 0.045 54010.28625 20.534 0.038 54010.287083 20.38 0.04 54010.28875 20.21 0.091 10.852331 -1.20747
54012.280808 20.898 0.173 54012.282475 20.983 0.084 54012.279142 20.485 0.052 54012.279975 20.358 0.05 54012.281642 20.203 0.13 10.852331 -1.20747
54020.28675 20.823 0.148 54020.288417 20.95 0.068 54020.285084 20.655 0.056 54020.285917 20.471 0.075 54020.287584 20.122 0.171 10.852331 -1.20747
54024.368343 21.131 0.158 54024.370009 21.02 0.062 54024.366676 20.576 0.052 54024.367509 20.506 0.064 54024.369176 20.066 0.153 10.852331 -1.20747
54028.356675 21.097 0.143 54028.358342 21.025 0.056 54028.355009 20.618 0.055 54028.355842 20.337 0.058 54028.357509 20.285 0.194 10.852331 -1.20747
54030.280363 20.945 0.081 54030.28203 21.069 0.035 54030.278697 20.557 0.031 54030.27953 20.494 0.039 54030.281197 20.489 0.139 10.852331 -1.20747
54035.356101 21.207 0.197 54035.357768 20.96 0.061 54035.354435 20.574 0.061 54035.355268 20.587 0.087 54035.356935 20.787 0.347 10.852331 -1.20747
54037.261567 21.104 0.09 54037.263233 21.123 0.045 54037.2599 20.584 0.036 54037.260733 20.454 0.04 54037.2624 20.473 0.157 10.852331 -1.20747
54040.276126 21.037 0.209 54040.277793 20.899 0.102 54040.27446 20.624 0.068 54040.275293 20.568 0.069 54040.27696 20.661 0.25 10.852331 -1.20747
54047.306822 -99.99 99.999 54047.308488 -99.99 0.231 54047.305155 20.369 0.105 54047.305988 -99.99 0.155 54047.307655 -99.99 0.513 10.852331 -1.20747
54049.302534 20.966 0.231 54049.304201 21.225 0.127 54049.300867 20.681 0.068 54049.301701 20.608 0.084 54049.303367 20.953 0.354 10.852331 -1.20747
54053.266876 21.356 0.117 54053.268543 21.057 0.042 54053.265209 20.578 0.039 54053.266043 20.435 0.043 54053.267709 20.497 0.153 10.852331 -1.20747
54056.268547 21.361 0.187 54056.270214 21.236 0.063 54056.266881 20.621 0.047 54056.267714 20.539 0.065 54056.269381 20.687 0.263 10.852331 -1.20747
54059.262773 20.99 0.137 54059.264439 21.223 0.087 54059.261106 20.608 0.069 54059.261939 20.495 0.066 54059.263606 19.947 0.16 10.852331 -1.20747
54062.267665 21.358 0.171 54062.269331 21.161 0.052 54062.265998 20.627 0.044 54062.266831 20.538 0.061 54062.268498 20.83 0.295 10.852331 -1.20747
54068.248386 -99.99 0.308 54068.250052 21.525 0.206 54068.246719 20.67 0.079 54068.247552 20.465 0.081 54068.249219 20.257 0.2 10.852331 -1.20747
54362.355762 21.242 0.118 54362.357428 21.217 0.055 54362.354095 20.662 0.043 54362.354928 20.616 0.057 54362.356595 20.134 0.148 10.852331 -1.20747
54382.336014 20.969 0.136 54382.337681 21.135 0.069 54382.334347 20.698 0.064 54382.335181 20.619 0.091 54382.336847 20.296 0.221 10.852331 -1.20747
54385.353785 21.424 0.12 54385.355452 21.247 0.045 54385.352118 20.703 0.035 54385.352952 20.557 0.041 54385.354618 20.623 0.14 10.852331 -1.20747
54387.354277 21.302 0.161 54387.355944 21.193 0.071 54387.352611 20.787 0.054 54387.353444 20.506 0.063 54387.355111 20.07 0.14 10.852331 -1.20747
54392.34908 21.451 0.196 54392.350746 21.1 0.064 54392.347413 20.744 0.057 54392.348246 20.571 0.067 54392.349913 20.766 0.302 10.852331 -1.20747
54402.347575 -99.99 0.475 54402.349242 21.162 0.151 54402.345908 20.579 0.075 54402.346742 20.613 0.082 54402.348408 20.162 0.157 10.852331 -1.20747
