51464.188249 18.645 0.017 51464.189915 18.561 0.008 51464.186582 18.503 0.009 51464.187415 18.31 0.011 51464.189082 18.079 0.024 -35.919362 0.692157
52197.170126 18.512 0.017 52197.171792 18.399 0.007 52197.168459 18.324 0.008 52197.169292 18.132 0.009 52197.170959 17.975 0.02 -35.919362 0.692157
52197.213976 18.498 0.017 52197.215642 18.386 0.007 52197.212309 18.321 0.008 52197.213142 18.134 0.009 52197.214809 17.969 0.019 -35.919362 0.692157
52231.09996 18.527 0.017 52231.101626 18.4 0.007 52231.098293 18.33 0.008 52231.099126 18.153 0.009 52231.100793 17.992 0.019 -35.919362 0.692157
52557.207965 18.359 0.017 52557.209631 18.276 0.007 52557.206298 18.256 0.008 52557.207131 18.081 0.009 52557.208798 17.917 0.022 -35.919362 0.692157
52578.104041 18.378 0.015 52578.105707 18.277 0.007 52578.102374 18.236 0.008 52578.103207 18.078 0.009 52578.104874 17.931 0.02 -35.919362 0.692157
52929.13427 18.228 0.015 52929.135936 18.148 0.006 52929.132603 18.144 0.007 52929.133436 17.986 0.009 52929.135103 17.796 0.019 -35.919362 0.692157
52934.114426 18.24 0.015 52934.116092 18.155 0.006 52934.112759 18.138 0.007 52934.113592 17.981 0.009 52934.115259 17.856 0.019 -35.919362 0.692157
52936.110352 18.27 0.015 52936.112018 18.157 0.006 52936.108685 18.149 0.007 52936.109518 17.986 0.008 52936.111185 17.813 0.018 -35.919362 0.692157
53243.295561 18.4 0.02 53243.297227 18.305 0.009 53243.293894 18.261 0.009 53243.294727 18.073 0.009 53243.296394 17.854 0.018 -35.919362 0.692157
53270.17442 18.448 0.021 53270.176087 18.318 0.012 53270.172753 18.25 0.012 53270.173587 18.084 0.015 53270.175253 17.888 0.02 -35.919362 0.692157
53272.224361 18.434 0.026 53272.226027 18.328 0.011 53272.222694 18.294 0.01 53272.223527 18.098 0.01 53272.225194 17.901 0.021 -35.919362 0.692157
53288.151568 18.433 0.017 53288.153234 18.36 0.007 53288.149901 18.305 0.008 53288.150734 18.097 0.009 53288.152401 17.913 0.018 -35.919362 0.692157
53302.147235 18.39 0.023 53302.148901 18.359 0.011 53302.145568 18.291 0.01 53302.146401 18.106 0.01 53302.148068 17.917 0.021 -35.919362 0.692157
53312.102779 18.47 0.022 53312.104445 18.35 0.015 53312.101112 18.314 0.013 53312.101945 18.082 0.014 53312.103612 17.936 0.029 -35.919362 0.692157
53314.103963 18.428 0.018 53314.105629 18.353 0.007 53314.102296 18.292 0.008 53314.103129 18.108 0.01 53314.104796 17.934 0.023 -35.919362 0.692157
53623.198544 18.341 0.018 53623.20021 18.247 0.007 53623.196877 18.218 0.008 53623.19771 18.036 0.009 53623.199377 17.864 0.019 -35.919362 0.692157
53626.184757 18.333 0.02 53626.186423 18.238 0.009 53626.18309 18.228 0.009 53626.183923 18.037 0.01 53626.18559 17.883 0.02 -35.919362 0.692157
53628.169622 18.314 0.028 53628.171288 18.225 0.013 53628.167955 18.204 0.012 53628.168788 18.043 0.013 53628.170455 17.868 0.025 -35.919362 0.692157
53637.171236 18.31 0.018 53637.172902 18.249 0.007 53637.169569 18.225 0.008 53637.170402 18.018 0.01 53637.172069 17.816 0.025 -35.919362 0.692157
53644.163682 18.313 0.017 53644.165348 18.248 0.014 53644.162015 18.191 0.018 53644.162848 18.04 0.017 53644.164515 17.831 0.019 -35.919362 0.692157
53654.198306 18.334 0.021 53654.199972 18.255 0.009 53654.196639 18.202 0.009 53654.197472 18.018 0.011 53654.199139 17.891 0.027 -35.919362 0.692157
53656.145897 18.354 0.031 53656.147563 18.228 0.013 53656.14423 18.223 0.014 53656.145063 18.087 0.014 53656.14673 17.883 0.03 -35.919362 0.692157
53665.137175 18.39 0.031 53665.138841 18.245 0.009 53665.135508 18.213 0.019 53665.136341 18.035 0.017 53665.138008 17.893 0.037 -35.919362 0.692157
53668.148807 18.307 0.016 53668.150473 -99.99 0.007 53668.14714 18.188 0.008 53668.147973 18.034 0.01 53668.14964 17.868 0.024 -35.919362 0.692157
53670.15366 18.31 0.016 53670.155326 18.214 0.007 53670.151993 18.191 0.008 53670.152826 18.04 0.009 53670.154493 17.858 0.02 -35.919362 0.692157
53673.121643 18.295 0.017 53673.123309 18.21 0.007 53673.119976 18.198 0.008 53673.120809 18.017 0.009 53673.122476 17.853 0.02 -35.919362 0.692157
53675.118532 18.292 0.016 53675.120198 18.222 0.007 53675.116865 18.201 0.008 53675.117698 18.024 0.009 53675.119365 17.832 0.02 -35.919362 0.692157
53677.139564 18.306 0.015 53677.14123 18.203 0.007 53677.137897 18.201 0.007 53677.13873 18.028 0.009 53677.140397 17.863 0.018 -35.919362 0.692157
53680.126229 18.303 0.016 53680.127895 18.215 0.007 53680.124562 18.218 0.008 53680.125395 18.04 0.009 53680.127062 17.845 0.018 -35.919362 0.692157
53686.192937 18.202 0.043 53686.194603 18.236 0.018 53686.19127 18.224 0.015 53686.192103 18.057 0.016 53686.19377 17.895 0.035 -35.919362 0.692157
53693.128132 18.319 0.021 53693.129798 18.209 0.01 53693.126465 18.202 0.009 53693.127298 18.028 0.01 53693.128965 17.814 0.019 -35.919362 0.692157
53702.12381 18.285 0.02 53702.125476 18.227 0.009 53702.122143 -99.99 0.018 53702.122976 -99.99 0.073 53702.124643 17.898 0.033 -35.919362 0.692157
53703.132931 18.234 0.022 53703.134598 18.223 0.013 53703.131264 18.195 0.012 53703.132098 18.018 0.016 53703.133764 17.871 0.029 -35.919362 0.692157
53704.111459 18.311 0.017 53704.113125 18.227 0.007 53704.109792 18.208 0.008 53704.110625 18.039 0.009 53704.112292 17.873 0.021 -35.919362 0.692157
53974.199418 18.367 0.019 53974.201084 18.309 0.016 53974.197751 18.27 0.011 53974.198584 18.086 0.014 53974.200251 17.912 0.021 -35.919362 0.692157
53989.207497 18.38 0.027 53989.209164 18.348 0.011 53989.20583 18.286 0.016 53989.206664 18.061 0.018 53989.20833 17.889 0.019 -35.919362 0.692157
53995.196761 18.414 0.019 53995.198427 18.316 0.017 53995.195094 18.27 0.012 53995.195927 18.071 0.014 53995.197594 17.863 0.021 -35.919362 0.692157
53997.175139 18.403 0.019 53997.176805 18.324 0.013 53997.173472 18.272 0.012 53997.174305 18.063 0.015 53997.175972 17.893 0.023 -35.919362 0.692157
54005.146987 18.418 0.021 54005.148653 18.335 0.012 54005.14532 18.277 0.011 54005.146153 18.09 0.014 54005.14782 17.924 0.023 -35.919362 0.692157
54007.159727 18.435 0.02 54007.161394 18.334 0.012 54007.158061 18.285 0.015 54007.158894 18.085 0.015 54007.160561 17.902 0.021 -35.919362 0.692157
54009.156848 18.406 0.022 54009.158515 18.347 0.015 54009.155181 18.334 0.013 54009.156015 18.095 0.013 54009.157681 17.95 0.021 -35.919362 0.692157
54011.221347 18.415 0.024 54011.223014 18.359 0.015 54011.21968 18.269 0.015 54011.220514 18.088 0.016 54011.22218 17.912 0.022 -35.919362 0.692157
54019.171539 18.427 0.019 54019.173206 18.335 0.011 54019.169873 18.272 0.012 54019.170706 18.103 0.011 54019.172373 17.9 0.018 -35.919362 0.692157
54025.220345 18.387 0.019 54025.222012 18.335 0.012 54025.218679 18.287 0.012 54025.219512 18.095 0.013 54025.221179 17.871 0.021 -35.919362 0.692157
54029.150688 18.387 0.017 54029.152355 18.342 0.013 54029.149022 18.277 0.015 54029.149855 18.101 0.011 54029.151522 17.905 0.021 -35.919362 0.692157
54051.127291 -99.99 0.196 54051.128957 18.338 0.032 54051.125624 -99.99 0.152 54051.126457 17.932 0.108 54051.128124 -99.99 0.233 -35.919362 0.692157
54356.228845 18.522 0.024 54356.230512 18.433 0.023 54356.227178 18.381 0.018 54356.228012 18.217 0.027 54356.229678 18.032 0.026 -35.919362 0.692157
54358.173908 18.493 0.023 54358.175574 18.425 0.016 54358.172241 18.351 0.017 54358.173074 18.151 0.018 54358.174741 17.967 0.028 -35.919362 0.692157
54359.118109 18.505 0.022 54359.119776 18.4 0.015 54359.116443 18.367 0.016 54359.117276 18.127 0.015 54359.118943 17.99 0.025 -35.919362 0.692157
54373.206003 18.506 0.024 54373.20767 18.447 0.013 54373.204337 18.384 0.016 54373.20517 18.177 0.016 54373.206837 17.958 0.022 -35.919362 0.692157
54381.2187 18.498 0.022 54381.220367 18.434 0.028 54381.217033 18.374 0.018 54381.217867 18.185 0.015 54381.219533 18.015 0.034 -35.919362 0.692157
54382.2161 -99.99 0.024 54382.217767 18.44 0.016 54382.214434 18.373 0.015 54382.215267 18.202 0.015 54382.216934 17.974 0.029 -35.919362 0.692157
54383.221844 18.52 0.026 54383.22351 18.465 0.019 54383.220177 18.383 0.015 54383.22101 18.172 0.015 54383.222677 18.006 0.034 -35.919362 0.692157
54386.218852 18.476 0.023 54386.220518 18.437 0.016 54386.217185 18.39 0.012 54386.218018 18.171 0.014 54386.219685 17.976 0.023 -35.919362 0.692157
54388.223119 18.512 0.022 54388.224786 18.435 0.016 54388.221453 18.411 0.014 54388.222286 18.19 0.013 54388.223953 17.978 0.025 -35.919362 0.692157
54403.136897 18.454 0.021 54403.138564 18.441 0.015 54403.135231 18.396 0.011 54403.136064 18.173 0.015 54403.137731 17.977 0.021 -35.919362 0.692157
54406.130727 18.481 0.02 54406.132393 18.448 0.013 54406.12906 18.39 0.016 54406.129893 18.193 0.015 54406.13156 17.958 0.023 -35.919362 0.692157
54412.133657 18.487 0.025 54412.135323 18.442 0.019 54412.13199 18.392 0.013 54412.132823 18.186 0.019 54412.13449 17.964 0.02 -35.919362 0.692157
54415.171212 18.442 0.028 54415.172878 18.446 0.016 54415.169545 18.419 0.011 54415.170378 18.175 0.014 54415.172045 17.99 0.021 -35.919362 0.692157
