51075.334846 -99.99 0.042 51075.336512 19.859 0.017 51075.333179 19.853 0.02 51075.334012 19.693 0.028 51075.335679 19.59 0.088 12.631372 -0.554153
52196.35404 20.116 0.061 52196.355706 19.995 0.019 52196.352373 19.885 0.021 52196.353206 19.696 0.024 52196.354873 -99.99 0.084 12.631372 -0.554153
52197.348445 20.088 0.054 52197.350111 20.038 0.019 52197.346778 19.9 0.021 52197.347611 19.736 0.025 52197.349278 19.564 0.076 12.631372 -0.554153
52207.320844 20.166 0.056 52207.32251 20.03 0.018 52207.319177 19.893 0.02 52207.32001 19.716 0.021 52207.321677 19.527 0.068 12.631372 -0.554153
52225.198648 -99.99 0.061 52225.200314 19.954 0.018 52225.196981 19.919 0.023 52225.197814 19.619 0.023 52225.199481 19.436 0.07 12.631372 -0.554153
52231.234431 20.105 0.05 52231.236097 19.987 0.017 52231.232764 19.889 0.019 52231.233597 19.698 0.02 52231.235264 19.675 0.07 12.631372 -0.554153
52253.220599 20.161 0.071 52253.222265 20.054 0.025 52253.218932 19.848 0.021 52253.219765 19.736 0.026 52253.221432 19.526 0.079 12.631372 -0.554153
52557.342434 20.019 0.057 52557.3441 19.917 0.017 52557.340767 19.863 0.023 52557.3416 19.674 0.026 52557.343267 19.511 0.079 12.631372 -0.554153
52578.238519 20.036 0.048 52578.240185 19.848 0.015 52578.236852 19.808 0.02 52578.237685 19.571 0.021 52578.239352 19.447 0.073 12.631372 -0.554153
52908.316999 20.078 0.053 52908.318665 19.957 0.018 52908.315332 19.861 0.021 52908.316165 19.7 0.023 52908.317832 19.422 0.067 12.631372 -0.554153
52934.248901 20.064 0.067 52934.250567 19.903 0.019 52934.247234 19.839 0.025 52934.248067 19.646 0.031 52934.249734 19.593 0.093 12.631372 -0.554153
52936.244827 20.056 0.047 52936.246493 19.898 0.016 52936.24316 19.805 0.019 52936.243993 19.602 0.019 52936.24566 19.425 0.056 12.631372 -0.554153
53270.308904 20.238 0.05 53270.31057 20.062 0.018 53270.307237 19.912 0.02 53270.30807 19.746 0.026 53270.309737 19.47 0.047 12.631372 -0.554153
53272.35883 20.18 0.057 53272.360496 19.992 0.017 53272.357163 19.901 0.02 53272.357996 19.673 0.021 53272.359663 19.477 0.062 12.631372 -0.554153
53286.32755 20.072 0.07 53286.329216 19.986 0.028 53286.325883 19.832 0.023 53286.326716 19.647 0.023 53286.328383 19.588 0.1 12.631372 -0.554153
53288.28604 20.147 0.065 53288.287706 19.921 0.018 53288.284373 19.899 0.025 53288.285206 19.661 0.026 53288.286873 19.295 0.059 12.631372 -0.554153
53294.333716 20.121 0.066 53294.335382 19.99 0.02 53294.332049 19.813 0.025 53294.332882 19.651 0.029 53294.334549 19.624 0.086 12.631372 -0.554153
53296.280765 20.041 0.056 53296.282432 19.996 0.027 53296.279099 19.927 0.031 53296.279932 19.72 0.032 53296.281599 19.605 0.093 12.631372 -0.554153
53298.330494 20.03 0.06 53298.33216 19.91 0.02 53298.328827 19.791 0.026 53298.32966 19.645 0.027 53298.331327 19.517 0.083 12.631372 -0.554153
53302.281708 20.086 0.09 53302.283374 19.921 0.033 53302.280041 19.856 0.03 53302.280874 19.697 0.027 53302.282541 19.585 0.07 12.631372 -0.554153
53312.237367 20.134 0.069 53312.239034 19.921 0.026 53312.2357 19.894 0.024 53312.236534 19.688 0.027 53312.2382 19.47 0.075 12.631372 -0.554153
53314.238438 20.131 0.059 53314.240104 19.898 0.017 53314.236771 19.87 0.024 53314.237604 19.648 0.024 53314.239271 19.469 0.073 12.631372 -0.554153
53616.342797 19.856 0.073 53616.344463 19.642 0.017 53616.34113 19.607 0.025 53616.341963 19.592 0.032 53616.34363 19.348 0.093 12.631372 -0.554153
53626.319224 19.83 0.042 53626.32089 19.67 0.015 53626.317557 19.656 0.017 53626.31839 19.515 0.019 53626.320057 19.251 0.048 12.631372 -0.554153
53628.304089 19.754 0.087 53628.305755 19.698 0.033 53628.302422 19.639 0.027 53628.303255 19.527 0.026 53628.304922 19.271 0.071 12.631372 -0.554153
53637.305705 19.832 0.079 53637.307371 19.69 0.024 53637.304038 19.652 0.025 53637.304871 19.581 0.03 53637.306538 19.411 0.087 12.631372 -0.554153
53639.351083 19.967 0.05 53639.352749 19.696 0.016 53639.349416 19.672 0.017 53639.350249 19.545 0.017 53639.351916 19.37 0.047 12.631372 -0.554153
53654.332776 -99.99 0.048 53654.334442 19.704 0.015 53654.331109 19.634 0.018 53654.331942 19.535 0.021 53654.333609 19.383 0.066 12.631372 -0.554153
53663.293679 19.791 0.075 53663.295345 19.712 0.028 53663.292012 19.712 0.026 53663.292845 19.519 0.022 53663.294512 19.454 0.066 12.631372 -0.554153
53665.27165 19.871 0.056 53665.273316 19.746 0.02 53665.269983 -99.99 0.028 53665.270816 19.538 0.018 53665.272483 19.356 0.048 12.631372 -0.554153
53666.363778 19.886 0.083 53666.365444 19.722 0.025 53666.362111 19.701 0.024 53666.362944 19.503 0.022 53666.364611 19.292 0.062 12.631372 -0.554153
53668.283279 19.897 0.064 53668.284945 19.728 0.02 53668.281612 19.701 0.025 53668.282445 19.536 0.026 53668.284112 19.285 0.075 12.631372 -0.554153
53670.288132 19.944 0.056 53670.289798 19.716 0.016 53670.286465 19.691 0.02 53670.287298 19.596 0.024 53670.288965 19.435 0.067 12.631372 -0.554153
53673.256117 19.938 0.047 53673.257783 19.759 0.015 53673.25445 19.701 0.018 53673.255283 19.517 0.019 53673.25695 19.343 0.056 12.631372 -0.554153
53675.253005 19.884 0.052 53675.254671 19.712 0.016 53675.251338 19.68 0.022 53675.252171 19.518 0.024 53675.253838 19.292 0.065 12.631372 -0.554153
53677.274036 19.94 0.047 53677.275702 19.73 0.014 53677.272369 19.695 0.017 53677.273202 19.551 0.018 53677.274869 19.458 0.053 12.631372 -0.554153
53680.260703 19.884 0.046 53680.262369 19.714 0.015 53680.259036 19.689 0.018 53680.259869 19.518 0.018 53680.261536 19.365 0.052 12.631372 -0.554153
53693.262598 19.707 0.084 53693.264264 19.712 0.035 53693.260931 19.65 0.024 53693.261764 19.487 0.021 53693.263431 19.4 0.066 12.631372 -0.554153
53698.259989 19.854 0.055 53698.261655 19.718 0.017 53698.258322 19.678 0.019 53698.259155 19.53 0.022 53698.260822 19.313 0.067 12.631372 -0.554153
53704.24592 19.902 0.061 53704.247586 19.751 0.018 53704.244253 19.661 0.023 53704.245086 19.566 0.027 53704.246753 19.478 0.097 12.631372 -0.554153
53974.338582 20.164 0.052 53974.340249 19.935 0.026 53974.336916 19.856 0.026 53974.337749 19.665 0.022 53974.339416 19.366 0.05 12.631372 -0.554153
53977.387219 -99.99 0.042 53977.388886 19.925 0.021 53977.385553 19.804 0.019 53977.386386 19.669 0.02 53977.388053 19.552 0.056 12.631372 -0.554153
53989.341991 20.073 0.102 53989.343658 20.017 0.041 53989.340325 19.786 0.03 53989.341158 19.668 0.028 53989.342825 19.379 0.055 12.631372 -0.554153
53995.356634 20.137 0.046 53995.3583 19.953 0.025 53995.354967 19.848 0.021 53995.3558 19.641 0.021 53995.357467 19.499 0.053 12.631372 -0.554153
54000.317415 20.164 0.065 54000.319082 19.932 0.024 54000.315748 19.845 0.03 54000.316582 19.621 0.034 54000.318248 19.433 0.076 12.631372 -0.554153
54006.264333 20.026 0.054 54006.266 19.93 0.02 54006.262666 19.792 0.019 54006.2635 19.685 0.021 54006.265166 19.373 0.054 12.631372 -0.554153
54007.367594 20.087 0.072 54007.369261 19.875 0.02 54007.365928 -99.99 0.031 54007.366761 19.631 0.033 54007.368428 19.431 0.077 12.631372 -0.554153
54009.29133 20.088 0.065 54009.292996 19.919 0.021 54009.289663 19.824 0.023 54009.290496 19.613 0.045 54009.292163 19.39 0.055 12.631372 -0.554153
54011.355829 20.026 0.048 54011.357496 19.869 0.029 54011.354163 19.841 0.021 54011.354996 19.629 0.022 54011.356663 19.469 0.052 12.631372 -0.554153
54025.354823 19.909 0.058 54025.35649 19.868 0.022 54025.353157 19.812 0.022 54025.35399 19.607 0.024 54025.355657 19.393 0.076 12.631372 -0.554153
54029.2852 19.983 0.047 54029.286867 19.903 0.025 54029.283534 19.797 0.03 54029.284367 19.604 0.031 54029.286034 19.458 0.072 12.631372 -0.554153
54348.352609 -99.99 0.057 54348.354276 19.865 0.028 54348.350943 19.833 0.024 54348.351776 19.565 0.023 54348.353443 19.454 0.059 12.631372 -0.554153
54358.308455 20.006 0.062 54358.310122 19.923 0.024 54358.306789 19.76 0.026 54358.307622 19.552 0.03 54358.309289 19.561 0.091 12.631372 -0.554153
54359.302421 19.924 0.125 54359.304088 19.771 0.039 54359.300755 19.828 0.044 54359.301588 19.457 0.046 54359.303255 19.475 0.198 12.631372 -0.554153
54365.341459 19.976 0.044 54365.343126 19.832 0.03 54365.339792 19.704 0.019 54365.340626 19.564 0.023 54365.342292 19.381 0.049 12.631372 -0.554153
54381.361028 -99.99 0.044 54381.362694 19.743 0.026 54381.359361 19.696 0.02 54381.360194 19.542 0.021 54381.361861 19.46 0.056 12.631372 -0.554153
54384.367684 -99.99 0.05 54384.369351 19.725 0.029 54384.366017 19.651 0.022 54384.366851 19.556 0.021 54384.368517 19.525 0.068 12.631372 -0.554153
54386.353362 19.993 0.072 54386.355028 19.766 0.028 54386.351695 19.748 0.023 54386.352528 19.567 0.026 54386.354195 19.259 0.075 12.631372 -0.554153
54388.357585 19.966 0.047 54388.359252 19.761 0.021 54388.355918 19.695 0.019 54388.356752 19.566 0.02 54388.358418 19.355 0.052 12.631372 -0.554153
54403.271514 19.585 0.088 54403.27318 19.658 0.048 54403.269847 19.647 0.066 54403.27068 19.445 0.045 54403.272347 -99.99 0.118 12.631372 -0.554153
54404.328943 -99.99 0.06 54404.330609 19.659 0.041 54404.327276 19.626 0.02 54404.328109 19.473 0.02 54404.329776 19.251 0.055 12.631372 -0.554153
54405.326991 19.847 0.056 54405.328658 19.68 0.024 54405.325325 19.666 0.021 54405.326158 19.532 0.02 54405.327825 19.232 0.051 12.631372 -0.554153
54406.265236 19.804 0.045 54406.266903 19.665 0.024 54406.263569 19.623 0.023 54406.264403 19.491 0.022 54406.266069 19.309 0.058 12.631372 -0.554153
54412.268246 19.773 0.042 54412.269912 19.676 0.027 54412.266579 19.615 0.018 54412.267412 19.511 0.021 54412.269079 19.402 0.066 12.631372 -0.554153
