51081.313934 20.716 0.1 51081.3156 -99.99 0.03 51081.312267 -99.99 0.037 51081.3131 -99.99 0.055 51081.314767 -99.99 0.179 10.96496 0.917181
51819.385211 20.371 0.073 51819.386877 20.37 0.027 51819.383544 20.105 0.03 51819.384377 20.125 0.044 51819.386044 20.192 0.151 10.96496 0.917181
52558.350345 -99.99 0.068 52558.352011 20.592 0.028 52558.348678 20.258 0.028 52558.349511 20.259 0.039 52558.351178 20.506 0.175 10.96496 0.917181
52577.237848 20.519 0.068 52577.239514 20.552 0.026 52577.236181 20.262 0.028 52577.237014 20.269 0.043 52577.238681 20.409 0.172 10.96496 0.917181
52586.241326 20.533 0.063 52586.242992 20.584 0.027 52586.239659 20.352 0.032 52586.240492 20.237 0.047 52586.242159 20.865 0.307 10.96496 0.917181
52910.321808 20.815 0.08 52910.323474 20.776 0.029 52910.320141 20.468 0.031 52910.320974 20.49 0.046 52910.322641 20.253 0.136 10.96496 0.917181
52931.25201 20.896 0.097 52931.253676 20.76 0.032 52931.250343 20.527 0.036 52931.251176 20.614 0.058 52931.252843 20.438 0.179 10.96496 0.917181
52935.248975 20.855 0.097 52935.250641 20.785 0.032 52935.247308 20.476 0.036 52935.248141 20.534 0.062 52935.249808 20.481 0.206 10.96496 0.917181
52959.192303 20.657 0.064 52959.193969 20.772 0.026 52959.190636 20.439 0.027 52959.191469 20.465 0.039 52959.193136 20.589 0.143 10.96496 0.917181
52963.172047 20.769 0.065 52963.173713 20.739 0.026 52963.17038 20.428 0.028 52963.171213 20.449 0.041 52963.17288 20.662 0.166 10.96496 0.917181
53352.143114 21.155 0.103 53352.14478 21.024 0.035 53352.141447 20.683 0.038 53352.14228 20.679 0.058 53352.143947 20.656 0.201 10.96496 0.917181
53622.351413 21.105 0.149 53622.353079 20.883 0.047 53622.349746 20.562 0.047 53622.350579 20.73 0.093 53622.352246 20.687 0.281 10.96496 0.917181
53634.300883 21.516 0.448 53634.302549 20.942 0.114 53634.299216 20.46 0.062 53634.300049 20.477 0.073 53634.301716 20.514 0.198 10.96496 0.917181
53638.342219 20.98 0.119 53638.343885 20.818 0.037 53638.340552 20.55 0.036 53638.341385 20.534 0.052 53638.343052 20.494 0.17 10.96496 0.917181
53640.306254 -99.99 0.119 53640.30792 20.903 0.04 53640.304587 20.6 0.046 53640.30542 20.563 0.066 53640.307087 20.77 0.249 10.96496 0.917181
53664.303381 21.103 0.328 53664.305047 20.909 0.135 53664.301714 20.37 0.064 53664.302547 20.489 0.108 53664.304214 20.049 0.247 10.96496 0.917181
53669.262625 20.966 0.083 53669.264291 20.901 0.028 53669.260958 20.631 0.032 53669.261791 20.513 0.046 53669.263458 21.079 0.258 10.96496 0.917181
53671.34739 21.075 0.172 53671.349056 20.814 0.037 53671.345723 20.514 0.044 53671.346556 20.502 0.066 53671.348223 20.186 0.157 10.96496 0.917181
53674.246861 20.922 0.113 53674.248527 20.91 0.035 53674.245194 20.585 0.038 53674.246027 20.581 0.054 53674.247694 -99.99 0.181 10.96496 0.917181
53676.336333 20.985 0.109 53676.337999 20.843 0.03 53676.334666 20.64 0.036 53676.335499 20.608 0.048 53676.337166 20.469 0.133 10.96496 0.917181
53679.308227 20.957 0.138 53679.309893 20.845 0.037 53679.30656 20.48 0.047 53679.307393 20.669 0.078 53679.30906 20.758 0.305 10.96496 0.917181
53681.29974 20.638 0.108 53681.301406 20.753 0.07 53681.298073 20.46 0.053 53681.298906 20.568 0.076 53681.300573 -99.99 0.27 10.96496 0.917181
53685.258794 -99.99 0.277 53685.26046 20.776 0.118 53685.257127 20.546 0.105 53685.25796 20.576 0.118 53685.259627 20.529 0.27 10.96496 0.917181
53697.256765 20.832 0.111 53697.258431 20.807 0.039 53697.255098 20.619 0.042 53697.255931 20.516 0.055 53697.257598 20.462 0.16 10.96496 0.917181
53700.255723 20.723 0.123 53700.257389 20.759 0.038 53700.254056 20.546 0.046 53700.254889 20.466 0.067 53700.256556 20.538 0.239 10.96496 0.917181
53705.242394 -99.99 0.102 53705.24406 -99.99 0.033 53705.240727 20.474 0.032 53705.24156 20.564 0.05 53705.243227 20.38 0.127 10.96496 0.917181
53975.327399 20.365 0.06 53975.329066 20.315 0.023 53975.325733 20.198 0.027 53975.326566 20.224 0.04 53975.328233 19.914 0.104 10.96496 0.917181
53990.34021 20.298 0.142 53990.341877 20.271 0.044 53990.338544 20.152 0.041 53990.339377 20.116 0.053 53990.341044 20.446 0.213 10.96496 0.917181
53994.350392 20.372 0.056 53994.352058 20.264 0.03 53994.348725 20.148 0.023 53994.349558 20.154 0.037 53994.351225 20.222 0.148 10.96496 0.917181
53996.33413 20.287 0.059 53996.335797 20.274 0.025 53996.332464 20.082 0.027 53996.333297 20.221 0.045 53996.334964 20.193 0.141 10.96496 0.917181
53998.30278 -99.99 0.085 53998.304447 -99.99 0.023 53998.301113 20.206 0.026 53998.301947 -99.99 0.059 53998.303613 -99.99 0.192 10.96496 0.917181
54005.333001 20.305 0.054 54005.334668 20.266 0.031 54005.331334 20.148 0.023 54005.332168 20.158 0.034 54005.333834 20.165 0.108 10.96496 0.917181
54010.288239 20.312 0.055 54010.289905 20.284 0.027 54010.286572 20.064 0.026 54010.287405 20.15 0.036 54010.289072 -99.99 0.111 10.96496 0.917181
54012.281171 20.352 0.106 54012.282838 20.222 0.042 54012.279505 20.083 0.04 54012.280338 20.069 0.048 54012.282005 -99.99 0.125 10.96496 0.917181
54020.287056 20.312 0.091 54020.288723 20.192 0.035 54020.285389 20.086 0.039 54020.286223 20.065 0.057 54020.287889 -99.99 0.176 10.96496 0.917181
54024.368749 20.216 0.075 54024.370415 20.169 0.03 54024.367082 20.091 0.035 54024.367915 20.046 0.048 54024.369582 19.844 0.126 10.96496 0.917181
54028.357032 19.962 0.059 54028.358699 20.166 0.032 54028.355365 20.099 0.047 54028.356199 20.098 0.049 54028.357865 20.032 0.165 10.96496 0.917181
54030.280727 20.23 0.051 54030.282394 20.165 0.02 54030.27906 20.049 0.023 54030.279894 20.044 0.033 54030.28156 19.947 0.094 10.96496 0.917181
54035.356394 19.967 0.079 54035.35806 20.087 0.035 54035.354727 20.072 0.039 54035.35556 20.072 0.054 54035.357227 20.289 0.233 10.96496 0.917181
54037.261927 20.069 0.049 54037.263593 20.127 0.021 54037.26026 20.046 0.025 54037.261093 19.993 0.034 54037.26276 20.109 0.121 10.96496 0.917181
54040.276423 20.188 0.111 54040.27809 20.125 0.044 54040.274757 20.09 0.052 54040.27559 20.191 0.065 54040.277257 20.341 0.195 10.96496 0.917181
54049.302929 -99.99 0.117 54049.304595 20.165 0.043 54049.301262 19.953 0.04 54049.302095 20.046 0.055 54049.303762 20.069 0.158 10.96496 0.917181
54053.267205 -99.99 0.048 54053.268872 20.133 0.022 54053.265538 20.018 0.025 54053.266372 20.14 0.04 54053.268038 20.239 0.13 10.96496 0.917181
54056.268941 20.045 0.061 54056.270608 20.143 0.025 54056.267275 20.035 0.035 54056.268108 20.02 0.046 54056.269775 20.018 0.137 10.96496 0.917181
54059.263073 19.875 0.064 54059.26474 20.126 0.028 54059.261406 -99.99 0.045 54059.26224 19.989 0.045 54059.263906 20.117 0.194 10.96496 0.917181
54062.267977 20.076 0.068 54062.269643 20.096 0.029 54062.26631 20.011 0.031 54062.267143 20.083 0.045 54062.26881 20.03 0.145 10.96496 0.917181
54068.248691 -99.99 0.107 54068.250357 20.109 0.054 54068.247024 20.044 0.049 54068.247857 19.996 0.061 54068.249524 19.871 0.139 10.96496 0.917181
54357.306319 20.389 0.074 54357.307986 20.422 0.024 54357.304652 20.171 0.023 54357.305486 20.215 0.032 54357.307152 20.197 0.101 10.96496 0.917181
54362.356086 20.254 0.063 54362.357753 20.382 0.03 54362.35442 20.179 0.029 54362.355253 20.238 0.045 54362.35692 20.312 0.171 10.96496 0.917181
54382.336357 -99.99 0.099 54382.338024 -99.99 0.029 54382.334691 20.27 0.046 54382.335524 20.177 0.065 54382.337191 20.1 0.19 10.96496 0.917181
54385.354094 -99.99 0.062 54385.35576 20.398 0.028 54385.352427 20.217 0.026 54385.35326 20.267 0.035 54385.354927 20.304 0.103 10.96496 0.917181
54387.354688 -99.99 0.103 54387.356355 20.394 0.031 54387.353021 20.165 0.037 54387.353855 20.393 0.06 54387.355521 20.281 0.172 10.96496 0.917181
54392.349375 20.304 0.093 54392.351042 20.411 0.033 54392.347708 20.211 0.038 54392.348542 20.221 0.052 54392.350208 20.552 0.242 10.96496 0.917181
54402.347877 -99.99 0.167 54402.349544 -99.99 0.074 54402.346211 20.188 0.056 54402.347044 20.117 0.057 54402.348711 20.149 0.154 10.96496 0.917181
