51075.32866 20.676 0.082 51075.330326 20.086 0.021 51075.326993 19.937 0.024 51075.327826 20.019 0.037 51075.329493 19.579 0.1 10.398559 -0.442413
51819.383498 20.18 0.064 51819.385164 19.733 0.017 51819.381831 19.654 0.018 51819.382664 19.682 0.026 51819.384331 19.575 0.086 10.398559 -0.442413
52196.347848 20.473 0.078 52196.349514 19.93 0.018 52196.346181 19.799 0.02 52196.347014 19.906 0.027 52196.348681 19.536 0.077 10.398559 -0.442413
52197.342309 20.383 0.065 52197.343975 19.936 0.018 52197.340642 19.785 0.021 52197.341475 19.817 0.027 52197.343142 19.618 0.08 10.398559 -0.442413
52207.314622 20.46 0.067 52207.316288 19.973 0.017 52207.312955 19.819 0.019 52207.313788 19.88 0.023 52207.315455 19.658 0.078 10.398559 -0.442413
52225.192464 20.588 0.071 52225.19413 19.948 0.018 52225.190797 19.844 0.02 52225.19163 19.927 0.026 52225.193297 19.691 0.08 10.398559 -0.442413
52231.228247 20.425 0.072 52231.229913 19.96 0.017 52231.22658 19.846 0.019 52231.227413 19.895 0.024 52231.22908 19.68 0.07 10.398559 -0.442413
52253.214416 20.274 0.071 52253.216082 19.88 0.018 52253.212749 19.799 0.019 52253.213582 19.858 0.025 52253.215249 19.629 0.074 10.398559 -0.442413
52557.336249 20.253 0.073 52557.337915 19.865 0.02 52557.334582 19.648 0.019 52557.335415 19.745 0.027 52557.337082 19.579 0.093 10.398559 -0.442413
52578.232334 20.266 0.056 52578.234 19.885 0.016 52578.230667 19.739 0.018 52578.2315 19.863 0.025 52578.233167 19.525 0.066 10.398559 -0.442413
52908.310815 19.872 0.047 52908.312481 19.672 0.016 52908.309148 19.551 0.019 52908.309981 19.65 0.025 52908.311648 19.339 0.064 10.398559 -0.442413
52934.242717 20.026 0.067 52934.244383 19.751 0.017 52934.24105 19.646 0.023 52934.241883 19.746 0.032 52934.24355 -99.99 0.095 10.398559 -0.442413
52936.238644 20.068 0.05 52936.24031 19.771 0.014 52936.236977 19.63 0.016 52936.23781 19.719 0.021 52936.239477 19.461 0.058 10.398559 -0.442413
52962.164167 20.077 0.056 52962.165833 19.855 0.02 52962.1625 19.673 0.022 52962.163333 19.792 0.032 52962.165 19.374 0.085 10.398559 -0.442413
53270.302723 20.277 0.053 53270.30439 19.908 0.019 53270.301057 19.795 0.025 53270.30189 19.866 0.022 53270.303557 19.509 0.051 10.398559 -0.442413
53272.352646 20.321 0.063 53272.354312 19.839 0.017 53272.350979 19.778 0.019 53272.351812 19.825 0.024 53272.353479 19.616 0.069 10.398559 -0.442413
53286.321366 20.212 0.074 53286.323032 19.865 0.02 53286.319699 19.775 0.021 53286.320532 19.84 0.026 53286.322199 19.563 0.068 10.398559 -0.442413
53288.279855 20.27 0.07 53288.281521 19.907 0.018 53288.278188 19.814 0.021 53288.279021 19.81 0.026 53288.280688 19.548 0.073 10.398559 -0.442413
53294.327533 20.246 0.073 53294.329199 19.86 0.02 53294.325866 19.722 0.024 53294.326699 19.807 0.031 53294.328366 19.616 0.094 10.398559 -0.442413
53296.274558 20.293 0.076 53296.276224 19.83 0.027 53296.272891 19.731 0.04 53296.273724 19.802 0.037 53296.275391 19.475 0.083 10.398559 -0.442413
53298.32431 20.24 0.069 53298.325976 19.877 0.018 53298.322643 19.807 0.023 53298.323476 19.838 0.027 53298.325143 19.664 0.095 10.398559 -0.442413
53302.275524 20.303 0.112 53302.27719 19.84 0.033 53302.273857 19.777 0.029 53302.27469 19.796 0.03 53302.276357 19.468 0.068 10.398559 -0.442413
53312.231063 20.407 0.093 53312.232729 19.895 0.027 53312.229396 19.782 0.028 53312.230229 19.858 0.032 53312.231896 19.661 0.093 10.398559 -0.442413
53314.232254 20.261 0.065 53314.23392 19.872 0.017 53314.230587 19.751 0.021 53314.23142 19.741 0.026 53314.233087 19.692 0.095 10.398559 -0.442413
53616.336614 20.072 0.081 53616.33828 19.663 0.018 53616.334947 19.491 0.021 53616.33578 19.597 0.034 53616.337447 19.222 0.079 10.398559 -0.442413
53626.31304 19.893 0.047 53626.314706 19.591 0.014 53626.311373 19.454 0.016 53626.312206 19.572 0.02 53626.313873 19.244 0.05 10.398559 -0.442413
53628.297905 19.911 0.094 53628.299571 19.465 0.03 53628.296238 19.441 0.026 53628.297071 19.487 0.027 53628.298738 19.241 0.068 10.398559 -0.442413
53637.299521 19.811 0.077 53637.301187 19.525 0.022 53637.297854 19.431 0.022 53637.298687 19.473 0.028 53637.300354 19.361 0.083 10.398559 -0.442413
53639.344898 19.815 0.047 53639.346564 19.501 0.014 53639.343231 19.409 0.015 53639.344064 19.499 0.017 53639.345731 19.339 0.046 10.398559 -0.442413
53654.326591 19.791 0.047 53654.328257 19.531 0.013 53654.324924 19.405 0.016 53654.325757 19.466 0.02 53654.327424 19.274 0.062 10.398559 -0.442413
53663.287495 19.959 0.085 53663.289161 19.549 0.024 53663.285828 19.42 0.02 53663.286661 19.527 0.022 53663.288328 19.252 0.055 10.398559 -0.442413
53665.265465 19.935 0.079 53665.267131 19.471 0.018 53665.263798 19.361 0.021 53665.264631 19.465 0.024 53665.266298 19.223 0.057 10.398559 -0.442413
53666.357595 19.859 0.08 53666.359261 19.551 0.022 53666.355928 19.376 0.019 53666.356761 19.48 0.02 53666.358428 19.31 0.06 10.398559 -0.442413
53668.277096 19.712 0.057 53668.278762 19.511 0.017 53668.275429 19.353 0.02 53668.276262 19.401 0.024 53668.277929 19.111 0.072 10.398559 -0.442413
53670.281947 19.759 0.046 53670.283613 19.551 0.014 53670.28028 19.403 0.016 53670.281113 19.471 0.02 53670.28278 19.285 0.064 10.398559 -0.442413
53673.249933 19.927 0.046 53673.251599 19.5 0.013 53673.248266 19.388 0.015 53673.249099 19.509 0.02 53673.250766 19.387 0.057 10.398559 -0.442413
53675.246821 19.956 0.052 53675.248487 19.55 0.013 53675.245154 19.434 0.018 53675.245987 19.477 0.023 53675.247654 19.249 0.065 10.398559 -0.442413
53677.267851 19.83 0.044 53677.269517 19.525 0.013 53677.266184 19.395 0.014 53677.267017 19.488 0.017 53677.268684 19.317 0.053 10.398559 -0.442413
53680.254518 19.851 0.046 53680.256184 19.506 0.013 53680.252851 19.423 0.015 53680.253684 19.479 0.018 53680.255351 19.302 0.051 10.398559 -0.442413
53693.256415 19.866 0.089 53693.258081 19.539 0.026 53693.254748 19.38 0.02 53693.255581 19.549 0.023 53693.257248 19.357 0.062 10.398559 -0.442413
53698.253805 19.864 0.053 53698.255471 19.54 0.014 53698.252138 19.388 0.016 53698.252971 19.519 0.022 53698.254638 19.25 0.062 10.398559 -0.442413
53704.239737 19.783 0.061 53704.241403 19.474 0.017 53704.23807 19.406 0.02 53704.238903 19.499 0.031 53704.24057 19.107 0.08 10.398559 -0.442413
53974.332391 20.124 0.055 53974.334058 19.76 0.019 53974.330724 19.586 0.021 53974.331558 19.725 0.024 53974.333224 19.459 0.049 10.398559 -0.442413
53977.381013 20.106 0.046 53977.38268 19.784 0.018 53977.379347 19.602 0.016 53977.38018 19.738 0.021 53977.381847 19.543 0.052 10.398559 -0.442413
53989.335795 20.109 0.097 53989.337462 19.76 0.033 53989.334128 19.677 0.029 53989.334962 19.76 0.032 53989.336628 19.505 0.057 10.398559 -0.442413
53995.350435 20.245 0.052 53995.352102 19.835 0.016 53995.348769 19.706 0.021 53995.349602 19.742 0.021 53995.351269 19.519 0.055 10.398559 -0.442413
54000.311201 20.231 0.064 54000.312868 19.782 0.036 54000.309535 19.692 0.024 54000.310368 19.712 0.029 54000.312035 19.481 0.08 10.398559 -0.442413
54006.258008 20.319 0.098 54006.259674 19.812 0.019 54006.256341 19.722 0.025 54006.257174 19.834 0.03 54006.258841 19.556 0.073 10.398559 -0.442413
54007.361352 20.205 0.064 54007.363019 19.847 0.021 54007.359685 19.735 0.023 54007.360519 -99.99 0.032 54007.362185 19.499 0.063 10.398559 -0.442413
54009.28513 20.308 0.067 54009.286797 19.92 0.034 54009.283463 19.767 0.022 54009.284297 19.825 0.032 54009.285963 19.546 0.064 10.398559 -0.442413
54011.349627 20.322 0.065 54011.351294 19.879 0.024 54011.34796 19.713 0.02 54011.348794 19.832 0.028 54011.35046 19.525 0.056 10.398559 -0.442413
54025.348704 20.43 0.079 54025.350371 19.916 0.022 54025.347038 19.772 0.024 54025.347871 19.806 0.029 54025.349538 19.449 0.076 10.398559 -0.442413
54029.278993 20.493 0.078 54029.280659 19.913 0.023 54029.277326 -99.99 0.047 54029.278159 19.895 0.043 54029.279826 19.455 0.09 10.398559 -0.442413
54348.346365 20.544 0.087 54348.348032 20.076 0.023 54348.344699 19.955 0.024 54348.345532 20.067 0.03 54348.347199 19.674 0.072 10.398559 -0.442413
54358.302214 20.4 0.086 54358.303881 20.022 0.034 54358.300548 19.976 0.032 54358.301381 20.047 0.04 54358.303048 19.575 0.09 10.398559 -0.442413
54359.296301 20.516 0.127 54359.297968 20.028 0.035 54359.294635 19.897 0.062 54359.295468 19.903 0.049 54359.297135 19.874 0.194 10.398559 -0.442413
54365.335267 20.573 0.066 54365.336934 20.059 0.026 54365.333601 19.969 0.021 54365.334434 20.036 0.025 54365.336101 19.849 0.071 10.398559 -0.442413
54381.354828 20.556 0.075 54381.356495 20.082 0.021 54381.353161 19.971 0.026 54381.353995 20.03 0.03 54381.355661 19.757 0.07 10.398559 -0.442413
54384.361479 20.51 0.08 54384.363145 20.09 0.033 54384.359812 19.974 0.021 54384.360645 20.028 0.027 54384.362312 19.718 0.077 10.398559 -0.442413
54386.347156 20.488 0.082 54386.348823 20.085 0.029 54386.34549 19.995 0.031 54386.346323 19.987 0.033 54386.34799 19.694 0.086 10.398559 -0.442413
54388.351419 20.458 0.073 54388.353085 20.063 0.023 54388.349752 19.994 0.026 54388.350585 19.99 0.028 54388.352252 19.7 0.068 10.398559 -0.442413
54404.322817 20.487 0.114 54404.324483 20.068 0.028 54404.32115 19.989 0.029 54404.321983 20.023 0.039 54404.32365 19.755 0.082 10.398559 -0.442413
54405.32075 20.447 0.1 54405.322417 20.145 0.028 54405.319084 19.93 0.026 54405.319917 19.991 0.033 54405.321584 19.626 0.078 10.398559 -0.442413
54406.259029 20.547 0.071 54406.260695 20.102 0.029 54406.257362 19.986 0.028 54406.258195 20.032 0.03 54406.259862 19.694 0.072 10.398559 -0.442413
54412.261942 20.527 0.091 54412.263609 20.079 0.022 54412.260276 20.041 0.028 54412.261109 20.01 0.031 54412.262776 19.786 0.099 10.398559 -0.442413
