51819.255556 19.335 0.033 51819.257222 19.156 0.011 51819.253889 19.013 0.012 51819.254722 18.863 0.016 51819.256389 18.631 0.04 -35.798994 1.024075
52172.271134 19.218 0.027 52172.2728 19.025 0.01 52172.269467 18.87 0.011 52172.2703 18.728 0.013 52172.271967 18.487 0.032 -35.798994 1.024075
52558.220829 19.045 0.026 52558.222495 18.823 0.009 52558.219162 18.744 0.01 52558.219995 18.607 0.012 52558.221662 18.366 0.032 -35.798994 1.024075
52576.133086 19.055 0.025 52576.134752 18.829 0.009 52576.131419 18.724 0.01 52576.132252 18.626 0.014 52576.133919 18.366 0.035 -35.798994 1.024075
52577.108321 19.052 0.024 52577.109987 18.838 0.009 52577.106654 18.737 0.011 52577.107487 18.586 0.014 52577.109154 18.467 0.04 -35.798994 1.024075
52930.121653 19.111 0.023 52930.123319 18.933 0.009 52930.119986 18.818 0.01 52930.120819 18.685 0.012 52930.122486 18.522 0.032 -35.798994 1.024075
52931.122483 19.121 0.024 52931.124149 18.942 0.009 52931.120816 18.812 0.01 52931.121649 18.687 0.012 52931.123316 18.53 0.034 -35.798994 1.024075
52935.119448 19.131 0.029 52935.121114 18.926 0.009 52935.117781 18.835 0.012 52935.118614 18.716 0.015 52935.120281 18.575 0.043 -35.798994 1.024075
53313.112647 19.247 0.033 53313.114313 19.064 0.01 53313.11098 18.927 0.013 53313.111813 18.777 0.017 53313.11348 18.637 0.048 -35.798994 1.024075
53622.221895 19.239 0.038 53622.223561 19.013 0.012 53622.220228 18.895 0.013 53622.221061 18.753 0.017 53622.222728 18.563 0.045 -35.798994 1.024075
53625.21786 19.245 0.029 53625.219526 19.011 0.011 53625.216193 18.903 0.011 53625.217026 18.746 0.013 53625.218693 18.497 0.031 -35.798994 1.024075
53634.171365 19.267 0.082 53634.173031 19.005 0.031 53634.169698 18.876 0.021 53634.170531 18.734 0.022 53634.172198 18.511 0.061 -35.798994 1.024075
53636.176897 19.108 0.03 53636.178563 18.953 0.011 53636.17523 18.758 0.03 53636.176063 18.66 0.014 53636.17773 18.384 0.035 -35.798994 1.024075
53655.148902 19.122 0.046 53655.150568 18.966 0.015 53655.147235 18.848 0.016 53655.148068 18.723 0.018 53655.149735 18.562 0.051 -35.798994 1.024075
53664.173861 19.054 0.036 53664.175527 18.985 0.015 53664.172194 18.873 0.014 53664.173027 18.729 0.016 53664.174694 18.5 0.037 -35.798994 1.024075
53666.137459 19.198 0.025 53666.139125 18.942 0.009 53666.135792 18.874 0.011 53666.136625 18.733 0.014 53666.138292 18.44 0.034 -35.798994 1.024075
53669.133099 19.195 0.026 53669.134765 18.969 0.009 53669.131432 18.876 0.011 53669.132265 18.728 0.013 53669.133932 18.494 0.032 -35.798994 1.024075
53674.117336 19.14 0.026 53674.119002 18.956 0.009 53674.115669 18.862 0.011 53674.116502 18.716 0.014 53674.118169 18.54 0.035 -35.798994 1.024075
53676.206834 19.144 0.03 53676.2085 18.959 0.009 53676.205167 18.843 0.011 53676.206 18.713 0.014 53676.207667 18.529 0.032 -35.798994 1.024075
53679.178715 19.137 0.035 53679.180381 18.972 0.011 53679.177048 18.855 0.013 53679.177881 18.749 0.016 53679.179548 18.489 0.039 -35.798994 1.024075
53681.170226 19.088 0.03 53681.171892 18.992 0.011 53681.168559 18.844 0.02 53681.169392 18.722 0.017 53681.171059 18.486 0.035 -35.798994 1.024075
53685.129271 19.228 0.068 53685.130937 18.967 0.024 53685.127604 18.86 0.022 53685.128437 18.752 0.025 53685.130104 18.486 0.054 -35.798994 1.024075
53687.167619 19.178 0.068 53687.169285 18.987 0.03 53687.165952 18.856 0.018 53687.166785 18.742 0.021 53687.168452 18.571 0.046 -35.798994 1.024075
53694.143161 19.165 0.069 53694.144827 18.894 0.023 53694.141494 18.816 0.026 53694.142327 18.669 0.03 53694.143994 18.546 0.08 -35.798994 1.024075
53697.127251 18.944 0.211 53697.128917 18.914 0.076 53697.125584 -99.99 0.108 53697.126417 18.525 0.131 53697.128084 18.444 0.295 -35.798994 1.024075
53700.126212 19.077 0.032 53700.127878 18.953 0.01 53700.124545 18.861 0.014 53700.125378 18.657 0.016 53700.127045 18.46 0.041 -35.798994 1.024075
53705.112881 19.186 0.033 53705.114547 18.949 0.01 53705.111214 18.854 0.012 53705.112047 18.705 0.015 53705.113714 18.535 0.04 -35.798994 1.024075
53975.19788 19.503 0.034 53975.199547 19.177 0.015 53975.196213 19.012 0.015 53975.197047 18.806 0.018 53975.198713 18.652 0.041 -35.798994 1.024075
53996.204598 19.421 0.036 53996.206265 19.214 0.016 53996.202932 19.002 0.015 53996.203765 18.85 0.015 53996.205432 18.568 0.032 -35.798994 1.024075
53998.173242 19.462 0.03 53998.174909 19.201 0.013 53998.171575 19.015 0.014 53998.172409 18.826 0.018 53998.174075 18.58 0.034 -35.798994 1.024075
54010.158714 19.421 0.042 54010.160381 19.226 0.017 54010.157048 18.989 0.016 54010.157881 18.871 0.02 54010.159548 18.557 0.036 -35.798994 1.024075
54012.151547 19.5 0.068 54012.153214 19.252 0.028 54012.149881 19 0.027 54012.150714 18.863 0.03 54012.152381 18.726 0.073 -35.798994 1.024075
54020.157534 19.437 0.033 54020.159201 19.244 0.015 54020.155867 19.035 0.013 54020.156701 18.859 0.017 54020.158367 18.616 0.038 -35.798994 1.024075
54022.206847 19.43 0.044 54022.208513 19.275 0.016 54022.20518 19.026 0.021 54022.206013 18.849 0.021 54022.20768 18.595 0.042 -35.798994 1.024075
54028.147913 19.585 0.048 54028.14958 19.24 0.019 54028.146246 19.04 0.018 54028.14708 18.868 0.019 54028.148746 18.634 0.048 -35.798994 1.024075
54030.151086 19.379 0.032 54030.152753 19.246 0.015 54030.149419 19.031 0.013 54030.150253 18.833 0.017 54030.151919 18.538 0.031 -35.798994 1.024075
54032.140373 19.466 0.047 54032.14204 19.246 0.018 54032.138707 18.98 0.019 54032.13954 -99.99 0.024 54032.141207 -99.99 0.057 -35.798994 1.024075
54034.210624 19.502 0.056 54034.21229 19.221 0.017 54034.208957 19.03 0.019 54034.20979 18.854 0.023 54034.211457 18.489 0.057 -35.798994 1.024075
54037.132327 19.413 0.037 54037.133993 19.247 0.018 54037.13066 19.017 0.016 54037.131493 18.818 0.019 54037.13316 18.604 0.035 -35.798994 1.024075
54040.146814 19.352 0.055 54040.148481 19.201 0.025 54040.145147 19.041 0.022 54040.145981 18.863 0.026 54040.147647 18.512 0.043 -35.798994 1.024075
54050.131447 19.402 0.039 54050.133114 19.165 0.017 54050.129781 19.03 0.018 54050.130614 18.907 0.024 54050.132281 18.669 0.049 -35.798994 1.024075
54053.137596 19.398 0.035 54053.139262 19.205 0.015 54053.135929 19.018 0.015 54053.136762 18.817 0.016 54053.138429 18.595 0.041 -35.798994 1.024075
54056.139283 19.356 0.053 54056.14095 19.147 0.022 54056.137617 19.019 0.023 54056.13845 18.814 0.026 54056.140117 -99.99 0.063 -35.798994 1.024075
54057.107928 19.367 0.035 54057.109595 19.213 0.017 54057.106261 18.981 0.016 54057.107095 18.845 0.02 54057.108761 18.686 0.041 -35.798994 1.024075
54059.133558 19.427 0.041 54059.135224 19.171 0.019 54059.131891 18.993 0.018 54059.132724 18.875 0.02 54059.134391 18.713 0.042 -35.798994 1.024075
54061.144606 19.375 0.048 54061.146272 19.174 0.017 54061.142939 18.997 0.023 54061.143772 -99.99 0.03 54061.145439 18.563 0.047 -35.798994 1.024075
54062.138464 19.291 0.046 54062.140131 19.172 0.02 54062.136797 18.985 0.023 54062.137631 18.867 0.024 54062.139297 18.66 0.057 -35.798994 1.024075
54068.128452 19.381 0.113 54068.130119 19.191 0.041 54068.126786 18.952 0.028 54068.127619 18.816 0.06 54068.129286 18.526 0.069 -35.798994 1.024075
54357.176781 19.269 0.029 54357.178447 18.994 0.016 54357.175114 18.889 0.019 54357.175947 18.736 0.018 54357.177614 18.576 0.035 -35.798994 1.024075
54365.174621 19.267 0.048 54365.176288 19.006 0.022 54365.172954 18.881 0.021 54365.173788 18.747 0.021 54365.175454 18.578 0.045 -35.798994 1.024075
54385.224591 19.252 0.041 54385.226258 19.025 0.017 54385.222925 18.922 0.014 54385.223758 18.756 0.018 54385.225425 18.595 0.037 -35.798994 1.024075
54387.225139 19.331 0.043 54387.226805 19.023 0.017 54387.223472 18.899 0.017 54387.224305 18.782 0.018 54387.225972 18.641 0.04 -35.798994 1.024075
54392.219891 19.247 0.054 54392.221558 19.008 0.024 54392.218225 18.908 0.018 54392.219058 18.777 0.039 54392.220725 18.571 0.041 -35.798994 1.024075
54402.218256 19.272 0.062 54402.219923 19.071 0.021 54402.21659 18.908 0.021 54402.217423 18.81 0.024 54402.21909 18.576 0.04 -35.798994 1.024075
