51819.250747 19.741 0.04 51819.252413 19.552 0.014 51819.24908 19.408 0.015 51819.249913 19.091 0.017 51819.25158 19.037 0.05 -37.532707 0.545707
52172.266335 19.486 0.032 52172.268001 19.362 0.012 52172.264668 19.298 0.013 52172.265501 18.988 0.016 52172.267168 19.045 0.047 -37.532707 0.545707
52558.216027 19.567 0.038 52558.217693 19.337 0.014 52558.21436 19.235 0.014 52558.215193 18.954 0.018 52558.21686 18.931 0.051 -37.532707 0.545707
52576.128284 19.6 0.034 52576.12995 19.383 0.013 52576.126617 19.365 0.017 52576.12745 19.032 0.017 52576.129117 19.084 0.086 -37.532707 0.545707
52577.103518 19.569 0.033 52577.105184 19.337 0.012 52577.101851 19.264 0.014 52577.102684 19.047 0.019 52577.104351 18.938 0.054 -37.532707 0.545707
52930.116849 19.676 0.031 52930.118515 19.463 0.012 52930.115182 19.334 0.012 52930.116015 19.076 0.014 52930.117682 19.039 0.041 -37.532707 0.545707
52931.117681 19.72 0.033 52931.119347 19.455 0.012 52931.116014 19.357 0.013 52931.116847 19.077 0.015 52931.118514 19.116 0.044 -37.532707 0.545707
52935.114645 19.683 0.043 52935.116311 19.435 0.014 52935.112978 19.339 0.017 52935.113811 19.092 0.021 52935.115478 18.971 0.063 -37.532707 0.545707
53313.107845 19.562 0.041 53313.109511 19.268 0.012 53313.106178 19.209 0.017 53313.107011 19.003 0.023 53313.108678 19.029 0.067 -37.532707 0.545707
53622.217092 19.682 0.048 53622.218758 19.382 0.014 53622.215425 19.306 0.016 53622.216258 19.046 0.023 53622.217925 19.026 0.064 -37.532707 0.545707
53625.213055 19.572 0.033 53625.214721 19.407 0.014 53625.211388 19.338 0.014 53625.212221 19.062 0.016 53625.213888 19.016 0.039 -37.532707 0.545707
53634.166561 19.5 0.085 53634.168227 19.201 0.035 53634.164894 -99.99 0.031 53634.165727 18.891 0.029 53634.167394 -99.99 0.084 -37.532707 0.545707
53636.172093 19.587 0.035 53636.173759 19.38 0.013 53636.170426 19.338 0.014 53636.171259 19.068 0.016 53636.172926 19.042 0.041 -37.532707 0.545707
53655.144098 19.582 0.058 53655.145764 19.405 0.022 53655.142431 19.339 0.025 53655.143264 19.116 0.025 53655.144931 19.089 0.067 -37.532707 0.545707
53664.169056 19.537 0.051 53664.170722 19.332 0.019 53664.167389 19.323 0.019 53664.168222 19.008 0.019 53664.169889 19.023 0.052 -37.532707 0.545707
53666.132658 19.573 0.03 53666.134324 19.383 0.011 53666.130991 19.371 0.014 53666.131824 19.081 0.017 53666.133491 18.999 0.045 -37.532707 0.545707
53669.128296 19.529 0.03 53669.129962 19.397 0.011 53669.126629 19.351 0.013 53669.127462 19.062 0.016 53669.129129 19.016 0.042 -37.532707 0.545707
53674.11253 19.534 0.031 53674.114196 19.39 0.012 53674.110863 19.335 0.014 53674.111696 19.098 0.016 53674.113363 19.117 0.047 -37.532707 0.545707
53676.202031 19.535 0.035 53676.203697 19.416 0.012 53676.200364 19.36 0.015 53676.201197 19.087 0.017 53676.202864 19.122 0.078 -37.532707 0.545707
53679.173911 19.549 0.046 53679.175577 19.401 0.015 53679.172244 19.335 0.017 53679.173077 19.056 0.021 53679.174744 18.942 0.061 -37.532707 0.545707
53681.165423 19.604 0.168 53681.167089 19.372 0.041 53681.163756 19.423 0.031 53681.164589 -99.99 0.214 53681.166256 -99.99 0.176 -37.532707 0.545707
53685.124468 19.548 0.074 53685.126134 19.385 0.033 53685.122801 19.404 0.03 53685.123634 19.1 0.028 53685.125301 19.036 0.061 -37.532707 0.545707
53687.162817 19.466 0.089 53687.164483 19.435 0.034 53687.16115 19.385 0.025 53687.161983 19.097 0.023 53687.16365 18.96 0.048 -37.532707 0.545707
53694.138359 19.289 0.076 53694.140025 19.134 0.032 53694.136692 18.934 0.031 53694.137525 18.814 0.041 53694.139192 18.771 0.108 -37.532707 0.545707
53697.122448 19.478 0.123 53697.124114 19.441 0.063 53697.120781 19.245 0.078 53697.121614 18.991 0.084 53697.123281 -99.99 0.233 -37.532707 0.545707
53700.121409 19.573 0.042 53700.123075 -99.99 0.015 53700.119742 19.379 0.02 53700.120575 19.058 0.021 53700.122242 18.973 0.06 -37.532707 0.545707
53705.108078 19.632 0.039 53705.109744 19.453 0.014 53705.106411 19.381 0.016 53705.107244 19.106 0.019 53705.108911 19.074 0.054 -37.532707 0.545707
53975.193083 19.783 0.035 53975.19475 19.55 0.017 53975.191417 19.501 0.016 53975.19225 19.218 0.02 53975.193917 19.18 0.052 -37.532707 0.545707
53996.199794 19.671 0.033 53996.20146 19.522 0.017 53996.198127 19.484 0.017 53996.19896 19.166 0.018 53996.200627 19.072 0.041 -37.532707 0.545707
53998.168429 19.729 0.034 53998.170096 19.524 0.016 53998.166763 19.46 0.019 53998.167596 19.163 0.02 53998.169263 19.167 0.045 -37.532707 0.545707
54010.153927 19.642 0.041 54010.155593 19.505 0.022 54010.15226 19.408 0.019 54010.153093 19.153 0.018 54010.15476 19.118 0.044 -37.532707 0.545707
54012.146746 19.669 0.078 54012.148413 19.504 0.036 54012.145079 19.449 0.04 54012.145913 19.175 0.039 54012.147579 19.073 0.071 -37.532707 0.545707
54020.152725 19.526 0.03 54020.154392 19.459 0.015 54020.151059 19.382 0.015 54020.151892 19.133 0.017 54020.153559 19.138 0.045 -37.532707 0.545707
54022.202011 19.66 0.053 54022.203678 -99.99 0.023 54022.200344 -99.99 0.026 54022.201178 19.139 0.023 54022.202844 19.071 0.103 -37.532707 0.545707
54028.143098 19.616 0.044 54028.144765 19.408 0.017 54028.141432 19.35 0.02 54028.142265 19.093 0.027 54028.143932 19.163 0.059 -37.532707 0.545707
54030.146288 19.54 0.029 54030.147955 19.422 0.014 54030.144622 19.408 0.014 54030.145455 19.12 0.016 54030.147122 19.09 0.038 -37.532707 0.545707
54032.135546 19.514 0.033 54032.137212 -99.99 0.017 54032.133879 -99.99 0.019 54032.134712 19.106 0.023 54032.136379 -99.99 0.05 -37.532707 0.545707
54034.205785 19.563 0.044 54034.207452 -99.99 0.017 54034.204118 -99.99 0.019 54034.204952 19.128 0.026 54034.206618 -99.99 0.077 -37.532707 0.545707
54037.127531 19.572 0.036 54037.129198 19.409 0.017 54037.125864 19.348 0.02 54037.126698 19.126 0.021 54037.128364 19.067 0.042 -37.532707 0.545707
54040.142046 19.457 0.057 54040.143713 19.419 0.029 54040.140379 19.377 0.026 54040.141213 19.087 0.025 54040.142879 19.089 0.056 -37.532707 0.545707
54050.126657 19.613 0.037 54050.128324 19.387 0.026 54050.12499 19.343 0.023 54050.125824 19.098 0.022 54050.12749 18.999 0.055 -37.532707 0.545707
54053.132792 19.552 0.033 54053.134459 19.412 0.015 54053.131126 19.379 0.015 54053.131959 19.131 0.019 54053.133626 19.157 0.052 -37.532707 0.545707
54056.134474 19.447 0.044 54056.13614 19.449 0.026 54056.132807 19.31 0.041 54056.13364 19.061 0.028 54056.135307 19.313 0.096 -37.532707 0.545707
54057.103125 19.624 0.032 54057.104791 19.408 0.019 54057.101458 19.355 0.018 54057.102291 19.103 0.019 54057.103958 19.059 0.046 -37.532707 0.545707
54059.128755 19.622 0.04 54059.130422 19.402 0.016 54059.127089 19.373 0.018 54059.127922 19.089 0.023 54059.129589 19.102 0.051 -37.532707 0.545707
54061.139806 19.569 0.041 54061.141473 19.421 0.027 54061.13814 19.387 0.019 54061.138973 19.124 0.023 54061.14064 19.042 0.055 -37.532707 0.545707
54062.133663 19.587 0.059 54062.13533 19.421 0.022 54062.131996 19.348 0.042 54062.13283 19.114 0.031 54062.134496 19.083 0.092 -37.532707 0.545707
54068.123671 19.515 0.098 54068.125338 19.375 0.037 54068.122004 19.357 0.037 54068.122838 19.085 0.037 54068.124504 18.942 0.082 -37.532707 0.545707
54357.171955 19.678 0.037 54357.173622 19.517 0.026 54357.170289 19.449 0.019 54357.171122 19.204 0.02 54357.172789 19.062 0.045 -37.532707 0.545707
54365.169808 19.606 0.07 54365.171474 19.533 0.029 54365.168141 19.443 0.024 54365.168974 19.189 0.03 54365.170641 19.056 0.063 -37.532707 0.545707
54385.219774 19.653 0.038 54385.221441 19.556 0.02 54385.218107 19.485 0.017 54385.218941 19.172 0.019 54385.220607 19.231 0.041 -37.532707 0.545707
54387.220287 19.678 0.043 54387.221953 19.549 0.016 54387.21862 19.452 0.018 54387.219453 19.172 0.022 54387.22112 19.144 0.051 -37.532707 0.545707
54392.215022 19.698 0.052 54392.216688 -99.99 0.024 54392.213355 19.482 0.024 54392.214188 19.152 0.029 54392.215855 19.114 0.074 -37.532707 0.545707
54402.213497 19.561 0.077 54402.215164 19.608 0.033 54402.21183 19.528 0.035 54402.212664 19.143 0.027 54402.21433 19.076 0.047 -37.532707 0.545707
