51464.182731 20.504 0.065 51464.184397 20.485 0.025 51464.181064 20.049 0.024 51464.181897 19.921 0.029 51464.183564 19.962 0.116 -37.909507 -0.545629
52197.164602 19.867 0.042 52197.166268 19.819 0.014 52197.162935 19.592 0.016 52197.163768 19.534 0.019 52197.165435 19.64 0.075 -37.909507 -0.545629
52197.208464 19.893 0.044 52197.21013 19.818 0.015 52197.206797 19.587 0.016 52197.20763 19.512 0.018 52197.209297 19.613 0.071 -37.909507 -0.545629
52231.094447 19.864 0.041 52231.096113 19.783 0.014 52231.09278 19.575 0.016 52231.093613 19.452 0.017 52231.09528 19.49 0.065 -37.909507 -0.545629
52557.202453 19.963 0.049 52557.204119 19.864 0.017 52557.200786 19.57 0.017 52557.201619 19.494 0.02 52557.203286 19.611 0.084 -37.909507 -0.545629
52578.09853 20.032 0.047 52578.100196 19.887 0.015 52578.096863 19.567 0.016 52578.097696 19.542 0.018 52578.099363 19.518 0.066 -37.909507 -0.545629
52929.128756 19.953 0.048 52929.130422 19.904 0.018 52929.127089 19.541 0.018 52929.127922 19.455 0.02 52929.129589 19.464 0.07 -37.909507 -0.545629
52934.108912 20.115 0.058 52934.110578 20.006 0.02 52934.107245 19.576 0.019 52934.108078 19.474 0.019 52934.109745 19.449 0.063 -37.909507 -0.545629
52936.104839 19.92 0.041 52936.106505 19.802 0.014 52936.103172 19.548 0.015 52936.104005 19.456 0.017 52936.105672 19.49 0.063 -37.909507 -0.545629
53243.290048 19.818 0.061 53243.291714 19.898 0.03 53243.288381 19.604 0.021 53243.289214 19.497 0.021 53243.290881 19.601 0.071 -37.909507 -0.545629
53270.16891 20.098 0.071 53270.170576 20.095 0.068 53270.167243 19.84 0.058 53270.168076 19.757 0.048 53270.169743 19.726 0.084 -37.909507 -0.545629
53272.218849 20.227 0.106 53272.220515 19.941 0.037 53272.217182 19.671 0.027 53272.218015 19.562 0.024 53272.219682 19.649 0.079 -37.909507 -0.545629
53288.146053 20.067 0.057 53288.147719 19.972 0.019 53288.144386 19.657 0.019 53288.145219 19.528 0.02 53288.146886 19.689 0.08 -37.909507 -0.545629
53302.141721 20.158 0.098 53302.143387 20.069 0.039 53302.140054 19.724 0.027 53302.140887 19.573 0.024 53302.142554 19.675 0.081 -37.909507 -0.545629
53312.097259 20.455 0.096 53312.098925 20.583 0.125 53312.095592 20.132 0.304 53312.096425 20.273 0.131 53312.098092 19.396 0.095 -37.909507 -0.545629
53314.09845 20.191 0.059 53314.100116 20.071 0.02 53314.096783 19.736 0.022 53314.097616 19.62 0.026 53314.099283 19.507 0.091 -37.909507 -0.545629
53623.193032 20.3 0.068 53623.194698 20.138 0.021 53623.191365 19.77 0.019 53623.192198 19.738 0.022 53623.193865 19.577 0.062 -37.909507 -0.545629
53626.179243 20.384 0.105 53626.180909 20.134 0.038 53626.177576 19.748 0.025 53626.178409 19.714 0.028 53626.180076 19.618 0.076 -37.909507 -0.545629
53637.165723 20.289 0.081 53637.167389 20.234 0.028 53637.164056 19.775 0.023 53637.164889 19.703 0.028 53637.166556 19.648 0.106 -37.909507 -0.545629
53644.158169 20.23 0.053 53644.159835 20.112 0.022 53644.156502 19.804 0.017 53644.157335 19.634 0.021 53644.159002 19.619 0.065 -37.909507 -0.545629
53654.192793 20.323 0.083 53654.194459 20.081 0.033 53654.191126 19.817 0.024 53654.191959 19.739 0.028 53654.193626 19.992 0.129 -37.909507 -0.545629
53665.131662 20.286 0.098 53665.133328 20.104 0.038 53665.129995 19.763 0.032 53665.130828 19.715 0.041 53665.132495 19.776 0.169 -37.909507 -0.545629
53668.143294 20.309 0.074 53668.14496 20.085 0.022 53668.141627 19.772 0.023 53668.14246 19.676 0.028 53668.144127 19.798 0.154 -37.909507 -0.545629
53670.148147 20.266 0.066 53670.149813 20.239 0.021 53670.14648 19.741 0.021 53670.147313 19.705 0.026 53670.14898 19.774 0.108 -37.909507 -0.545629
53673.116129 20.276 0.065 53673.117795 20.089 0.019 53673.114462 19.745 0.02 53673.115295 19.682 0.024 53673.116962 19.796 0.103 -37.909507 -0.545629
53675.113019 20.253 0.058 53675.114685 20.05 0.018 53675.111352 19.79 0.02 53675.112185 19.716 0.023 53675.113852 19.672 0.088 -37.909507 -0.545629
53677.13405 20.189 0.062 53677.135716 20.091 0.018 53677.132383 19.734 0.02 53677.133216 19.703 0.022 53677.134883 19.753 0.096 -37.909507 -0.545629
53680.120717 20.235 0.069 53680.122383 20.295 0.026 53680.11905 19.82 0.022 53680.119883 19.67 0.024 53680.12155 19.834 0.095 -37.909507 -0.545629
53686.187427 20.218 0.336 53686.189093 20.342 0.137 53686.18576 19.834 0.075 53686.186593 19.587 0.058 53686.18826 19.818 0.247 -37.909507 -0.545629
53693.12262 20.289 0.104 53693.124286 20.073 0.038 53693.120953 19.797 0.028 53693.121786 19.663 0.025 53693.123453 19.602 0.078 -37.909507 -0.545629
53702.118288 20.393 0.127 53702.119955 20.17 0.151 53702.116622 20.032 0.227 53702.117455 20.117 0.178 53702.119122 20.227 0.267 -37.909507 -0.545629
53703.127425 20.423 0.117 53703.129092 20.867 0.145 53703.125758 20.306 0.246 53703.126592 20.539 0.343 53703.128258 19.872 0.137 -37.909507 -0.545629
53704.105947 20.2 0.073 53704.107613 20.079 0.023 53704.10428 19.783 0.022 53704.105113 19.637 0.026 53704.10678 19.782 0.109 -37.909507 -0.545629
53974.193915 20.417 0.055 53974.195582 20.149 0.027 53974.192248 19.785 0.018 53974.193082 19.703 0.023 53974.194748 19.709 0.066 -37.909507 -0.545629
53989.202007 20.189 0.068 53989.203673 20.114 0.028 53989.20034 19.755 0.021 53989.201173 19.704 0.023 53989.20284 19.901 0.073 -37.909507 -0.545629
53995.191253 20.141 0.046 53995.192919 20.107 0.022 53995.189586 19.797 0.019 53995.190419 19.676 0.021 53995.192086 19.662 0.06 -37.909507 -0.545629
53997.169619 20.265 0.061 53997.171285 20.127 0.081 53997.167952 19.785 0.232 53997.168785 19.639 0.024 53997.170452 19.621 0.075 -37.909507 -0.545629
54005.141473 20.24 0.05 54005.143139 20.08 0.028 54005.139806 19.74 0.02 54005.140639 19.644 0.021 54005.142306 19.766 0.077 -37.909507 -0.545629
54007.154225 20.177 0.061 54007.155892 20.131 0.029 54007.152559 19.815 0.026 54007.153392 19.727 0.029 54007.155059 19.748 0.087 -37.909507 -0.545629
54009.151327 20.331 0.072 54009.152994 20.087 0.028 54009.14966 19.736 0.022 54009.150494 19.641 0.023 54009.15216 19.719 0.068 -37.909507 -0.545629
54011.215825 20.249 0.095 54011.217491 20.135 0.038 54011.214158 19.803 0.027 54011.214991 19.686 0.031 54011.216658 19.67 0.067 -37.909507 -0.545629
54019.166031 20.2 0.059 54019.167697 20.132 0.025 54019.164364 19.74 0.018 54019.165197 19.661 0.022 54019.166864 19.654 0.058 -37.909507 -0.545629
54025.214847 20.247 0.067 54025.216513 20.075 0.121 54025.21318 19.746 0.026 54025.214013 19.639 0.025 54025.21568 19.524 0.072 -37.909507 -0.545629
54029.14517 20.297 0.054 54029.146836 20.089 0.025 54029.143503 19.745 0.025 54029.144336 19.636 0.02 54029.146003 19.648 0.067 -37.909507 -0.545629
54356.223334 20.173 0.064 54356.225 20.23 0.044 54356.221667 19.793 0.026 54356.2225 19.948 0.065 54356.224167 19.648 0.084 -37.909507 -0.545629
54358.168406 20.155 0.066 54358.170073 20.054 0.11 54358.166739 19.716 0.056 54358.167573 19.63 0.075 54358.169239 19.746 0.096 -37.909507 -0.545629
54359.112582 20.314 0.075 54359.114248 20.066 0.036 54359.110915 19.731 0.034 54359.111748 19.633 0.032 54359.113415 19.669 0.095 -37.909507 -0.545629
54373.200503 20.149 0.088 54373.20217 20.141 0.05 54373.198836 19.78 0.048 54373.19967 19.673 0.034 54373.201336 19.764 0.096 -37.909507 -0.545629
54381.213188 20.418 0.09 54381.214854 20.492 0.215 54381.211521 20.108 0.15 54381.212354 20.104 0.092 54381.214021 19.666 0.119 -37.909507 -0.545629
54382.210586 20.286 0.095 54382.212253 20.125 0.15 54382.20892 19.749 0.192 54382.209753 19.705 0.191 54382.21142 19.87 0.276 -37.909507 -0.545629
54383.216321 20.655 0.188 54383.217987 20.263 0.093 54383.214654 19.777 0.038 54383.215487 19.668 0.05 54383.217154 19.724 0.136 -37.909507 -0.545629
54386.213348 20.275 0.062 54386.215015 20.124 0.021 54386.211681 19.828 0.02 54386.212515 19.69 0.019 54386.214181 19.564 0.077 -37.909507 -0.545629
54388.217611 20.31 0.081 54388.219277 20.176 0.043 54388.215944 19.876 0.032 54388.216777 19.768 0.038 54388.218444 19.634 0.092 -37.909507 -0.545629
54403.131388 20.491 0.059 54403.133054 20.187 0.023 54403.129721 19.803 0.02 54403.130554 19.746 0.021 54403.132221 19.571 0.062 -37.909507 -0.545629
54406.12522 20.314 0.071 54406.126887 20.242 0.102 54406.123553 19.823 0.029 54406.124387 19.708 0.027 54406.126053 19.812 0.096 -37.909507 -0.545629
54412.128143 20.405 0.064 54412.129809 20.103 0.021 54412.126476 19.83 0.026 54412.127309 19.707 0.027 54412.128976 19.785 0.082 -37.909507 -0.545629
54415.165702 20.274 0.078 54415.167368 20.174 0.034 54415.164035 19.855 0.023 54415.164868 19.739 0.026 54415.166535 19.643 0.073 -37.909507 -0.545629
