51464.188235 18.357 0.016 51464.189901 18.102 0.006 51464.186568 18.291 0.008 51464.187401 18.191 0.009 51464.189068 18.265 0.029 -35.921121 -0.523355
52197.170108 18.547 0.018 52197.171774 18.233 0.007 52197.168441 18.446 0.008 52197.169274 18.329 0.009 52197.170941 18.386 0.028 -35.921121 -0.523355
52197.213973 18.555 0.019 52197.215639 18.236 0.007 52197.212306 18.438 0.008 52197.213139 18.317 0.009 52197.214806 18.365 0.026 -35.921121 -0.523355
52231.099955 18.528 0.018 52231.101621 18.254 0.007 52231.098288 18.463 0.009 52231.099121 18.344 0.009 52231.100788 18.357 0.026 -35.921121 -0.523355
52557.20796 18.773 0.023 52557.209626 18.238 0.007 52557.206293 18.453 0.009 52557.207126 18.324 0.009 52557.208793 18.414 0.034 -35.921121 -0.523355
52578.104037 18.575 0.018 52578.105703 18.238 0.007 52578.10237 18.453 0.009 52578.103203 18.355 0.009 52578.10487 18.418 0.029 -35.921121 -0.523355
52929.134264 18.457 0.018 52929.13593 18.17 0.006 52929.132597 18.375 0.008 52929.13343 18.269 0.009 52929.135097 18.329 0.028 -35.921121 -0.523355
52934.11442 18.439 0.019 52934.116086 18.145 0.006 52934.112753 18.383 0.009 52934.113586 18.267 0.009 52934.115253 18.264 0.027 -35.921121 -0.523355
52936.110347 18.473 0.017 52936.112013 18.171 0.006 52936.10868 18.383 0.008 52936.109513 18.273 0.009 52936.11118 18.317 0.025 -35.921121 -0.523355
53243.295555 18.699 0.026 53243.297221 18.39 0.01 53243.293888 18.611 0.011 53243.294721 18.443 0.01 53243.296388 18.447 0.028 -35.921121 -0.523355
53270.174404 18.7 0.026 53270.176071 18.386 0.014 53270.172738 18.587 0.012 53270.173571 18.443 0.015 53270.175238 18.52 0.029 -35.921121 -0.523355
53272.224356 18.766 0.034 53272.226022 18.341 0.011 53272.222689 18.58 0.012 53272.223522 18.43 0.011 53272.225189 18.471 0.032 -35.921121 -0.523355
53288.15156 18.626 0.02 53288.153226 18.337 0.007 53288.149893 18.558 0.009 53288.150726 18.417 0.009 53288.152393 18.588 0.029 -35.921121 -0.523355
53302.14723 18.583 0.029 53302.148896 18.293 0.01 53302.145563 18.526 0.011 53302.146396 18.417 0.011 53302.148063 18.477 0.033 -35.921121 -0.523355
53312.10276 18.511 0.027 53312.104427 18.267 0.012 53312.101093 18.482 0.012 53312.101927 18.382 0.012 53312.103593 18.406 0.048 -35.921121 -0.523355
53314.103957 18.546 0.019 53314.105623 18.234 0.007 53314.10229 18.494 0.009 53314.103123 18.367 0.01 53314.10479 18.497 0.036 -35.921121 -0.523355
53623.198539 18.722 0.023 53623.200205 18.383 0.008 53623.196872 18.636 0.01 53623.197705 18.447 0.01 53623.199372 18.505 0.031 -35.921121 -0.523355
53626.18475 18.726 0.028 53626.186416 18.399 0.01 53626.183083 18.621 0.012 53626.183916 18.465 0.011 53626.185583 18.465 0.031 -35.921121 -0.523355
53628.169616 18.711 0.044 53628.171282 18.371 0.015 53628.167949 18.603 0.017 53628.168782 18.47 0.015 53628.170449 18.52 0.044 -35.921121 -0.523355
53637.171231 18.675 0.025 53637.172897 18.365 0.008 53637.169564 18.612 0.011 53637.170397 18.42 0.012 53637.172064 18.418 0.042 -35.921121 -0.523355
53644.163683 18.719 0.021 53644.16535 18.397 0.012 53644.162016 18.651 0.012 53644.16285 18.528 0.013 53644.164516 18.567 0.041 -35.921121 -0.523355
53654.198301 18.761 0.032 53654.199967 18.379 0.01 53654.196634 18.607 0.012 53654.197467 18.439 0.012 53654.199134 18.465 0.048 -35.921121 -0.523355
53656.145893 18.722 0.047 53656.147559 18.362 0.015 53656.144226 18.543 0.019 53656.145059 18.419 0.017 53656.146726 18.552 0.055 -35.921121 -0.523355
53665.13717 18.745 0.046 53665.138836 18.361 0.01 53665.135503 18.663 0.029 53665.136336 18.486 0.022 53665.138003 18.645 0.074 -35.921121 -0.523355
53668.148802 18.724 0.023 53668.150468 18.381 0.007 53668.147135 18.588 0.01 53668.147968 18.473 0.012 53668.149635 18.575 0.046 -35.921121 -0.523355
53670.153655 18.694 0.021 53670.155321 18.363 0.007 53670.151988 18.589 0.009 53670.152821 18.457 0.01 53670.154488 18.458 0.032 -35.921121 -0.523355
53673.121637 18.685 0.021 53673.123303 18.362 0.007 53673.11997 18.602 0.009 53673.120803 18.461 0.01 53673.12247 18.481 0.032 -35.921121 -0.523355
53675.118526 18.678 0.021 53675.120192 18.34 0.007 53675.116859 18.593 0.01 53675.117692 18.43 0.01 53675.119359 18.49 0.036 -35.921121 -0.523355
53677.139559 18.671 0.021 53677.141225 18.364 0.007 53677.137892 18.609 0.009 53677.138725 18.451 0.01 53677.140392 18.527 0.031 -35.921121 -0.523355
53680.126224 18.627 0.021 53680.12789 18.336 0.007 53680.124557 18.587 0.009 53680.12539 18.448 0.01 53680.127057 18.481 0.029 -35.921121 -0.523355
53686.192934 18.741 0.08 53686.1946 18.37 0.021 53686.191267 18.63 0.023 53686.1921 18.388 0.019 53686.193767 18.551 0.067 -35.921121 -0.523355
53693.128127 18.732 0.03 53693.129793 18.383 0.011 53693.12646 18.617 0.012 53693.127293 18.486 0.011 53693.12896 18.515 0.032 -35.921121 -0.523355
53702.123791 18.783 0.031 53702.125457 18.436 0.013 53702.122124 18.718 0.021 53702.122957 -99.99 0.05 53702.124624 18.395 0.051 -35.921121 -0.523355
53703.132923 18.808 0.031 53703.13459 18.399 0.015 53703.131256 18.625 0.018 53703.13209 18.471 0.014 53703.133756 18.456 0.039 -35.921121 -0.523355
53704.111454 18.736 0.025 53704.11312 18.39 0.008 53704.109787 18.628 0.01 53704.11062 18.466 0.01 53704.112287 18.57 0.039 -35.921121 -0.523355
53974.199417 18.595 0.02 53974.201084 18.332 0.012 53974.197751 18.575 0.011 53974.198584 18.457 0.014 53974.200251 18.554 0.031 -35.921121 -0.523355
53989.207505 18.562 0.025 53989.209172 18.325 0.014 53989.205838 18.58 0.013 53989.206672 18.459 0.016 53989.208338 18.528 0.029 -35.921121 -0.523355
53995.196753 18.58 0.02 53995.19842 18.294 0.017 53995.195086 18.556 0.016 53995.19592 18.426 0.01 53995.197586 18.465 0.029 -35.921121 -0.523355
53997.175132 18.598 0.024 53997.176799 18.303 0.015 53997.173465 18.521 0.015 53997.174299 18.414 0.016 53997.175965 18.48 0.028 -35.921121 -0.523355
54005.146971 18.553 0.021 54005.148638 18.286 0.015 54005.145304 18.516 0.012 54005.146138 18.413 0.013 54005.147804 18.444 0.03 -35.921121 -0.523355
54007.159733 18.542 0.021 54007.161399 18.278 0.016 54007.158066 18.5 0.011 54007.158899 18.421 0.013 54007.160566 18.462 0.03 -35.921121 -0.523355
54009.156849 18.536 0.022 54009.158516 18.277 0.014 54009.155183 18.519 0.012 54009.156016 18.414 0.019 54009.157683 18.473 0.029 -35.921121 -0.523355
54011.221331 18.558 0.028 54011.222998 18.307 0.02 54011.219665 18.551 0.014 54011.220498 18.467 0.02 54011.222165 18.53 0.031 -35.921121 -0.523355
54019.171547 18.577 0.021 54019.173214 18.279 0.014 54019.16988 18.555 0.014 54019.170714 18.434 0.014 54019.17238 18.73 0.042 -35.921121 -0.523355
54025.220356 18.568 0.022 54025.222022 18.318 0.013 54025.218689 18.51 0.013 54025.219522 18.417 0.013 54025.221189 18.488 0.032 -35.921121 -0.523355
54029.150677 18.557 0.021 54029.152344 18.294 0.015 54029.14901 18.557 0.014 54029.149844 18.437 0.012 54029.15151 18.509 0.03 -35.921121 -0.523355
54051.127319 -99.99 0.3 54051.128986 18.359 0.035 54051.125652 18.154 0.168 54051.126486 -99.99 0.153 54051.128152 -99.99 0.477 -35.921121 -0.523355
54356.22885 18.688 0.026 54356.230516 18.392 0.022 54356.227183 18.604 0.019 54356.228016 18.472 0.017 54356.229683 18.497 0.039 -35.921121 -0.523355
54358.173913 18.728 0.026 54358.17558 -99.99 0.021 54358.172247 18.614 0.015 54358.17308 18.459 0.014 54358.174747 -99.99 0.041 -35.921121 -0.523355
54359.118086 18.763 0.025 54359.119752 18.364 0.014 54359.116419 18.612 0.019 54359.117252 18.469 0.017 54359.118919 18.425 0.033 -35.921121 -0.523355
54373.206004 18.691 0.028 54373.207671 18.358 0.012 54373.204338 18.604 0.02 54373.205171 18.452 0.017 54373.206838 18.49 0.031 -35.921121 -0.523355
54381.218707 18.639 0.024 54381.220374 18.339 0.016 54381.21704 18.552 0.017 54381.217874 18.455 0.017 54381.21954 18.53 0.047 -35.921121 -0.523355
54382.216091 18.63 0.032 54382.217758 18.319 0.014 54382.214425 18.535 0.018 54382.215258 18.408 0.014 54382.216925 18.485 0.048 -35.921121 -0.523355
54383.221839 18.67 0.032 54383.223505 18.36 0.018 54383.220172 18.565 0.017 54383.221005 18.429 0.017 54383.222672 18.444 0.045 -35.921121 -0.523355
54386.21885 18.698 0.026 54386.220517 18.377 0.016 54386.217183 18.559 0.014 54386.218017 18.457 0.015 54386.219683 18.553 0.036 -35.921121 -0.523355
54388.223117 18.607 0.026 54388.224783 18.327 0.015 54388.22145 18.57 0.014 54388.222283 18.442 0.013 54388.22395 18.487 0.037 -35.921121 -0.523355
54403.136903 18.55 0.025 54403.13857 18.313 0.015 54403.135236 18.548 0.014 54403.13607 18.437 0.012 54403.137736 18.491 0.03 -35.921121 -0.523355
54406.130726 18.617 0.024 54406.132393 18.299 0.016 54406.12906 18.543 0.013 54406.129893 18.422 0.014 54406.13156 18.463 0.034 -35.921121 -0.523355
54412.13365 18.598 0.026 54412.135316 18.316 0.017 54412.131983 18.55 0.012 54412.132816 18.445 0.013 54412.134483 18.539 0.031 -35.921121 -0.523355
54415.171207 18.597 0.024 54415.172874 18.352 0.02 54415.169541 18.549 0.014 54415.170374 18.433 0.017 54415.172041 18.54 0.033 -35.921121 -0.523355
