51081.28834 18.249 0.016 51081.290006 -99.99 0.007 51081.286673 18.066 0.008 51081.287506 17.765 0.008 51081.289173 17.702 0.022 1.725445 -0.259264
51819.359522 18.407 0.018 51819.361188 18.273 0.007 51819.357855 18.152 0.008 51819.358688 17.903 0.008 51819.360355 17.769 0.02 1.725445 -0.259264
52558.324756 18.582 0.021 52558.326422 -99.99 0.007 52558.323089 18.247 0.008 52558.323922 17.895 0.008 52558.325589 17.794 0.024 1.725445 -0.259264
52577.212258 18.548 0.017 52577.213924 18.385 0.007 52577.210591 18.248 0.008 52577.211424 17.919 0.008 52577.213091 17.826 0.021 1.725445 -0.259264
52586.215737 18.587 0.018 52586.217403 18.406 0.007 52586.21407 18.248 0.008 52586.214903 17.94 0.008 52586.21657 17.832 0.022 1.725445 -0.259264
52910.296217 18.528 0.017 52910.297883 18.369 0.007 52910.29455 18.235 0.008 52910.295383 17.894 0.008 52910.29705 17.874 0.019 1.725445 -0.259264
52931.226419 18.515 0.018 52931.228085 18.374 0.007 52931.224752 18.239 0.008 52931.225585 17.9 0.008 52931.227252 17.87 0.021 1.725445 -0.259264
52935.223382 18.483 0.017 52935.225048 18.371 0.007 52935.221715 18.215 0.008 52935.222548 17.914 0.008 52935.224215 17.849 0.02 1.725445 -0.259264
52959.166711 18.499 0.016 52959.168377 18.363 0.007 52959.165044 18.217 0.008 52959.165877 17.884 0.008 52959.167544 17.845 0.017 1.725445 -0.259264
52963.146455 18.496 0.017 52963.148121 18.356 0.007 52963.144788 18.225 0.008 52963.145621 17.799 0.008 52963.147288 17.869 0.017 1.725445 -0.259264
53352.11752 18.476 0.017 53352.119186 18.312 0.007 53352.115853 18.161 0.008 53352.116686 17.71 0.008 53352.118353 17.773 0.019 1.725445 -0.259264
53622.325823 18.512 0.021 53622.327489 -99.99 0.008 53622.324156 18.217 0.009 53622.324989 17.891 0.01 53622.326656 17.798 0.026 1.725445 -0.259264
53634.275294 18.444 0.032 53634.27696 18.324 0.013 53634.273627 18.244 0.012 53634.27446 -99.99 0.01 53634.276127 17.821 0.024 1.725445 -0.259264
53636.280827 18.527 0.04 53636.282493 18.375 0.013 53636.27916 18.224 0.01 53636.279993 -99.99 0.01 53636.28166 17.808 0.034 1.725445 -0.259264
53638.316627 18.508 0.02 53638.318293 18.349 0.008 53638.31496 18.208 0.008 53638.315793 17.879 0.008 53638.31746 17.792 0.019 1.725445 -0.259264
53640.280664 -99.99 0.029 53640.28233 -99.99 0.009 53640.278997 -99.99 0.017 53640.27983 17.82 0.009 53640.281497 17.774 0.026 1.725445 -0.259264
53655.252835 18.491 0.027 53655.254501 18.33 0.009 53655.251168 18.194 0.01 53655.252001 17.868 0.01 53655.253668 17.854 0.026 1.725445 -0.259264
53664.277791 18.573 0.028 53664.279457 18.372 0.01 53664.276124 18.219 0.009 53664.276957 17.891 0.009 53664.278624 17.781 0.023 1.725445 -0.259264
53666.241395 18.526 0.02 53666.243061 18.368 0.008 53666.239728 18.234 0.008 53666.240561 17.776 0.008 53666.242228 17.806 0.02 1.725445 -0.259264
53669.237034 18.529 0.02 53669.2387 18.38 0.01 53669.235367 18.22 0.014 53669.2362 17.87 0.014 53669.237867 17.824 0.024 1.725445 -0.259264
53671.321807 18.623 0.026 53671.323473 18.371 0.008 53671.32014 18.228 0.009 53671.320973 17.877 0.009 53671.32264 17.798 0.023 1.725445 -0.259264
53674.221269 18.518 0.019 53674.222935 18.369 0.007 53674.219602 18.229 0.008 53674.220435 17.881 0.008 53674.222102 17.845 0.02 1.725445 -0.259264
53676.310749 18.548 0.022 53676.312415 18.385 0.008 53676.309082 18.223 0.008 53676.309915 17.813 0.008 53676.311582 17.843 0.02 1.725445 -0.259264
53679.28264 18.601 0.023 53679.284306 18.396 0.007 53679.280973 18.223 0.009 53679.281806 17.882 0.009 53679.283473 17.856 0.026 1.725445 -0.259264
53681.274152 18.57 0.022 53681.275818 18.383 0.008 53681.272485 18.229 0.008 53681.273318 17.886 0.008 53681.274985 17.829 0.02 1.725445 -0.259264
53685.233203 -99.99 0.041 53685.234869 18.354 0.016 53685.231536 18.255 0.015 53685.232369 -99.99 0.012 53685.234036 17.857 0.027 1.725445 -0.259264
53694.247082 -99.99 0.059 53694.248748 -99.99 0.015 53694.245415 -99.99 0.014 53694.246248 17.856 0.012 53694.247915 17.82 0.034 1.725445 -0.259264
53697.231175 18.571 0.023 53697.232841 18.378 0.008 53697.229508 18.213 0.009 53697.230341 17.857 0.008 53697.232008 17.843 0.022 1.725445 -0.259264
53700.230135 18.513 0.021 53700.231801 18.373 0.008 53700.228468 18.21 0.008 53700.229301 17.877 0.008 53700.230968 17.784 0.021 1.725445 -0.259264
53705.216804 18.514 0.02 53705.21847 18.346 0.007 53705.215137 18.215 0.008 53705.21597 17.871 0.008 53705.217637 17.801 0.018 1.725445 -0.259264
53975.30183 18.466 0.025 53975.303496 18.292 0.023 53975.300163 18.143 0.023 53975.300996 17.848 0.017 53975.302663 17.767 0.024 1.725445 -0.259264
53990.314634 18.424 0.025 53990.3163 18.291 0.012 53990.312967 18.17 0.016 53990.3138 17.809 0.013 53990.315467 17.806 0.022 1.725445 -0.259264
53993.369767 18.347 0.042 53993.371434 18.295 0.019 53993.3681 18.106 0.016 53993.368934 17.911 0.023 53993.3706 -99.99 0.037 1.725445 -0.259264
53994.324794 18.422 0.018 53994.326461 18.264 0.024 53994.323127 18.121 0.014 53994.323961 17.831 0.02 53994.325627 17.793 0.019 1.725445 -0.259264
53996.308545 18.411 0.028 53996.310212 18.278 0.019 53996.306878 18.129 0.015 53996.307712 17.8 0.02 53996.309378 17.806 0.028 1.725445 -0.259264
53998.277209 -99.99 0.033 53998.278876 -99.99 0.029 53998.275542 -99.99 0.018 53998.276376 -99.99 0.016 53998.278042 -99.99 0.07 1.725445 -0.259264
54005.307406 18.417 0.018 54005.309073 18.297 0.024 54005.305739 18.154 0.013 54005.306573 17.788 0.017 54005.308239 17.781 0.024 1.725445 -0.259264
54010.262692 18.441 0.017 54010.264358 18.266 0.016 54010.261025 18.158 0.013 54010.261858 17.817 0.016 54010.263525 17.792 0.022 1.725445 -0.259264
54012.255643 18.417 0.024 54012.25731 -99.99 0.015 54012.253977 18.143 0.016 54012.25481 17.826 0.021 54012.256477 17.765 0.022 1.725445 -0.259264
54020.261474 18.416 0.034 54020.26314 18.275 0.017 54020.259807 18.128 0.017 54020.26064 17.872 0.018 54020.262307 17.861 0.045 1.725445 -0.259264
54024.343111 -99.99 0.024 54024.344778 18.24 0.027 54024.341444 18.07 0.017 54024.342278 17.782 0.038 54024.343944 17.789 0.037 1.725445 -0.259264
54028.251842 18.397 0.024 54028.253509 18.245 0.012 54028.250175 18.148 0.018 54028.251009 17.804 0.021 54028.252675 17.804 0.024 1.725445 -0.259264
54030.255115 18.428 0.016 54030.256782 18.24 0.016 54030.253449 18.124 0.014 54030.254282 17.743 0.017 54030.255949 17.753 0.026 1.725445 -0.259264
54035.33094 18.487 0.029 54035.332607 18.251 0.028 54035.329274 18.109 0.017 54035.330107 17.835 0.016 54035.331774 -99.99 0.069 1.725445 -0.259264
54037.236318 18.36 0.022 54037.237985 18.24 0.02 54037.234652 18.124 0.015 54037.235485 17.825 0.012 54037.237152 17.825 0.026 1.725445 -0.259264
54040.25078 -99.99 0.023 54040.252447 18.226 0.02 54040.249114 18.12 0.01 54040.249947 17.818 0.014 54040.251614 17.773 0.023 1.725445 -0.259264
54049.277219 18.438 0.03 54049.278885 18.254 0.015 54049.275552 18.127 0.013 54049.276385 17.831 0.018 54049.278052 17.761 0.028 1.725445 -0.259264
54053.241531 -99.99 0.032 54053.243198 18.235 0.014 54053.239864 18.12 0.024 54053.240698 17.795 0.029 54053.242364 17.789 0.023 1.725445 -0.259264
54062.242424 -99.99 0.019 54062.24409 18.203 0.014 54062.240757 18.151 0.02 54062.24159 17.789 0.015 54062.243257 17.793 0.03 1.725445 -0.259264
54068.222975 18.339 0.039 54068.224641 18.227 0.015 54068.221308 18.103 0.015 54068.222141 17.79 0.022 54068.223808 17.779 0.024 1.725445 -0.259264
54357.280689 18.498 0.019 54357.282355 18.312 0.016 54357.279022 18.186 0.017 54357.279855 17.835 0.022 54357.281522 17.807 0.023 1.725445 -0.259264
54362.330492 -99.99 0.024 54362.332159 -99.99 0.03 54362.328825 18.194 0.033 54362.329659 -99.99 0.027 54362.331325 -99.99 0.03 1.725445 -0.259264
54382.310717 -99.99 0.031 54382.312384 18.327 0.02 54382.30905 18.16 0.019 54382.309884 17.859 0.013 54382.31155 17.818 0.029 1.725445 -0.259264
54385.328503 18.463 0.04 54385.330169 18.326 0.022 54385.326836 18.183 0.02 54385.327669 17.81 0.016 54385.329336 17.797 0.017 1.725445 -0.259264
54387.32911 18.475 0.023 54387.330777 18.332 0.019 54387.327444 18.181 0.014 54387.328277 17.855 0.016 54387.329944 17.822 0.031 1.725445 -0.259264
54392.323738 -99.99 0.031 54392.325404 18.331 0.013 54392.322071 18.193 0.017 54392.322904 17.867 0.02 54392.324571 17.819 0.025 1.725445 -0.259264
54402.322243 18.584 0.037 54402.32391 18.344 0.021 54402.320576 18.18 0.014 54402.32141 17.881 0.019 54402.323076 17.834 0.026 1.725445 -0.259264
