51819.248939 19.378 0.033 51819.250605 19.413 0.013 51819.247272 19.092 0.013 51819.248105 18.989 0.017 51819.249772 19.01 0.053 -38.186078 0.914102
52172.264512 19.336 0.032 52172.266178 19.26 0.012 52172.262845 18.993 0.012 52172.263678 18.953 0.015 52172.265345 18.906 0.046 -38.186078 0.914102
52558.214218 19.492 0.037 52558.215884 19.626 0.016 52558.212551 19.257 0.016 52558.213384 19.143 0.019 52558.215051 19.118 0.064 -38.186078 0.914102
52576.126476 19.561 0.042 52576.128142 19.575 0.014 52576.124809 19.255 0.015 52576.125642 19.149 0.023 52576.127309 19.119 0.061 -38.186078 0.914102
52577.101708 19.518 0.034 52577.103374 19.556 0.013 52577.100041 19.239 0.015 52577.100874 19.149 0.022 52577.102541 19.067 0.066 -38.186078 0.914102
52930.11504 19.606 0.032 52930.116706 19.624 0.013 52930.113373 19.235 0.012 52930.114206 19.146 0.018 52930.115873 19.151 0.051 -38.186078 0.914102
52931.115871 19.686 0.035 52931.117537 19.589 0.013 52931.114204 19.264 0.013 52931.115037 19.12 0.017 52931.116704 19.183 0.054 -38.186078 0.914102
52935.112835 19.546 0.043 52935.114501 19.603 0.016 52935.111168 19.244 0.016 52935.112001 19.109 0.023 52935.113668 19.164 0.078 -38.186078 0.914102
53313.106036 19.583 0.046 53313.107702 19.64 0.017 53313.104369 19.256 0.019 53313.105202 19.131 0.027 53313.106869 19.025 0.08 -38.186078 0.914102
53622.215283 19.497 0.044 53622.216949 19.553 0.017 53622.213616 19.215 0.018 53622.214449 19.077 0.023 53622.216116 18.994 0.077 -38.186078 0.914102
53625.211248 19.508 0.035 53625.212914 19.596 0.016 53625.209581 19.227 0.014 53625.210414 19.078 0.017 53625.212081 19.095 0.046 -38.186078 0.914102
53634.164753 19.526 0.096 53634.166419 19.621 0.036 53634.163086 19.232 0.028 53634.163919 19.115 0.031 53634.165586 19.141 0.098 -38.186078 0.914102
53636.170284 19.652 0.039 53636.17195 19.645 0.015 53636.168617 19.251 0.013 53636.16945 19.087 0.016 53636.171117 19.056 0.047 -38.186078 0.914102
53655.14229 19.556 0.073 53655.143956 19.687 0.028 53655.140623 19.273 0.024 53655.141456 19.113 0.026 53655.143123 19.177 0.087 -38.186078 0.914102
53664.167249 19.725 0.062 53664.168915 19.685 0.024 53664.165582 19.308 0.018 53664.166415 19.182 0.022 53664.168082 19.131 0.06 -38.186078 0.914102
53666.13085 19.726 0.036 53666.132516 19.727 0.013 53666.129183 19.305 0.014 53666.130016 19.174 0.019 53666.131683 19.152 0.059 -38.186078 0.914102
53669.126489 19.752 0.036 53669.128155 19.736 0.014 53669.124822 19.28 0.013 53669.125655 19.146 0.017 53669.127322 19.198 0.056 -38.186078 0.914102
53674.110723 19.838 0.041 53674.112389 19.777 0.015 53674.109056 19.308 0.014 53674.109889 19.179 0.018 53674.111556 19.156 0.053 -38.186078 0.914102
53676.200222 19.692 0.044 53676.201888 19.785 0.015 53676.198555 19.308 0.015 53676.199388 19.15 0.019 53676.201055 19.055 0.051 -38.186078 0.914102
53679.172103 19.816 0.057 53679.173769 19.763 0.019 53679.170436 19.337 0.019 53679.171269 19.196 0.022 53679.172936 19.408 0.091 -38.186078 0.914102
53681.163616 -99.99 0.076 53681.165282 19.649 0.082 53681.161949 19.318 0.018 53681.162782 19.179 0.024 53681.164449 -99.99 0.446 -38.186078 0.914102
53685.122658 19.735 0.093 53685.124324 19.77 0.041 53685.120991 19.285 0.03 53685.121824 19.198 0.035 53685.123491 19.16 0.079 -38.186078 0.914102
53687.161008 20.03 0.134 53687.162674 19.78 0.044 53687.159341 19.35 0.028 53687.160174 19.189 0.028 53687.161841 19.212 0.064 -38.186078 0.914102
53694.136551 19.939 0.122 53694.138217 19.793 0.043 53694.134884 19.371 0.032 53694.135717 19.163 0.04 53694.137384 19.215 0.135 -38.186078 0.914102
53697.120639 19.646 0.195 53697.122305 19.617 0.066 53697.118972 19.26 0.102 53697.119805 -99.99 0.08 53697.121472 -99.99 0.323 -38.186078 0.914102
53700.119601 19.651 0.054 53700.121267 19.765 0.031 53700.117934 19.324 0.02 53700.118767 19.125 0.025 53700.120434 19.238 0.079 -38.186078 0.914102
53705.106269 19.777 0.047 53705.107935 19.69 0.016 53705.104602 19.336 0.017 53705.105435 19.199 0.021 53705.107102 19.311 0.068 -38.186078 0.914102
53975.191265 19.638 0.04 53975.192931 19.636 0.017 53975.189598 19.292 0.017 53975.190431 19.189 0.021 53975.192098 19.218 0.062 -38.186078 0.914102
53996.197993 19.594 0.035 53996.199659 19.701 0.018 53996.196326 19.297 0.015 53996.197159 19.211 0.017 53996.198826 19.091 0.048 -38.186078 0.914102
53998.16664 19.651 0.035 53998.168306 19.648 0.016 53998.164973 19.302 0.016 53998.165806 19.208 0.018 53998.167473 19.216 0.054 -38.186078 0.914102
54010.152094 19.686 0.041 54010.15376 19.679 0.023 54010.150427 19.327 0.019 54010.15126 19.187 0.021 54010.152927 -99.99 0.05 -38.186078 0.914102
54012.144953 19.596 0.079 54012.146619 19.765 0.049 54012.143286 19.313 0.038 54012.144119 19.299 0.052 54012.145786 -99.99 0.115 -38.186078 0.914102
54020.150921 19.655 0.033 54020.152588 19.699 0.017 54020.149255 19.323 0.015 54020.150088 19.186 0.019 54020.151755 19.184 0.054 -38.186078 0.914102
54022.20021 19.622 0.061 54022.201877 -99.99 0.02 54022.198544 19.31 0.022 54022.199377 19.172 0.031 54022.201044 19.268 0.085 -38.186078 0.914102
54028.141317 19.664 0.048 54028.142983 19.645 0.02 54028.13965 19.289 0.023 54028.140483 19.286 0.029 54028.14215 19.197 0.076 -38.186078 0.914102
54030.144478 19.613 0.034 54030.146145 19.673 0.015 54030.142811 19.344 0.015 54030.143645 19.204 0.018 54030.145311 19.172 0.047 -38.186078 0.914102
54032.133776 19.679 0.056 54032.135442 19.661 0.02 54032.132109 19.325 0.02 54032.132942 -99.99 0.023 54032.134609 -99.99 0.071 -38.186078 0.914102
54034.203975 19.68 0.053 54034.205642 19.698 0.019 54034.202308 19.324 0.019 54034.203142 19.201 0.027 54034.204808 19.258 0.093 -38.186078 0.914102
54037.125716 19.606 0.043 54037.127383 19.71 0.023 54037.12405 19.333 0.025 54037.124883 19.117 0.027 54037.12655 19.173 0.061 -38.186078 0.914102
54040.140204 19.643 0.069 54040.141871 19.69 0.035 54040.138537 19.312 0.026 54040.139371 19.148 0.027 54040.141037 19.214 0.075 -38.186078 0.914102
54050.124845 19.588 0.044 54050.126512 19.687 0.019 54050.123179 19.304 0.017 54050.124012 19.184 0.026 54050.125679 19.169 0.065 -38.186078 0.914102
54053.130992 19.592 0.038 54053.132659 19.654 0.017 54053.129326 19.291 0.019 54053.130159 19.193 0.021 54053.131826 19.23 0.058 -38.186078 0.914102
54056.132665 19.595 0.064 54056.134332 19.639 0.02 54056.130999 19.26 0.037 54056.131832 -99.99 0.046 54056.133499 19.193 0.099 -38.186078 0.914102
54057.101317 19.66 0.038 54057.102983 19.661 0.018 54057.09965 19.324 0.016 54057.100483 19.226 0.026 54057.10215 19.102 0.056 -38.186078 0.914102
54059.126961 19.591 0.044 54059.128628 19.612 0.019 54059.125295 19.271 0.016 54059.126128 19.192 0.021 54059.127795 19.239 0.066 -38.186078 0.914102
54061.137992 19.681 0.048 54061.139659 19.65 0.024 54061.136325 19.286 0.019 54061.137159 19.126 0.026 54061.138825 19.242 0.076 -38.186078 0.914102
54062.131892 -99.99 0.062 54062.133559 19.624 0.024 54062.130226 19.307 0.024 54062.131059 19.167 0.036 54062.132726 19.147 0.081 -38.186078 0.914102
54068.121847 19.393 0.101 54068.123514 19.721 0.049 54068.12018 19.275 0.034 54068.121014 19.094 0.037 54068.12268 19.352 0.126 -38.186078 0.914102
54357.170158 19.783 0.039 54357.171825 19.781 0.022 54357.168491 19.387 0.024 54357.169325 19.224 0.026 54357.170991 19.326 0.066 -38.186078 0.914102
54365.168011 19.796 0.075 54365.169678 19.723 0.037 54365.166345 19.367 0.024 54365.167178 19.25 0.03 54365.168845 19.315 0.088 -38.186078 0.914102
54385.217981 19.865 0.045 54385.219648 19.889 0.02 54385.216314 19.432 0.019 54385.217148 19.333 0.023 54385.218814 19.224 0.044 -38.186078 0.914102
54387.218472 19.852 0.055 54387.220138 19.872 0.02 54387.216805 19.436 0.018 54387.217638 19.289 0.021 54387.219305 19.361 0.07 -38.186078 0.914102
54392.213196 19.79 0.063 54392.214862 19.89 0.027 54392.211529 19.45 0.025 54392.212362 19.25 0.031 54392.214029 19.247 0.073 -38.186078 0.914102
54402.211813 19.711 0.127 54402.21348 19.969 0.042 54402.210146 19.466 0.03 54402.21098 19.235 0.041 54402.212646 19.147 0.067 -38.186078 0.914102
