51075.330298 -99.99 0.095 51075.331964 20.289 0.023 51075.328631 20.115 0.029 51075.329464 19.964 0.04 51075.331131 19.861 0.131 10.988035 1.238288
52196.349497 -99.99 0.098 52196.351163 20.038 0.02 52196.34783 19.844 0.022 52196.348663 19.8 0.03 52196.35033 19.687 0.094 10.988035 1.238288
52197.343911 -99.99 0.088 52197.345577 19.983 0.018 52197.342244 19.89 0.02 52197.343077 19.777 0.03 52197.344744 19.54 0.08 10.988035 1.238288
52207.316292 20.785 0.082 52207.317958 20.022 0.017 52207.314625 19.874 0.021 52207.315458 19.797 0.03 52207.317125 19.723 0.09 10.988035 1.238288
52225.194098 20.9 0.097 52225.195764 20.028 0.018 52225.192431 19.821 0.021 52225.193264 19.768 0.03 52225.194931 19.663 0.084 10.988035 1.238288
52231.229879 20.837 0.081 52231.231545 20.062 0.018 52231.228212 19.869 0.022 52231.229045 19.799 0.029 52231.230712 19.546 0.07 10.988035 1.238288
52253.216048 20.957 0.113 52253.217714 20.024 0.02 52253.214381 19.882 0.024 52253.215214 19.769 0.033 52253.216881 19.665 0.09 10.988035 1.238288
52557.337882 20.706 0.099 52557.339548 20.006 0.02 52557.336215 19.822 0.023 52557.337048 19.743 0.032 52557.338715 19.651 0.107 10.988035 1.238288
52578.233967 20.813 0.077 52578.235633 19.984 0.016 52578.2323 19.823 0.02 52578.233133 19.695 0.027 52578.2348 19.558 0.078 10.988035 1.238288
52908.312449 20.758 0.083 52908.314115 19.974 0.018 52908.310782 19.782 0.02 52908.311615 19.75 0.03 52908.313282 19.609 0.1 10.988035 1.238288
52934.244351 20.934 0.13 52934.246017 19.971 0.021 52934.242684 19.744 0.027 52934.243517 19.681 0.038 52934.245184 19.338 0.107 10.988035 1.238288
52936.240277 20.848 0.078 52936.241943 20.018 0.019 52936.23861 19.869 0.021 52936.239443 19.789 0.028 52936.24111 -99.99 0.078 10.988035 1.238288
52962.165801 20.915 0.119 52962.167467 20.059 0.022 52962.164134 19.845 0.024 52962.164967 19.776 0.039 52962.166634 19.573 0.114 10.988035 1.238288
53270.304336 21.138 0.096 53270.306002 20.061 0.021 53270.302669 19.91 0.02 53270.303502 19.802 0.024 53270.305169 19.545 0.067 10.988035 1.238288
53272.354278 21.108 0.111 53272.355944 20.095 0.022 53272.352611 19.891 0.022 53272.353444 19.756 0.03 53272.355111 19.524 0.08 10.988035 1.238288
53286.322998 21.146 0.135 53286.324664 20.097 0.022 53286.321331 19.899 0.029 53286.322164 19.827 0.034 53286.323831 19.603 0.084 10.988035 1.238288
53288.281491 21.211 0.147 53288.283157 20.099 0.021 53288.279824 19.91 0.023 53288.280657 19.81 0.031 53288.282324 19.727 0.099 10.988035 1.238288
53294.329164 20.875 0.112 53294.33083 20.058 0.021 53294.327497 19.835 0.026 53294.32833 19.79 0.037 53294.329997 19.697 0.105 10.988035 1.238288
53296.276245 20.921 0.117 53296.277912 20.038 0.038 53296.274579 19.839 0.043 53296.275412 19.74 0.038 53296.277079 19.722 0.115 10.988035 1.238288
53298.325943 20.951 0.113 53298.327609 20.058 0.022 53298.324276 19.884 0.034 53298.325109 19.775 0.038 53298.326776 19.536 0.107 10.988035 1.238288
53302.277158 20.964 0.175 53302.278824 20.061 0.039 53302.275491 19.892 0.035 53302.276324 19.693 0.037 53302.277991 19.381 0.074 10.988035 1.238288
53312.232727 21.191 0.173 53312.234394 20.007 0.028 53312.23106 19.871 0.032 53312.231894 19.751 0.036 53312.23356 19.47 0.092 10.988035 1.238288
53314.233887 20.957 0.104 53314.235553 20.05 0.018 53314.23222 19.828 0.024 53314.233053 19.726 0.033 53314.23472 19.659 0.104 10.988035 1.238288
53616.338249 20.839 0.149 53616.339915 19.948 0.022 53616.336582 19.698 0.025 53616.337415 19.651 0.035 53616.339082 19.313 0.093 10.988035 1.238288
53626.314674 20.865 0.092 53626.31634 19.968 0.018 53626.313007 19.76 0.02 53626.31384 19.675 0.029 53626.315507 19.701 0.091 10.988035 1.238288
53628.299539 20.953 0.251 53628.301205 19.88 0.039 53628.297872 19.828 0.033 53628.298705 19.672 0.037 53628.300372 19.5 0.088 10.988035 1.238288
53637.301156 20.706 0.148 53637.302822 20.028 0.034 53637.299489 19.731 0.028 53637.300322 19.618 0.035 53637.301989 19.472 0.111 10.988035 1.238288
53639.346535 20.884 0.095 53639.348201 19.96 0.019 53639.344868 19.749 0.02 53639.345701 19.665 0.024 53639.347368 19.538 0.064 10.988035 1.238288
53654.328225 20.747 0.088 53654.329891 19.937 0.017 53654.326558 19.737 0.022 53654.327391 19.656 0.028 53654.329058 19.579 0.093 10.988035 1.238288
53663.289129 20.728 0.157 53663.290795 19.839 0.03 53663.287462 19.724 0.028 53663.288295 19.61 0.032 53663.289962 19.333 0.068 10.988035 1.238288
53665.267099 20.717 0.108 53665.268765 -99.99 0.058 53665.265432 19.701 0.029 53665.266265 19.593 0.033 53665.267932 19.461 0.076 10.988035 1.238288
53666.359227 20.739 0.162 53666.360893 19.917 0.027 53666.35756 19.719 0.024 53666.358393 19.623 0.028 53666.36006 19.455 0.073 10.988035 1.238288
53668.27873 21.003 0.137 53668.280396 19.956 0.024 53668.277063 19.759 0.025 53668.277896 19.611 0.034 53668.279563 19.529 0.098 10.988035 1.238288
53670.283582 20.956 0.106 53670.285248 19.884 0.016 53670.281915 19.715 0.021 53670.282748 19.634 0.029 53670.284415 19.523 0.078 10.988035 1.238288
53673.251567 20.752 0.085 53673.253233 19.899 0.017 53673.2499 19.747 0.02 53673.250733 19.675 0.028 53673.2524 19.513 0.073 10.988035 1.238288
53675.248455 20.695 0.08 53675.250121 19.911 0.016 53675.246788 19.744 0.023 53675.247621 19.604 0.029 53675.249288 19.525 0.094 10.988035 1.238288
53677.269485 20.747 0.084 53677.271151 19.875 0.016 53677.267818 19.694 0.018 53677.268651 19.6 0.026 53677.270318 19.414 0.063 10.988035 1.238288
53680.256153 20.678 0.08 53680.257819 19.859 0.016 53680.254486 19.695 0.019 53680.255319 19.641 0.025 53680.256986 19.457 0.071 10.988035 1.238288
53693.258048 20.543 0.149 53693.259714 19.885 0.035 53693.256381 19.703 0.027 53693.257214 19.621 0.032 53693.258881 19.396 0.074 10.988035 1.238288
53698.255437 20.768 0.107 53698.257103 19.891 0.018 53698.25377 19.743 0.021 53698.254603 19.652 0.029 53698.25627 19.496 0.08 10.988035 1.238288
53704.24137 20.822 0.143 53704.243036 19.89 0.023 53704.239703 19.71 0.025 53704.240536 19.57 0.037 53704.242203 19.446 0.142 10.988035 1.238288
53974.334041 20.574 0.066 53974.335708 19.81 0.02 53974.332374 19.646 0.022 53974.333208 19.547 0.028 53974.334874 -99.99 0.058 10.988035 1.238288
53977.382633 20.458 0.055 53977.3843 19.821 0.019 53977.380967 19.589 0.016 53977.3818 19.606 0.025 53977.383467 19.416 0.064 10.988035 1.238288
53989.337463 20.33 0.118 53989.33913 19.8 0.041 53989.335797 19.576 0.03 53989.33663 19.535 0.032 53989.338297 -99.99 0.064 10.988035 1.238288
53995.352123 20.543 0.059 53995.353789 19.746 0.02 53995.350456 -99.99 0.018 53995.351289 -99.99 0.028 53995.352956 -99.99 0.059 10.988035 1.238288
54000.31285 -99.99 0.093 54000.314516 19.738 0.023 54000.311183 19.548 0.022 54000.312016 19.501 0.025 54000.313683 19.321 0.08 10.988035 1.238288
54006.259695 20.51 0.074 54006.261362 19.715 0.026 54006.258028 -99.99 0.036 54006.258862 -99.99 0.051 54006.260528 -99.99 0.073 10.988035 1.238288
54007.363012 20.489 0.079 54007.364679 19.764 0.021 54007.361345 19.623 0.029 54007.362179 19.512 0.03 54007.363845 19.315 0.072 10.988035 1.238288
54009.286766 20.614 0.079 54009.288432 19.741 0.026 54009.285099 19.592 0.028 54009.285932 19.548 0.026 54009.287599 19.563 0.069 10.988035 1.238288
54011.351258 20.494 0.068 54011.352925 19.73 0.024 54011.349591 19.54 0.02 54011.350425 19.495 0.025 54011.352091 19.339 0.058 10.988035 1.238288
54025.350269 20.423 0.075 54025.351935 19.701 0.022 54025.348602 19.543 0.025 54025.349435 19.445 0.027 54025.351102 19.383 0.078 10.988035 1.238288
54029.280668 20.353 0.073 54029.282335 19.674 0.053 54029.279001 19.533 0.024 54029.279835 19.444 0.035 54029.281501 19.134 0.091 10.988035 1.238288
54348.348083 20.468 0.079 54348.34975 19.755 0.023 54348.346416 19.641 0.023 54348.34725 19.573 0.026 54348.348916 19.305 0.062 10.988035 1.238288
54358.30393 20.574 0.09 54358.305597 19.799 0.023 54358.302263 19.596 0.029 54358.303097 19.544 0.033 54358.304763 19.379 0.085 10.988035 1.238288
54359.297857 20.532 0.143 54359.299524 19.734 0.035 54359.29619 19.605 0.034 54359.297024 19.554 0.049 54359.29869 19.776 0.222 10.988035 1.238288
54365.337019 20.458 0.059 54365.338685 19.775 0.022 54365.335352 19.621 0.022 54365.336185 19.547 0.023 54365.337852 19.365 0.054 10.988035 1.238288
54381.356462 20.48 0.063 54381.358129 19.75 0.018 54381.354795 19.633 0.021 54381.355629 19.592 0.026 54381.357295 19.4 0.052 10.988035 1.238288
54384.36315 -99.99 0.082 54384.364817 19.782 0.027 54384.361484 19.62 0.021 54384.362317 19.533 0.025 54384.363984 19.482 0.066 10.988035 1.238288
54386.34883 -99.99 0.095 54386.350497 19.783 0.023 54386.347164 19.618 0.023 54386.347997 19.538 0.03 54386.349664 19.309 0.072 10.988035 1.238288
54388.35306 20.593 0.074 54388.354727 19.765 0.02 54388.351394 19.625 0.023 54388.352227 19.525 0.027 54388.353894 19.424 0.06 10.988035 1.238288
54403.266874 -99.99 0.272 54403.26854 19.671 0.05 54403.265207 19.623 0.062 54403.26604 19.43 0.08 54403.267707 19.443 0.175 10.988035 1.238288
54404.324524 20.584 0.111 54404.326191 19.836 0.03 54404.322857 19.631 0.032 54404.323691 19.591 0.033 54404.325357 19.255 0.06 10.988035 1.238288
54405.322459 20.525 0.097 54405.324125 19.77 0.022 54405.320792 19.621 0.025 54405.321625 19.573 0.031 54405.323292 19.433 0.067 10.988035 1.238288
54406.260703 20.579 0.099 54406.26237 19.73 0.028 54406.259037 19.615 0.023 54406.25987 19.616 0.038 54406.261537 19.431 0.077 10.988035 1.238288
54412.263606 -99.99 0.088 54412.265272 19.829 0.027 54412.261939 19.603 0.022 54412.262772 -99.99 0.033 54412.264439 -99.99 0.064 10.988035 1.238288
