51464.177107 22.618 0.436 51464.178773 20.127 0.02 51464.17544 19.851 0.021 51464.176273 19.834 0.029 51464.17794 19.794 0.106 -39.94703 -0.462539
52075.350315 22.298 0.371 52075.351981 20.198 0.023 52075.348648 19.939 0.022 52075.349481 19.875 0.025 52075.351148 19.732 0.072 -39.94703 -0.462539
52197.158961 23.156 0.588 52197.160627 20.204 0.019 52197.157294 19.899 0.02 52197.158127 19.892 0.025 52197.159794 19.696 0.08 -39.94703 -0.462539
52557.196809 22.734 0.526 52557.198475 20.27 0.022 52557.195142 20.018 0.025 52557.195975 19.947 0.029 52557.197642 19.833 0.106 -39.94703 -0.462539
52578.092887 25.676 0.788 52578.094553 20.315 0.021 52578.09122 20.014 0.023 52578.092053 20.031 0.029 52578.09372 19.716 0.078 -39.94703 -0.462539
52929.123112 24.889 1.355 52929.124778 20.272 0.022 52929.121445 19.946 0.022 52929.122278 19.929 0.026 52929.123945 19.916 0.105 -39.94703 -0.462539
52934.103269 22.414 0.41 52934.104935 20.258 0.024 52934.101602 19.908 0.025 52934.102435 19.962 0.031 52934.104102 19.763 0.092 -39.94703 -0.462539
52936.099195 23.773 0.748 52936.100861 20.277 0.019 52936.097528 19.936 0.02 52936.098361 19.876 0.023 52936.100028 19.782 0.081 -39.94703 -0.462539
53243.284405 25.329 1.883 53243.286071 20.321 0.043 53243.282738 20.051 0.032 53243.283571 20.03 0.033 53243.285238 19.945 0.098 -39.94703 -0.462539
53270.163257 99.992 99.999 53270.164923 20.356 0.035 53270.16159 20.114 0.026 53270.162423 20.037 0.029 53270.16409 19.947 0.094 -39.94703 -0.462539
53272.213206 25.309 3.014 53272.214872 20.399 0.058 53272.211539 20.111 0.039 53272.212372 20.027 0.039 53272.214039 19.971 0.109 -39.94703 -0.462539
53288.14041 22.688 0.572 53288.142076 20.304 0.023 53288.138743 20.083 0.026 53288.139576 20.114 0.033 53288.141243 20.03 0.115 -39.94703 -0.462539
53302.136078 25.559 2.326 53302.137744 20.294 0.045 53302.134411 20.082 0.035 53302.135244 20.04 0.035 53302.136911 19.885 0.1 -39.94703 -0.462539
53312.091649 22.478 0.502 53312.093316 20.282 0.025 53312.089982 20.003 0.027 53312.090816 20.003 0.041 53312.092482 19.907 0.159 -39.94703 -0.462539
53314.092806 23.489 0.935 53314.094472 20.316 0.022 53314.091139 20.066 0.026 53314.091972 20.011 0.036 53314.093639 19.873 0.116 -39.94703 -0.462539
53623.187388 23.317 0.765 53623.189054 20.261 0.023 53623.185721 19.993 0.022 53623.186554 20.038 0.028 53623.188221 19.969 0.091 -39.94703 -0.462539
53626.1736 23.589 1.458 53626.175266 20.323 0.041 53626.171933 19.992 0.031 53626.172766 20.023 0.034 53626.174433 19.739 0.082 -39.94703 -0.462539
53628.158466 21.983 0.753 53628.160132 20.303 0.07 53628.156799 20.004 0.052 53628.157632 19.963 0.05 53628.159299 19.754 0.122 -39.94703 -0.462539
53637.160079 22.722 0.717 53637.161745 20.26 0.026 53637.158412 20.088 0.03 53637.159245 20.063 0.042 53637.160912 19.82 0.134 -39.94703 -0.462539
53644.152523 22.951 0.58 53644.15419 20.28 0.021 53644.150857 20.07 0.028 53644.15169 19.944 0.025 53644.153357 19.746 0.078 -39.94703 -0.462539
53654.18715 23.148 1.129 53654.188816 20.253 0.036 53654.185483 19.957 0.031 53654.186316 19.97 0.035 53654.187983 20.358 0.291 -39.94703 -0.462539
53656.134741 25.648 3.409 53656.136407 20.227 0.078 53656.133074 19.99 0.055 53656.133907 20.035 0.061 53656.135574 19.558 0.121 -39.94703 -0.462539
53665.126018 22.339 0.518 53665.127684 20.263 0.033 53665.124351 19.982 0.037 53665.125184 19.981 0.042 53665.126851 19.658 0.119 -39.94703 -0.462539
53668.13765 23.206 0.861 53668.139316 20.268 0.024 53668.135983 19.976 0.027 53668.136816 19.938 0.036 53668.138483 19.658 0.119 -39.94703 -0.462539
53670.142504 23.233 1.138 53670.14417 20.251 0.025 53670.140837 19.993 0.031 53670.14167 19.992 0.047 53670.143337 19.845 0.165 -39.94703 -0.462539
53673.110485 23.833 1.137 53673.112151 20.285 0.021 53673.108818 20.007 0.024 53673.109651 19.968 0.03 53673.111318 19.862 0.096 -39.94703 -0.462539
53675.107374 23.068 0.601 53675.10904 20.249 0.021 53675.105707 19.977 0.024 53675.10654 19.977 0.031 53675.108207 19.925 0.114 -39.94703 -0.462539
53677.128407 24.016 1.121 53677.130073 20.293 0.022 53677.12674 20.034 0.027 53677.127573 19.985 0.029 53677.12924 19.932 0.092 -39.94703 -0.462539
53680.115072 23.493 0.972 53680.116738 20.25 0.022 53680.113405 19.991 0.026 53680.114238 20.041 0.031 53680.115905 19.762 0.084 -39.94703 -0.462539
53686.181786 22.059 1.619 53686.183452 20.028 0.094 53686.180119 19.81 0.064 53686.180952 19.893 0.068 53686.182619 19.908 0.237 -39.94703 -0.462539
53693.116977 22.987 1.092 53693.118643 20.259 0.044 53693.11531 19.977 0.032 53693.116143 19.998 0.035 53693.11781 19.802 0.095 -39.94703 -0.462539
53702.112642 24.149 3.083 53702.114309 20.242 0.029 53702.110975 20.046 0.03 53702.111809 20.071 0.049 53702.113475 19.969 0.175 -39.94703 -0.462539
53703.1218 21.957 0.491 53703.123466 20.295 0.03 53703.120133 19.969 0.03 53703.120966 19.991 0.043 53703.122633 20.004 0.17 -39.94703 -0.462539
53704.100305 22.964 0.734 53704.101971 20.246 0.025 53704.098638 19.975 0.026 53704.099471 19.92 0.03 53704.101138 19.901 0.109 -39.94703 -0.462539
53974.188262 25.551 5.431 53974.189929 20.143 0.02 53974.186595 19.847 0.02 53974.187429 19.862 0.023 53974.189095 19.632 0.063 -39.94703 -0.462539
53989.196342 24.073 2.056 53989.198008 20.196 0.028 53989.194675 19.881 0.02 53989.195508 19.903 0.027 53989.197175 19.657 0.059 -39.94703 -0.462539
53995.185615 23.567 0.972 53995.187282 20.19 0.021 53995.183949 19.86 0.021 53995.184782 19.871 0.025 53995.186449 19.873 0.073 -39.94703 -0.462539
53997.163993 23.081 0.776 53997.165659 20.204 0.022 53997.162326 19.855 0.023 53997.163159 19.883 0.029 53997.164826 19.736 0.087 -39.94703 -0.462539
54005.135827 23.147 0.604 54005.137494 20.157 0.022 54005.13416 19.917 0.019 54005.134994 19.875 0.021 54005.13666 19.839 0.068 -39.94703 -0.462539
54007.148575 25.159 4.857 54007.150241 20.171 0.023 54007.146908 19.908 0.021 54007.147741 19.882 0.026 54007.149408 19.766 0.087 -39.94703 -0.462539
54009.145697 23.015 0.777 54009.147363 20.161 0.03 54009.14403 19.866 0.022 54009.144863 19.906 0.028 54009.14653 19.802 0.072 -39.94703 -0.462539
54011.210175 100 99.999 54011.211841 20.239 0.044 54011.208508 19.897 0.027 54011.209341 19.919 0.035 54011.211008 19.69 0.069 -39.94703 -0.462539
54019.160392 23.616 1.112 54019.162059 20.2 0.027 54019.158726 19.883 0.02 54019.159559 19.853 0.023 54019.161226 19.763 0.065 -39.94703 -0.462539
54025.209197 23.592 1.294 54025.210863 20.176 0.023 54025.20753 19.845 0.023 54025.208363 19.823 0.032 54025.21003 19.584 0.083 -39.94703 -0.462539
54029.139527 23.209 0.605 54029.141193 20.183 0.019 54029.13786 19.887 0.019 54029.138693 19.83 0.024 54029.14036 19.798 0.072 -39.94703 -0.462539
54051.116104 22.029 2.268 54051.117771 -99.99 0.734 54051.114438 -99.99 0.116 54051.115271 -99.99 0.49 54051.116938 -99.99 0.354 -39.94703 -0.462539
54356.217689 22.808 0.625 54356.219356 20.235 0.024 54356.216023 19.941 0.027 54356.216856 19.884 0.034 54356.218523 19.693 0.085 -39.94703 -0.462539
54358.162747 22.343 0.458 54358.164413 20.207 0.026 54358.16108 19.934 0.025 54358.161913 19.931 0.029 54358.16358 19.922 0.115 -39.94703 -0.462539
54373.194849 22.569 0.773 54373.196515 20.257 0.043 54373.193182 19.937 0.028 54373.194015 19.875 0.029 54373.195682 19.58 0.081 -39.94703 -0.462539
54381.207553 22.724 0.661 54381.20922 20.251 0.024 54381.205887 19.983 0.033 54381.20672 19.938 0.041 54381.208387 19.674 0.105 -39.94703 -0.462539
54382.204939 22.379 0.641 54382.206605 20.249 0.024 54382.203272 19.927 0.031 54382.204105 19.909 0.041 54382.205772 19.898 0.122 -39.94703 -0.462539
54383.210684 24.288 3.126 54383.212351 20.23 0.033 54383.209018 19.956 0.03 54383.209851 19.962 0.036 54383.211518 19.792 0.143 -39.94703 -0.462539
54386.207703 23.093 0.57 54386.209369 20.274 0.026 54386.206036 19.949 0.019 54386.206869 19.927 0.022 54386.208536 19.656 0.06 -39.94703 -0.462539
54388.211972 23.652 1.408 54388.213638 20.293 0.027 54388.210305 20.002 0.023 54388.211138 19.939 0.029 54388.212805 19.733 0.089 -39.94703 -0.462539
54403.125745 23.845 1.023 54403.127412 20.26 0.023 54403.124078 19.977 0.02 54403.124912 19.877 0.024 54403.126578 19.797 0.074 -39.94703 -0.462539
54406.119581 23.2 0.573 54406.121248 20.227 0.023 54406.117915 19.938 0.03 54406.118748 19.95 0.029 54406.120415 19.817 0.104 -39.94703 -0.462539
54412.122531 24.409 2.077 54412.124198 20.255 0.022 54412.120865 19.973 0.022 54412.121698 19.923 0.025 54412.123365 19.871 0.084 -39.94703 -0.462539
54415.160061 23.32 0.8 54415.161728 20.268 0.023 54415.158394 19.983 0.023 54415.159228 19.928 0.028 54415.160894 19.867 0.087 -39.94703 -0.462539
