51081.312512 20.488 0.073 51081.314178 20.301 0.027 51081.310845 20.054 0.029 51081.311678 19.943 0.035 51081.313345 19.718 0.101 10.459625 -0.395457
51819.383667 20.536 0.082 51819.385333 20.437 0.029 51819.382 20.297 0.03 51819.382833 20.143 0.037 51819.3845 20.126 0.137 10.459625 -0.395457
52558.348948 20.563 0.067 52558.350614 20.28 0.022 52558.347281 20.113 0.024 52558.348114 20.001 0.028 52558.349781 19.89 0.09 10.459625 -0.395457
52577.236449 20.464 0.059 52577.238115 20.272 0.021 52577.234782 20.065 0.023 52577.235615 19.991 0.031 52577.237282 19.893 0.104 10.459625 -0.395457
52586.239926 20.453 0.057 52586.241592 20.276 0.02 52586.238259 20.051 0.024 52586.239092 20.059 0.035 52586.240759 20.148 0.156 10.459625 -0.395457
52910.320408 20.519 0.062 52910.322074 20.353 0.022 52910.318741 20.1 0.021 52910.319574 20.105 0.029 52910.321241 20.055 0.1 10.459625 -0.395457
52931.250611 20.536 0.07 52931.252277 20.332 0.024 52931.248944 20.086 0.024 52931.249777 20.027 0.03 52931.251444 20.008 0.115 10.459625 -0.395457
52935.247574 20.404 0.061 52935.24924 20.312 0.023 52935.245907 20.097 0.026 52935.24674 20.032 0.032 52935.248407 19.964 0.118 10.459625 -0.395457
52959.190902 20.415 0.05 52959.192568 20.261 0.02 52959.189235 20.037 0.02 52959.190068 20.026 0.025 52959.191735 20.103 0.094 10.459625 -0.395457
52963.170647 20.385 0.048 52963.172313 20.225 0.018 52963.16898 20.029 0.02 52963.169813 20.002 0.026 52963.17148 19.915 0.078 10.459625 -0.395457
53352.141714 20.682 0.065 53352.14338 20.469 0.022 53352.140047 20.196 0.023 53352.14088 20.147 0.03 53352.142547 20.005 0.1 10.459625 -0.395457
53622.350012 20.517 0.096 53622.351678 20.421 0.029 53622.348345 20.148 0.036 53622.349178 20.22 0.054 53622.350845 20.043 0.175 10.459625 -0.395457
53634.299483 20.643 0.184 53634.301149 20.467 0.067 53634.297816 20.143 0.046 53634.298649 20.172 0.052 53634.300316 19.979 0.116 10.459625 -0.395457
53638.340818 20.488 0.077 53638.342484 20.373 0.028 53638.339151 20.135 0.026 53638.339984 20.089 0.031 53638.341651 19.855 0.092 10.459625 -0.395457
53640.304853 20.638 0.108 53640.306519 20.389 0.029 53640.303186 20.132 0.03 53640.304019 20.058 0.039 53640.305686 19.866 0.124 10.459625 -0.395457
53655.277025 20.507 0.125 53655.278691 20.437 0.047 53655.275358 20.192 0.051 53655.276191 20.062 0.055 53655.277858 20.233 0.221 10.459625 -0.395457
53664.301982 20.614 0.17 53664.303648 20.449 0.07 53664.300315 20.238 0.044 53664.301148 20.153 0.053 53664.302815 19.908 0.164 10.459625 -0.395457
53669.261224 20.483 0.056 53669.26289 20.405 0.021 53669.259557 20.168 0.023 53669.26039 20.145 0.031 53669.262057 20.078 0.104 10.459625 -0.395457
53671.345992 20.401 0.089 53671.347658 20.4 0.029 53671.344325 20.177 0.038 53671.345158 20.147 0.043 53671.346825 20.16 0.159 10.459625 -0.395457
53674.24546 20.593 0.077 53674.247126 20.416 0.025 53674.243793 20.17 0.027 53674.244626 20.085 0.032 53674.246293 19.988 0.103 10.459625 -0.395457
53676.334936 20.638 0.078 53676.336602 20.411 0.022 53676.333269 20.117 0.023 53676.334102 20.168 0.03 53676.335769 19.993 0.088 10.459625 -0.395457
53679.306829 20.46 0.083 53679.308495 20.433 0.028 53679.305162 20.172 0.035 53679.305995 20.134 0.047 53679.307662 20.018 0.153 10.459625 -0.395457
53681.298341 20.455 0.094 53681.300007 20.406 0.028 53681.296674 20.173 0.031 53681.297507 20.088 0.041 53681.299174 20.064 0.146 10.459625 -0.395457
53685.257395 20.356 0.194 53685.259061 20.308 0.087 53685.255728 20.264 0.097 53685.256561 20.211 0.089 53685.258228 19.97 0.173 10.459625 -0.395457
53694.271271 20.52 0.265 53694.272937 20.587 0.117 53694.269604 20.251 0.078 53694.270437 20.302 0.089 53694.272104 20.589 0.422 10.459625 -0.395457
53697.255365 20.572 0.086 53697.257031 20.465 0.029 53697.253698 20.213 0.028 53697.254531 20.151 0.034 53697.256198 20.017 0.104 10.459625 -0.395457
53700.254323 20.831 0.118 53700.255989 20.491 0.029 53700.252656 20.236 0.031 53700.253489 20.22 0.046 53700.255156 20.252 0.183 10.459625 -0.395457
53705.240993 20.75 0.083 53705.242659 20.528 0.026 53705.239326 20.241 0.027 53705.240159 20.202 0.032 53705.241826 20.134 0.104 10.459625 -0.395457
53975.325987 20.705 0.076 53975.327654 20.496 0.025 53975.324321 20.281 0.024 53975.325154 20.223 0.035 53975.326821 20.008 0.095 10.459625 -0.395457
53990.338856 20.641 0.133 53990.340523 20.558 0.054 53990.337189 20.304 0.038 53990.338023 20.221 0.044 53990.339689 20.089 0.128 10.459625 -0.395457
53994.34898 20.683 0.062 53994.350647 20.534 0.03 53994.347313 20.246 0.022 53994.348147 20.214 0.029 53994.349813 20.419 0.14 10.459625 -0.395457
53996.332724 20.645 0.068 53996.33439 20.499 0.028 53996.331057 20.267 0.028 53996.33189 20.218 0.035 53996.333557 20.011 0.111 10.459625 -0.395457
53998.301354 20.693 0.064 53998.303021 -99.99 0.05 53998.299687 20.299 0.024 53998.300521 20.235 0.03 53998.302187 -99.99 0.824 10.459625 -0.395457
54005.331594 20.66 0.06 54005.333261 20.546 0.024 54005.329928 20.307 0.022 54005.330761 20.319 0.033 54005.332428 20.133 0.088 10.459625 -0.395457
54010.286841 20.616 0.07 54010.288508 20.506 0.027 54010.285175 20.304 0.027 54010.286008 20.222 0.034 54010.287675 20.316 0.093 10.459625 -0.395457
54012.279675 20.64 0.127 54012.281341 20.573 0.056 54012.278008 20.311 0.041 54012.278841 20.253 0.041 54012.280508 20.123 0.106 10.459625 -0.395457
54020.285671 20.631 0.125 54020.287337 20.547 0.046 54020.284004 20.365 0.072 54020.284837 20.231 0.053 54020.286504 19.788 0.128 10.459625 -0.395457
54024.36733 20.563 0.101 54024.368997 20.5 0.034 54024.365664 20.328 0.051 54024.366497 -99.99 0.058 54024.368164 20.067 0.15 10.459625 -0.395457
54028.355554 20.588 0.09 54028.357221 20.506 0.029 54028.353887 20.272 0.043 54028.354721 20.211 0.053 54028.356387 20.221 0.179 10.459625 -0.395457
54030.27923 20.712 0.066 54030.280897 20.611 0.022 54030.277564 20.289 0.024 54030.278397 20.234 0.03 54030.280064 20.26 0.107 10.459625 -0.395457
54035.354988 20.992 0.168 54035.356654 20.516 0.04 54035.353321 20.3 0.047 54035.354154 20.313 0.064 54035.355821 20.323 0.233 10.459625 -0.395457
54037.260477 20.684 0.067 54037.262143 20.564 0.029 54037.25881 20.374 0.029 54037.259643 20.223 0.032 54037.26131 20.065 0.096 10.459625 -0.395457
54040.274947 20.682 0.153 54040.276614 20.594 0.066 54040.273281 20.301 0.046 54040.274114 20.162 0.049 54040.275781 20.259 0.169 10.459625 -0.395457
54047.305737 20.242 0.303 54047.307404 20.599 0.157 54047.304071 20.493 0.132 54047.304904 -99.99 0.095 54047.306571 21.187 0.652 10.459625 -0.395457
54049.301404 20.335 0.139 54049.303071 20.581 0.062 54049.299738 20.351 0.053 54049.300571 20.29 0.057 54049.302238 20.238 0.193 10.459625 -0.395457
54053.265769 20.82 0.078 54053.267436 20.568 0.026 54053.264103 20.363 0.027 54053.264936 20.275 0.034 54053.266603 19.988 0.095 10.459625 -0.395457
54056.267391 20.939 0.129 54056.269057 20.513 0.038 54056.265724 20.297 0.041 54056.266557 20.257 0.047 54056.268224 20.022 0.157 10.459625 -0.395457
54059.261694 20.549 0.106 54059.263361 -99.99 0.048 54059.260028 -99.99 0.055 54059.260861 20.24 0.058 54059.262528 20.056 0.155 10.459625 -0.395457
54062.26657 20.461 0.082 54062.268237 20.581 0.031 54062.264903 20.308 0.032 54062.265737 20.301 0.048 54062.267403 20.386 0.199 10.459625 -0.395457
54068.247143 20.342 0.142 54068.24881 20.543 0.076 54068.245476 20.394 0.077 54068.24631 20.348 0.068 54068.247976 20.434 0.246 10.459625 -0.395457
54357.304908 20.674 0.063 54357.306575 20.477 0.02 54357.303241 20.182 0.027 54357.304075 20.184 0.028 54357.305741 20.127 0.082 10.459625 -0.395457
54362.354682 20.482 0.068 54362.356349 -99.99 0.036 54362.353016 20.203 0.028 54362.353849 20.138 0.039 54362.355516 20.163 0.134 10.459625 -0.395457
54382.334948 20.551 0.104 54382.336615 20.495 0.046 54382.333281 20.248 0.049 54382.334115 20.231 0.063 54382.335781 20.697 0.338 10.459625 -0.395457
54385.352724 20.555 0.065 54385.354391 20.509 0.028 54385.351057 20.257 0.024 54385.351891 20.222 0.031 54385.353557 20.188 0.091 10.459625 -0.395457
54387.353194 20.699 0.108 54387.354861 20.44 0.031 54387.351527 20.23 0.034 54387.352361 20.242 0.048 54387.354027 20.392 0.194 10.459625 -0.395457
54392.347927 20.546 0.098 54392.349594 20.431 0.03 54392.346261 20.246 0.037 54392.347094 20.181 0.049 54392.348761 20.476 0.227 10.459625 -0.395457
54402.34636 -99.99 0.248 54402.348026 20.488 0.074 54402.344693 20.262 0.051 54402.345526 20.132 0.064 54402.347193 20.315 0.168 10.459625 -0.395457
