51081.314193 18.8 0.023 51081.315859 18.628 0.008 51081.312526 18.42 0.009 51081.313359 18.448 0.011 51081.315026 18.312 0.03 11.05719 0.861405
51819.38535 18.851 0.024 51819.387016 18.659 0.009 51819.383683 18.498 0.009 51819.384516 18.501 0.012 51819.386183 18.361 0.032 11.05719 0.861405
52558.350601 -99.99 0.023 52558.352267 18.639 0.008 52558.348934 18.466 0.009 52558.349767 18.461 0.011 52558.351434 18.303 0.028 11.05719 0.861405
52577.238104 18.845 0.021 52577.23977 18.66 0.008 52577.236437 18.465 0.008 52577.23727 18.458 0.011 52577.238937 18.31 0.029 11.05719 0.861405
52586.241581 18.855 0.021 52586.243247 18.666 0.008 52586.239914 18.486 0.009 52586.240747 18.462 0.012 52586.242414 18.275 0.033 11.05719 0.861405
52910.322064 19.017 0.025 52910.32373 18.794 0.011 52910.320397 18.622 0.011 52910.32123 18.592 0.014 52910.322897 18.422 0.031 11.05719 0.861405
52931.252266 19.002 0.024 52931.253932 18.758 0.008 52931.250599 18.577 0.009 52931.251432 18.601 0.012 52931.253099 18.429 0.032 11.05719 0.861405
52935.249229 18.935 0.025 52935.250895 18.724 0.01 52935.247562 18.566 0.012 52935.248395 18.585 0.014 52935.250062 18.391 0.035 11.05719 0.861405
52959.192559 18.886 0.021 52959.194225 18.672 0.008 52959.190892 18.532 0.009 52959.191725 18.526 0.011 52959.193392 18.366 0.024 11.05719 0.861405
52963.172302 18.86 0.02 52963.173968 18.668 0.008 52963.170635 18.523 0.008 52963.171468 18.511 0.01 52963.173135 18.327 0.024 11.05719 0.861405
53352.14337 18.761 0.02 53352.145036 18.626 0.008 53352.141703 18.467 0.008 53352.142536 18.454 0.011 53352.144203 18.235 0.026 11.05719 0.861405
53622.351668 19.105 0.032 53622.353334 18.869 0.011 53622.350001 18.649 0.012 53622.350834 18.611 0.016 53622.352501 18.45 0.043 11.05719 0.861405
53634.301138 19.086 0.049 53634.302804 18.86 0.018 53634.299471 18.684 0.014 53634.300304 18.655 0.015 53634.301971 18.42 0.032 11.05719 0.861405
53638.342475 19.072 0.028 53638.344141 18.883 0.01 53638.340808 18.665 0.01 53638.341641 18.658 0.012 53638.343308 18.467 0.031 11.05719 0.861405
53640.30651 -99.99 0.036 53640.308176 18.882 0.012 53640.304843 18.675 0.012 53640.305676 18.666 0.016 53640.307343 18.43 0.034 11.05719 0.861405
53655.27868 19.097 0.038 53655.280346 18.893 0.012 53655.277013 18.723 0.014 53655.277846 18.693 0.018 53655.279513 18.353 0.041 11.05719 0.861405
53664.303637 19.123 0.052 53664.305303 18.839 0.018 53664.30197 18.664 0.015 53664.302803 18.636 0.02 53664.30447 18.432 0.051 11.05719 0.861405
53669.26288 19.136 0.026 53669.264546 18.845 0.009 53669.261213 18.663 0.009 53669.262046 18.638 0.012 53669.263713 18.469 0.031 11.05719 0.861405
53671.347645 19.197 0.037 53671.349311 18.881 0.01 53671.345978 18.665 0.011 53671.346811 18.674 0.015 53671.348478 18.416 0.033 11.05719 0.861405
53674.247117 19.098 0.031 53674.248783 18.867 0.009 53674.24545 18.669 0.01 53674.246283 18.663 0.012 53674.24795 18.448 0.032 11.05719 0.861405
53676.336589 19.082 0.028 53676.338255 18.872 0.009 53676.334922 18.661 0.009 53676.335755 18.65 0.012 53676.337422 18.433 0.026 11.05719 0.861405
53679.308483 19.152 0.034 53679.310149 18.834 0.011 53679.306816 18.675 0.013 53679.307649 18.651 0.016 53679.309316 18.371 0.038 11.05719 0.861405
53681.299995 19.12 0.034 53681.301661 18.873 0.016 53681.298328 18.656 0.012 53681.299161 18.655 0.016 53681.300828 -99.99 0.064 11.05719 0.861405
53685.259049 19.166 0.063 53685.260715 18.847 0.022 53685.257382 18.704 0.02 53685.258215 18.638 0.022 53685.259882 18.493 0.043 11.05719 0.861405
53694.272925 19.124 0.085 53694.274591 -99.99 0.025 53694.271258 18.671 0.018 53694.272091 18.664 0.025 53694.273758 18.416 0.046 11.05719 0.861405
53697.25702 19.108 0.032 53697.258686 18.866 0.014 53697.255353 18.644 0.013 53697.256186 18.638 0.016 53697.257853 18.397 0.031 11.05719 0.861405
53700.255979 19.106 0.036 53700.257645 18.842 0.011 53700.254312 18.643 0.013 53700.255145 18.634 0.016 53700.256812 18.474 0.038 11.05719 0.861405
53705.242648 19.097 0.028 53705.244314 18.847 0.009 53705.240981 18.639 0.009 53705.241814 18.619 0.011 53705.243481 18.38 0.025 11.05719 0.861405
53975.327655 19.042 0.031 53975.329322 18.791 0.016 53975.325988 18.613 0.019 53975.326822 18.607 0.022 53975.328488 18.385 0.031 11.05719 0.861405
53990.340469 18.96 0.036 53990.342136 18.793 0.023 53990.338802 18.612 0.014 53990.339636 18.582 0.017 53990.341302 18.39 0.036 11.05719 0.861405
53994.350647 19.012 0.024 53994.352314 18.792 0.024 53994.348981 18.628 0.012 53994.349814 18.596 0.017 53994.351481 18.39 0.033 11.05719 0.861405
53996.334386 18.934 0.025 53996.336053 18.769 0.018 53996.332719 18.603 0.019 53996.333553 18.588 0.022 53996.335219 18.383 0.032 11.05719 0.861405
53998.303054 -99.99 0.116 53998.30472 18.731 0.019 53998.301387 18.606 0.015 53998.30222 -99.99 0.055 53998.303887 18.433 0.042 11.05719 0.861405
54005.333256 18.827 0.023 54005.334923 18.75 0.027 54005.33159 18.582 0.013 54005.332423 18.563 0.017 54005.33409 18.347 0.027 11.05719 0.861405
54010.288488 18.949 0.024 54010.290154 18.767 0.02 54010.286821 18.573 0.013 54010.287654 18.598 0.016 54010.289321 -99.99 0.025 11.05719 0.861405
54012.281427 18.958 0.033 54012.283093 18.75 0.015 54012.27976 18.567 0.016 54012.280593 18.589 0.019 54012.28226 -99.99 0.031 11.05719 0.861405
54020.287312 18.879 0.03 54020.288978 18.722 0.027 54020.285645 18.551 0.017 54020.286478 18.578 0.022 54020.288145 18.36 0.04 11.05719 0.861405
54024.368943 19.013 0.03 54024.37061 18.742 0.021 54024.367277 18.557 0.014 54024.36811 18.56 0.019 54024.369777 18.396 0.036 11.05719 0.861405
54028.357287 18.852 0.028 54028.358954 18.729 0.026 54028.355621 18.549 0.036 54028.356454 18.548 0.018 54028.358121 18.401 0.041 11.05719 0.861405
54030.280982 18.976 0.027 54030.282649 18.725 0.015 54030.279316 18.565 0.014 54030.280149 18.578 0.014 54030.281816 18.368 0.026 11.05719 0.861405
54035.356649 19.026 0.048 54035.358316 18.764 0.029 54035.354983 18.586 0.019 54035.355816 18.578 0.021 54035.357483 18.437 0.057 11.05719 0.861405
54037.262182 18.99 0.027 54037.263849 18.733 0.016 54037.260516 18.576 0.015 54037.261349 18.574 0.017 54037.263016 18.364 0.028 11.05719 0.861405
54040.276679 19.046 0.047 54040.278346 18.753 0.021 54040.275012 18.568 0.021 54040.275846 18.566 0.02 54040.277512 18.389 0.036 11.05719 0.861405
54047.307194 19.215 0.13 54047.30886 -99.99 0.026 54047.305527 18.586 0.024 54047.30636 18.559 0.052 54047.308027 -99.99 0.074 11.05719 0.861405
54049.303067 -99.99 0.047 54049.304733 18.772 0.047 54049.3014 18.602 0.017 54049.302233 18.577 0.017 54049.3039 18.334 0.036 11.05719 0.861405
54053.2674 19.026 0.026 54053.269066 18.797 0.021 54053.265733 18.605 0.016 54053.266566 18.605 0.016 54053.268233 18.383 0.031 11.05719 0.861405
54056.269079 19.071 0.026 54056.270746 18.784 0.021 54056.267412 18.62 0.018 54056.268246 18.643 0.019 54056.269912 18.435 0.035 11.05719 0.861405
54059.263333 19.115 0.055 54059.264999 18.767 0.024 54059.261666 18.61 0.019 54059.262499 18.557 0.019 54059.264166 18.358 0.041 11.05719 0.861405
54062.26825 19.086 0.032 54062.269917 18.809 0.028 54062.266584 18.618 0.016 54062.267417 18.604 0.021 54062.269084 18.452 0.043 11.05719 0.861405
54068.248829 18.992 0.056 54068.250495 18.813 0.026 54068.247162 18.61 0.021 54068.247995 18.649 0.022 54068.249662 18.426 0.043 11.05719 0.861405
54357.306574 18.864 0.022 54357.308241 18.715 0.018 54357.304908 18.557 0.015 54357.305741 18.554 0.015 54357.307408 18.37 0.027 11.05719 0.861405
54362.356361 -99.99 0.027 54362.358028 18.699 0.018 54362.354695 18.568 0.016 54362.355528 18.599 0.027 54362.357195 18.391 0.039 11.05719 0.861405
54382.336613 -99.99 0.032 54382.338279 -99.99 0.014 54382.334946 18.552 0.022 54382.335779 18.526 0.027 54382.337446 18.314 0.043 11.05719 0.861405
54385.354352 -99.99 0.026 54385.356019 18.733 0.022 54385.352686 18.574 0.012 54385.353519 18.573 0.019 54385.355186 18.348 0.027 11.05719 0.861405
54387.354944 -99.99 0.038 54387.35661 18.717 0.02 54387.353277 18.566 0.02 54387.35411 18.59 0.02 54387.355777 18.428 0.035 11.05719 0.861405
54392.349631 18.967 0.047 54392.351297 18.731 0.019 54392.347964 18.584 0.014 54392.348797 18.579 0.017 54392.350464 18.411 0.037 11.05719 0.861405
54402.348016 -99.99 0.054 54402.349683 -99.99 0.033 54402.346349 18.564 0.019 54402.347183 18.588 0.017 54402.348849 18.346 0.035 11.05719 0.861405
