51075.424078 20.493 0.059 51075.425744 20.014 0.019 51075.422411 19.819 0.018 51075.423244 19.771 0.028 51075.424911 19.667 0.107 44.845125 -0.189568
51818.393734 20.665 0.064 51818.3954 20.082 0.018 51818.392067 19.839 0.019 51818.3929 19.888 0.026 51818.394567 19.803 0.089 44.845125 -0.189568
52171.38187 20.68 0.071 52171.383536 20.17 0.018 52171.380203 19.979 0.022 52171.381036 19.949 0.026 52171.382703 19.652 0.076 44.845125 -0.189568
52173.358109 20.683 0.08 52173.359775 20.154 0.022 52173.356442 19.894 0.022 52173.357275 19.952 0.035 52173.358942 19.709 0.12 44.845125 -0.189568
52224.338226 20.632 0.06 52224.339892 20.144 0.017 52224.336559 19.915 0.019 52224.337392 19.944 0.024 52224.339059 19.705 0.074 44.845125 -0.189568
52234.294744 20.802 0.095 52234.29641 20.127 0.02 52234.293077 19.955 0.023 52234.29391 19.97 0.027 52234.295577 19.683 0.084 44.845125 -0.189568
52261.258099 20.529 0.064 52261.259765 20.095 0.019 52261.256432 20.017 0.022 52261.257265 19.835 0.024 52261.258932 19.834 0.09 44.845125 -0.189568
52283.125473 20.806 0.091 52283.127139 20.251 0.025 52283.123806 20.037 0.028 52283.124639 20.024 0.039 52283.126306 19.724 0.12 44.845125 -0.189568
52287.138596 20.874 0.082 52287.140262 20.304 0.024 52287.136929 19.969 0.022 52287.137762 19.868 0.028 52287.139429 19.959 0.101 44.845125 -0.189568
52552.457288 20.904 0.079 52552.458954 20.357 0.021 52552.455621 20.091 0.022 52552.456454 20.082 0.031 52552.458121 19.814 0.092 44.845125 -0.189568
52557.431648 20.792 0.084 52557.433314 20.383 0.022 52557.429981 20.058 0.023 52557.430814 20.096 0.036 52557.432481 19.888 0.13 44.845125 -0.189568
52585.332978 21.077 0.077 52585.334644 20.345 0.019 52585.331311 20.112 0.021 52585.332144 20.109 0.028 52585.333811 19.987 0.097 44.845125 -0.189568
52908.406217 20.811 0.074 52908.407883 20.198 0.02 52908.40455 20.045 0.022 52908.405383 20.005 0.029 52908.40705 19.672 0.088 44.845125 -0.189568
52912.385655 20.633 0.072 52912.387321 20.24 0.02 52912.383988 20.031 0.022 52912.384821 20.04 0.028 52912.386488 19.788 0.084 44.845125 -0.189568
52934.338122 20.721 0.071 52934.339788 20.215 0.019 52934.336455 19.998 0.022 52934.337288 20.013 0.031 52934.338955 19.782 0.098 44.845125 -0.189568
52936.334049 20.793 0.069 52936.335715 20.227 0.018 52936.332382 20.029 0.021 52936.333215 19.988 0.028 52936.334882 19.79 0.085 44.845125 -0.189568
53270.398115 20.58 0.056 53270.399782 20.049 0.026 53270.396449 19.91 0.02 53270.397282 19.993 0.027 53270.398949 19.774 0.063 44.845125 -0.189568
53272.448048 20.67 0.085 53272.449714 20.077 0.019 53272.446381 19.916 0.02 53272.447214 19.962 0.03 53272.448881 19.65 0.091 44.845125 -0.189568
53286.416767 20.707 0.099 53286.418433 20.072 0.021 53286.4151 19.962 0.026 53286.415933 19.825 0.03 53286.4176 19.739 0.087 44.845125 -0.189568
53288.375259 20.633 0.07 53288.376925 20.017 0.017 53288.373592 19.887 0.02 53288.374425 19.946 0.029 53288.376092 19.814 0.088 44.845125 -0.189568
53294.422931 20.48 0.122 53294.424597 19.886 0.022 53294.421264 19.693 0.081 53294.422097 -99.99 0.087 53294.423764 19.837 0.146 44.845125 -0.189568
53296.369977 20.655 0.07 53296.371643 20.116 0.028 53296.36831 20.005 0.028 53296.369143 19.976 0.034 53296.37081 19.668 0.084 44.845125 -0.189568
53298.419708 20.786 0.073 53298.421374 20.056 0.017 53298.418041 19.961 0.023 53298.418874 19.949 0.031 53298.420541 19.854 0.11 44.845125 -0.189568
53302.370929 20.59 0.09 53302.372595 20.083 0.029 53302.369262 19.902 0.028 53302.370095 19.877 0.03 53302.371762 19.831 0.09 44.845125 -0.189568
53312.326516 20.795 0.114 53312.328182 20.034 0.034 53312.324849 19.947 0.08 53312.325682 19.957 0.066 53312.327349 19.788 0.102 44.845125 -0.189568
53314.327659 20.575 0.083 53314.329325 19.993 0.023 53314.325992 19.873 0.027 53314.326825 19.918 0.034 53314.328492 19.934 0.122 44.845125 -0.189568
53319.315455 20.639 0.079 53319.317121 20.04 0.022 53319.313788 19.954 0.027 53319.314621 19.883 0.034 53319.316288 19.667 0.095 44.845125 -0.189568
53616.432012 20.88 0.106 53616.433678 20.093 0.019 53616.430345 19.96 0.025 53616.431178 19.924 0.032 53616.432845 19.836 0.1 44.845125 -0.189568
53626.40844 20.548 0.102 53626.410106 -99.99 0.07 53626.406773 19.929 0.029 53626.407606 20.104 0.045 53626.409273 -99.99 0.165 44.845125 -0.189568
53628.393304 20.476 0.084 53628.39497 20.105 0.029 53628.391637 20.064 0.032 53628.39247 20.064 0.04 53628.394137 19.859 0.122 44.845125 -0.189568
53639.440301 20.511 0.075 53639.441967 20.068 0.021 53639.438634 19.842 0.019 53639.439467 19.948 0.026 53639.441134 19.755 0.081 44.845125 -0.189568
53641.439467 20.633 0.089 53641.441133 20.083 0.022 53641.4378 19.899 0.022 53641.438633 19.964 0.03 53641.4403 19.758 0.083 44.845125 -0.189568
53657.398351 20.617 0.14 53657.400017 20.106 0.044 53657.396684 19.956 0.039 53657.397517 19.992 0.053 53657.399184 19.899 0.169 44.845125 -0.189568
53663.382899 20.363 0.132 53663.384565 20.022 0.04 53663.381232 19.894 0.034 53663.382065 19.869 0.034 53663.383732 19.601 0.078 44.845125 -0.189568
53665.360871 20.489 0.104 53665.362537 20.03 0.044 53665.359204 19.854 0.027 53665.360037 19.88 0.032 53665.361704 19.673 0.084 44.845125 -0.189568
53666.452984 20.485 0.142 53666.45465 19.999 0.029 53666.451317 19.903 0.028 53666.45215 19.881 0.032 53666.453817 19.655 0.089 44.845125 -0.189568
53668.3725 20.616 0.116 53668.374166 19.987 0.025 53668.370833 20.077 0.033 53668.371666 20.059 0.044 53668.373333 19.718 0.11 44.845125 -0.189568
53669.460112 20.606 0.164 53669.461778 -99.99 0.034 53669.458445 19.891 0.028 53669.459278 19.947 0.037 53669.460945 19.693 0.109 44.845125 -0.189568
53670.377352 20.545 0.083 53670.379018 20.05 0.022 53670.375685 19.867 0.025 53670.376518 19.908 0.032 53670.378185 19.701 0.092 44.845125 -0.189568
53673.345338 20.508 0.065 53673.347004 19.976 0.016 53673.343671 19.85 0.018 53673.344504 19.836 0.023 53673.346171 19.75 0.07 44.845125 -0.189568
53675.342227 20.473 0.066 53675.343893 20.02 0.017 53675.34056 19.871 0.022 53675.341393 19.946 0.031 53675.34306 19.492 0.073 44.845125 -0.189568
53680.349924 20.553 0.07 53680.35159 19.992 0.017 53680.348257 19.855 0.02 53680.34909 19.912 0.028 53680.350757 19.692 0.081 44.845125 -0.189568
53683.408474 20.695 0.263 53683.41014 19.974 0.041 53683.406807 19.754 0.068 53683.40764 -99.99 0.174 53683.409307 21.047 0.818 44.845125 -0.189568
53686.349356 20.881 0.203 53686.351022 20.079 0.051 53686.347689 19.971 0.039 53686.348522 19.933 0.04 53686.350189 19.832 0.121 44.845125 -0.189568
53687.406742 20.243 0.26 53687.408408 20.164 0.09 53687.405075 20.167 0.113 53687.405908 -99.99 0.166 53687.407575 19.884 0.2 44.845125 -0.189568
53693.351815 20.604 0.225 53693.353481 20.027 0.05 53693.350148 20.034 0.051 53693.350981 19.954 0.049 53693.352648 19.646 0.109 44.845125 -0.189568
53699.372652 20.788 0.122 53699.374318 19.993 0.024 53699.370985 19.91 0.023 53699.371818 19.929 0.03 53699.373485 19.616 0.079 44.845125 -0.189568
53704.335135 20.734 0.095 53704.336801 20.075 0.019 53704.333468 19.955 0.022 53704.334301 19.884 0.027 53704.335968 19.872 0.111 44.845125 -0.189568
53989.431185 20.702 0.148 53989.432851 20.118 0.038 53989.429518 20.041 0.033 53989.430351 20.115 0.04 53989.432018 19.787 0.074 44.845125 -0.189568
53997.454755 20.609 0.053 53997.456422 20.167 0.023 53997.453089 20.012 0.022 53997.453922 20.017 0.027 53997.455589 19.84 0.061 44.845125 -0.189568
54000.406628 20.946 0.093 54000.408294 20.276 0.084 54000.404961 -99.99 0.119 54000.405794 20.109 0.087 54000.407461 19.919 0.112 44.845125 -0.189568
54007.456794 20.742 0.071 54007.458461 20.13 0.024 54007.455128 20.052 0.03 54007.455961 20.032 0.033 54007.457628 19.771 0.077 44.845125 -0.189568
54009.380545 20.67 0.055 54009.382212 20.205 0.024 54009.378878 19.998 0.027 54009.379712 20.027 0.023 54009.381378 19.878 0.062 44.845125 -0.189568
54011.445037 20.859 0.064 54011.446704 20.234 0.026 54011.443371 20.051 0.021 54011.444204 20.012 0.025 54011.445871 19.86 0.064 44.845125 -0.189568
54012.457849 20.798 0.089 54012.459516 20.227 0.086 54012.456182 20.102 0.032 54012.457016 20.13 0.05 54012.458682 19.811 0.105 44.845125 -0.189568
54019.44005 -99.99 0.132 54019.441717 20.231 0.039 54019.438383 19.962 0.038 54019.439217 19.96 0.036 54019.440883 20.023 0.114 44.845125 -0.189568
54025.444042 20.806 0.102 54025.445708 20.229 0.025 54025.442375 20.048 0.027 54025.443208 20.004 0.032 54025.444875 19.776 0.091 44.845125 -0.189568
54346.437816 20.308 0.092 54346.439482 20.022 0.034 54346.436149 19.995 0.074 54346.436982 19.916 0.061 54346.438649 19.735 0.07 44.845125 -0.189568
54348.441809 20.526 0.074 54348.443476 20.108 0.081 54348.440142 19.862 0.025 54348.440976 19.988 0.035 54348.442642 19.667 0.071 44.845125 -0.189568
54358.397601 20.345 0.066 54358.399268 20.022 0.026 54358.395934 20.011 0.073 54358.396768 20.031 0.04 54358.398434 19.765 0.092 44.845125 -0.189568
54365.430693 20.619 0.061 54365.43236 20.039 0.021 54365.429027 19.909 0.029 54365.42986 19.918 0.041 54365.431527 19.707 0.068 44.845125 -0.189568
54381.450236 20.528 0.06 54381.451903 20.062 0.025 54381.448569 19.89 0.02 54381.449403 19.887 0.025 54381.451069 19.742 0.076 44.845125 -0.189568
54386.442561 20.69 0.069 54386.444227 20.079 0.022 54386.440894 19.914 0.025 54386.441727 19.946 0.029 54386.443394 19.652 0.059 44.845125 -0.189568
54388.446803 20.712 0.074 54388.448469 20.097 0.022 54388.445136 19.934 0.021 54388.445969 19.957 0.025 54388.447636 19.909 0.082 44.845125 -0.189568
54392.444362 20.471 0.062 54392.446029 -99.99 0.066 54392.442696 19.953 0.061 54392.443529 20.051 0.048 54392.445196 19.653 0.08 44.845125 -0.189568
54403.36066 20.653 0.123 54403.362327 20.069 0.032 54403.358993 19.753 0.024 54403.359827 19.878 0.032 54403.361493 19.808 0.088 44.845125 -0.189568
54404.418169 -99.99 0.367 54404.419835 -99.99 0.76 54404.416502 -99.99 0.068 54404.417335 -99.99 0.115 54404.419002 -99.99 2.689 44.845125 -0.189568
54406.354447 20.697 0.086 54406.356113 20.062 0.026 54406.35278 19.963 0.023 54406.353613 20.01 0.029 54406.35528 19.794 0.066 44.845125 -0.189568
54409.359303 20.566 0.057 54409.36097 20.114 0.021 54409.357636 19.935 0.022 54409.35847 19.995 0.025 54409.360136 19.757 0.07 44.845125 -0.189568
54412.380183 20.482 0.091 54412.38185 20.128 0.032 54412.378516 19.99 0.035 54412.37935 19.962 0.046 54412.381016 19.813 0.131 44.845125 -0.189568
