51081.397087 20.165 0.05 51081.398753 20.008 0.023 51081.39542 19.81 0.023 51081.396253 19.863 0.034 51081.39792 19.664 0.095 40.99128 -1.22515
51819.468215 20.32 0.072 51819.469881 20.132 0.027 51819.466548 19.807 0.026 51819.467381 19.859 0.036 51819.469048 19.731 0.112 40.99128 -1.22515
51875.212102 20.067 0.041 51875.213768 19.997 0.02 51875.210435 19.821 0.022 51875.211268 19.951 0.035 51875.212935 19.621 0.089 40.99128 -1.22515
52225.292916 20.306 0.051 52225.294582 20.069 0.02 52225.291249 19.972 0.023 52225.292082 20.052 0.033 52225.293749 19.815 0.086 40.99128 -1.22515
52288.127339 20.471 0.059 52288.129005 20.181 0.024 52288.125672 20.072 0.025 52288.126505 20.085 0.035 52288.128172 19.862 0.091 40.99128 -1.22515
52551.400627 20.431 0.057 52551.402293 20.253 0.026 52551.39896 20.055 0.026 52551.399793 20.129 0.038 52551.40146 19.858 0.096 40.99128 -1.22515
52558.433502 20.517 0.057 52558.435168 20.259 0.021 52558.431835 20.118 0.022 52558.432668 20.154 0.032 52558.434335 19.906 0.09 40.99128 -1.22515
52578.305109 20.49 0.059 52578.306775 20.278 0.023 52578.303442 20.113 0.024 52578.304275 20.148 0.035 52578.305942 19.794 0.088 40.99128 -1.22515
52585.26809 20.411 0.051 52585.269756 20.218 0.022 52585.266423 20.058 0.025 52585.267256 20.149 0.043 52585.268923 19.944 0.123 40.99128 -1.22515
52909.434724 20.287 0.05 52909.43639 20.099 0.02 52909.433057 19.947 0.02 52909.43389 20.011 0.029 52909.435557 19.873 0.085 40.99128 -1.22515
52910.404965 20.301 0.056 52910.406631 20.122 0.021 52910.403298 19.95 0.023 52910.404131 20.015 0.034 52910.405798 19.877 0.087 40.99128 -1.22515
52935.332135 20.307 0.059 52935.333801 20.094 0.023 52935.330468 19.948 0.026 52935.331301 20.095 0.043 52935.332968 19.861 0.118 40.99128 -1.22515
52963.255213 20.231 0.043 52963.256879 20.078 0.019 52963.253546 19.945 0.019 52963.254379 20.087 0.029 52963.256046 19.952 0.082 40.99128 -1.22515
52971.246128 -99.99 0.062 52971.247794 20.076 0.025 52971.244461 20.003 0.027 52971.245294 20.09 0.038 52971.246961 19.858 0.097 40.99128 -1.22515
53351.177516 20.354 0.058 53351.179182 20.099 0.024 53351.175849 19.932 0.022 53351.176682 20.005 0.036 53351.178349 19.754 0.107 40.99128 -1.22515
53622.434565 20.273 0.048 53622.436231 20.07 0.019 53622.432898 19.875 0.019 53622.433731 20.029 0.03 53622.435398 19.842 0.085 40.99128 -1.22515
53627.391664 20.187 0.047 53627.39333 20.053 0.02 53627.389997 19.853 0.019 53627.39083 19.922 0.029 53627.392497 19.697 0.072 40.99128 -1.22515
53634.384037 20.436 0.161 53634.385703 20.081 0.058 53634.38237 19.904 0.045 53634.383203 19.96 0.052 53634.38487 19.75 0.101 40.99128 -1.22515
53638.425375 20.227 0.09 53638.427041 20.057 0.023 53638.423708 19.898 0.022 53638.424541 19.995 0.031 53638.426208 19.817 0.091 40.99128 -1.22515
53640.38941 20.113 0.056 53640.391076 20.017 0.021 53640.387743 19.905 0.022 53640.388576 19.965 0.031 53640.390243 19.801 0.091 40.99128 -1.22515
53646.450819 -99.99 0.123 53646.452485 19.936 0.039 53646.449152 19.868 0.043 53646.449985 19.853 0.07 53646.451652 19.672 0.22 40.99128 -1.22515
53655.361584 20.068 0.047 53655.36325 19.938 0.022 53655.359917 19.809 0.023 53655.36075 19.874 0.032 53655.362417 19.962 0.104 40.99128 -1.22515
53664.38654 20.098 0.087 53664.388206 19.985 0.037 53664.384873 19.861 0.03 53664.385706 19.885 0.036 53664.387373 19.894 0.119 40.99128 -1.22515
53665.451171 20.204 0.113 53665.452837 20.038 0.037 53665.449504 19.868 0.03 53665.450337 19.92 0.039 53665.452004 19.844 0.135 40.99128 -1.22515
53668.439787 19.891 0.09 53668.441453 19.906 0.036 53668.43812 19.784 0.036 53668.438953 19.885 0.049 53668.44062 19.759 0.158 40.99128 -1.22515
53669.345784 20.071 0.065 53669.34745 20.109 0.04 53669.344117 19.812 0.031 53669.34495 -99.99 0.049 53669.346617 -99.99 0.28 40.99128 -1.22515
53670.44576 20.044 0.079 53670.447426 19.998 0.026 53670.444093 19.817 0.028 53670.444926 19.841 0.036 53670.446593 19.751 0.106 40.99128 -1.22515
53671.430537 20.059 0.066 53671.432203 19.934 0.023 53671.42887 19.856 0.024 53671.429703 19.896 0.033 53671.43137 19.688 0.09 40.99128 -1.22515
53674.330021 20.151 0.058 53674.331687 19.975 0.022 53674.328354 19.793 0.021 53674.329187 19.958 0.039 53674.330854 19.91 0.125 40.99128 -1.22515
53676.41948 20.04 0.06 53676.421146 19.996 0.027 53676.417813 19.848 0.023 53676.418646 19.9 0.031 53676.420313 19.903 0.118 40.99128 -1.22515
53679.391381 20.03 0.06 53679.393047 19.987 0.024 53679.389714 19.777 0.026 53679.390547 19.83 0.041 53679.392214 19.656 0.127 40.99128 -1.22515
53681.382894 20.181 0.055 53681.38456 20.013 0.02 53681.381227 19.878 0.019 53681.38206 19.915 0.027 53681.383727 19.758 0.078 40.99128 -1.22515
53684.344391 20.071 0.072 53684.346057 19.948 0.029 53684.342724 19.893 0.038 53684.343557 19.968 0.051 53684.345224 19.642 0.125 40.99128 -1.22515
53687.285704 20.261 0.201 53687.28737 20.023 0.077 53687.284037 19.813 0.05 53687.28487 19.887 0.059 53687.286537 19.568 0.12 40.99128 -1.22515
53694.355846 20.31 0.152 53694.357512 19.957 0.043 53694.354179 19.73 0.033 53694.355012 19.877 0.046 53694.356679 19.451 0.093 40.99128 -1.22515
53697.339919 20.038 0.063 53697.341585 20.01 0.026 53697.338252 19.815 0.022 53697.339085 19.903 0.031 53697.340752 19.793 0.095 40.99128 -1.22515
53700.338876 20.107 0.059 53700.340542 19.933 0.02 53700.337209 19.825 0.024 53700.338042 19.912 0.04 53700.339709 19.785 0.122 40.99128 -1.22515
53705.325546 20.112 0.06 53705.327212 19.963 0.023 53705.323879 19.837 0.024 53705.324712 19.882 0.037 53705.326379 19.685 0.11 40.99128 -1.22515
53975.410574 20.433 0.067 53975.412241 -99.99 0.026 53975.408907 20.017 0.027 53975.409741 20.06 0.033 53975.411407 19.963 0.097 40.99128 -1.22515
53994.433576 20.606 0.081 53994.435243 20.21 0.027 53994.431909 20.046 0.022 53994.432743 20.107 0.032 53994.434409 19.833 0.091 40.99128 -1.22515
53996.417348 20.534 0.056 53996.419015 20.227 0.026 53996.415682 20.018 0.021 53996.416515 20.058 0.029 53996.418182 19.761 0.077 40.99128 -1.22515
54005.430445 20.441 0.053 54005.432112 20.225 0.027 54005.428779 20.024 0.021 54005.429612 20.142 0.028 54005.431279 20.135 0.098 40.99128 -1.22515
54009.444268 -99.99 0.056 54009.445935 20.191 0.023 54009.442601 20.074 0.022 54009.443435 20.157 0.028 54009.445101 20.048 0.086 40.99128 -1.22515
54010.37139 20.518 0.047 54010.373057 20.221 0.023 54010.369724 20.025 0.021 54010.370557 20.099 0.026 54010.372224 20.032 0.069 40.99128 -1.22515
54012.364278 20.463 0.098 54012.365944 20.21 0.033 54012.362611 20.022 0.028 54012.363444 20.097 0.035 54012.365111 19.935 0.096 40.99128 -1.22515
54020.402302 20.443 0.096 54020.403969 20.138 0.041 54020.400636 19.997 0.03 54020.401469 20.076 0.039 54020.403136 19.992 0.121 40.99128 -1.22515
54024.451816 -99.99 0.082 54024.453483 20.072 0.03 54024.450149 19.953 0.027 54024.450983 20.038 0.036 54024.452649 19.789 0.103 40.99128 -1.22515
54028.440121 20.295 0.06 54028.441787 20.11 0.026 54028.438454 19.962 0.026 54028.439287 20.064 0.038 54028.440954 19.801 0.097 40.99128 -1.22515
54030.395538 20.222 0.048 54030.397205 20.09 0.019 54030.393871 19.962 0.023 54030.394705 20.06 0.039 54030.396371 19.733 0.081 40.99128 -1.22515
54035.439513 20.229 0.078 54035.44118 20.005 0.038 54035.437846 19.865 0.027 54035.43868 19.981 0.042 54035.440346 19.697 0.103 40.99128 -1.22515
54037.345042 20.198 0.053 54037.346708 20.141 0.03 54037.343375 19.935 0.022 54037.344208 20.041 0.027 54037.345875 19.996 0.07 40.99128 -1.22515
54040.359546 20.231 0.047 54040.361213 20.028 0.029 54040.35788 19.928 0.023 54040.358713 19.967 0.029 54040.36038 19.703 0.082 40.99128 -1.22515
54041.395027 -99.99 0.083 54041.396693 20.086 0.041 54041.39336 19.897 0.032 54041.394193 20.026 0.039 54041.39586 19.827 0.09 40.99128 -1.22515
54049.38601 20.329 0.133 54049.387677 20.063 0.042 54049.384344 19.861 0.03 54049.385177 19.994 0.045 54049.386844 19.696 0.103 40.99128 -1.22515
54053.365607 20.211 0.059 54053.367274 20.054 0.027 54053.363941 19.888 0.024 54053.364774 19.934 0.035 54053.366441 -99.99 0.122 40.99128 -1.22515
54056.351954 20.118 0.061 54056.353621 20.026 0.027 54056.350288 19.935 0.024 54056.351121 20.023 0.034 54056.352788 19.636 0.086 40.99128 -1.22515
54059.346244 20.384 0.067 54059.34791 20.071 0.025 54059.344577 19.911 0.028 54059.34541 19.909 0.038 54059.347077 20.019 0.148 40.99128 -1.22515
54061.357338 20.201 0.099 54061.359005 20.06 0.033 54061.355672 19.961 0.041 54061.356505 19.98 0.054 54061.358172 19.753 0.144 40.99128 -1.22515
54062.351164 20.247 0.058 54062.352831 20.094 0.025 54062.349497 19.892 0.02 54062.350331 20.062 0.033 54062.351997 20.032 0.112 40.99128 -1.22515
54064.347619 20.261 0.058 54064.349286 20.106 0.026 54064.345952 19.931 0.021 54064.346786 20.005 0.031 54064.348452 20.003 0.107 40.99128 -1.22515
54068.331773 20.454 0.133 54068.33344 20.079 0.036 54068.330107 -99.99 0.102 54068.33094 19.904 0.055 54068.332607 19.864 0.148 40.99128 -1.22515
54357.389427 20.323 0.045 54357.391094 20.072 0.027 54357.387761 19.876 0.02 54357.388594 19.982 0.025 54357.390261 19.819 0.066 40.99128 -1.22515
54362.439246 20.231 0.041 54362.440912 20.05 0.021 54362.437579 19.91 0.021 54362.438412 19.982 0.025 54362.440079 19.564 0.064 40.99128 -1.22515
54376.434436 20.145 0.059 54376.436103 20.094 0.028 54376.43277 19.916 0.02 54376.433603 20.001 0.03 54376.43527 19.844 0.085 40.99128 -1.22515
54382.419493 20.093 0.049 54382.42116 20.01 0.033 54382.417827 19.831 0.024 54382.41866 19.925 0.04 54382.420327 19.755 0.096 40.99128 -1.22515
54385.437264 20.227 0.051 54385.438931 20.044 0.025 54385.435598 19.897 0.02 54385.436431 19.985 0.029 54385.438098 19.706 0.069 40.99128 -1.22515
54387.437776 -99.99 0.106 54387.439443 -99.99 0.03 54387.43611 19.853 0.035 54387.436943 19.919 0.045 54387.43861 19.708 0.114 40.99128 -1.22515
54390.430206 20.162 0.11 54390.431873 -99.99 0.029 54390.42854 19.834 0.037 54390.429373 19.796 0.054 54390.43104 -99.99 0.246 40.99128 -1.22515
