51081.398049 21.096 0.117 51081.399715 21.038 0.041 51081.396382 20.604 0.04 51081.397215 20.203 0.042 51081.398882 19.848 0.104 41.314229 0.907701
51819.469127 21.04 0.15 51819.470793 20.774 0.04 51819.46746 20.37 0.042 51819.468293 19.996 0.045 51819.46996 19.591 0.103 41.314229 0.907701
51875.212975 21.227 0.116 51875.214641 20.897 0.034 51875.211308 20.628 0.04 51875.212141 20.205 0.042 51875.213808 19.781 0.105 41.314229 0.907701
52225.293812 20.94 0.086 52225.295478 20.892 0.03 52225.292145 20.46 0.031 52225.292978 20.131 0.034 52225.294645 19.619 0.076 41.314229 0.907701
52288.128236 21.074 0.104 52288.129902 20.752 0.032 52288.126569 20.466 0.035 52288.127402 20.05 0.036 52288.129069 19.615 0.076 41.314229 0.907701
52551.401523 21.02 0.102 52551.403189 20.977 0.037 52551.399856 20.453 0.033 52551.400689 20.082 0.036 52551.402356 19.583 0.085 41.314229 0.907701
52558.434396 21.371 0.12 52558.436062 20.946 0.03 52558.432729 20.576 0.032 52558.433562 20.185 0.035 52558.435229 19.661 0.078 41.314229 0.907701
52578.306005 21.265 0.12 52578.307671 20.887 0.031 52578.304338 20.588 0.035 52578.305171 20.19 0.037 52578.306838 19.723 0.084 41.314229 0.907701
52585.268985 21.264 0.105 52585.270651 21.005 0.03 52585.267318 20.554 0.034 52585.268151 20.199 0.041 52585.269818 19.654 0.095 41.314229 0.907701
52909.435618 21.13 0.103 52909.437284 20.852 0.03 52909.433951 20.539 0.032 52909.434784 20.085 0.034 52909.436451 19.689 0.082 41.314229 0.907701
52910.405862 21.069 0.112 52910.407528 20.907 0.034 52910.404195 20.502 0.034 52910.405028 20.139 0.036 52910.406695 19.679 0.077 41.314229 0.907701
52935.333031 21.026 0.107 52935.334697 20.913 0.037 52935.331364 20.481 0.039 52935.332197 20.105 0.045 52935.333864 19.793 0.115 41.314229 0.907701
52963.256108 21.02 0.081 52963.257774 20.857 0.028 52963.254441 20.564 0.029 52963.255274 20.142 0.032 52963.256941 19.617 0.074 41.314229 0.907701
52971.247024 21.122 0.14 52971.24869 20.967 0.048 52971.245357 20.512 0.041 52971.24619 20.179 0.046 52971.247857 19.706 0.101 41.314229 0.907701
53351.178413 20.908 0.101 53351.180079 20.625 0.028 53351.176746 20.415 0.033 53351.177579 19.968 0.038 53351.179246 19.564 0.106 41.314229 0.907701
53622.435463 21.047 0.096 53622.437129 20.831 0.03 53622.433796 20.475 0.03 53622.434629 20.082 0.034 53622.436296 19.672 0.077 41.314229 0.907701
53627.392562 20.909 0.09 53627.394228 20.86 0.03 53627.390895 20.472 0.031 53627.391728 20.144 0.035 53627.393395 19.698 0.073 41.314229 0.907701
53634.384935 21.157 0.342 53634.386601 20.795 0.092 53634.383268 20.459 0.068 53634.384101 20.003 0.055 53634.385768 19.71 0.112 41.314229 0.907701
53638.42627 20.808 0.102 53638.427936 20.83 0.037 53638.424603 20.519 0.035 53638.425436 20.019 0.034 53638.427103 19.539 0.073 41.314229 0.907701
53640.390307 20.984 0.117 53640.391973 20.825 0.039 53640.38864 20.414 0.031 53640.389473 20.052 0.037 53640.39114 19.653 0.081 41.314229 0.907701
53646.451714 20.84 0.273 53646.45338 20.823 0.059 53646.450047 20.341 0.083 53646.45088 20.039 0.092 53646.452547 19.297 0.156 41.314229 0.907701
53655.362481 21.003 0.099 53655.364147 20.864 0.028 53655.360814 20.434 0.031 53655.361647 20.06 0.034 53655.363314 19.641 0.077 41.314229 0.907701
53657.270461 -99.99 0.551 53657.272127 20.681 0.158 53657.268794 20.255 0.121 53657.269627 -99.99 0.092 53657.271294 -99.99 0.303 41.314229 0.907701
53663.452133 21.21 0.373 53663.453799 20.747 0.095 53663.450466 20.545 0.07 53663.451299 20.092 0.053 53663.452966 19.713 0.101 41.314229 0.907701
53664.387436 21.608 0.332 53664.389102 20.823 0.072 53664.385769 20.504 0.051 53664.386602 20.129 0.047 53664.388269 19.827 0.112 41.314229 0.907701
53665.452065 20.707 0.186 53665.453731 20.793 0.066 53665.450398 20.479 0.053 53665.451231 20.081 0.051 53665.452898 19.432 0.094 41.314229 0.907701
53668.440682 20.902 0.254 53668.442348 20.836 0.071 53668.439015 20.377 0.057 53668.439848 19.882 0.052 53668.441515 19.787 0.163 41.314229 0.907701
53669.346682 -99.99 0.818 53669.348348 20.925 0.061 53669.345015 20.533 0.057 53669.345848 20.115 0.047 53669.347515 19.592 0.124 41.314229 0.907701
53670.446654 21.135 0.209 53670.44832 20.779 0.044 53670.444987 20.373 0.045 53670.44582 19.91 0.042 53670.447487 19.561 0.098 41.314229 0.907701
53671.43143 20.837 0.122 53671.433096 20.926 0.039 53671.429763 20.477 0.039 53671.430596 20.081 0.04 53671.432263 19.704 0.092 41.314229 0.907701
53674.330918 20.755 0.104 53674.332584 20.847 0.034 53674.329251 20.535 0.042 53674.330084 20.079 0.043 53674.331751 19.664 0.106 41.314229 0.907701
53676.420373 20.851 0.13 53676.422039 20.785 0.042 53676.418706 20.428 0.036 53676.419539 20.021 0.04 53676.421206 19.493 0.102 41.314229 0.907701
53679.392276 20.936 0.142 53679.393942 20.909 0.039 53679.390609 20.498 0.05 53679.391442 20.033 0.051 53679.393109 19.775 0.131 41.314229 0.907701
53681.383789 21.08 0.122 53681.385455 20.85 0.03 53681.382122 20.495 0.033 53681.382955 20.061 0.032 53681.384622 19.501 0.064 41.314229 0.907701
53684.345286 -99.99 0.202 53684.346952 20.941 0.05 53684.343619 20.489 0.058 53684.344452 20.097 0.064 53684.346119 19.572 0.132 41.314229 0.907701
53694.356739 22.321 1.054 53694.358405 -99.99 0.08 53694.355072 20.531 0.066 53694.355905 20.079 0.052 53694.357572 19.543 0.096 41.314229 0.907701
53697.340815 21.138 0.166 53697.342481 20.866 0.046 53697.339148 20.462 0.038 53697.339981 20.123 0.041 53697.341648 19.614 0.081 41.314229 0.907701
53700.339771 21.073 0.149 53700.341437 20.793 0.035 53700.338104 20.406 0.04 53700.338937 20.097 0.05 53700.340604 19.493 0.097 41.314229 0.907701
53705.326442 20.964 0.141 53705.328108 20.873 0.038 53705.324775 20.461 0.038 53705.325608 20.103 0.04 53705.327275 19.694 0.097 41.314229 0.907701
53975.411446 20.79 0.09 53975.413113 20.773 0.026 53975.409779 20.358 0.03 53975.410613 20.066 0.034 53975.412279 19.612 0.071 41.314229 0.907701
53994.434447 20.885 0.1 53994.436114 -99.99 0.034 53994.43278 20.364 0.029 53994.433614 19.934 0.031 53994.43528 19.688 0.077 41.314229 0.907701
53996.418282 20.937 0.088 53996.419949 20.7 0.03 53996.416615 20.353 0.027 53996.417449 19.971 0.03 53996.419115 19.651 0.063 41.314229 0.907701
54005.431356 20.849 0.078 54005.433023 20.71 0.026 54005.42969 20.343 0.025 54005.430523 19.939 0.03 54005.43219 19.433 0.063 41.314229 0.907701
54009.445197 21.096 0.092 54009.446864 20.673 0.025 54009.443531 20.379 0.026 54009.444364 19.929 0.027 54009.446031 19.548 0.087 41.314229 0.907701
54010.372291 20.761 0.063 54010.373958 20.699 0.026 54010.370624 20.31 0.022 54010.371458 19.935 0.025 54010.373124 19.469 0.051 41.314229 0.907701
54012.365146 20.85 0.123 54012.366812 20.708 0.045 54012.363479 20.408 0.042 54012.364312 20.016 0.039 54012.365979 19.496 0.069 41.314229 0.907701
54020.403246 20.659 0.139 54020.404913 20.733 0.054 54020.401579 20.334 0.039 54020.402413 19.941 0.038 54020.404079 19.557 0.089 41.314229 0.907701
54024.452765 21.028 0.161 54024.454432 20.724 0.044 54024.451099 20.36 0.037 54024.451932 20.005 0.038 54024.453599 19.493 0.081 41.314229 0.907701
54028.44099 20.72 0.095 54028.442657 20.724 0.034 54028.439323 20.347 0.035 54028.440157 20.041 0.042 54028.441823 19.665 0.091 41.314229 0.907701
54030.396469 20.851 0.082 54030.398136 20.668 0.026 54030.394803 20.374 0.033 54030.395636 19.937 0.032 54030.397303 19.59 0.072 41.314229 0.907701
54035.440451 20.701 0.115 54035.442118 20.778 0.044 54035.438785 20.429 0.043 54035.439618 19.973 0.043 54035.441285 19.567 0.103 41.314229 0.907701
54037.345968 20.976 0.08 54037.347634 20.747 0.028 54037.344301 20.378 0.025 54037.345134 19.962 0.026 54037.346801 19.57 0.054 41.314229 0.907701
54040.360415 20.808 0.092 54040.362082 20.745 0.036 54040.358749 20.363 0.035 54040.359582 19.958 0.037 54040.361249 19.586 0.076 41.314229 0.907701
54041.395931 21 0.151 54041.397598 20.775 0.052 54041.394264 20.509 0.057 54041.395098 19.971 0.044 54041.396764 19.472 0.065 41.314229 0.907701
54047.390993 -99.99 0.673 54047.392659 20.511 0.14 54047.389326 20.316 0.101 54047.390159 20.016 0.081 54047.391826 19.399 0.122 41.314229 0.907701
54049.386841 21.161 0.265 54049.388508 20.647 0.059 54049.385175 20.324 0.048 54049.386008 20.045 0.049 54049.387675 19.547 0.094 41.314229 0.907701
54053.366554 21.053 0.119 54053.36822 20.779 0.038 54053.364887 20.365 0.033 54053.36572 -99.99 0.04 54053.367387 -99.99 0.112 41.314229 0.907701
54056.352839 20.921 0.114 54056.354506 20.701 0.036 54056.351173 20.394 0.036 54056.352006 20.002 0.04 54056.353673 19.474 0.083 41.314229 0.907701
54059.347135 20.896 0.126 54059.348801 20.769 0.036 54059.345468 20.308 0.04 54059.346301 19.979 0.046 54059.347968 19.51 0.089 41.314229 0.907701
54062.35202 20.971 0.106 54062.353686 20.754 0.027 54062.350353 20.328 0.031 54062.351186 19.973 0.035 54062.352853 19.565 0.083 41.314229 0.907701
54064.348454 21.081 0.128 54064.350121 20.72 0.03 54064.346787 20.342 0.033 54064.347621 19.959 0.034 54064.349287 19.628 0.074 41.314229 0.907701
54357.390391 20.803 0.072 54357.392057 20.782 0.033 54357.388724 20.492 0.03 54357.389557 19.962 0.034 54357.391224 19.556 0.07 41.314229 0.907701
54362.440147 20.966 0.078 54362.441814 20.721 0.028 54362.438481 20.344 0.025 54362.439314 19.982 0.03 54362.440981 19.55 0.06 41.314229 0.907701
54376.435231 21.031 0.117 54376.436898 20.76 0.035 54376.433565 20.361 0.03 54376.434398 19.97 0.032 54376.436065 19.505 0.064 41.314229 0.907701
54385.438154 20.891 0.092 54385.439821 20.759 0.031 54385.436487 20.403 0.027 54385.437321 19.956 0.027 54385.438987 19.663 0.066 41.314229 0.907701
54387.438711 21.038 0.176 54387.440378 20.747 0.04 54387.437045 20.349 0.04 54387.437878 19.986 0.045 54387.439545 -99.99 0.1 41.314229 0.907701
54390.431107 -99.99 1 54390.432774 -99.99 0.62 54390.42944 20.446 0.062 54390.430274 20.248 0.111 54390.43194 -99.99 0.122 41.314229 0.907701
54391.439478 -99.99 1.6 54391.441145 20.714 0.053 54391.437811 20.244 0.063 54391.438645 20.013 0.064 54391.440311 -99.99 0.156 41.314229 0.907701
54402.431888 20.511 0.202 54402.433554 20.873 0.106 54402.430221 20.457 0.068 54402.431054 19.938 0.046 54402.432721 19.589 0.089 41.314229 0.907701
