51081.398215 20.115 0.055 51081.399881 20.076 0.021 51081.396548 20.144 0.028 51081.397381 19.928 0.036 51081.399048 19.825 0.11 41.39201 0.977533
51819.469328 20.535 0.097 51819.470994 20.5 0.03 51819.467661 20.5 0.043 51819.468494 20.286 0.052 51819.470161 20.237 0.164 41.39201 0.977533
51875.213165 20.556 0.07 51875.214831 20.618 0.029 51875.211498 20.612 0.04 51875.212331 20.278 0.048 51875.213998 20.259 0.165 41.39201 0.977533
52225.294027 20.581 0.067 52225.295693 20.704 0.028 52225.29236 20.637 0.036 52225.293193 20.24 0.037 52225.29486 20.328 0.139 41.39201 0.977533
52288.128452 -99.99 0.071 52288.130118 20.682 0.029 52288.126785 20.663 0.039 52288.127618 20.321 0.043 52288.129285 20.331 0.14 41.39201 0.977533
52551.401739 20.772 0.083 52551.403405 20.777 0.03 52551.400072 20.747 0.04 52551.400905 20.41 0.046 52551.402572 20.463 0.182 41.39201 0.977533
52558.434612 20.826 0.077 52558.436278 20.876 0.028 52558.432945 20.84 0.042 52558.433778 20.409 0.042 52558.435445 20.289 0.135 41.39201 0.977533
52578.30622 20.861 0.086 52578.307886 20.871 0.029 52578.304553 20.775 0.04 52578.305386 20.438 0.046 52578.307053 20.322 0.149 41.39201 0.977533
52585.2692 20.727 0.073 52585.270866 20.789 0.028 52585.267533 20.729 0.042 52585.268366 20.405 0.054 52585.270033 20.149 0.16 41.39201 0.977533
52909.435833 20.612 0.069 52909.437499 20.639 0.027 52909.434166 20.666 0.035 52909.434999 20.37 0.043 52909.436666 20.32 0.142 41.39201 0.977533
52910.406077 20.574 0.074 52910.407743 20.62 0.027 52910.40441 20.674 0.039 52910.405243 20.383 0.044 52910.40691 20.243 0.126 41.39201 0.977533
52935.333246 20.773 0.091 52935.334912 20.632 0.029 52935.331579 20.645 0.044 52935.332412 20.33 0.055 52935.334079 20.223 0.174 41.39201 0.977533
52963.256324 20.572 0.059 52963.25799 20.569 0.025 52963.254657 20.594 0.033 52963.25549 20.278 0.039 52963.257157 20.616 0.187 41.39201 0.977533
52971.247239 20.712 0.1 52971.248905 20.62 0.037 52971.245572 20.592 0.042 52971.246405 20.439 0.055 52971.248072 20.332 0.183 41.39201 0.977533
53351.178628 20.961 0.102 53351.180294 20.914 0.033 53351.176961 20.913 0.048 53351.177794 20.489 0.056 53351.179461 20.581 0.258 41.39201 0.977533
53622.435678 21.199 0.11 53622.437344 20.915 0.031 53622.434011 20.904 0.039 53622.434844 20.61 0.051 53622.436511 20.395 0.146 41.39201 0.977533
53627.392777 21.018 0.099 53627.394443 20.889 0.031 53627.39111 20.831 0.041 53627.391943 20.544 0.05 53627.39361 20.343 0.131 41.39201 0.977533
53638.426486 20.822 0.112 53638.428152 20.751 0.039 53638.424819 20.721 0.046 53638.425652 20.433 0.053 53638.427319 20.405 0.174 41.39201 0.977533
53640.390522 20.724 0.102 53640.392188 20.795 0.039 53640.388855 20.747 0.044 53640.389688 20.452 0.056 53640.391355 20.193 0.146 41.39201 0.977533
53643.432983 20.761 0.12 53643.434649 20.764 0.035 53643.431316 20.694 0.053 53643.432149 20.29 0.059 53643.433816 20.675 0.246 41.39201 0.977533
53646.45193 21.024 0.298 53646.453596 20.788 0.055 53646.450263 20.639 0.109 53646.451096 20.479 0.126 53646.452763 21.014 0.577 41.39201 0.977533
53655.362696 20.753 0.082 53655.364362 20.766 0.027 53655.361029 20.786 0.042 53655.361862 20.555 0.052 53655.363529 20.287 0.14 41.39201 0.977533
53663.452348 20.603 0.244 53663.454014 20.807 0.109 53663.450681 20.525 0.077 53663.451514 20.525 0.085 53663.453181 20.201 0.178 41.39201 0.977533
53664.387651 20.711 0.176 53664.389317 20.571 0.072 53664.385984 20.557 0.066 53664.386817 20.355 0.071 53664.388484 20.129 0.184 41.39201 0.977533
53665.45228 20.899 0.213 53665.453946 20.84 0.067 53665.450613 20.866 0.074 53665.451446 20.434 0.068 53665.453113 20.446 0.229 41.39201 0.977533
53668.440898 20.623 0.194 53668.442564 20.687 0.061 53668.439231 20.668 0.072 53668.440064 20.471 0.087 53668.441731 20.61 0.329 41.39201 0.977533
53670.44687 20.904 0.162 53670.448536 20.773 0.04 53670.445203 20.669 0.054 53670.446036 20.428 0.061 53670.447703 20.234 0.162 41.39201 0.977533
53671.431645 20.439 0.096 53671.433311 20.781 0.037 53671.429978 20.644 0.048 53671.430811 20.311 0.053 53671.432478 20.411 0.188 41.39201 0.977533
53674.331134 20.777 0.113 53674.3328 20.649 0.032 53674.329467 20.65 0.048 53674.3303 20.32 0.058 53674.331967 20.581 0.26 41.39201 0.977533
53676.420588 20.772 0.129 53676.422254 20.81 0.041 53676.418921 20.707 0.046 53676.419754 20.478 0.064 53676.421421 20.058 0.172 41.39201 0.977533
53679.392491 20.787 0.125 53679.394157 20.714 0.034 53679.390824 20.696 0.062 53679.391657 20.383 0.073 53679.393324 20.613 0.296 41.39201 0.977533
53681.384004 20.809 0.098 53681.38567 20.768 0.029 53681.382337 20.678 0.039 53681.38317 20.4 0.042 53681.384837 20.518 0.149 41.39201 0.977533
53684.345501 20.633 0.135 53684.347167 20.63 0.042 53684.343834 20.645 0.071 53684.344667 20.438 0.094 53684.346334 20.308 0.289 41.39201 0.977533
53687.286817 20.766 0.31 53687.288483 20.63 0.093 53687.28515 20.804 0.124 53687.285983 20.437 0.103 53687.28765 -99.99 0.323 41.39201 0.977533
53697.34103 20.616 0.108 53697.342696 20.77 0.044 53697.339363 20.649 0.046 53697.340196 20.405 0.053 53697.341863 20.359 0.164 41.39201 0.977533
53700.339987 20.741 0.112 53700.341653 20.66 0.03 53700.33832 20.738 0.052 53700.339153 20.319 0.058 53700.34082 20.482 0.219 41.39201 0.977533
53705.326657 20.704 0.111 53705.328323 20.74 0.033 53705.32499 20.773 0.048 53705.325823 20.424 0.057 53705.32749 20.127 0.145 41.39201 0.977533
53975.411661 20.818 0.097 53975.413328 20.755 0.028 53975.409995 20.802 0.041 53975.410828 20.456 0.047 53975.412495 20.476 0.17 41.39201 0.977533
53994.434663 20.962 0.105 53994.436329 -99.99 0.037 53994.432996 20.782 0.039 53994.433829 20.462 0.051 53994.435496 20.438 0.15 41.39201 0.977533
53996.418391 21.015 0.092 53996.420057 20.867 0.03 53996.416724 20.739 0.035 53996.417557 20.414 0.044 53996.419224 20.243 0.136 41.39201 0.977533
54005.431565 20.85 0.08 54005.433232 20.924 0.032 54005.429898 20.837 0.037 54005.430732 20.395 0.044 54005.432398 20.609 0.184 41.39201 0.977533
54009.445372 20.892 0.077 54009.447039 20.915 0.033 54009.443705 20.831 0.038 54009.444539 20.421 0.042 54009.446205 20.197 0.108 41.39201 0.977533
54010.372516 21.014 0.074 54010.374183 20.857 0.027 54010.370849 20.843 0.031 54010.371683 20.4 0.035 54010.373349 -99.99 0.118 41.39201 0.977533
54012.365377 20.595 0.093 54012.367044 20.822 0.053 54012.363711 20.8 0.06 54012.364544 -99.99 0.057 54012.366211 20.133 0.129 41.39201 0.977533
54020.403461 20.638 0.135 54020.405128 20.85 0.06 54020.401795 20.806 0.058 54020.402628 20.459 0.061 54020.404295 21.037 0.344 41.39201 0.977533
54024.452981 20.814 0.135 54024.454648 20.849 0.048 54024.451314 20.68 0.048 54024.452148 20.403 0.055 54024.453814 20.263 0.163 41.39201 0.977533
54028.441214 20.848 0.101 54028.44288 20.849 0.035 54028.439547 20.824 0.051 54028.44038 20.434 0.059 54028.442047 21.296 0.424 41.39201 0.977533
54030.396641 20.971 0.089 54030.398308 20.833 0.028 54030.394974 20.798 0.044 54030.395808 20.445 0.05 54030.397474 20.182 0.129 41.39201 0.977533
54035.440641 20.992 0.154 54035.442308 20.821 0.042 54035.438974 20.701 0.055 54035.439808 20.434 0.062 54035.441474 20.588 0.248 41.39201 0.977533
54037.346138 20.764 0.069 54037.347805 20.831 0.031 54037.344472 20.727 0.035 54037.345305 20.448 0.039 54037.346972 20.477 0.123 41.39201 0.977533
54040.360631 20.79 0.094 54040.362297 20.911 0.04 54040.358964 20.799 0.052 54040.359797 20.384 0.054 54040.361464 20.979 0.272 41.39201 0.977533
54041.396146 20.657 0.108 54041.397813 20.858 0.056 54041.39448 20.729 0.069 54041.395313 20.64 0.08 54041.39698 20.585 0.179 41.39201 0.977533
54047.391195 20.635 0.383 54047.392862 20.869 0.179 54047.389528 20.659 0.131 54047.390362 20.377 0.115 54047.392028 20.623 0.417 41.39201 0.977533
54049.387078 20.504 0.145 54049.388744 20.879 0.071 54049.385411 20.625 0.064 54049.386244 20.333 0.065 54049.387911 20.086 0.155 41.39201 0.977533
54053.366743 20.931 0.11 54053.36841 20.778 0.035 54053.365077 20.766 0.048 54053.36591 -99.99 0.063 54053.367577 -99.99 0.155 41.39201 0.977533
54056.353054 20.818 0.105 54056.35472 -99.99 0.031 54056.351387 20.734 0.048 54056.35222 20.421 0.057 54056.353887 20.316 0.172 41.39201 0.977533
54059.34734 20.952 0.122 54059.349007 20.75 0.036 54059.345674 20.819 0.059 54059.346507 20.411 0.066 54059.348174 20.495 0.221 41.39201 0.977533
54061.358434 20.678 0.165 54061.360101 -99.99 0.058 54061.356768 20.794 0.071 54061.357601 20.471 0.081 54061.359268 20.174 0.216 41.39201 0.977533
54062.352227 -99.99 0.097 54062.353894 20.854 0.031 54062.350561 20.742 0.042 54062.351394 20.348 0.048 54062.353061 20.214 0.134 41.39201 0.977533
54064.34869 20.832 0.104 54064.350356 20.841 0.033 54064.347023 20.771 0.045 54064.347856 20.341 0.047 54064.349523 20.222 0.137 41.39201 0.977533
54068.332806 -99.99 0.168 54068.334472 20.769 0.052 54068.331139 20.7 0.086 54068.331972 -99.99 0.121 54068.333639 20.758 0.522 41.39201 0.977533
54357.390543 20.531 0.061 54357.392209 20.45 0.025 54357.388876 20.388 0.027 54357.389709 20.276 0.034 54357.391376 20.258 0.106 41.39201 0.977533
54362.440363 20.499 0.055 54362.44203 20.448 0.026 54362.438696 20.506 0.028 54362.43953 20.152 0.034 54362.441196 19.891 0.084 41.39201 0.977533
54376.435447 20.49 0.075 54376.437113 20.458 0.029 54376.43378 20.508 0.034 54376.434613 20.315 0.042 54376.43628 20.307 0.132 41.39201 0.977533
54382.420559 20.431 0.08 54382.422226 20.422 0.028 54382.418892 20.481 0.045 54382.419726 20.175 0.044 54382.421392 20.112 0.146 41.39201 0.977533
54385.438388 20.664 0.079 54385.440054 20.44 0.026 54385.436721 20.436 0.029 54385.437554 20.146 0.032 54385.439221 20.341 0.12 41.39201 0.977533
54387.438876 20.589 0.123 54387.440543 -99.99 0.033 54387.437209 20.471 0.045 54387.438043 20.268 0.06 54387.439709 19.992 0.175 41.39201 0.977533
54390.431322 -99.99 0.144 54390.432989 -99.99 99.999 54390.429656 20.391 0.058 54390.430489 20.359 0.171 54390.432156 -99.99 0.574 41.39201 0.977533
54391.439746 20.542 0.181 54391.441412 20.38 0.039 54391.438079 20.574 0.076 54391.438912 20.17 0.082 54391.440579 20.28 0.297 41.39201 0.977533
54402.432103 20.279 0.166 54402.43377 20.43 0.075 54402.430436 20.376 0.066 54402.43127 20.29 0.064 54402.432936 20.321 0.179 41.39201 0.977533
