51075.423951 20.59 0.065 51075.425617 19.38 0.012 51075.422284 19.16 0.012 51075.423117 19.053 0.016 51075.424784 18.881 0.064 44.79936 0.303563
51818.393602 20.812 0.078 51818.395268 19.543 0.013 51818.391935 19.325 0.013 51818.392768 19.179 0.015 51818.394435 19.181 0.06 44.79936 0.303563
52171.381753 21.202 0.111 52171.383419 19.721 0.014 52171.380086 19.463 0.015 52171.380919 19.266 0.016 52171.382586 19.115 0.057 44.79936 0.303563
52173.357987 21.207 0.129 52173.359653 19.683 0.015 52173.35632 19.429 0.016 52173.357153 19.255 0.02 52173.35882 19.268 0.091 44.79936 0.303563
52224.338099 21.12 0.096 52224.339765 19.683 0.013 52224.336432 19.441 0.014 52224.337265 19.262 0.016 52224.338932 19.278 0.061 44.79936 0.303563
52234.294618 21.371 0.157 52234.296284 19.713 0.015 52234.292951 19.453 0.016 52234.293784 19.25 0.016 52234.295451 -99.99 0.064 44.79936 0.303563
52261.257973 21.222 0.114 52261.259639 19.68 0.014 52261.256306 19.465 0.015 52261.257139 19.321 0.016 52261.258806 19.252 0.063 44.79936 0.303563
52283.125346 20.822 0.105 52283.127012 19.609 0.015 52283.123679 19.431 0.018 52283.124512 19.251 0.021 52283.126179 18.985 0.074 44.79936 0.303563
52287.138469 21.121 0.11 52287.140135 19.649 0.015 52287.136802 19.403 0.015 52287.137635 19.238 0.017 52287.139302 19.201 0.067 44.79936 0.303563
52552.457163 20.743 0.074 52552.458829 19.435 0.011 52552.455496 19.267 0.013 52552.456329 19.17 0.016 52552.457996 19.066 0.056 44.79936 0.303563
52557.431521 20.666 0.08 52557.433187 19.43 0.012 52557.429854 19.26 0.013 52557.430687 19.151 0.017 52557.432354 19.068 0.067 44.79936 0.303563
52585.332851 20.552 0.057 52585.334517 19.407 0.011 52585.331184 19.223 0.012 52585.332017 19.14 0.015 52585.333684 19.089 0.051 44.79936 0.303563
52908.40609 20.9 0.089 52908.407756 19.474 0.012 52908.404423 19.254 0.013 52908.405256 19.161 0.016 52908.406923 19.119 0.061 44.79936 0.303563
52912.385528 20.615 0.075 52912.387194 19.469 0.013 52912.383861 19.27 0.013 52912.384694 19.153 0.015 52912.386361 19.07 0.056 44.79936 0.303563
52934.337996 20.654 0.073 52934.339662 19.491 0.012 52934.336329 19.286 0.014 52934.337162 19.181 0.016 52934.338829 19.143 0.064 44.79936 0.303563
52936.333922 20.662 0.07 52936.335588 19.479 0.011 52936.332255 19.272 0.013 52936.333088 19.178 0.015 52936.334755 19.012 0.049 44.79936 0.303563
53270.397974 20.675 0.063 53270.399641 19.446 0.013 53270.396307 19.278 0.014 53270.397141 19.159 0.014 53270.398807 19.097 0.049 44.79936 0.303563
53272.447921 20.7 0.093 53272.449587 19.424 0.012 53272.446254 19.271 0.013 53272.447087 19.159 0.016 53272.448754 19.055 0.067 44.79936 0.303563
53286.416639 20.713 0.107 53286.418305 19.402 0.013 53286.414972 19.234 0.015 53286.415805 19.154 0.017 53286.417472 19.049 0.056 44.79936 0.303563
53288.375133 20.678 0.077 53288.376799 19.444 0.011 53288.373466 19.266 0.013 53288.374299 19.154 0.016 53288.375966 19.06 0.053 44.79936 0.303563
53294.422804 20.645 0.129 53294.42447 19.46 0.013 53294.421137 19.225 0.049 53294.42197 -99.99 0.04 53294.423637 -99.99 0.066 44.79936 0.303563
53296.369832 20.518 0.07 53296.371499 19.439 0.017 53296.368166 19.258 0.022 53296.368999 19.151 0.018 53296.370666 19.091 0.059 44.79936 0.303563
53298.419581 20.697 0.073 53298.421247 19.426 0.011 53298.417914 19.244 0.014 53298.418747 19.176 0.017 53298.420414 19.021 0.059 44.79936 0.303563
53302.370802 20.6 0.092 53302.372468 19.393 0.017 53302.369135 19.255 0.018 53302.369968 19.161 0.018 53302.371635 19.007 0.05 44.79936 0.303563
53312.326455 20.468 0.092 53312.328122 19.415 0.019 53312.324788 19.21 0.02 53312.325622 19.136 0.02 53312.327288 19.105 0.061 44.79936 0.303563
53314.327532 20.423 0.078 53314.329198 19.425 0.014 53314.325865 19.215 0.015 53314.326698 19.093 0.017 53314.328365 19.145 0.067 44.79936 0.303563
53319.315328 20.576 0.088 53319.316994 19.399 0.013 53319.313661 19.236 0.015 53319.314494 19.136 0.019 53319.316161 19.022 0.063 44.79936 0.303563
53616.431885 20.764 0.107 53616.433551 19.535 0.013 53616.430218 19.336 0.015 53616.431051 19.219 0.018 53616.432718 19.242 0.072 44.79936 0.303563
53626.408312 20.884 0.153 53626.409978 -99.99 0.091 53626.406645 19.318 0.017 53626.407478 19.244 0.02 53626.409145 19.198 0.082 44.79936 0.303563
53628.393177 20.768 0.116 53628.394843 19.567 0.018 53628.39151 19.356 0.018 53628.392343 19.241 0.02 53628.39401 19.079 0.071 44.79936 0.303563
53639.440172 20.747 0.097 53639.441838 19.521 0.014 53639.438505 19.349 0.014 53639.439338 19.252 0.016 53639.441005 19.214 0.062 44.79936 0.303563
53641.439338 20.872 0.124 53641.441004 19.545 0.014 53641.437671 19.328 0.015 53641.438504 19.268 0.018 53641.440171 19.101 0.063 44.79936 0.303563
53657.398223 20.761 0.18 53657.399889 19.629 0.028 53657.396556 19.348 0.024 53657.397389 19.18 0.027 53657.399056 19.108 0.095 44.79936 0.303563
53663.382771 21.305 0.315 53663.384437 19.484 0.025 53663.381104 19.331 0.022 53663.381937 19.275 0.022 53663.383604 19.152 0.058 44.79936 0.303563
53665.360743 20.578 0.12 53665.362409 19.532 0.026 53665.359076 19.352 0.018 53665.359909 19.236 0.02 53665.361576 19.122 0.058 44.79936 0.303563
53666.452854 20.688 0.174 53666.45452 19.531 0.019 53666.451187 19.357 0.018 53666.45202 19.215 0.019 53666.453687 19.083 0.061 44.79936 0.303563
53668.372372 20.816 0.145 53668.374038 19.586 0.017 53668.370705 19.369 0.019 53668.371538 19.28 0.022 53668.373205 19.197 0.081 44.79936 0.303563
53669.459983 20.637 0.189 53669.461649 19.491 0.02 53669.458316 19.336 0.019 53669.459149 19.248 0.021 53669.460816 19.224 0.084 44.79936 0.303563
53670.377223 20.655 0.101 53670.378889 19.534 0.015 53670.375556 19.306 0.017 53670.376389 19.243 0.02 53670.378056 19.06 0.063 44.79936 0.303563
53673.345211 20.766 0.086 53673.346877 19.579 0.012 53673.343544 19.372 0.013 53673.344377 19.241 0.015 53673.346044 19.148 0.049 44.79936 0.303563
53675.3421 20.628 0.085 53675.343766 19.558 0.013 53675.340433 19.333 0.015 53675.341266 19.237 0.018 53675.342933 19.244 0.067 44.79936 0.303563
53680.349796 20.815 0.093 53680.351462 19.587 0.013 53680.348129 19.372 0.014 53680.348962 19.252 0.017 53680.350629 19.211 0.063 44.79936 0.303563
53683.408347 20.729 0.297 53683.410013 19.603 0.032 53683.40668 19.403 0.043 53683.407513 19.261 0.094 53683.40918 19.455 0.274 44.79936 0.303563
53686.349227 20.688 0.176 53686.350893 19.61 0.031 53686.34756 19.334 0.023 53686.348393 19.228 0.023 53686.35006 19.127 0.072 44.79936 0.303563
53687.406611 20.098 0.297 53687.408277 19.521 0.053 53687.404944 19.444 0.062 53687.405777 19.229 0.049 53687.407444 19.263 0.129 44.79936 0.303563
53693.351687 20.798 0.281 53693.353353 19.516 0.031 53693.35002 19.333 0.028 53693.350853 19.242 0.027 53693.35252 19.191 0.083 44.79936 0.303563
53699.372524 20.734 0.124 53699.37419 19.607 0.017 53699.370857 19.432 0.016 53699.37169 19.269 0.018 53699.373357 19.071 0.056 44.79936 0.303563
53704.335007 20.799 0.106 53704.336673 19.614 0.014 53704.33334 19.364 0.015 53704.334173 19.305 0.017 53704.33584 19.107 0.069 44.79936 0.303563
53989.43107 20.985 0.192 53989.432737 19.677 0.029 53989.429404 19.503 0.022 53989.430237 19.289 0.019 53989.431904 19.185 0.051 44.79936 0.303563
53997.454638 20.946 0.079 53997.456305 19.668 0.016 53997.452972 19.44 0.016 53997.453805 19.316 0.016 53997.455472 19.198 0.044 44.79936 0.303563
54000.406494 21.341 0.151 54000.408161 19.629 0.025 54000.404827 -99.99 0.027 54000.405661 19.315 0.02 54000.407327 19.285 0.073 44.79936 0.303563
54007.456649 20.989 0.094 54007.458316 19.605 0.019 54007.454983 19.448 0.018 54007.455816 19.351 0.021 54007.457483 19.377 0.061 44.79936 0.303563
54009.380413 21.101 0.085 54009.38208 19.633 0.023 54009.378747 19.454 0.017 54009.37958 19.31 0.014 54009.381247 19.17 0.047 44.79936 0.303563
54011.444896 20.95 0.077 54011.446563 19.68 0.019 54011.44323 19.4 0.017 54011.444063 19.297 0.027 54011.44573 19.168 0.044 44.79936 0.303563
54012.457814 21.062 0.125 54012.459481 19.624 0.029 54012.456147 19.44 0.021 54012.456981 19.324 0.024 54012.458647 19.178 0.068 44.79936 0.303563
54019.439989 21.397 0.26 54019.441656 19.624 0.025 54019.438322 19.395 0.029 54019.439156 19.272 0.021 54019.440822 19.331 0.065 44.79936 0.303563
54025.443924 20.99 0.131 54025.44559 19.646 0.017 54025.442257 19.451 0.018 54025.44309 19.304 0.021 54025.444757 19.319 0.072 44.79936 0.303563
54346.437677 21.263 0.211 54346.439343 19.634 0.023 54346.43601 19.431 0.027 54346.436843 19.276 0.031 54346.43851 19.247 0.055 44.79936 0.303563
54348.441666 20.78 0.1 54348.443333 19.635 0.025 54348.439999 19.463 0.022 54348.440833 19.315 0.021 54348.442499 19.107 0.057 44.79936 0.303563
54358.397464 20.941 0.105 54358.399131 19.62 0.018 54358.395798 19.429 0.022 54358.396631 -99.99 0.03 54358.398298 19.098 0.063 44.79936 0.303563
54365.430535 20.933 0.081 54365.432202 19.637 0.017 54365.428869 19.423 0.016 54365.429702 19.304 0.023 54365.431369 19.295 0.055 44.79936 0.303563
54381.450102 20.896 0.087 54381.451769 19.621 0.021 54381.448436 19.441 0.015 54381.449269 19.28 0.017 54381.450936 19.174 0.053 44.79936 0.303563
54386.442414 20.949 0.092 54386.44408 19.688 0.016 54386.440747 19.471 0.018 54386.44158 19.279 0.021 54386.443247 19.211 0.05 44.79936 0.303563
54388.446688 20.933 0.097 54388.448354 19.674 0.018 54388.445021 19.429 0.019 54388.445854 19.318 0.017 54388.447521 19.138 0.047 44.79936 0.303563
54392.444232 21.08 0.124 54392.445898 -99.99 0.091 54392.442565 19.459 0.028 54392.443398 19.268 0.03 54392.445065 19.257 0.065 44.79936 0.303563
54403.360463 20.992 0.163 54403.36213 19.654 0.024 54403.358797 19.464 0.02 54403.35963 19.295 0.02 54403.361297 19.042 0.049 44.79936 0.303563
54404.418026 -99.99 0.368 54404.419693 -99.99 0.329 54404.41636 -99.99 0.034 54404.417193 -99.99 0.127 54404.41886 -99.99 0.315 44.79936 0.303563
54406.354302 20.849 0.096 54406.355968 19.632 0.025 54406.352635 19.44 0.017 54406.353468 19.297 0.02 54406.355135 19.239 0.051 44.79936 0.303563
54409.359157 20.812 0.072 54409.360823 19.703 0.021 54409.35749 19.442 0.015 54409.358323 19.3 0.017 54409.35999 19.188 0.048 44.79936 0.303563
54412.380079 20.72 0.124 54412.381746 19.641 0.028 54412.378413 19.487 0.023 54412.379246 19.321 0.027 54412.380913 19.148 0.086 44.79936 0.303563
