51075.421761 21.55 0.127 51075.423427 20.825 0.032 51075.420094 20.355 0.029 51075.420927 20.042 0.032 51075.422594 19.983 0.128 44.00857 -0.011803
51818.391389 21.548 0.127 51818.393055 20.596 0.027 51818.389722 19.98 0.021 51818.390555 19.659 0.022 51818.392222 19.558 0.074 44.00857 -0.011803
51819.476596 21.431 0.166 51819.478262 20.584 0.03 51819.474929 19.962 0.025 51819.475762 19.703 0.027 51819.477429 19.398 0.088 44.00857 -0.011803
52171.379548 21.64 0.176 52171.381214 20.566 0.026 52171.377881 19.942 0.023 52171.378714 19.636 0.024 52171.380381 19.424 0.063 44.00857 -0.011803
52173.355832 21.315 0.136 52173.357498 20.512 0.027 52173.354165 19.875 0.023 52173.354998 19.537 0.027 52173.356665 19.47 0.095 44.00857 -0.011803
52224.336043 21.458 0.114 52224.337709 20.445 0.021 52224.334376 19.954 0.019 52224.335209 19.628 0.021 52224.336876 19.492 0.063 44.00857 -0.011803
52234.292428 21.469 0.152 52234.294094 20.464 0.025 52234.290761 19.893 0.023 52234.291594 19.742 0.023 52234.293261 19.502 0.07 44.00857 -0.011803
52261.255782 21.431 0.131 52261.257448 20.537 0.024 52261.254115 19.947 0.019 52261.254948 19.615 0.02 52261.256615 19.504 0.063 44.00857 -0.011803
52283.123155 21.373 0.156 52283.124821 20.55 0.029 52283.121488 20.031 0.029 52283.122321 19.665 0.029 52283.123988 19.393 0.085 44.00857 -0.011803
52287.136278 21.715 0.172 52287.137944 20.536 0.026 52287.134611 19.925 0.021 52287.135444 19.67 0.024 52287.137111 19.546 0.072 44.00857 -0.011803
52552.454971 21.37 0.117 52552.456637 20.516 0.023 52552.453304 20.02 0.021 52552.454137 19.743 0.023 52552.455804 19.457 0.068 44.00857 -0.011803
52557.429332 21.509 0.136 52557.430998 20.555 0.026 52557.427665 20.037 0.023 52557.428498 19.731 0.025 52557.430165 19.573 0.085 44.00857 -0.011803
52585.330661 21.512 0.109 52585.332327 20.568 0.022 52585.328994 20.015 0.02 52585.329827 19.77 0.023 52585.331494 19.594 0.07 44.00857 -0.011803
52908.4039 21.588 0.155 52908.405566 20.778 0.03 52908.402233 20.105 0.023 52908.403066 19.752 0.026 52908.404733 19.603 0.081 44.00857 -0.011803
52912.383338 21.833 0.19 52912.385004 20.783 0.03 52912.381671 20.203 0.023 52912.382504 19.836 0.024 52912.384171 19.65 0.076 44.00857 -0.011803
52934.335805 22.381 0.297 52934.337471 20.879 0.032 52934.334138 20.148 0.026 52934.334971 19.825 0.028 52934.336638 19.767 0.097 44.00857 -0.011803
52936.331732 21.526 0.12 52936.333398 20.813 0.028 52936.330065 20.186 0.023 52936.330898 19.8 0.024 52936.332565 19.592 0.071 44.00857 -0.011803
53270.395803 22.067 0.168 53270.397469 20.858 0.026 53270.394136 20.167 0.02 53270.394969 19.776 0.022 53270.396636 19.556 0.056 44.00857 -0.011803
53272.445731 22.037 0.248 53272.447397 20.888 0.034 53272.444064 20.152 0.024 53272.444897 19.825 0.025 53272.446564 19.548 0.075 44.00857 -0.011803
53286.414449 22.334 0.42 53286.416115 20.817 0.042 53286.412782 20.046 0.026 53286.413615 19.738 0.027 53286.415282 19.578 0.095 44.00857 -0.011803
53288.372942 22.037 0.226 53288.374608 20.984 0.034 53288.371275 20.181 0.024 53288.372108 19.794 0.024 53288.373775 19.59 0.076 44.00857 -0.011803
53294.420615 23.147 1.499 53294.422281 20.932 0.084 53294.418948 20.202 0.099 53294.419781 -99.99 0.084 53294.421448 19.453 0.246 44.00857 -0.011803
53296.367624 21.698 0.176 53296.36929 20.879 0.033 53296.365957 20.185 0.029 53296.36679 19.704 0.033 53296.368457 19.802 0.086 44.00857 -0.011803
53298.417391 21.92 0.188 53298.419057 20.876 0.03 53298.415724 20.209 0.027 53298.416557 19.728 0.026 53298.418224 19.49 0.078 44.00857 -0.011803
53302.368612 22.009 0.302 53302.370278 21.022 0.063 53302.366945 20.149 0.031 53302.367778 19.84 0.029 53302.369445 19.641 0.08 44.00857 -0.011803
53312.324193 21.86 0.33 53312.32586 20.938 0.056 53312.322526 20.252 0.04 53312.32336 19.73 0.033 53312.325026 19.5 0.082 44.00857 -0.011803
53314.325342 22.75 0.575 53314.327008 20.944 0.046 53314.323675 20.161 0.03 53314.324508 19.842 0.031 53314.326175 19.619 0.103 44.00857 -0.011803
53319.313138 22.716 0.497 53319.314804 20.987 0.044 53319.311471 20.163 0.032 53319.312304 19.789 0.03 53319.313971 19.592 0.094 44.00857 -0.011803
53616.429695 21.807 0.237 53616.431361 20.928 0.038 53616.428028 20.271 0.029 53616.428861 19.845 0.03 53616.430528 19.603 0.091 44.00857 -0.011803
53626.406123 22.691 0.664 53626.407789 20.925 0.048 53626.404456 -99.99 0.041 53626.405289 19.954 0.034 53626.406956 19.867 0.122 44.00857 -0.011803
53628.390988 22.102 0.361 53628.392654 20.938 0.058 53628.389321 20.396 0.041 53628.390154 19.887 0.038 53628.391821 19.657 0.107 44.00857 -0.011803
53639.437985 22.156 0.327 53639.439651 20.931 0.041 53639.436318 20.267 0.028 53639.437151 19.906 0.027 53639.438818 19.704 0.07 44.00857 -0.011803
53641.43715 22.839 0.56 53641.438816 20.95 0.043 53641.435483 20.301 0.03 53641.436316 19.903 0.029 53641.437983 19.732 0.088 44.00857 -0.011803
53657.396034 22.775 0.807 53657.3977 20.989 0.09 53657.394367 20.369 0.05 53657.3952 19.951 0.043 53657.396867 19.916 0.144 44.00857 -0.011803
53663.380582 21.927 0.556 53663.382248 20.811 0.084 53663.378915 20.251 0.044 53663.379748 19.922 0.038 53663.381415 19.816 0.104 44.00857 -0.011803
53665.358554 21.669 0.286 53665.36022 21.026 0.07 53665.356887 20.322 0.035 53665.35772 19.911 0.03 53665.359387 19.622 0.081 44.00857 -0.011803
53666.450667 22.191 0.577 53666.452333 20.933 0.073 53666.449 20.175 0.035 53666.449833 19.895 0.032 53666.4515 19.634 0.089 44.00857 -0.011803
53668.370183 22.873 0.878 53668.371849 21.058 0.064 53668.368516 20.317 0.041 53668.369349 19.918 0.038 53668.371016 19.735 0.118 44.00857 -0.011803
53669.457795 21.786 0.375 53669.459461 21.018 0.07 53669.456128 20.29 0.039 53669.456961 19.952 0.037 53669.458628 19.808 0.116 44.00857 -0.011803
53670.375035 22.022 0.294 53670.376701 20.964 0.047 53670.373368 20.254 0.031 53670.374201 19.89 0.03 53670.375868 19.581 0.117 44.00857 -0.011803
53673.343022 22.493 0.287 53673.344688 21.027 0.032 53673.341355 20.279 0.025 53673.342188 19.917 0.024 53673.343855 19.626 0.062 44.00857 -0.011803
53675.339911 21.873 0.205 53675.341577 20.905 0.034 53675.338244 20.244 0.029 53675.339077 19.839 0.028 53675.340744 19.576 0.087 44.00857 -0.011803
53677.360939 22.15 0.243 53677.362605 20.939 0.03 53677.359272 20.281 0.024 53677.360105 19.93 0.024 53677.361772 19.77 0.07 44.00857 -0.011803
53680.347607 22.603 0.357 53680.349273 20.882 0.034 53680.34594 20.247 0.027 53680.346773 19.916 0.027 53680.34844 19.731 0.079 44.00857 -0.011803
53686.347039 21.519 0.384 53686.348705 20.747 0.087 53686.345372 20.223 0.052 53686.346205 19.839 0.04 53686.347872 19.589 0.097 44.00857 -0.011803
53687.404426 -99.99 1.109 53687.406092 20.638 0.214 53687.402759 20.283 0.152 53687.403592 19.939 0.109 53687.405259 19.415 0.183 44.00857 -0.011803
53693.349498 23.351 2.629 53693.351164 20.922 0.112 53693.347831 20.194 0.057 53693.348664 19.956 0.051 53693.350331 19.711 0.112 44.00857 -0.011803
53699.370335 21.919 0.3 53699.372001 20.926 0.048 53699.368668 20.266 0.03 53699.369501 19.875 0.027 53699.371168 19.767 0.087 44.00857 -0.011803
53704.332819 21.936 0.232 53704.334485 20.911 0.031 53704.331152 20.233 0.034 53704.331985 19.932 0.033 53704.333652 19.772 0.093 44.00857 -0.011803
53989.428885 -99.99 0.339 53989.430552 20.638 0.061 53989.427219 20.249 0.041 53989.428052 19.916 0.031 53989.429719 19.834 0.074 44.00857 -0.011803
53997.452438 21.82 0.134 53997.454104 20.775 0.029 53997.450771 20.227 0.022 53997.451604 19.908 0.022 53997.453271 19.636 0.054 44.00857 -0.011803
54000.404315 21.582 0.176 54000.405982 20.729 0.028 54000.402648 -99.99 0.096 54000.403482 19.968 0.033 54000.405148 19.745 0.13 44.00857 -0.011803
54007.454438 21.971 0.192 54007.456104 20.735 0.028 54007.452771 20.257 0.026 54007.453604 19.903 0.026 54007.455271 19.631 0.066 44.00857 -0.011803
54009.378232 21.689 0.122 54009.379899 20.717 0.022 54009.376566 20.246 0.019 54009.377399 19.894 0.022 54009.379066 19.658 0.053 44.00857 -0.011803
54011.442697 21.672 0.116 54011.444364 20.745 0.025 54011.441031 20.25 0.022 54011.441864 19.923 0.021 54011.443531 19.754 0.061 44.00857 -0.011803
54012.455502 -99.99 0.154 54012.457169 20.777 0.034 54012.453836 20.223 0.037 54012.454669 19.927 0.034 54012.456336 19.613 0.089 44.00857 -0.011803
54019.437729 21.316 1 54019.439396 20.661 0.053 54019.436063 20.224 0.059 54019.436896 19.976 0.056 54019.438563 19.952 0.115 44.00857 -0.011803
54025.441719 21.761 0.207 54025.443385 20.794 0.033 54025.440052 20.272 0.036 54025.440885 19.91 0.029 54025.442552 19.864 0.087 44.00857 -0.011803
54346.435545 21.703 0.33 54346.437212 20.764 0.066 54346.433878 20.323 0.042 54346.434712 19.956 0.035 54346.436378 19.725 0.077 44.00857 -0.011803
54348.439451 21.935 0.251 54348.441118 20.764 0.036 54348.437785 20.269 0.028 54348.438618 19.994 0.032 54348.440285 19.665 0.068 44.00857 -0.011803
54358.395297 21.9 0.225 54358.396964 20.766 0.031 54358.393631 20.307 0.031 54358.394464 19.971 0.03 54358.396131 19.695 0.097 44.00857 -0.011803
54365.428387 21.917 0.145 54365.430053 20.824 0.03 54365.42672 20.28 0.024 54365.427553 20.004 0.034 54365.42922 19.819 0.067 44.00857 -0.011803
54381.447922 21.692 0.15 54381.449589 20.814 0.027 54381.446256 20.331 0.025 54381.447089 19.939 0.027 54381.448756 19.806 0.071 44.00857 -0.011803
54384.454644 22.475 0.489 54384.45631 20.773 0.043 54384.452977 20.4 0.043 54384.45381 19.984 0.04 54384.455477 19.604 0.119 44.00857 -0.011803
54386.440224 21.405 0.119 54386.441891 20.861 0.028 54386.438557 20.321 0.025 54386.439391 19.981 0.024 54386.441057 19.787 0.069 44.00857 -0.011803
54388.444503 22.273 0.257 54388.446169 20.881 0.031 54388.442836 20.323 0.026 54388.443669 20.028 0.027 54388.445336 19.791 0.068 44.00857 -0.011803
54392.44205 21.567 0.16 54392.443716 20.843 0.037 54392.440383 20.376 0.031 54392.441216 20.038 0.032 54392.442883 -99.99 0.122 44.00857 -0.011803
54403.358285 22.004 0.407 54403.359952 20.82 0.055 54403.356619 20.334 0.044 54403.357452 19.974 0.035 54403.359119 19.677 0.068 44.00857 -0.011803
54404.415899 -99.99 0.367 54404.417565 -99.99 0.253 54404.414232 20.292 0.034 54404.415065 19.969 0.033 54404.416732 19.305 0.308 44.00857 -0.011803
54406.352111 21.791 0.189 54406.353777 20.909 0.036 54406.350444 20.327 0.025 54406.351277 20.017 0.028 54406.352944 19.783 0.064 44.00857 -0.011803
54409.356945 21.836 0.146 54409.358612 20.842 0.026 54409.355278 20.337 0.025 54409.356112 19.983 0.026 54409.357778 19.792 0.067 44.00857 -0.011803
54412.377902 21.802 0.275 54412.379568 20.907 0.047 54412.376235 20.332 0.032 54412.377068 19.968 0.034 54412.378735 19.731 0.112 44.00857 -0.011803
