51081.397977 20.737 0.089 51081.399643 20.079 0.02 51081.39631 19.946 0.024 51081.397143 19.821 0.031 51081.39881 19.57 0.082 41.288263 0.971435
51819.469055 20.8 0.111 51819.470721 20.24 0.026 51819.467388 20.092 0.031 51819.468221 19.939 0.04 51819.469888 19.669 0.103 41.288263 0.971435
51875.212903 20.95 0.092 51875.214569 20.224 0.021 51875.211236 20.066 0.027 51875.212069 19.997 0.036 51875.213736 19.906 0.121 41.288263 0.971435
52225.29374 20.907 0.085 52225.295406 20.278 0.021 52225.292073 20.077 0.027 52225.292906 19.935 0.041 52225.294573 19.772 0.123 41.288263 0.971435
52288.128164 20.756 0.081 52288.12983 20.047 0.019 52288.126497 19.911 0.023 52288.12733 19.799 0.029 52288.128997 19.529 0.07 41.288263 0.971435
52551.401451 20.446 0.062 52551.403117 19.785 0.015 52551.399784 19.753 0.02 52551.400617 19.697 0.026 52551.402284 19.419 0.072 41.288263 0.971435
52558.434324 20.302 0.052 52558.43599 19.823 0.014 52558.432657 19.725 0.018 52558.43349 19.661 0.024 52558.435157 19.563 0.073 41.288263 0.971435
52578.305933 20.443 0.063 52578.307599 19.816 0.015 52578.304266 19.733 0.018 52578.305099 19.725 0.026 52578.306766 19.519 0.071 41.288263 0.971435
52585.268913 20.415 0.056 52585.270579 19.8 0.014 52585.267246 19.717 0.02 52585.268079 19.779 0.03 52585.269746 19.457 0.084 41.288263 0.971435
52909.435545 -99.99 0.06 52909.437211 19.869 0.017 52909.433878 19.822 0.02 52909.434711 19.776 0.027 52909.436378 19.523 0.074 41.288263 0.971435
52910.40579 20.558 0.074 52910.407456 19.864 0.017 52910.404123 19.827 0.021 52910.404956 19.734 0.026 52910.406623 19.521 0.068 41.288263 0.971435
52935.332959 20.311 0.063 52935.334625 19.862 0.017 52935.331292 19.752 0.023 52935.332125 19.712 0.033 52935.333792 19.577 0.103 41.288263 0.971435
52963.256036 20.425 0.052 52963.257702 19.848 0.015 52963.254369 19.815 0.019 52963.255202 19.788 0.026 52963.256869 19.581 0.073 41.288263 0.971435
52971.246952 20.329 0.071 52971.248618 19.877 0.02 52971.245285 19.822 0.023 52971.246118 19.779 0.033 52971.247785 19.503 0.085 41.288263 0.971435
53351.178341 20.745 0.091 53351.180007 19.955 0.017 53351.176674 19.882 0.022 53351.177507 19.849 0.034 53351.179174 19.556 0.106 41.288263 0.971435
53622.435392 20.685 0.074 53622.437058 20.105 0.021 53622.433725 20.095 0.023 53622.434558 20.02 0.031 53622.436225 19.665 0.079 41.288263 0.971435
53627.39249 20.774 0.084 53627.394156 20.152 0.019 53627.390823 20.084 0.024 53627.391656 19.994 0.032 53627.393323 19.74 0.078 41.288263 0.971435
53634.384863 21.566 0.486 53634.386529 20.134 0.05 53634.383196 20.032 0.046 53634.384029 19.957 0.051 53634.385696 19.657 0.106 41.288263 0.971435
53638.426198 20.84 0.107 53638.427864 20.14 0.023 53638.424531 20.058 0.027 53638.425364 20.02 0.036 53638.427031 19.695 0.087 41.288263 0.971435
53640.390235 20.924 0.11 53640.391901 20.168 0.024 53640.388568 20.033 0.024 53640.389401 20 0.036 53640.391068 19.533 0.074 41.288263 0.971435
53646.451642 20.783 0.25 53646.453308 20.128 0.033 53646.449975 20.026 0.062 53646.450808 19.961 0.085 53646.452475 19.774 0.243 41.288263 0.971435
53655.362409 20.721 0.08 53655.364075 20.172 0.018 53655.360742 20.011 0.023 53655.361575 19.938 0.036 53655.363242 19.602 0.078 41.288263 0.971435
53657.270389 -99.99 0.443 53657.272055 20.151 0.083 53657.268722 20.092 0.089 53657.269555 -99.99 0.101 53657.271222 -99.99 0.233 41.288263 0.971435
53663.452061 20.667 0.238 53663.453727 20.09 0.056 53663.450394 19.897 0.043 53663.451227 19.983 0.052 53663.452894 19.755 0.114 41.288263 0.971435
53664.387364 20.964 0.219 53664.38903 20.212 0.045 53664.385697 20.085 0.038 53664.38653 19.99 0.044 53664.388197 19.619 0.099 41.288263 0.971435
53665.451993 20.687 0.181 53665.453659 20.167 0.038 53665.450326 20.022 0.036 53665.451159 19.973 0.047 53665.452826 19.793 0.131 41.288263 0.971435
53668.44061 20.72 0.204 53668.442276 20.095 0.035 53668.438943 20.1 0.043 53668.439776 19.931 0.049 53668.441443 19.702 0.139 41.288263 0.971435
53669.34661 -99.99 0.255 53669.348276 20.155 0.032 53669.344943 20.078 0.038 53669.345776 20.023 0.045 53669.347443 19.638 0.132 41.288263 0.971435
53670.446582 20.688 0.135 53670.448248 20.145 0.025 53670.444915 20.08 0.033 53670.445748 20.002 0.043 53670.447415 19.735 0.106 41.288263 0.971435
53671.431358 20.853 0.126 53671.433024 20.108 0.022 53671.429691 20.095 0.03 53671.430524 20.008 0.04 53671.432191 19.628 0.092 41.288263 0.971435
53674.330846 21.005 0.13 53674.332512 20.176 0.023 53674.329179 20.059 0.029 53674.330012 20.078 0.044 53674.331679 19.634 0.106 41.288263 0.971435
53676.420301 20.83 0.124 53676.421967 20.205 0.026 53676.418634 20.071 0.027 53676.419467 20.054 0.04 53676.421134 19.592 0.108 41.288263 0.971435
53679.392204 20.775 0.129 53679.39387 20.13 0.022 53679.390537 20.059 0.035 53679.39137 19.989 0.052 53679.393037 19.662 0.126 41.288263 0.971435
53681.383717 20.772 0.097 53681.385383 20.168 0.019 53681.38205 20.084 0.026 53681.382883 19.987 0.036 53681.38455 19.719 0.08 41.288263 0.971435
53684.345214 -99.99 0.243 53684.34688 20.212 0.029 53684.343547 20.049 0.041 53684.34438 19.933 0.057 53684.346047 19.736 0.159 41.288263 0.971435
53687.28653 20.692 0.3 53687.288196 20.197 0.066 53687.284863 19.994 0.077 53687.285696 19.895 0.07 53687.287363 19.848 0.176 41.288263 0.971435
53694.356666 20.457 0.196 53694.358332 -99.99 0.047 53694.354999 20.078 0.045 53694.355832 20.061 0.052 53694.357499 19.63 0.104 41.288263 0.971435
53697.340744 20.955 0.156 53697.34241 20.116 0.028 53697.339077 20.032 0.03 53697.33991 19.843 0.036 53697.341577 19.662 0.096 41.288263 0.971435
53700.3397 20.929 0.128 53700.341366 20.135 0.022 53700.338033 20.043 0.029 53700.338866 19.988 0.045 53700.340533 19.677 0.115 41.288263 0.971435
53705.32637 20.752 0.125 53705.328036 20.132 0.023 53705.324703 20.006 0.028 53705.325536 19.857 0.036 53705.327203 19.67 0.105 41.288263 0.971435
53975.411535 20.926 0.101 53975.413201 20.28 0.022 53975.409868 20.138 0.03 53975.410701 20.016 0.033 53975.412368 19.681 0.086 41.288263 0.971435
53994.43436 20.828 0.108 53994.436027 20.309 0.029 53994.432693 20.182 0.026 53994.433527 20.05 0.035 53994.435193 19.638 0.075 41.288263 0.971435
53996.41821 21.109 0.103 53996.419877 20.276 0.024 53996.416543 20.195 0.024 53996.417377 20.062 0.033 53996.419043 19.651 0.075 41.288263 0.971435
54005.431284 21.204 0.106 54005.432951 20.31 0.022 54005.429618 20.193 0.023 54005.430451 20.101 0.034 54005.432118 19.645 0.078 41.288263 0.971435
54009.445125 20.999 0.084 54009.446792 20.328 0.022 54009.443459 20.185 0.024 54009.444292 20.028 0.03 54009.445959 19.815 0.077 41.288263 0.971435
54010.372219 21.039 0.077 54010.373886 20.348 0.023 54010.370553 20.139 0.02 54010.371386 20.155 0.029 54010.373053 19.767 0.068 41.288263 0.971435
54012.365074 21.122 0.155 54012.36674 20.309 0.034 54012.363407 20.147 0.036 54012.36424 20.066 0.042 54012.365907 19.717 0.088 41.288263 0.971435
54020.403174 20.807 0.158 54020.404841 20.287 0.038 54020.401507 20.125 0.033 54020.402341 20.15 0.046 54020.404007 19.717 0.103 41.288263 0.971435
54024.452694 20.97 0.155 54024.45436 20.326 0.034 54024.451027 20.194 0.033 54024.45186 20.11 0.042 54024.453527 19.873 0.115 41.288263 0.971435
54028.440918 20.813 0.123 54028.442585 20.317 0.028 54028.439251 20.167 0.032 54028.440085 20.046 0.043 54028.441751 19.847 0.108 41.288263 0.971435
54030.396397 21.011 0.086 54030.398064 20.37 0.023 54030.394731 20.2 0.031 54030.395564 20.005 0.035 54030.397231 19.82 0.092 41.288263 0.971435
54035.440379 21.004 0.15 54035.442046 20.338 0.037 54035.438713 20.186 0.036 54035.439546 20.094 0.047 54035.441213 19.764 0.124 41.288263 0.971435
54037.345896 21.043 0.09 54037.347562 20.367 0.024 54037.344229 20.208 0.023 54037.345062 20.066 0.029 54037.346729 19.908 0.074 41.288263 0.971435
54040.360329 21.257 0.123 54040.361996 20.347 0.027 54040.358662 20.198 0.033 54040.359496 20.008 0.039 54040.361162 19.818 0.1 41.288263 0.971435
54041.395859 20.807 0.123 54041.397526 20.41 0.041 54041.394192 20.166 0.044 54041.395026 20.059 0.049 54041.396692 19.612 0.077 41.288263 0.971435
54047.39092 -99.99 0.936 54047.392587 20.282 0.116 54047.389254 20.18 0.09 54047.390087 20.074 0.085 54047.391754 19.971 0.204 41.288263 0.971435
54049.386769 21.011 0.29 54049.388436 20.378 0.047 54049.385103 20.25 0.045 54049.385936 19.994 0.048 54049.387603 19.738 0.115 41.288263 0.971435
54053.366482 21.029 0.118 54053.368148 20.389 0.03 54053.364815 20.206 0.031 54053.365648 -99.99 0.044 54053.367315 -99.99 0.109 41.288263 0.971435
54056.352767 21.19 0.16 54056.354434 20.334 0.032 54056.351101 20.142 0.031 54056.351934 20.199 0.047 54056.353601 19.701 0.103 41.288263 0.971435
54059.347063 20.929 0.135 54059.348729 20.337 0.028 54059.345396 20.192 0.037 54059.346229 20.147 0.054 54059.347896 19.92 0.126 41.288263 0.971435
54061.358199 21.067 0.229 54061.359865 20.39 0.039 54061.356532 20.28 0.057 54061.357365 20.048 0.056 54061.359032 20.047 0.19 41.288263 0.971435
54062.351948 20.982 0.106 54062.353614 20.335 0.022 54062.350281 20.207 0.029 54062.351114 20.088 0.039 54062.352781 19.78 0.095 41.288263 0.971435
54064.348382 21.069 0.127 54064.350049 20.401 0.025 54064.346715 20.156 0.029 54064.347549 20.105 0.039 54064.349215 19.882 0.101 41.288263 0.971435
54068.332533 21.041 0.188 54068.3342 20.388 0.039 54068.330867 20.188 0.093 54068.3317 20.322 0.095 54068.333367 19.878 0.16 41.288263 0.971435
54357.390319 21.053 0.09 54357.391986 20.286 0.03 54357.388652 20.142 0.024 54357.389486 20.082 0.036 54357.391152 19.842 0.072 41.288263 0.971435
54362.440076 20.841 0.071 54362.441742 20.266 0.025 54362.438409 20.149 0.023 54362.439242 20.087 0.033 54362.440909 19.829 0.078 41.288263 0.971435
54376.435159 20.827 0.109 54376.436826 20.285 0.026 54376.433493 20.126 0.026 54376.434326 20.04 0.035 54376.435993 19.847 0.088 41.288263 0.971435
54382.420431 20.698 0.097 54382.422098 20.304 0.038 54382.418765 20.164 0.038 54382.419598 20.028 0.043 54382.421265 19.823 0.116 41.288263 0.971435
54385.438082 21.363 0.175 54385.439749 20.314 0.026 54385.436415 20.192 0.024 54385.437249 20.059 0.03 54385.438915 19.96 0.086 41.288263 0.971435
54387.438639 20.99 0.169 54387.440306 20.299 0.031 54387.436973 20.138 0.034 54387.437806 20.087 0.049 54387.439473 -99.99 0.235 41.288263 0.971435
54390.430971 -99.99 0.36 54390.432637 -99.99 0.26 54390.429304 20.152 0.048 54390.430137 20.139 0.099 54390.431804 19.615 0.169 41.288263 0.971435
54391.439406 -99.99 0.302 54391.441073 20.345 0.042 54391.437739 20.231 0.062 54391.438573 20.076 0.068 54391.440239 -99.99 0.181 41.288263 0.971435
54402.431816 20.414 0.184 54402.433482 20.319 0.065 54402.430149 20.208 0.056 54402.430982 20.156 0.057 54402.432649 20.057 0.137 41.288263 0.971435
