51081.403996 19.509 0.035 51081.405662 19.325 0.013 51081.402329 19.275 0.015 51081.403162 19.051 0.017 51081.404829 19.077 0.068 43.483649 0.182604
51819.475157 19.688 0.044 51819.476823 19.502 0.014 51819.47349 19.41 0.017 51819.474323 19.085 0.017 51819.47599 19.093 0.067 43.483649 0.182604
51875.218945 19.653 0.035 51875.220611 19.43 0.012 51875.217278 19.372 0.014 51875.218111 19.076 0.017 51875.219778 19.002 0.054 43.483649 0.182604
52171.451378 19.653 0.035 52171.453044 19.491 0.013 52171.449711 19.455 0.015 52171.450544 19.146 0.015 52171.452211 19.037 0.051 43.483649 0.182604
52225.299821 19.814 0.038 52225.301487 19.605 0.013 52225.298154 19.52 0.015 52225.298987 19.198 0.015 52225.300654 19.118 0.05 43.483649 0.182604
52288.134244 -99.99 0.038 52288.13591 19.584 0.013 52288.132577 19.531 0.017 52288.13341 19.208 0.017 52288.135077 19.139 0.062 43.483649 0.182604
52551.407532 19.899 0.044 52551.409198 19.728 0.014 52551.405865 19.632 0.017 52551.406698 19.29 0.018 52551.408365 19.246 0.065 43.483649 0.182604
52558.440403 19.847 0.038 52558.442069 19.716 0.013 52558.438736 19.618 0.016 52558.439569 19.263 0.017 52558.441236 19.124 0.052 43.483649 0.182604
52578.312012 19.873 0.039 52578.313678 19.739 0.013 52578.310345 19.691 0.016 52578.311178 19.281 0.017 52578.312845 19.23 0.056 43.483649 0.182604
52585.274993 19.882 0.039 52585.276659 19.725 0.014 52585.273326 19.683 0.017 52585.274159 19.299 0.018 52585.275826 19.474 0.091 43.483649 0.182604
52909.441626 20.488 0.062 52909.443292 20.179 0.018 52909.439959 19.978 0.019 52909.440792 19.59 0.019 52909.442459 19.65 0.076 43.483649 0.182604
52910.411869 20.408 0.075 52910.413535 20.187 0.021 52910.410202 20.034 0.022 52910.411035 19.544 0.021 52910.412702 19.7 0.102 43.483649 0.182604
52935.339039 20.446 0.064 52935.340705 20.171 0.019 52935.337372 20 0.023 52935.338205 19.586 0.023 52935.339872 19.708 0.103 43.483649 0.182604
52963.262117 20.401 0.053 52963.263783 20.185 0.018 52963.26045 20.021 0.02 52963.261283 19.553 0.019 52963.26295 19.751 0.084 43.483649 0.182604
52971.253032 20.52 0.084 52971.254698 20.222 0.021 52971.251365 20.074 0.029 52971.252198 19.606 0.026 52971.253865 19.721 0.115 43.483649 0.182604
53351.184422 20.386 0.072 53351.186088 20.142 0.019 53351.182755 19.977 0.024 53351.183588 19.575 0.026 53351.185255 19.403 0.101 43.483649 0.182604
53622.441469 -99.99 0.046 53622.443135 19.856 0.015 53622.439802 19.759 0.017 53622.440635 19.393 0.017 53622.442302 19.419 0.064 43.483649 0.182604
53627.398568 20.122 0.051 53627.400234 20.307 0.02 53627.396901 19.794 0.018 53627.397734 19.386 0.018 53627.399401 19.355 0.066 43.483649 0.182604
53634.390941 20.415 0.165 53634.392607 19.939 0.038 53634.389274 19.832 0.032 53634.390107 19.406 0.026 53634.391774 19.291 0.067 43.483649 0.182604
53638.432277 20.048 0.057 53638.433943 19.934 0.019 53638.43061 19.797 0.02 53638.431443 19.417 0.019 53638.43311 19.396 0.073 43.483649 0.182604
53640.396313 20.022 0.057 53640.397979 19.884 0.018 53640.394646 19.762 0.02 53640.395479 19.394 0.02 53640.397146 19.261 0.069 43.483649 0.182604
53643.438788 20.073 0.065 53643.440454 19.843 0.017 53643.437121 19.732 0.02 53643.437954 19.353 0.02 53643.439621 19.283 0.084 43.483649 0.182604
53646.457721 20.122 0.081 53646.459387 19.913 0.02 53646.456054 19.773 0.025 53646.456887 19.39 0.028 53646.458554 19.399 0.094 43.483649 0.182604
53663.458139 19.876 0.125 53663.459805 19.797 0.038 53663.456472 19.727 0.032 53663.457305 19.406 0.027 53663.458972 19.356 0.086 43.483649 0.182604
53664.393443 20.129 0.113 53664.395109 19.884 0.037 53664.391776 19.738 0.03 53664.392609 19.374 0.028 53664.394276 19.297 0.096 43.483649 0.182604
53665.458071 20.071 0.105 53665.459737 19.901 0.03 53665.456404 19.779 0.029 53665.457237 19.41 0.026 53665.458904 19.299 0.086 43.483649 0.182604
53668.446688 19.948 0.09 53668.448354 19.843 0.024 53668.445021 19.732 0.029 53668.445854 19.415 0.028 53668.447521 19.319 0.099 43.483649 0.182604
53669.352689 20.231 0.072 53669.354355 19.894 0.02 53669.351022 19.714 0.021 53669.351855 19.419 0.022 53669.353522 19.304 0.079 43.483649 0.182604
53670.45266 20.246 0.102 53670.454326 19.888 0.022 53670.450993 19.76 0.025 53670.451826 19.389 0.023 53670.453493 19.153 0.074 43.483649 0.182604
53671.437438 -99.99 0.073 53671.439104 19.877 0.019 53671.435771 19.773 0.021 53671.436604 19.397 0.02 53671.438271 19.402 0.072 43.483649 0.182604
53674.336926 -99.99 0.059 53674.338592 19.863 0.017 53674.335259 19.747 0.021 53674.336092 19.413 0.024 53674.337759 19.423 0.094 43.483649 0.182604
53676.42638 20.016 0.068 53676.428046 19.893 0.018 53676.424713 19.775 0.024 53676.425546 19.391 0.022 53676.427213 19.435 0.084 43.483649 0.182604
53679.398283 20.052 0.064 53679.399949 19.881 0.017 53679.396616 19.779 0.024 53679.397449 19.421 0.024 53679.399116 19.353 0.092 43.483649 0.182604
53681.389796 20 0.067 53681.391462 19.894 0.018 53681.388129 19.764 0.023 53681.388962 19.395 0.022 53681.390629 19.417 0.076 43.483649 0.182604
53684.351294 20.005 0.106 53684.35296 19.851 0.038 53684.349627 19.741 0.034 53684.35046 19.472 0.048 53684.352127 19.213 0.172 43.483649 0.182604
53687.292608 19.923 0.153 53687.294274 19.876 0.069 53687.290941 19.766 0.045 53687.291774 19.342 0.03 53687.293441 19.735 0.169 43.483649 0.182604
53694.362748 19.895 0.122 53694.364414 19.797 0.036 53694.361081 19.746 0.031 53694.361914 19.319 0.028 53694.363581 19.356 0.1 43.483649 0.182604
53697.346822 20.075 0.075 53697.348488 19.89 0.022 53697.345155 19.758 0.023 53697.345988 19.363 0.019 53697.347655 19.471 0.081 43.483649 0.182604
53700.345777 19.914 0.056 53700.347443 19.889 0.017 53700.34411 19.748 0.022 53700.344943 19.386 0.022 53700.34661 19.226 0.078 43.483649 0.182604
53705.332448 20.113 0.075 53705.334114 19.868 0.018 53705.330781 19.76 0.023 53705.331614 19.37 0.024 53705.333281 19.327 0.097 43.483649 0.182604
53975.417498 19.853 0.046 53975.419165 19.627 0.019 53975.415831 19.532 0.021 53975.416665 19.252 0.02 53975.418331 19.164 0.06 43.483649 0.182604
53994.440474 19.739 0.048 53994.44214 19.638 0.019 53994.438807 19.576 0.022 53994.43964 19.228 0.02 53994.441307 19.162 0.053 43.483649 0.182604
53996.424189 19.782 0.04 53996.425856 19.637 0.053 53996.422522 19.567 0.02 53996.423356 19.267 0.022 53996.425022 19.135 0.058 43.483649 0.182604
54005.437342 19.71 0.037 54005.439009 19.613 0.019 54005.435676 19.559 0.02 54005.436509 19.239 0.019 54005.438176 19.206 0.05 43.483649 0.182604
54009.451171 19.784 0.038 54009.452838 19.664 0.019 54009.449505 19.557 0.017 54009.450338 19.233 0.018 54009.452005 19.169 0.048 43.483649 0.182604
54010.378313 19.817 0.034 54010.37998 19.638 0.015 54010.376647 19.599 0.015 54010.37748 19.241 0.022 54010.379147 19.26 0.043 43.483649 0.182604
54012.371298 19.759 0.047 54012.372964 19.654 0.017 54012.369631 19.56 0.023 54012.370464 19.233 0.022 54012.372131 19.193 0.051 43.483649 0.182604
54020.409205 -99.99 0.064 54020.410872 19.676 0.024 54020.407539 19.535 0.028 54020.408372 19.232 0.024 54020.410039 19.179 0.068 43.483649 0.182604
54024.458723 19.785 0.067 54024.460389 -99.99 0.021 54024.457056 19.636 0.025 54024.457889 19.235 0.025 54024.459556 19.239 0.117 43.483649 0.182604
54028.447001 19.778 0.049 54028.448668 19.691 0.023 54028.445334 19.55 0.02 54028.446168 19.279 0.023 54028.447834 19.195 0.065 43.483649 0.182604
54030.402443 19.689 0.036 54030.404109 19.661 0.028 54030.400776 19.588 0.02 54030.401609 19.221 0.019 54030.403276 19.24 0.054 43.483649 0.182604
54035.446448 19.708 0.068 54035.448115 19.641 0.034 54035.444782 19.558 0.024 54035.445615 19.221 0.029 54035.447282 19.29 0.084 43.483649 0.182604
54037.351942 19.709 0.037 54037.353609 19.676 0.022 54037.350276 19.582 0.018 54037.351109 19.235 0.016 54037.352776 19.161 0.044 43.483649 0.182604
54040.366401 19.775 0.043 54040.368068 19.702 0.022 54040.364735 19.579 0.02 54040.365568 19.221 0.02 54040.367235 19.222 0.055 43.483649 0.182604
54041.40196 19.928 0.06 54041.403627 19.725 0.031 54041.400294 19.548 0.023 54041.401127 19.269 0.02 54041.402794 19.27 0.054 43.483649 0.182604
54047.396949 -99.99 0.156 54047.398616 19.689 0.06 54047.395282 -99.99 0.052 54047.396116 19.252 0.036 54047.397782 19.176 0.102 43.483649 0.182604
54049.392876 19.789 0.076 54049.394543 19.71 0.027 54049.39121 19.575 0.026 54049.392043 19.22 0.031 54049.39371 19.141 0.074 43.483649 0.182604
54050.353044 20.045 0.099 54050.354711 19.672 0.028 54050.351377 19.543 0.03 54050.352211 19.256 0.033 54050.353877 19.328 0.105 43.483649 0.182604
54053.372507 19.769 0.048 54053.374174 -99.99 0.026 54053.370841 -99.99 0.02 54053.371674 19.196 0.021 54053.373341 -99.99 0.078 43.483649 0.182604
54056.358874 19.818 0.045 54056.360541 19.703 0.018 54056.357208 19.579 0.028 54056.358041 19.256 0.025 54056.359708 19.228 0.063 43.483649 0.182604
54059.353175 19.875 0.055 54059.354842 19.69 0.019 54059.351508 19.574 0.023 54059.352342 19.228 0.046 54059.354008 19.331 0.083 43.483649 0.182604
54061.364258 20.021 0.102 54061.365925 19.664 0.036 54061.362592 19.523 0.034 54061.363425 19.212 0.032 54061.365092 19.101 0.092 43.483649 0.182604
54062.358113 19.796 0.043 54062.359779 19.666 0.021 54062.356446 19.589 0.018 54062.357279 19.245 0.019 54062.358946 19.286 0.065 43.483649 0.182604
54064.354486 -99.99 0.049 54064.356153 19.688 0.016 54064.352819 19.631 0.023 54064.353653 19.228 0.021 54064.355319 19.175 0.066 43.483649 0.182604
54068.338635 -99.99 0.099 54068.340302 19.644 0.022 54068.336968 19.599 0.096 54068.337802 -99.99 0.046 54068.339468 19.251 0.121 43.483649 0.182604
54357.39633 19.793 0.037 54357.397997 19.602 0.017 54357.394664 19.513 0.024 54357.395497 19.18 0.022 54357.397164 19.158 0.047 43.483649 0.182604
54362.446185 19.84 0.037 54362.447852 19.617 0.022 54362.444518 19.518 0.018 54362.445352 19.147 0.018 54362.447018 19.24 0.049 43.483649 0.182604
54376.441272 19.637 0.041 54376.442939 19.637 0.019 54376.439606 19.506 0.018 54376.440439 19.175 0.016 54376.442106 19.152 0.05 43.483649 0.182604
54382.426373 19.74 0.044 54382.428039 19.609 0.027 54382.424706 19.555 0.029 54382.425539 19.211 0.026 54382.427206 19.195 0.067 43.483649 0.182604
54385.444196 19.726 0.043 54385.445863 19.649 0.021 54385.442529 19.519 0.021 54385.443363 19.187 0.02 54385.445029 19.085 0.053 43.483649 0.182604
54387.444648 19.857 0.075 54387.446315 19.65 0.031 54387.442982 19.531 0.025 54387.443815 19.147 0.029 54387.445482 -99.99 0.13 43.483649 0.182604
54390.437083 -99.99 0.552 54390.43875 -99.99 0.019 54390.435417 -99.99 0.124 54390.43625 -99.99 0.105 54390.437917 -99.99 0.249 43.483649 0.182604
54391.445499 19.804 0.084 54391.447166 19.614 0.037 54391.443833 19.477 0.029 54391.444666 19.19 0.035 54391.446333 18.968 0.103 43.483649 0.182604
54402.43781 -99.99 0.117 54402.439477 19.626 0.037 54402.436144 19.516 0.032 54402.436977 19.171 0.029 54402.438644 19.068 0.068 43.483649 0.182604
