51081.395757 19.863 0.043 51081.397423 19.764 0.018 51081.39409 19.66 0.019 51081.394923 19.278 0.021 51081.39659 19.323 0.063 40.501032 0.580834
51819.466858 19.955 0.058 51819.468524 -99.99 0.019 51819.465191 19.621 0.022 51819.466024 19.36 0.028 51819.467691 19.305 0.069 40.501032 0.580834
51875.210737 19.844 0.04 51875.212403 19.718 0.016 51875.20907 19.622 0.018 51875.209903 19.277 0.02 51875.21157 19.229 0.06 40.501032 0.580834
52225.29156 19.747 0.039 52225.293226 19.6 0.013 52225.289893 19.545 0.017 52225.290726 19.238 0.018 52225.292393 19.22 0.049 40.501032 0.580834
52288.125983 19.674 0.035 52288.127649 19.531 0.014 52288.124316 19.49 0.017 52288.125149 19.207 0.018 52288.126816 19.126 0.044 40.501032 0.580834
52551.39927 19.818 0.037 52551.400936 19.747 0.015 52551.397603 19.68 0.018 52551.398436 19.354 0.021 52551.400103 19.429 0.061 40.501032 0.580834
52558.432144 -99.99 0.037 52558.43381 19.789 0.015 52558.430477 19.673 0.017 52558.43131 19.323 0.018 52558.432977 19.366 0.053 40.501032 0.580834
52578.303753 19.878 0.038 52578.305419 19.769 0.015 52578.302086 19.696 0.017 52578.302919 19.361 0.02 52578.304586 19.529 0.067 40.501032 0.580834
52585.266732 19.856 0.036 52585.268398 19.771 0.015 52585.265065 19.686 0.017 52585.265898 19.347 0.022 52585.267565 19.403 0.075 40.501032 0.580834
52909.433365 20.046 0.042 52909.435031 19.977 0.017 52909.431698 19.844 0.019 52909.432531 19.439 0.021 52909.434198 19.469 0.059 40.501032 0.580834
52910.40361 20.174 0.056 52910.405276 19.948 0.018 52910.401943 19.802 0.02 52910.402776 19.484 0.024 52910.404443 19.511 0.067 40.501032 0.580834
52935.330778 20.152 0.055 52935.332444 19.981 0.019 52935.329111 19.809 0.023 52935.329944 19.421 0.025 52935.331611 19.601 0.087 40.501032 0.580834
52963.253856 20.03 0.041 52963.255522 19.95 0.017 52963.252189 19.828 0.019 52963.253022 19.425 0.02 52963.254689 19.515 0.058 40.501032 0.580834
52971.244772 20.053 0.052 52971.246438 19.964 0.02 52971.243105 19.822 0.023 52971.243938 19.456 0.025 52971.245605 19.615 0.075 40.501032 0.580834
53351.17616 20.104 0.048 53351.177826 19.917 0.018 53351.174493 19.849 0.022 53351.175326 19.396 0.025 53351.176993 19.431 0.074 40.501032 0.580834
53622.43321 19.713 0.039 53622.434876 19.644 0.014 53622.431543 19.579 0.016 53622.432376 19.288 0.02 53622.434043 19.408 0.056 40.501032 0.580834
53627.390309 19.771 0.038 53627.391975 19.654 0.014 53627.388642 19.633 0.017 53627.389475 19.3 0.018 53627.391142 19.41 0.054 40.501032 0.580834
53634.382682 19.813 0.089 53634.384348 19.723 0.041 53634.381015 19.622 0.032 53634.381848 19.275 0.027 53634.383515 19.267 0.062 40.501032 0.580834
53638.424018 19.801 0.044 53638.425684 19.658 0.018 53638.422351 19.611 0.017 53638.423184 19.32 0.02 53638.424851 19.275 0.053 40.501032 0.580834
53640.388053 19.856 0.045 53640.389719 -99.99 0.017 53640.386386 19.615 0.019 53640.387219 19.337 0.021 53640.388886 19.374 0.059 40.501032 0.580834
53655.360227 19.87 0.041 53655.361893 19.638 0.014 53655.35856 19.582 0.017 53655.359393 19.28 0.02 53655.36106 19.31 0.056 40.501032 0.580834
53663.449879 19.921 0.121 53663.451545 19.703 0.037 53663.448212 19.548 0.03 53663.449045 19.367 0.031 53663.450712 19.241 0.061 40.501032 0.580834
53664.385183 19.746 0.062 53664.386849 19.682 0.027 53664.383516 19.637 0.028 53664.384349 19.343 0.026 53664.386016 19.354 0.063 40.501032 0.580834
53665.449812 19.866 0.081 53665.451478 19.644 0.027 53665.448145 19.573 0.025 53665.448978 19.266 0.026 53665.450645 19.167 0.066 40.501032 0.580834
53668.438428 19.738 0.083 53668.440094 19.695 0.027 53668.436761 19.64 0.03 53668.437594 19.347 0.031 53668.439261 19.238 0.083 40.501032 0.580834
53669.344428 19.847 0.064 53669.346094 -99.99 0.021 53669.342761 19.661 0.024 53669.343594 19.335 0.034 53669.345261 19.458 0.1 40.501032 0.580834
53670.444402 19.944 0.078 53670.446068 -99.99 0.021 53670.442735 19.626 0.024 53670.443568 19.316 0.025 53670.445235 19.377 0.071 40.501032 0.580834
53671.429178 -99.99 0.052 53671.430844 19.651 0.017 53671.427511 19.618 0.02 53671.428344 19.316 0.022 53671.430011 19.381 0.063 40.501032 0.580834
53674.328665 19.688 0.043 53674.330331 19.631 0.016 53674.326998 19.6 0.02 53674.327831 19.269 0.025 53674.329498 19.327 0.07 40.501032 0.580834
53676.418122 -99.99 0.054 53676.419788 19.66 0.018 53676.416455 19.604 0.02 53676.417288 19.321 0.021 53676.418955 19.405 0.059 40.501032 0.580834
53679.390023 19.856 0.051 53679.391689 19.738 0.018 53679.388356 19.614 0.022 53679.389189 19.29 0.026 53679.390856 19.378 0.089 40.501032 0.580834
53681.381536 19.898 0.045 53681.383202 19.653 0.015 53681.379869 19.614 0.017 53681.380702 19.281 0.018 53681.382369 19.394 0.05 40.501032 0.580834
53684.343033 19.799 0.068 53684.344699 -99.99 0.021 53684.341366 19.481 0.037 53684.342199 19.243 0.036 53684.343866 -99.99 0.11 40.501032 0.580834
53687.284347 19.748 0.106 53687.286013 19.576 0.046 53687.28268 19.577 0.042 53687.283513 19.344 0.038 53687.28518 19.266 0.086 40.501032 0.580834
53694.354485 19.956 0.117 53694.356151 19.706 0.033 53694.352818 19.59 0.026 53694.353651 19.322 0.028 53694.355318 19.539 0.088 40.501032 0.580834
53697.338562 19.908 0.056 53697.340228 19.689 0.019 53697.336895 19.642 0.021 53697.337728 19.303 0.024 53697.339395 19.407 0.06 40.501032 0.580834
53700.337519 19.812 0.051 53700.339185 19.7 0.017 53700.335852 19.616 0.021 53700.336685 19.317 0.024 53700.338352 19.424 0.087 40.501032 0.580834
53705.32419 19.847 0.053 53705.325856 19.7 0.017 53705.322523 19.633 0.021 53705.323356 19.294 0.023 53705.325023 19.432 0.071 40.501032 0.580834
53996.415989 19.895 0.057 53996.417655 19.709 0.022 53996.414322 19.63 0.018 53996.415155 19.322 0.02 53996.416822 19.391 0.05 40.501032 0.580834
54005.429081 19.865 0.043 54005.430748 19.693 0.024 54005.427414 19.667 0.019 54005.428248 19.325 0.018 54005.429914 19.426 0.051 40.501032 0.580834
54009.442906 19.865 0.037 54009.444573 19.697 0.024 54009.44124 19.634 0.017 54009.442073 19.346 0.023 54009.44374 19.343 0.048 40.501032 0.580834
54010.370044 19.855 0.033 54010.371711 19.705 0.015 54010.368377 19.653 0.016 54010.369211 19.37 0.02 54010.370877 19.399 0.044 40.501032 0.580834
54012.362907 19.841 0.054 54012.364574 19.734 0.028 54012.361241 19.634 0.024 54012.362074 19.34 0.023 54012.363741 19.383 0.059 40.501032 0.580834
54020.400948 19.88 0.061 54020.402614 19.695 0.027 54020.399281 19.681 0.025 54020.400114 19.328 0.029 54020.401781 19.423 0.066 40.501032 0.580834
54024.450465 19.85 0.053 54024.452132 19.74 0.022 54024.448799 19.638 0.027 54024.449632 19.315 0.025 54024.451299 19.443 0.066 40.501032 0.580834
54028.438752 19.943 0.058 54028.440419 -99.99 0.023 54028.437086 19.62 0.028 54028.437919 19.365 0.023 54028.439586 19.53 0.073 40.501032 0.580834
54030.394171 19.829 0.041 54030.395838 19.689 0.02 54030.392505 19.605 0.019 54030.393338 19.301 0.022 54030.395005 19.423 0.058 40.501032 0.580834
54035.438222 19.886 0.056 54035.439888 19.697 0.019 54035.436555 19.643 0.035 54035.437388 19.34 0.027 54035.439055 19.265 0.07 40.501032 0.580834
54037.34367 19.738 0.035 54037.345336 19.702 0.016 54037.342003 19.631 0.019 54037.342836 19.321 0.02 54037.344503 19.385 0.042 40.501032 0.580834
54040.358147 19.743 0.036 54040.359813 19.684 0.022 54040.35648 19.633 0.021 54040.357313 19.376 0.023 54040.35898 19.45 0.059 40.501032 0.580834
54041.393727 -99.99 0.061 54041.395394 19.711 0.028 54041.39206 19.672 0.026 54041.392894 19.297 0.025 54041.39456 19.355 0.059 40.501032 0.580834
54047.388799 19.42 0.14 54047.390465 19.751 0.069 54047.387132 19.511 0.052 54047.387965 19.375 0.054 54047.389632 19.313 0.106 40.501032 0.580834
54049.384599 19.939 0.099 54049.386265 19.698 0.032 54049.382932 19.561 0.025 54049.383765 19.334 0.027 54049.385432 19.241 0.067 40.501032 0.580834
54053.364244 19.843 0.046 54053.36591 -99.99 0.02 54053.362577 -99.99 0.021 54053.36341 19.361 0.024 54053.365077 -99.99 0.077 40.501032 0.580834
54056.350593 19.879 0.043 54056.35226 19.711 0.02 54056.348927 19.603 0.024 54056.34976 19.322 0.027 54056.351427 19.303 0.063 40.501032 0.580834
54059.344896 19.88 0.05 54059.346562 19.658 0.021 54059.343229 19.654 0.023 54059.344062 19.384 0.027 54059.345729 19.421 0.091 40.501032 0.580834
54061.355958 19.82 0.076 54061.357625 19.622 0.021 54061.354291 19.658 0.031 54061.355125 19.296 0.032 54061.356791 19.269 0.09 40.501032 0.580834
54062.349813 19.912 0.041 54062.35148 19.705 0.018 54062.348146 19.635 0.021 54062.34898 19.333 0.021 54062.350646 19.451 0.061 40.501032 0.580834
54064.346212 19.809 0.045 54064.347879 19.679 0.022 54064.344546 19.622 0.019 54064.345379 19.307 0.022 54064.347046 19.33 0.055 40.501032 0.580834
54068.330385 19.889 0.071 54068.332052 -99.99 0.091 54068.328718 -99.99 0.055 54068.329552 19.394 0.039 54068.331218 19.486 0.148 40.501032 0.580834
54357.388074 19.935 0.034 54357.389741 19.803 0.019 54357.386407 19.726 0.021 54357.387241 19.343 0.025 54357.388907 19.391 0.046 40.501032 0.580834
54362.437933 19.908 0.034 54362.4396 19.802 0.018 54362.436266 19.695 0.018 54362.4371 19.41 0.022 54362.438766 19.5 0.052 40.501032 0.580834
54376.433039 19.924 0.046 54376.434706 19.829 0.025 54376.431372 19.669 0.021 54376.432206 19.361 0.021 54376.433872 19.531 0.059 40.501032 0.580834
54382.418097 19.863 0.074 54382.419764 -99.99 0.025 54382.416431 19.715 0.03 54382.417264 19.424 0.026 54382.418931 19.42 0.081 40.501032 0.580834
54385.435917 19.872 0.041 54385.437583 19.824 0.019 54385.43425 19.725 0.018 54385.435083 19.361 0.021 54385.43675 19.471 0.051 40.501032 0.580834
54387.436399 19.886 0.067 54387.438066 19.802 0.025 54387.434733 19.691 0.05 54387.435566 19.372 0.033 54387.437233 19.484 0.083 40.501032 0.580834
54390.428845 19.872 0.065 54390.430511 -99.99 0.071 54390.427178 19.689 0.044 54390.428011 19.399 0.04 54390.429678 19.36 0.116 40.501032 0.580834
54402.429586 19.992 0.129 54402.431253 19.864 0.044 54402.42792 19.696 0.034 54402.428753 19.376 0.03 54402.43042 19.377 0.069 40.501032 0.580834
