51081.319615 17.012 0.008 51081.321281 16.611 0.004 51081.317948 16.32 0.004 51081.318781 16.117 0.005 51081.320448 15.774 0.007 13.0232 0.593948
51819.390908 16.912 0.008 51819.392574 16.498 0.004 51819.389241 16.221 0.004 51819.390074 16.027 0.004 51819.391741 15.7 0.006 13.0232 0.593948
52558.356045 16.825 0.008 52558.357711 16.358 0.004 52558.354378 16.072 0.004 52558.355211 15.881 0.005 52558.356878 15.574 0.006 13.0232 0.593948
52577.243549 16.823 0.007 52577.245215 16.371 0.004 52577.241882 16.075 0.004 52577.242715 15.872 0.004 52577.244382 15.57 0.006 13.0232 0.593948
52586.247027 16.862 0.007 52586.248693 16.394 0.004 52586.24536 16.093 0.004 52586.246193 15.887 0.004 52586.24786 15.564 0.006 13.0232 0.593948
52910.327508 17.092 0.008 52910.329174 16.612 0.004 52910.325841 16.339 0.004 52910.326674 16.112 0.004 52910.328341 15.752 0.006 13.0232 0.593948
52931.257711 17.113 0.008 52931.259377 16.637 0.004 52931.256044 16.344 0.004 52931.256877 16.12 0.004 52931.258544 15.761 0.006 13.0232 0.593948
52935.254674 17.114 0.008 52935.25634 16.639 0.004 52935.253007 16.343 0.004 52935.25384 16.121 0.004 52935.255507 15.765 0.006 13.0232 0.593948
52959.198004 17.091 0.008 52959.19967 16.626 0.004 52959.196337 16.335 0.005 52959.19717 16.12 0.005 52959.198837 15.769 0.006 13.0232 0.593948
52963.177747 17.077 0.008 52963.179413 16.627 0.004 52963.17608 16.344 0.005 52963.176913 16.118 0.005 52963.17858 15.765 0.006 13.0232 0.593948
53352.148814 16.976 0.008 53352.15048 16.545 0.004 53352.147147 16.274 0.004 53352.14798 16.077 0.004 53352.149647 15.739 0.006 13.0232 0.593948
53622.357112 16.994 0.009 53622.358778 16.542 0.005 53622.355445 16.3 0.005 53622.356278 16.084 0.005 53622.357945 15.778 0.008 13.0232 0.593948
53634.306583 16.959 0.01 53634.308249 16.569 0.004 53634.304916 16.294 0.004 53634.305749 16.094 0.004 53634.307416 15.798 0.006 13.0232 0.593948
53638.347917 16.982 0.008 53638.349583 16.55 0.004 53638.34625 16.285 0.004 53638.347083 16.109 0.005 53638.34875 15.767 0.006 13.0232 0.593948
53640.311953 16.96 0.008 53640.313619 16.533 0.004 53640.310286 16.271 0.004 53640.311119 16.1 0.004 53640.312786 15.78 0.006 13.0232 0.593948
53655.284124 16.971 0.008 53655.28579 16.521 0.004 53655.282457 16.265 0.004 53655.28329 16.072 0.004 53655.284957 15.738 0.006 13.0232 0.593948
53664.309081 16.964 0.01 53664.310747 16.536 0.004 53664.307414 16.265 0.005 53664.308247 16.077 0.005 53664.309914 15.773 0.006 13.0232 0.593948
53669.268324 16.962 0.008 53669.26999 16.541 0.004 53669.266657 16.264 0.005 53669.26749 16.066 0.005 53669.269157 15.739 0.006 13.0232 0.593948
53671.353088 16.933 0.01 53671.354754 16.53 0.004 53671.351421 16.257 0.004 53671.352254 16.063 0.004 53671.353921 15.759 0.006 13.0232 0.593948
53674.25256 16.913 0.008 53674.254226 16.485 0.003 53674.250893 16.242 0.004 53674.251726 16.054 0.004 53674.253393 15.751 0.006 13.0232 0.593948
53676.342033 16.953 0.009 53676.343699 16.503 0.004 53676.340366 16.253 0.004 53676.341199 16.064 0.005 53676.342866 15.737 0.006 13.0232 0.593948
53679.313927 16.937 0.01 53679.315593 16.508 0.004 53679.31226 16.233 0.006 53679.313093 16.037 0.006 53679.31476 15.727 0.009 13.0232 0.593948
53681.30544 16.949 0.009 53681.307106 16.475 0.004 53681.303773 16.242 0.004 53681.304606 16.053 0.004 53681.306273 15.75 0.007 13.0232 0.593948
53685.264492 16.952 0.012 53685.266158 16.503 0.005 53685.262825 16.247 0.004 53685.263658 16.059 0.004 53685.265325 15.739 0.006 13.0232 0.593948
53694.278369 16.916 0.013 53694.280035 16.461 0.005 53694.276702 16.226 0.004 53694.277535 15.983 0.004 53694.279202 15.707 0.007 13.0232 0.593948
53697.262464 16.947 0.009 53697.26413 16.491 0.004 53697.260797 16.232 0.004 53697.26163 16.043 0.004 53697.263297 15.742 0.007 13.0232 0.593948
53700.261422 16.928 0.01 53700.263088 16.468 0.005 53700.259755 16.217 0.007 53700.260588 16.014 0.007 53700.262255 15.725 0.009 13.0232 0.593948
53705.248093 16.932 0.008 53705.249759 16.46 0.004 53705.246426 16.22 0.004 53705.247259 16.034 0.004 53705.248926 15.737 0.006 13.0232 0.593948
53975.333093 16.851 0.019 53975.334759 16.361 0.019 53975.331426 16.105 0.015 53975.332259 15.925 0.019 53975.333926 15.616 0.018 13.0232 0.593948
53990.345918 16.88 0.014 53990.347585 16.395 0.015 53990.344252 16.111 0.01 53990.345085 15.914 0.01 53990.346752 15.623 0.016 13.0232 0.593948
53994.356085 16.872 0.018 53994.357752 16.396 0.012 53994.354418 16.128 0.02 53994.355252 15.92 0.011 53994.356918 15.623 0.017 13.0232 0.593948
53996.339817 16.88 0.024 53996.341484 16.378 0.015 53996.338151 16.119 0.012 53996.338984 15.92 0.014 53996.340651 15.597 0.022 13.0232 0.593948
53998.308488 16.89 0.03 53998.310154 -99.99 0.016 53998.306821 16.093 0.012 53998.307654 -99.99 0.014 53998.309321 15.615 0.014 13.0232 0.593948
54010.293931 16.916 0.018 54010.295598 16.394 0.013 54010.292264 16.135 0.011 54010.293098 15.947 0.012 54010.294764 15.605 0.01 13.0232 0.593948
54012.28679 16.901 0.012 54012.288457 16.411 0.016 54012.285124 16.152 0.011 54012.285957 15.964 0.016 54012.287624 15.608 0.019 13.0232 0.593948
54020.29277 16.882 0.012 54020.294437 16.386 0.011 54020.291104 16.119 0.009 54020.291937 15.934 0.01 54020.293604 15.62 0.014 13.0232 0.593948
54024.374447 16.842 0.019 54024.376114 16.393 0.02 54024.372781 16.12 0.014 54024.373614 15.933 0.012 54024.375281 15.606 0.012 13.0232 0.593948
54028.362652 16.894 0.023 54028.364318 16.449 0.013 54028.360985 16.145 0.013 54028.361818 15.941 0.012 54028.363485 15.607 0.029 13.0232 0.593948
54030.286345 16.886 0.009 54030.288012 16.416 0.013 54030.284678 16.127 0.014 54030.285512 15.94 0.015 54030.287178 15.642 0.016 13.0232 0.593948
54035.362127 16.903 0.022 54035.363794 16.413 0.013 54035.360461 16.144 0.009 54035.361294 15.951 0.028 54035.362961 15.578 0.035 13.0232 0.593948
54037.267575 -99.99 0.009 54037.269242 16.412 0.009 54037.265908 16.128 0.013 54037.266742 15.949 0.016 54037.268408 15.603 0.014 13.0232 0.593948
54040.282047 16.874 0.015 54040.283713 16.385 0.013 54040.28038 16.1 0.016 54040.281213 15.949 0.013 54040.28288 15.621 0.022 13.0232 0.593948
54049.308626 16.923 0.02 54049.310293 16.408 0.015 54049.30696 16.136 0.009 54049.307793 15.934 0.011 54049.30946 15.615 0.011 13.0232 0.593948
54053.272914 16.846 0.022 54053.274581 16.409 0.023 54053.271247 16.125 0.014 54053.272081 15.923 0.025 54053.273747 15.641 0.02 13.0232 0.593948
54056.27464 16.896 0.016 54056.276306 16.367 0.017 54056.272973 16.118 0.017 54056.273806 15.923 0.009 54056.275473 15.585 0.025 13.0232 0.593948
54059.268791 16.913 0.011 54059.270458 16.405 0.023 54059.267124 16.136 0.033 54059.267958 15.916 0.027 54059.269624 15.586 0.036 13.0232 0.593948
54061.279872 16.905 0.017 54061.281539 16.427 0.014 54061.278205 16.115 0.021 54061.279039 15.913 0.015 54061.280705 15.633 0.017 13.0232 0.593948
54062.273662 16.895 0.019 54062.275329 16.397 0.015 54062.271995 16.146 0.017 54062.272829 15.96 0.012 54062.274495 15.653 0.013 13.0232 0.593948
54068.254442 16.898 0.018 54068.256109 16.388 0.013 54068.252775 16.14 0.031 54068.253609 15.932 0.015 54068.255275 15.634 0.016 13.0232 0.593948
54357.311972 16.913 0.011 54357.313639 16.469 0.014 54357.310306 16.188 0.011 54357.311139 16.022 0.018 54357.312806 15.679 0.017 13.0232 0.593948
54362.361782 16.861 0.03 54362.363449 16.472 0.021 54362.360115 16.183 0.017 54362.360949 16.026 0.013 54362.362615 15.678 0.025 13.0232 0.593948
54376.356924 -99.99 0.018 54376.35859 16.433 0.013 54376.355257 -99.99 0.014 54376.35609 -99.99 0.015 54376.357757 -99.99 0.022 13.0232 0.593948
54382.342016 16.907 0.01 54382.343683 16.435 0.011 54382.34035 16.164 0.018 54382.341183 15.949 0.019 54382.34285 15.666 0.014 13.0232 0.593948
54385.359805 16.892 0.019 54385.361471 16.473 0.016 54385.358138 16.172 0.009 54385.358971 15.992 0.01 54385.360638 15.703 0.014 13.0232 0.593948
54387.360308 16.887 0.019 54387.361974 16.432 0.014 54387.358641 16.187 0.013 54387.359474 15.986 0.013 54387.361141 15.675 0.02 13.0232 0.593948
54390.352699 16.945 0.018 54390.354365 16.444 0.015 54390.351032 16.171 0.014 54390.351865 15.992 0.01 54390.353532 15.661 0.017 13.0232 0.593948
54391.361254 16.911 0.017 54391.36292 16.421 0.02 54391.359587 16.144 0.013 54391.36042 15.961 0.023 54391.362087 15.663 0.027 13.0232 0.593948
54392.355032 16.893 0.02 54392.356699 16.431 0.023 54392.353365 16.165 0.064 54392.354199 15.996 0.018 54392.355865 15.669 0.014 13.0232 0.593948
54402.353574 16.909 0.027 54402.35524 16.495 0.017 54402.351907 16.182 0.015 54402.35274 15.984 0.015 54402.354407 15.666 0.013 13.0232 0.593948
