51075.421825 19.424 0.029 51075.423491 19.067 0.01 51075.420158 18.639 0.01 51075.420991 18.521 0.013 51075.422658 18.544 0.041 44.030209 1.177403
51818.391501 19.064 0.024 51818.393167 18.749 0.009 51818.389834 18.388 0.008 51818.390667 18.335 0.011 51818.392334 18.318 0.03 44.030209 1.177403
52171.379583 19.332 0.031 52171.381249 18.911 0.011 52171.377916 18.484 0.011 52171.378749 18.396 0.013 52171.380416 18.327 0.029 44.030209 1.177403
52173.355831 19.331 0.033 52173.357497 18.931 0.01 52173.354164 18.477 0.009 52173.354997 18.41 0.012 52173.356664 18.535 0.04 44.030209 1.177403
52224.336003 19.294 0.028 52224.337669 18.941 0.009 52224.334336 18.496 0.009 52224.335169 18.4 0.013 52224.336836 18.389 0.03 44.030209 1.177403
52234.292488 19.388 0.033 52234.294154 18.954 0.01 52234.290821 18.509 0.009 52234.291654 18.415 0.011 52234.293321 18.505 0.032 44.030209 1.177403
52261.255843 19.377 0.03 52261.257509 18.984 0.01 52261.254176 18.497 0.009 52261.255009 18.413 0.01 52261.256676 18.445 0.029 44.030209 1.177403
52283.123216 19.417 0.035 52283.124882 18.977 0.01 52283.121549 18.497 0.01 52283.122382 18.426 0.012 52283.124049 18.468 0.04 44.030209 1.177403
52287.136339 19.289 0.029 52287.138005 18.953 0.01 52287.134672 18.491 0.01 52287.135505 18.439 0.012 52287.137172 18.405 0.03 44.030209 1.177403
52552.455033 19.272 0.026 52552.456699 18.944 0.009 52552.453366 18.486 0.008 52552.454199 18.425 0.011 52552.455866 18.398 0.031 44.030209 1.177403
52557.429391 19.283 0.028 52557.431057 18.924 0.01 52557.427724 18.486 0.009 52557.428557 18.388 0.012 52557.430224 18.345 0.033 44.030209 1.177403
52585.33072 19.302 0.025 52585.332386 18.94 0.009 52585.329053 18.499 0.008 52585.329886 18.409 0.01 52585.331553 18.465 0.031 44.030209 1.177403
52908.40396 19.205 0.028 52908.405626 18.803 0.008 52908.402293 18.421 0.008 52908.403126 18.342 0.011 52908.404793 18.386 0.032 44.030209 1.177403
52912.383399 19.128 0.027 52912.385065 18.797 0.009 52912.381732 18.411 0.008 52912.382565 18.323 0.01 52912.384232 18.367 0.031 44.030209 1.177403
52934.335865 19.115 0.026 52934.337531 18.784 0.009 52934.334198 18.381 0.008 52934.335031 18.309 0.011 52934.336698 18.311 0.032 44.030209 1.177403
52936.331792 19.017 0.024 52936.333458 18.754 0.009 52936.330125 18.374 0.008 52936.330958 18.285 0.01 52936.332625 18.248 0.029 44.030209 1.177403
53270.395853 18.891 0.026 53270.397519 18.626 0.017 53270.394186 18.258 0.011 53270.395019 18.203 0.013 53270.396686 18.259 0.031 44.030209 1.177403
53272.445791 18.923 0.025 53272.447457 18.594 0.009 53272.444124 18.262 0.01 53272.444957 18.18 0.011 53272.446624 18.193 0.029 44.030209 1.177403
53286.41451 18.928 0.028 53286.416176 18.59 0.008 53286.412843 18.254 0.008 53286.413676 18.206 0.01 53286.415343 18.189 0.029 44.030209 1.177403
53288.373004 18.926 0.024 53288.37467 18.595 0.01 53288.371337 18.252 0.011 53288.37217 18.198 0.012 53288.373837 18.215 0.029 44.030209 1.177403
53294.420675 -99.99 0.061 53294.422341 -99.99 0.012 53294.419008 -99.99 0.023 53294.419841 -99.99 0.019 53294.421508 18.136 0.073 44.030209 1.177403
53296.367693 18.924 0.023 53296.36936 18.611 0.012 53296.366027 18.27 0.018 53296.36686 18.191 0.019 53296.368527 18.204 0.029 44.030209 1.177403
53298.417451 18.974 0.025 53298.419117 18.608 0.011 53298.415784 18.251 0.012 53298.416617 18.178 0.013 53298.418284 18.222 0.032 44.030209 1.177403
53302.368672 18.966 0.029 53302.370338 18.614 0.011 53302.367005 18.249 0.01 53302.367838 18.197 0.011 53302.369505 18.234 0.029 44.030209 1.177403
53312.32423 18.982 0.029 53312.325897 18.611 0.016 53312.322564 18.252 0.018 53312.323397 18.204 0.018 53312.325064 18.146 0.032 44.030209 1.177403
53314.325403 18.988 0.029 53314.327069 -99.99 0.009 53314.323736 18.252 0.009 53314.324569 18.218 0.011 53314.326236 18.26 0.034 44.030209 1.177403
53319.313199 18.997 0.029 53319.314865 18.63 0.008 53319.311532 18.266 0.009 53319.312365 18.21 0.012 53319.314032 18.187 0.03 44.030209 1.177403
53616.429756 18.898 0.026 53616.431422 18.593 0.008 53616.428089 18.223 0.008 53616.428922 18.167 0.01 53616.430589 18.129 0.028 44.030209 1.177403
53626.406183 18.927 0.036 53626.407849 18.561 0.009 53626.404516 18.206 0.009 53626.405349 18.169 0.012 53626.407016 18.164 0.03 44.030209 1.177403
53628.391048 18.891 0.028 53628.392714 18.57 0.01 53628.389381 18.21 0.009 53628.390214 18.17 0.011 53628.391881 18.184 0.032 44.030209 1.177403
53639.438044 18.827 0.025 53639.43971 18.532 0.011 53639.436377 18.195 0.01 53639.43721 18.134 0.012 53639.438877 18.131 0.025 44.030209 1.177403
53641.43721 18.856 0.026 53641.438876 18.516 0.008 53641.435543 18.206 0.008 53641.436376 18.15 0.009 53641.438043 18.183 0.026 44.030209 1.177403
53657.396094 18.748 0.029 53657.39776 18.497 0.011 53657.394427 18.201 0.01 53657.39526 18.128 0.012 53657.396927 18.019 0.03 44.030209 1.177403
53663.380642 18.829 0.037 53663.382308 18.49 0.012 53663.378975 18.186 0.011 53663.379808 18.114 0.012 53663.381475 18.173 0.028 44.030209 1.177403
53665.358614 18.769 0.027 53665.36028 18.504 0.01 53665.356947 18.191 0.009 53665.35778 18.162 0.01 53665.359447 18.164 0.03 44.030209 1.177403
53666.450724 -99.99 0.032 53666.45239 18.525 0.01 53666.449057 18.18 0.008 53666.44989 18.128 0.01 53666.451557 18.124 0.025 44.030209 1.177403
53668.370243 18.84 0.03 53668.371909 18.519 0.009 53668.368576 18.181 0.009 53668.369409 18.135 0.01 53668.371076 18.155 0.03 44.030209 1.177403
53669.457855 18.798 0.032 53669.459521 18.503 0.01 53669.456188 18.199 0.009 53669.457021 18.115 0.011 53669.458688 18.113 0.029 44.030209 1.177403
53670.375095 18.758 0.025 53670.376761 18.487 0.008 53670.373428 18.184 0.008 53670.374261 18.118 0.01 53670.375928 18.155 0.029 44.030209 1.177403
53673.343083 18.76 0.021 53673.344749 18.489 0.007 53673.341416 18.184 0.007 53673.342249 18.106 0.008 53673.343916 18.082 0.021 44.030209 1.177403
53675.33997 18.761 0.022 53675.341636 18.493 0.008 53675.338303 18.181 0.008 53675.339136 18.14 0.009 53675.340803 18.171 0.026 44.030209 1.177403
53677.360999 18.809 0.022 53677.362665 18.497 0.007 53677.359332 18.171 0.007 53677.360165 18.109 0.008 53677.361832 18.158 0.022 44.030209 1.177403
53680.347668 18.844 0.023 53680.349334 18.496 0.007 53680.346001 18.175 0.007 53680.346834 18.106 0.009 53680.348501 18.164 0.024 44.030209 1.177403
53683.406218 18.916 0.049 53683.407884 18.537 0.021 53683.404551 18.17 0.012 53683.405384 18.133 0.017 53683.407051 -99.99 0.085 44.030209 1.177403
53686.347099 18.898 0.039 53686.348765 18.518 0.013 53686.345432 18.186 0.011 53686.346265 18.117 0.012 53686.347932 18.057 0.027 44.030209 1.177403
53687.404483 19.17 0.16 53687.406149 18.494 0.027 53687.402816 18.236 0.022 53687.403649 -99.99 0.021 53687.405316 -99.99 0.05 44.030209 1.177403
53693.349557 18.838 0.05 53693.351223 18.547 0.015 53693.34789 18.179 0.011 53693.348723 18.137 0.013 53693.35039 18.156 0.032 44.030209 1.177403
53699.370394 18.789 0.032 53699.37206 -99.99 0.009 53699.368727 18.178 0.008 53699.36956 18.106 0.01 53699.371227 18.116 0.025 44.030209 1.177403
53704.332879 18.8 0.024 53704.334545 -99.99 0.007 53704.331212 18.163 0.008 53704.332045 18.089 0.01 53704.333712 18.146 0.025 44.030209 1.177403
53989.428975 19.201 0.042 53989.430642 18.782 0.02 53989.427308 18.359 0.017 53989.428142 18.303 0.017 53989.429808 -99.99 0.029 44.030209 1.177403
53997.452506 19.305 0.026 53997.454173 18.82 0.015 53997.450839 18.375 0.014 53997.451673 18.296 0.014 53997.453339 -99.99 0.03 44.030209 1.177403
54000.404365 19.336 0.035 54000.406031 18.844 0.012 54000.402698 -99.99 0.027 54000.403531 18.297 0.018 54000.405198 18.242 0.048 44.030209 1.177403
54007.454507 19.263 0.031 54007.456174 18.841 0.016 54007.452841 18.377 0.022 54007.453674 18.3 0.017 54007.455341 18.242 0.033 44.030209 1.177403
54009.378284 19.256 0.024 54009.379951 18.841 0.011 54009.376617 18.373 0.016 54009.377451 18.286 0.014 54009.379117 18.283 0.024 44.030209 1.177403
54011.442754 19.195 0.027 54011.44442 18.874 0.018 54011.441087 18.358 0.014 54011.44192 18.26 0.015 54011.443587 18.256 0.029 44.030209 1.177403
54012.455565 19.248 0.031 54012.457231 18.863 0.025 54012.453898 18.383 0.019 54012.454731 18.293 0.015 54012.456398 18.472 0.057 44.030209 1.177403
54019.437899 19.275 0.049 54019.439565 18.86 0.016 54019.436232 18.411 0.017 54019.437065 18.299 0.025 54019.438732 18.104 0.034 44.030209 1.177403
54025.441775 19.252 0.034 54025.443442 18.866 0.013 54025.440109 18.415 0.014 54025.440942 18.321 0.014 54025.442609 18.344 0.029 44.030209 1.177403
54346.435556 19.047 0.044 54346.437222 18.665 0.021 54346.433889 18.305 0.015 54346.434722 18.224 0.018 54346.436389 18.225 0.034 44.030209 1.177403
54348.439529 19.012 0.03 54348.441196 18.696 0.013 54348.437862 18.302 0.022 54348.438696 18.231 0.019 54348.440362 18.19 0.026 44.030209 1.177403
54358.395376 19.071 0.03 54358.397043 18.642 0.028 54358.393709 18.285 0.017 54358.394543 18.213 0.019 54358.396209 18.247 0.03 44.030209 1.177403
54365.428406 18.961 0.024 54365.430073 18.69 0.03 54365.426739 18.261 0.013 54365.427573 18.177 0.021 54365.429239 18.182 0.03 44.030209 1.177403
54381.447971 18.939 0.026 54381.449638 18.655 0.022 54381.446304 18.279 0.016 54381.447138 18.205 0.017 54381.448804 18.22 0.025 44.030209 1.177403
54384.454646 18.993 0.034 54384.456313 18.651 0.03 54384.45298 18.29 0.022 54384.453813 18.199 0.023 54384.45548 -99.99 0.044 44.030209 1.177403
54386.44028 18.938 0.028 54386.441946 18.633 0.024 54386.438613 18.273 0.018 54386.439446 18.198 0.014 54386.441113 18.219 0.023 44.030209 1.177403
54388.444545 18.95 0.029 54388.446212 18.652 0.015 54388.442879 18.28 0.017 54388.443712 18.18 0.016 54388.445379 18.242 0.023 44.030209 1.177403
54392.44212 18.914 0.026 54392.443787 18.641 0.025 54392.440454 18.255 0.019 54392.441287 18.218 0.023 54392.442954 18.272 0.042 44.030209 1.177403
54403.358339 18.856 0.032 54403.360005 18.611 0.047 54403.356672 18.233 0.016 54403.357505 18.155 0.013 54403.359172 18.168 0.028 44.030209 1.177403
54404.415902 18.93 0.037 54404.417569 -99.99 0.032 54404.414235 18.233 0.01 54404.415069 18.163 0.011 54404.416735 -99.99 0.284 44.030209 1.177403
54406.352173 18.872 0.026 54406.353839 18.611 0.013 54406.350506 18.254 0.012 54406.351339 18.161 0.015 54406.353006 18.212 0.025 44.030209 1.177403
54409.357016 18.875 0.029 54409.358682 18.607 0.015 54409.355349 18.218 0.016 54409.356182 18.153 0.014 54409.357849 18.212 0.029 44.030209 1.177403
54412.377989 18.875 0.035 54412.379656 -99.99 0.023 54412.376322 18.225 0.014 54412.377156 18.163 0.017 54412.378822 18.193 0.036 44.030209 1.177403
