51081.395468 20.255 0.059 51081.397134 19.992 0.019 51081.393801 19.886 0.023 51081.394634 19.864 0.033 51081.396301 19.629 0.086 40.40885 0.938914
51819.466715 20.183 0.078 51819.468381 19.972 0.021 51819.465048 19.852 0.027 51819.465881 19.832 0.039 51819.467548 19.62 0.106 40.40885 0.938914
51875.210456 20.423 0.064 51875.212122 19.949 0.018 51875.208789 19.848 0.022 51875.209622 19.832 0.032 51875.211289 19.615 0.097 40.40885 0.938914
52225.291305 20.245 0.059 52225.292971 19.832 0.016 52225.289638 19.762 0.02 52225.290471 19.765 0.027 52225.292138 19.568 0.075 40.40885 0.938914
52288.125728 20.065 0.049 52288.127394 19.806 0.016 52288.124061 19.669 0.02 52288.124894 19.676 0.027 52288.126561 19.528 0.071 40.40885 0.938914
52551.399014 20.04 0.049 52551.40068 19.778 0.015 52551.397347 19.675 0.018 52551.39818 19.702 0.028 52551.399847 19.478 0.07 40.40885 0.938914
52558.431888 20.059 0.044 52558.433554 19.785 0.014 52558.430221 19.655 0.017 52558.431054 19.654 0.024 52558.432721 19.525 0.07 40.40885 0.938914
52578.303497 20.106 0.048 52578.305163 19.745 0.014 52578.30183 19.604 0.017 52578.302663 19.681 0.025 52578.30433 19.401 0.069 40.40885 0.938914
52585.266477 19.942 0.042 52585.268143 19.706 0.014 52585.26481 19.593 0.016 52585.265643 19.647 0.028 52585.26731 19.539 0.096 40.40885 0.938914
52909.43311 20.118 0.047 52909.434776 19.77 0.015 52909.431443 19.618 0.017 52909.432276 19.7 0.026 52909.433943 19.45 0.068 40.40885 0.938914
52910.403354 20.063 0.058 52910.40502 19.776 0.015 52910.401687 19.633 0.021 52910.40252 19.685 0.027 52910.404187 19.464 0.073 40.40885 0.938914
52935.330523 20.04 0.054 52935.332189 19.682 0.016 52935.328856 19.573 0.021 52935.329689 19.604 0.031 52935.331356 19.275 0.081 40.40885 0.938914
52963.253602 19.92 0.04 52963.255268 19.686 0.014 52963.251935 19.563 0.017 52963.252768 19.625 0.026 52963.254435 -99.99 0.06 40.40885 0.938914
52971.244516 20.033 0.058 52971.246182 19.68 0.018 52971.242849 19.562 0.019 52971.243682 19.621 0.029 52971.245349 19.339 0.068 40.40885 0.938914
53351.175905 20.126 0.051 53351.177571 19.713 0.015 53351.174238 19.548 0.017 53351.175071 19.607 0.029 53351.176738 19.313 0.074 40.40885 0.938914
53622.432956 19.976 0.044 53622.434622 19.717 0.014 53622.431289 19.637 0.016 53622.432122 19.679 0.024 53622.433789 -99.99 0.066 40.40885 0.938914
53627.390054 20.051 0.049 53627.39172 19.743 0.015 53627.388387 19.603 0.016 53627.38922 19.647 0.024 53627.390887 19.379 0.059 40.40885 0.938914
53634.382427 20.116 0.12 53634.384093 19.774 0.041 53634.38076 19.646 0.035 53634.381593 19.641 0.041 53634.38326 19.426 0.083 40.40885 0.938914
53638.423764 19.996 0.054 53638.42543 19.706 0.017 53638.422097 19.6 0.018 53638.42293 19.59 0.025 53638.424597 19.531 0.075 40.40885 0.938914
53640.3878 20.086 0.055 53640.389466 19.699 0.017 53640.386133 19.63 0.02 53640.386966 19.626 0.026 53640.388633 19.411 0.07 40.40885 0.938914
53646.449209 19.99 0.1 53646.450875 19.727 0.032 53646.447542 19.548 0.027 53646.448375 19.612 0.046 53646.450042 19.099 0.15 40.40885 0.938914
53655.359973 19.919 0.046 53655.361639 19.698 0.014 53655.358306 19.556 0.018 53655.359139 19.624 0.026 53655.360806 19.45 0.073 40.40885 0.938914
53657.267952 20.383 0.301 53657.269618 19.699 0.06 53657.266285 19.53 0.048 53657.267118 19.586 0.057 53657.268785 -99.99 0.181 40.40885 0.938914
53663.449626 20.096 0.156 53663.451292 19.736 0.038 53663.447959 19.572 0.033 53663.448792 19.605 0.039 53663.450459 19.356 0.076 40.40885 0.938914
53664.384928 20.098 0.086 53664.386594 19.703 0.026 53664.383261 19.599 0.038 53664.384094 19.603 0.035 53664.385761 19.537 0.086 40.40885 0.938914
53665.44956 20.011 0.093 53665.451226 19.757 0.026 53665.447893 19.603 0.026 53665.448726 19.632 0.035 53665.450393 19.435 0.092 40.40885 0.938914
53668.438175 19.901 0.107 53668.439841 19.641 0.025 53668.436508 19.525 0.027 53668.437341 19.599 0.038 53668.439008 19.431 0.109 40.40885 0.938914
53669.344174 20.022 0.077 53669.34584 -99.99 0.02 53669.342507 19.555 0.023 53669.34334 19.63 0.042 53669.345007 19.211 0.088 40.40885 0.938914
53670.444147 20.001 0.087 53670.445813 19.709 0.02 53670.44248 19.593 0.025 53670.443313 19.625 0.032 53670.44498 19.392 0.082 40.40885 0.938914
53671.428923 19.966 0.068 53671.430589 19.693 0.018 53671.427256 19.587 0.021 53671.428089 19.6 0.034 53671.429756 19.318 0.07 40.40885 0.938914
53674.328411 20.062 0.059 53674.330077 19.707 0.016 53674.326744 19.599 0.019 53674.327577 19.646 0.03 53674.329244 19.358 0.081 40.40885 0.938914
53676.417867 19.919 0.057 53676.419533 19.729 0.017 53676.4162 19.634 0.02 53676.417033 19.614 0.027 53676.4187 19.395 0.068 40.40885 0.938914
53679.389768 20.054 0.067 53679.391434 19.757 0.017 53679.388101 19.603 0.023 53679.388934 19.659 0.035 53679.390601 19.416 0.101 40.40885 0.938914
53681.381281 19.955 0.05 53681.382947 19.72 0.015 53681.379614 19.595 0.017 53681.380447 19.699 0.024 53681.382114 19.56 0.068 40.40885 0.938914
53684.342779 19.97 0.081 53684.344445 19.739 0.022 53684.341112 19.624 0.042 53684.341945 19.68 0.049 53684.343612 19.304 0.109 40.40885 0.938914
53687.284094 19.865 0.117 53687.28576 19.767 0.053 53687.282427 19.579 0.042 53687.28326 19.712 0.052 53687.284927 19.435 0.097 40.40885 0.938914
53694.35423 20.259 0.154 53694.355896 19.856 0.036 53694.352563 19.627 0.027 53694.353396 19.679 0.038 53694.355063 19.306 0.08 40.40885 0.938914
53697.338308 20.075 0.071 53697.339974 19.771 0.021 53697.336641 19.648 0.021 53697.337474 19.62 0.028 53697.339141 19.442 0.073 40.40885 0.938914
53700.337264 20.045 0.068 53700.33893 19.793 0.018 53700.335597 19.603 0.022 53700.33643 19.634 0.033 53700.338097 19.358 0.09 40.40885 0.938914
53705.323935 20.124 0.072 53705.325601 19.812 0.017 53705.322268 19.654 0.021 53705.323101 19.671 0.029 53705.324768 19.456 0.082 40.40885 0.938914
53975.409033 -99.99 0.05 53975.4107 19.723 0.025 53975.407367 19.587 0.023 53975.4082 19.618 0.03 53975.409867 19.439 0.071 40.40885 0.938914
53994.431923 20.086 0.053 53994.433589 19.747 0.026 53994.430256 19.642 0.021 53994.431089 19.658 0.024 53994.432756 19.475 0.064 40.40885 0.938914
53996.415701 20.066 0.053 53996.417368 19.789 0.018 53996.414035 19.633 0.02 53996.414868 19.647 0.024 53996.416535 19.545 0.066 40.40885 0.938914
54005.428842 20.186 0.051 54005.430508 19.794 0.02 54005.427175 19.603 0.019 54005.428008 19.668 0.027 54005.429675 19.443 0.06 40.40885 0.938914
54009.442653 20.047 0.044 54009.444319 19.759 0.019 54009.440986 19.634 0.019 54009.441819 19.648 0.025 54009.443486 19.476 0.058 40.40885 0.938914
54010.369799 -99.99 0.038 54010.371465 19.755 0.017 54010.368132 19.612 0.018 54010.368965 19.76 0.022 54010.370632 19.397 0.05 40.40885 0.938914
54012.362626 20.021 0.063 54012.364293 19.759 0.025 54012.360959 19.593 0.021 54012.361793 19.673 0.031 54012.363459 -99.99 0.077 40.40885 0.938914
54020.400722 20.083 0.079 54020.402389 19.856 0.028 54020.399056 19.63 0.025 54020.399889 19.656 0.033 54020.401556 19.34 0.068 40.40885 0.938914
54024.450243 20.105 0.067 54024.45191 19.734 0.022 54024.448577 19.631 0.024 54024.44941 19.73 0.031 54024.451077 19.361 0.068 40.40885 0.938914
54028.438493 20.072 0.061 54028.440159 19.779 0.023 54028.436826 19.567 0.031 54028.437659 19.639 0.032 54028.439326 19.245 0.069 40.40885 0.938914
54030.393926 19.982 0.047 54030.395593 19.755 0.025 54030.392259 19.601 0.018 54030.393093 19.688 0.029 54030.394759 19.443 0.066 40.40885 0.938914
54035.437932 20.044 0.068 54035.439599 19.803 0.027 54035.436265 19.599 0.025 54035.437099 19.647 0.037 54035.438765 19.451 0.087 40.40885 0.938914
54037.343409 20.012 0.042 54037.345075 19.761 0.019 54037.341742 19.595 0.016 54037.342575 19.657 0.024 54037.344242 19.464 0.053 40.40885 0.938914
54040.357892 20.023 0.053 54040.359558 19.738 0.022 54040.356225 19.62 0.022 54040.357058 19.643 0.029 54040.358725 19.36 0.064 40.40885 0.938914
54041.393584 20.034 0.07 54041.395251 19.758 0.026 54041.391918 19.616 0.029 54041.392751 19.634 0.035 54041.394418 19.391 0.072 40.40885 0.938914
54047.388486 19.815 0.197 54047.390153 19.775 0.066 54047.386819 19.62 0.058 54047.387653 19.662 0.082 54047.389319 19.504 0.143 40.40885 0.938914
54049.384429 20.046 0.095 54049.386095 19.739 0.031 54049.382762 19.665 0.027 54049.383595 19.624 0.033 54049.385262 19.417 0.085 40.40885 0.938914
54053.364034 20.005 0.068 54053.365701 19.665 0.02 54053.362367 19.573 0.022 54053.363201 -99.99 0.038 54053.364867 -99.99 0.129 40.40885 0.938914
54056.350445 20.069 0.062 54056.352111 19.733 0.023 54056.348778 19.612 0.024 54056.349611 19.674 0.03 54056.351278 19.563 0.089 40.40885 0.938914
54059.344627 20.193 0.067 54059.346294 19.73 0.029 54059.34296 19.6 0.026 54059.343794 19.563 0.031 54059.34546 19.457 0.093 40.40885 0.938914
54061.355756 20.091 0.11 54061.357423 19.776 0.028 54061.354089 19.62 0.029 54061.354923 19.655 0.043 54061.356589 19.291 0.101 40.40885 0.938914
54062.349505 -99.99 0.062 54062.351172 19.778 0.027 54062.347838 19.608 0.017 54062.348672 19.704 0.03 54062.350338 19.481 0.069 40.40885 0.938914
54064.346036 20.186 0.067 54064.347702 19.796 0.022 54064.344369 19.622 0.02 54064.345202 19.594 0.025 54064.346869 19.438 0.068 40.40885 0.938914
54357.387816 20.063 0.047 54357.389483 19.765 0.02 54357.38615 19.639 0.021 54357.386983 19.719 0.027 54357.38865 19.473 0.052 40.40885 0.938914
54362.437676 -99.99 0.041 54362.439342 19.798 0.019 54362.436009 19.665 0.022 54362.436842 19.687 0.028 54362.438509 19.468 0.056 40.40885 0.938914
54376.432763 -99.99 0.058 54376.43443 19.793 0.02 54376.431096 19.6 0.02 54376.43193 19.677 0.026 54376.433596 19.545 0.068 40.40885 0.938914
54382.417838 19.965 0.058 54382.419505 19.757 0.024 54382.416171 19.644 0.028 54382.417005 19.687 0.034 54382.418671 19.552 0.098 40.40885 0.938914
54385.435648 20.048 0.055 54385.437315 19.739 0.021 54385.433982 19.636 0.02 54385.434815 19.671 0.025 54385.436482 19.435 0.057 40.40885 0.938914
54387.436132 20.123 0.088 54387.437799 19.749 0.023 54387.434465 19.58 0.031 54387.435299 19.605 0.035 54387.436965 19.328 0.082 40.40885 0.938914
54390.428767 -99.99 0.091 54390.430433 19.721 0.031 54390.4271 19.639 0.036 54390.427933 19.662 0.043 54390.4296 19.337 0.121 40.40885 0.938914
54391.43699 20.04 0.095 54391.438656 19.73 0.028 54391.435323 19.602 0.029 54391.436156 19.576 0.047 54391.437823 19.255 0.125 40.40885 0.938914
54402.429366 -99.99 0.143 54402.431032 19.726 0.046 54402.427699 19.621 0.034 54402.428532 19.598 0.035 54402.430199 19.357 0.077 40.40885 0.938914
