51075.414595 20.657 0.064 51075.416261 20.319 0.021 51075.412928 20.103 0.025 51075.413761 19.904 0.034 51075.415428 19.879 0.114 41.419877 0.79648
51818.38423 -99.99 0.058 51818.385896 20.243 0.021 51818.382563 20.129 0.023 51818.383396 19.967 0.032 51818.385063 19.973 0.103 41.419877 0.79648
52171.372359 20.259 0.048 52171.374025 20.108 0.019 52171.370692 20.042 0.021 52171.371525 19.927 0.028 52171.373192 19.887 0.09 41.419877 0.79648
52173.348697 20.49 0.069 52173.350363 20.114 0.02 52173.34703 20.016 0.022 52173.347863 19.916 0.034 52173.34953 19.864 0.115 41.419877 0.79648
52224.328876 20.341 0.052 52224.330542 20.083 0.018 52224.327209 20.012 0.021 52224.328042 19.89 0.028 52224.329709 19.942 0.091 41.419877 0.79648
52234.285258 20.443 0.064 52234.286924 20.212 0.022 52234.283591 20.034 0.025 52234.284424 19.977 0.034 52234.286091 19.748 0.085 41.419877 0.79648
52261.248613 20.429 0.054 52261.250279 20.228 0.019 52261.246946 20.073 0.022 52261.247779 19.891 0.028 52261.249446 19.834 0.076 41.419877 0.79648
52283.115984 20.509 0.074 52283.11765 20.261 0.027 52283.114317 20.048 0.031 52283.11515 19.844 0.037 52283.116817 19.773 0.131 41.419877 0.79648
52287.129108 20.402 0.048 52287.130774 20.136 0.019 52287.127441 20.004 0.022 52287.128274 19.926 0.029 52287.129941 20.05 0.134 41.419877 0.79648
52552.447803 20.33 0.054 52552.449469 20.215 0.021 52552.446136 20.064 0.025 52552.446969 19.952 0.037 52552.448636 20.313 0.142 41.419877 0.79648
52557.422162 20.241 0.049 52557.423828 20.197 0.02 52557.420495 20.11 0.025 52557.421328 19.997 0.034 52557.422995 19.827 0.094 41.419877 0.79648
52908.396731 -99.99 0.065 52908.398397 20.282 0.021 52908.395064 20.199 0.027 52908.395897 19.995 0.035 52908.397564 20.134 0.125 41.419877 0.79648
52912.376169 20.556 0.065 52912.377835 20.244 0.02 52912.374502 20.138 0.024 52912.375335 19.999 0.031 52912.377002 19.944 0.094 41.419877 0.79648
52934.328636 20.323 0.056 52934.330302 20.215 0.021 52934.326969 20.108 0.027 52934.327802 19.968 0.034 52934.329469 19.978 0.121 41.419877 0.79648
52936.324562 20.393 0.05 52936.326228 20.209 0.019 52936.322895 20.134 0.025 52936.323728 19.976 0.031 52936.325395 19.911 0.095 41.419877 0.79648
53270.388757 20.512 0.056 53270.390424 20.316 0.02 53270.387091 20.261 0.024 53270.387924 20.069 0.028 53270.389591 19.927 0.074 41.419877 0.79648
53272.43856 20.663 0.076 53272.440226 20.253 0.021 53272.436893 20.18 0.028 53272.437726 19.99 0.034 53272.439393 20.113 0.121 41.419877 0.79648
53286.407281 20.728 0.082 53286.408947 20.259 0.024 53286.405614 20.186 0.028 53286.406447 20.119 0.038 53286.408114 20.041 0.105 41.419877 0.79648
53288.365775 20.535 0.061 53288.367441 20.328 0.022 53288.364108 20.208 0.025 53288.364941 20.036 0.032 53288.366608 19.919 0.099 41.419877 0.79648
53296.360483 20.655 0.085 53296.36215 20.285 0.027 53296.358817 20.196 0.033 53296.35965 20.097 0.046 53296.361317 20.097 0.123 41.419877 0.79648
53298.410223 -99.99 0.068 53298.411889 20.326 0.022 53298.408556 20.135 0.03 53298.409389 20.095 0.047 53298.411056 20.035 0.131 41.419877 0.79648
53302.361443 20.643 0.095 53302.363109 20.283 0.035 53302.359776 20.137 0.032 53302.360609 20.091 0.039 53302.362276 19.904 0.091 41.419877 0.79648
53312.317004 20.449 0.094 53312.31867 20.349 0.041 53312.315337 20.149 0.045 53312.31617 20.066 0.046 53312.317837 20.223 0.168 41.419877 0.79648
53314.318174 20.636 0.084 53314.31984 20.23 0.027 53314.316507 20.146 0.032 53314.31734 20.057 0.043 53314.319007 19.74 0.096 41.419877 0.79648
53616.422526 20.557 0.079 53616.424192 20.293 0.025 53616.420859 20.187 0.03 53616.421692 20.032 0.041 53616.423359 19.801 0.104 41.419877 0.79648
53626.398953 20.565 0.08 53626.400619 20.24 0.026 53626.397286 20.232 0.051 53626.398119 20.11 0.054 53626.399786 -99.99 0.207 41.419877 0.79648
53628.383818 20.569 0.098 53628.385484 20.284 0.039 53628.382151 20.244 0.038 53628.382984 20.157 0.055 53628.384651 19.885 0.121 41.419877 0.79648
53639.430814 20.475 0.074 53639.43248 20.363 0.029 53639.429147 20.21 0.026 53639.42998 20.084 0.034 53639.431647 19.925 0.084 41.419877 0.79648
53641.429979 20.556 0.078 53641.431645 20.376 0.026 53641.428312 20.128 0.026 53641.429145 20.068 0.036 53641.430812 20.179 0.118 41.419877 0.79648
53657.388864 20.926 0.165 53657.39053 20.383 0.051 53657.387197 20.211 0.052 53657.38803 20.179 0.064 53657.389697 20.344 0.183 41.419877 0.79648
53663.373411 20.597 0.166 53663.375077 20.389 0.056 53663.371744 20.345 0.049 53663.372577 20.101 0.049 53663.374244 19.917 0.109 41.419877 0.79648
53665.351384 20.627 0.117 53665.35305 20.307 0.042 53665.349717 20.256 0.04 53665.35055 20.027 0.039 53665.352217 19.771 0.09 41.419877 0.79648
53666.443496 20.594 0.136 53666.445162 20.32 0.039 53666.441829 20.216 0.037 53666.442662 20.011 0.039 53666.444329 20.021 0.11 41.419877 0.79648
53668.363012 20.841 0.136 53668.364678 20.382 0.035 53668.361345 20.279 0.038 53668.362178 20.089 0.05 53668.363845 20.118 0.155 41.419877 0.79648
53669.450624 20.567 0.128 53669.45229 20.395 0.04 53669.448957 20.248 0.04 53669.44979 20.035 0.046 53669.451457 20.023 0.131 41.419877 0.79648
53670.367865 20.623 0.098 53670.369531 20.272 0.029 53670.366198 20.152 0.035 53670.367031 19.98 0.045 53670.368698 19.893 0.115 41.419877 0.79648
53673.335852 20.666 0.067 53673.337518 20.354 0.021 53673.334185 20.2 0.025 53673.335018 20.06 0.031 53673.336685 19.936 0.079 41.419877 0.79648
53675.33274 20.661 0.072 53675.334406 20.365 0.024 53675.331073 20.211 0.029 53675.331906 20.094 0.04 53675.333573 19.982 0.108 41.419877 0.79648
53677.353768 20.672 0.066 53677.355434 20.416 0.021 53677.352101 20.249 0.025 53677.352934 20.081 0.03 53677.354601 19.895 0.071 41.419877 0.79648
53680.340437 20.638 0.065 53680.342103 20.396 0.022 53680.33877 20.249 0.028 53680.339603 20.172 0.071 53680.34127 20.218 0.11 41.419877 0.79648
53683.398988 20.595 0.09 53683.400654 20.425 0.027 53683.397321 20.287 0.036 53683.398154 20.082 0.048 53683.399821 19.931 0.145 41.419877 0.79648
53686.339868 20.21 0.125 53686.341534 20.288 0.057 53686.338201 20.22 0.063 53686.339034 20.089 0.058 53686.340701 19.862 0.116 41.419877 0.79648
53693.342327 20.45 0.211 53693.343993 20.396 0.075 53693.34066 20.236 0.057 53693.341493 20.094 0.058 53693.34316 20.207 0.197 41.419877 0.79648
53699.363166 20.818 0.109 53699.364832 20.417 0.029 53699.361499 20.275 0.03 53699.362332 20.135 0.037 53699.363999 20.281 0.11 41.419877 0.79648
53704.325648 20.69 0.081 53704.327314 20.346 0.026 53704.323981 20.255 0.03 53704.324814 20.086 0.041 53704.326481 20.024 0.117 41.419877 0.79648
53989.421709 20.552 0.115 53989.423376 20.32 0.05 53989.420042 20.161 0.043 53989.420876 20.064 0.043 53989.422542 20.001 0.092 41.419877 0.79648
53997.44526 20.552 0.05 53997.446927 20.339 0.027 53997.443594 20.226 0.024 53997.444427 20.105 0.03 53997.446094 19.911 0.065 41.419877 0.79648
54000.397152 20.684 0.068 54000.398818 -99.99 0.034 54000.395485 20.202 0.028 54000.396318 20.103 0.036 54000.397985 -99.99 0.194 41.419877 0.79648
54007.4473 20.518 0.071 54007.448967 20.355 0.023 54007.445633 20.24 0.041 54007.446467 20.045 0.039 54007.448133 20.122 0.104 41.419877 0.79648
54009.371052 20.583 0.053 54009.372719 20.338 0.018 54009.369385 20.229 0.023 54009.370219 20.096 0.027 54009.371885 20.115 0.075 41.419877 0.79648
54011.435524 20.568 0.05 54011.437191 20.367 0.026 54011.433857 20.26 0.023 54011.434691 20.125 0.03 54011.436357 19.999 0.07 41.419877 0.79648
54012.448393 20.535 0.074 54012.450059 20.405 0.028 54012.446726 20.211 0.03 54012.447559 20.075 0.038 54012.449226 19.978 0.095 41.419877 0.79648
54025.434532 20.663 0.092 54025.436199 20.345 0.031 54025.432865 20.168 0.03 54025.433699 20.107 0.039 54025.435365 20.074 0.115 41.419877 0.79648
54346.428407 20.702 0.124 54346.430074 20.356 0.044 54346.426741 20.289 0.043 54346.427574 20.111 0.046 54346.429241 19.923 0.081 41.419877 0.79648
54348.43232 20.704 0.086 54348.433986 20.439 0.03 54348.430653 20.242 0.03 54348.431486 20.133 0.038 54348.433153 19.872 0.083 41.419877 0.79648
54358.388166 20.68 0.085 54358.389833 20.465 0.028 54358.386499 20.307 0.032 54358.387333 20.075 0.041 54358.388999 19.918 0.098 41.419877 0.79648
54365.421173 -99.99 0.061 54365.42284 20.484 0.026 54365.419506 20.272 0.032 54365.42034 20.172 0.033 54365.422006 20.135 0.089 41.419877 0.79648
54381.440794 -99.99 0.082 54381.442461 20.569 0.025 54381.439128 20.324 0.029 54381.439961 20.186 0.033 54381.441628 19.98 0.075 41.419877 0.79648
54384.447384 20.861 0.097 54384.449051 20.536 0.03 54384.445717 20.366 0.033 54384.446551 20.243 0.044 54384.448217 20.173 0.125 41.419877 0.79648
54386.433065 20.775 0.069 54386.434732 20.618 0.027 54386.431399 20.337 0.03 54386.432232 20.231 0.035 54386.433899 20.191 0.084 41.419877 0.79648
54388.437347 20.729 0.07 54388.439014 20.573 0.023 54388.43568 20.405 0.027 54388.436514 20.235 0.034 54388.43818 20.056 0.076 41.419877 0.79648
54392.434922 20.893 0.105 54392.436589 20.554 0.037 54392.433255 20.401 0.036 54392.434089 20.217 0.041 54392.435755 20.128 0.114 41.419877 0.79648
54404.408755 -99.99 0.404 54404.410422 -99.99 0.057 54404.407089 21.16 0.516 54404.407922 -99.99 0.189 54404.409589 -99.99 0.159 41.419877 0.79648
54406.344953 20.636 0.07 54406.34662 20.511 0.028 54406.343286 20.347 0.029 54406.34412 20.196 0.032 54406.345786 20.113 0.074 41.419877 0.79648
54409.349784 20.673 0.058 54409.351451 20.493 0.024 54409.348117 20.367 0.028 54409.348951 20.215 0.034 54409.350617 20.162 0.09 41.419877 0.79648
54412.370771 20.652 0.068 54412.372437 20.465 0.029 54412.369104 20.337 0.029 54412.369937 20.17 0.035 54412.371604 20.154 0.094 41.419877 0.79648
