51081.401133 20.004 0.048 51081.402799 19.87 0.02 51081.399466 19.665 0.019 51081.400299 19.49 0.026 51081.401966 19.434 0.071 42.433742 0.554844
51819.472207 19.948 0.053 51819.473873 19.827 0.019 51819.47054 19.709 0.021 51819.471373 19.535 0.031 51819.47304 19.641 0.091 42.433742 0.554844
51875.21609 -99.99 0.044 51875.217756 19.861 0.017 51875.214423 19.723 0.019 51875.215256 19.545 0.025 51875.216923 19.668 0.083 42.433742 0.554844
52225.296914 19.981 0.041 52225.29858 19.814 0.016 52225.295247 19.708 0.018 52225.29608 19.611 0.022 52225.297747 19.671 0.073 42.433742 0.554844
52288.131337 20.129 0.048 52288.133003 19.922 0.018 52288.12967 19.743 0.02 52288.130503 19.609 0.025 52288.13217 19.676 0.075 42.433742 0.554844
52551.404623 19.882 0.038 52551.406289 19.721 0.015 52551.402956 19.605 0.016 52551.403789 19.465 0.022 52551.405456 19.47 0.065 42.433742 0.554844
52558.437496 19.874 0.038 52558.439162 19.719 0.014 52558.435829 19.617 0.016 52558.436662 19.465 0.02 52558.438329 19.495 0.059 42.433742 0.554844
52578.309105 19.888 0.039 52578.310771 19.675 0.014 52578.307438 19.619 0.016 52578.308271 19.456 0.021 52578.309938 19.488 0.061 42.433742 0.554844
52585.272085 19.846 0.035 52585.273751 19.646 0.014 52585.270418 19.641 0.017 52585.271251 19.453 0.022 52585.272918 19.497 0.076 42.433742 0.554844
52909.438718 19.789 0.038 52909.440384 19.625 0.014 52909.437051 19.545 0.015 52909.437884 19.443 0.02 52909.439551 19.496 0.061 42.433742 0.554844
52910.408962 19.829 0.041 52910.410628 19.612 0.014 52910.407295 19.504 0.016 52910.408128 19.375 0.02 52910.409795 19.368 0.058 42.433742 0.554844
52935.336132 19.819 0.041 52935.337798 19.638 0.014 52935.334465 19.531 0.018 52935.335298 19.429 0.025 52935.336965 19.38 0.069 42.433742 0.554844
52963.259209 19.824 0.034 52963.260875 19.607 0.013 52963.257542 19.547 0.015 52963.258375 19.368 0.019 52963.260042 19.434 0.056 42.433742 0.554844
52971.250124 19.797 0.049 52971.25179 19.68 0.017 52971.248457 19.553 0.021 52971.24929 19.378 0.025 52971.250957 19.396 0.067 42.433742 0.554844
53351.181514 19.859 0.043 53351.18318 19.58 0.014 53351.179847 19.522 0.018 53351.18068 19.356 0.023 53351.182347 19.435 0.074 42.433742 0.554844
53622.438562 20.015 0.044 53622.440228 19.754 0.015 53622.436895 19.645 0.016 53622.437728 19.442 0.021 53622.439395 19.473 0.059 42.433742 0.554844
53627.395661 19.972 0.042 53627.397327 19.745 0.017 53627.393994 19.633 0.019 53627.394827 19.495 0.024 53627.396494 19.559 0.061 42.433742 0.554844
53634.388034 20.026 0.101 53634.3897 19.679 0.035 53634.386367 19.569 0.03 53634.3872 19.414 0.03 53634.388867 19.389 0.063 42.433742 0.554844
53638.42937 19.977 0.05 53638.431036 19.811 0.019 53638.427703 19.656 0.018 53638.428536 19.544 0.024 53638.430203 19.458 0.062 42.433742 0.554844
53640.393406 -99.99 0.053 53640.395072 19.767 0.018 53640.391739 19.662 0.02 53640.392572 19.48 0.022 53640.394239 19.455 0.069 42.433742 0.554844
53643.43588 20.073 0.057 53643.437546 19.764 0.017 53643.434213 19.652 0.02 53643.435046 19.472 0.025 53643.436713 19.522 0.071 42.433742 0.554844
53646.454814 20.002 0.066 53646.45648 19.826 0.023 53646.453147 19.719 0.035 53646.45398 19.475 0.045 53646.455647 19.294 0.072 42.433742 0.554844
53657.273558 -99.99 0.178 53657.275224 19.682 0.059 53657.271891 19.656 0.054 53657.272724 19.443 0.054 53657.274391 19.269 0.164 42.433742 0.554844
53663.455231 -99.99 0.149 53663.456897 19.757 0.039 53663.453564 19.609 0.032 53663.454397 19.459 0.03 53663.456064 19.465 0.074 42.433742 0.554844
53664.390536 20.162 0.097 53664.392202 19.812 0.036 53664.388869 19.66 0.028 53664.389702 19.489 0.031 53664.391369 19.451 0.077 42.433742 0.554844
53665.455164 19.915 0.086 53665.45683 19.793 0.03 53665.453497 19.676 0.026 53665.45433 19.531 0.031 53665.455997 19.471 0.088 42.433742 0.554844
53668.443781 19.97 0.094 53668.445447 19.837 0.029 53668.442114 19.626 0.028 53668.442947 19.467 0.036 53668.444614 19.451 0.093 42.433742 0.554844
53669.349781 -99.99 0.084 53669.351447 19.768 0.02 53669.348114 -99.99 0.026 53669.348947 -99.99 0.069 53669.350614 19.594 0.08 42.433742 0.554844
53670.449753 -99.99 0.067 53670.451419 19.791 0.022 53670.448086 19.654 0.022 53670.448919 19.461 0.025 53670.450586 19.593 0.087 42.433742 0.554844
53671.43453 19.973 0.06 53671.436196 19.792 0.018 53671.432863 19.646 0.021 53671.433696 19.462 0.024 53671.435363 19.515 0.071 42.433742 0.554844
53674.334018 20 0.052 53674.335684 19.821 0.017 53674.332351 19.686 0.022 53674.333184 19.471 0.026 53674.334851 19.549 0.081 42.433742 0.554844
53676.423473 20.018 0.066 53676.425139 19.821 0.019 53676.421806 19.699 0.027 53676.422639 19.494 0.028 53676.424306 19.585 0.071 42.433742 0.554844
53679.395375 19.943 0.056 53679.397041 19.787 0.017 53679.393708 19.646 0.023 53679.394541 19.435 0.029 53679.396208 19.575 0.098 42.433742 0.554844
53681.386889 20.049 0.054 53681.388555 19.798 0.019 53681.385222 19.678 0.018 53681.386055 19.486 0.022 53681.387722 19.461 0.064 42.433742 0.554844
53684.348386 20.2 0.087 53684.350052 19.796 0.029 53684.346719 19.643 0.028 53684.347552 19.514 0.041 53684.349219 19.439 0.113 42.433742 0.554844
53687.2897 20.09 0.123 53687.291366 19.796 0.048 53687.288033 19.65 0.037 53687.288866 19.505 0.039 53687.290533 -99.99 0.113 42.433742 0.554844
53694.35984 20.001 0.106 53694.361506 19.861 0.04 53694.358173 19.665 0.03 53694.359006 19.496 0.031 53694.360673 19.461 0.078 42.433742 0.554844
53697.343915 20.106 0.071 53697.345581 19.841 0.022 53697.342248 19.704 0.022 53697.343081 19.582 0.028 53697.344748 19.497 0.068 42.433742 0.554844
53700.342871 20.145 0.059 53700.344537 19.838 0.018 53700.341204 19.685 0.021 53700.342037 19.55 0.028 53700.343704 19.504 0.086 42.433742 0.554844
53705.329542 20.078 0.058 53705.331208 19.917 0.019 53705.327875 19.729 0.021 53705.328708 19.519 0.026 53705.330375 19.577 0.091 42.433742 0.554844
53975.414541 19.961 0.042 53975.416208 19.732 0.029 53975.412874 19.692 0.025 53975.413708 19.52 0.027 53975.415374 19.452 0.059 42.433742 0.554844
53994.43753 20.05 0.067 53994.439196 19.796 0.019 53994.435863 19.664 0.023 53994.436696 19.549 0.027 53994.438363 19.592 0.071 42.433742 0.554844
53996.421354 20.017 0.04 53996.423021 19.832 0.027 53996.419687 19.701 0.019 53996.420521 19.497 0.024 53996.422187 19.6 0.057 42.433742 0.554844
54005.43444 20.001 0.04 54005.436107 19.794 0.019 54005.432774 19.679 0.025 54005.433607 19.589 0.024 54005.435274 19.572 0.059 42.433742 0.554844
54009.44827 19.927 0.037 54009.449937 19.789 0.022 54009.446604 19.713 0.022 54009.447437 19.538 0.022 54009.449104 19.586 0.054 42.433742 0.554844
54010.375395 19.923 0.032 54010.377062 19.797 0.016 54010.373729 19.669 0.022 54010.374562 19.657 0.022 54010.376229 19.552 0.046 42.433742 0.554844
54012.3683 19.829 0.051 54012.369966 19.812 0.023 54012.366633 19.683 0.021 54012.367466 19.564 0.024 54012.369133 19.543 0.063 42.433742 0.554844
54020.406279 -99.99 0.091 54020.407946 19.73 0.029 54020.404612 19.684 0.025 54020.405446 19.549 0.032 54020.407112 19.521 0.078 42.433742 0.554844
54024.455796 19.881 0.061 54024.457463 19.756 0.025 54024.454129 19.695 0.028 54024.454963 19.483 0.046 54024.456629 19.402 0.074 42.433742 0.554844
54028.444123 19.974 0.049 54028.44579 19.804 0.026 54028.442456 19.712 0.023 54028.44329 19.54 0.029 54028.444956 19.689 0.086 42.433742 0.554844
54030.399522 19.974 0.04 54030.401188 19.785 0.022 54030.397855 19.685 0.021 54030.398688 19.595 0.029 54030.400355 19.488 0.057 42.433742 0.554844
54035.443606 19.911 0.066 54035.445273 19.827 0.022 54035.44194 19.764 0.029 54035.442773 19.521 0.033 54035.44444 19.649 0.104 42.433742 0.554844
54037.349021 19.928 0.039 54037.350688 19.804 0.023 54037.347354 19.717 0.018 54037.348188 19.562 0.022 54037.349854 19.591 0.047 42.433742 0.554844
54040.363491 19.973 0.043 54040.365158 19.863 0.022 54040.361824 19.722 0.022 54040.362658 19.561 0.025 54040.364324 19.684 0.071 42.433742 0.554844
54041.399024 19.943 0.051 54041.400691 19.816 0.025 54041.397357 19.737 0.024 54041.398191 19.577 0.027 54041.399857 19.674 0.065 42.433742 0.554844
54047.394175 20.397 0.366 54047.395841 19.573 0.064 54047.392508 19.797 0.069 54047.393341 19.508 0.052 54047.395008 19.637 0.14 42.433742 0.554844
54049.389974 -99.99 0.1 54049.391641 19.867 0.031 54049.388307 19.731 0.03 54049.389141 19.573 0.031 54049.390807 19.623 0.096 42.433742 0.554844
54050.35014 20.24 0.124 54050.351807 19.882 0.035 54050.348474 19.721 0.037 54050.349307 19.485 0.063 54050.350974 -99.99 0.112 42.433742 0.554844
54053.369859 -99.99 0.057 54053.371526 -99.99 0.02 54053.368192 -99.99 0.021 54053.369026 19.543 0.032 54053.370692 -99.99 0.087 42.433742 0.554844
54056.355946 20.044 0.055 54056.357612 19.852 0.025 54056.354279 19.733 0.025 54056.355112 19.561 0.03 54056.356779 19.554 0.078 42.433742 0.554844
54059.350249 20.117 0.057 54059.351916 19.867 0.02 54059.348582 19.71 0.028 54059.349416 19.558 0.034 54059.351082 19.549 0.085 42.433742 0.554844
54061.361365 20.125 0.081 54061.363032 -99.99 0.054 54061.359698 19.744 0.033 54061.360532 19.596 0.041 54061.362198 19.545 0.101 42.433742 0.554844
54062.355116 20.047 0.048 54062.356782 19.878 0.027 54062.353449 19.761 0.019 54062.354282 19.596 0.026 54062.355949 19.783 0.078 42.433742 0.554844
54064.351583 20.123 0.056 54064.35325 19.863 0.019 54064.349916 19.757 0.022 54064.35075 19.614 0.027 54064.352416 19.672 0.074 42.433742 0.554844
54068.335761 20.16 0.103 54068.337428 19.939 0.064 54068.334094 19.716 0.037 54068.334928 19.454 0.053 54068.336594 19.275 0.119 42.433742 0.554844
54357.39351 20.136 0.042 54357.395177 19.875 0.024 54357.391843 19.754 0.024 54357.392677 19.591 0.021 54357.394343 19.554 0.049 42.433742 0.554844
54362.443251 20.02 0.042 54362.444918 19.889 0.018 54362.441585 19.736 0.019 54362.442418 19.56 0.024 54362.444085 19.701 0.062 42.433742 0.554844
54376.438337 20.058 0.05 54376.440004 19.906 0.028 54376.43667 19.771 0.02 54376.437504 19.558 0.023 54376.43917 19.531 0.057 42.433742 0.554844
54382.423451 20.24 0.06 54382.425117 19.904 0.041 54382.421784 19.741 0.033 54382.422617 19.615 0.03 54382.424284 19.615 0.086 42.433742 0.554844
54385.441274 20.064 0.044 54385.44294 19.929 0.024 54385.439607 19.745 0.021 54385.44044 19.598 0.027 54385.442107 19.56 0.06 42.433742 0.554844
54387.441806 20.042 0.058 54387.443473 19.909 0.024 54387.44014 19.761 0.033 54387.440973 19.634 0.031 54387.44264 19.578 0.085 42.433742 0.554844
54390.434151 20.186 0.126 54390.435818 -99.99 0.126 54390.432484 -99.99 0.544 54390.433318 -99.99 0.737 54390.434984 -99.99 0.424 42.433742 0.554844
54402.434908 20.131 0.161 54402.436575 19.771 0.047 54402.433242 19.824 0.043 54402.434075 19.553 0.04 54402.435742 19.818 0.103 42.433742 0.554844
