51081.404375 20.536 0.081 51081.406041 20.017 0.021 51081.402708 19.76 0.022 51081.403541 19.914 0.037 51081.405208 19.537 0.084 43.620133 -0.80969
51819.475501 21.15 0.164 51819.477167 20.614 0.033 51819.473834 20.289 0.033 51819.474667 20.354 0.044 51819.476334 19.899 0.116 43.620133 -0.80969
51875.219346 21.46 0.136 51875.221012 20.723 0.028 51875.217679 20.422 0.033 51875.218512 20.469 0.042 51875.220179 20.072 0.113 43.620133 -0.80969
52171.451772 20.516 0.07 52171.453438 20.024 0.018 52171.450105 19.855 0.02 52171.450938 19.841 0.022 52171.452605 19.643 0.068 43.620133 -0.80969
52225.300199 20.731 0.078 52225.301865 20.141 0.018 52225.298532 19.9 0.02 52225.299365 19.941 0.024 52225.301032 19.729 0.072 43.620133 -0.80969
52288.134621 20.594 0.076 52288.136287 20.085 0.019 52288.132954 19.885 0.022 52288.133787 19.866 0.027 52288.135454 19.693 0.08 43.620133 -0.80969
52551.407909 20.28 0.062 52551.409575 19.93 0.017 52551.406242 19.693 0.018 52551.407075 19.764 0.024 52551.408742 19.528 0.069 43.620133 -0.80969
52558.440782 20.281 0.053 52558.442448 19.89 0.015 52558.439115 19.716 0.017 52558.439948 19.788 0.021 52558.441615 19.792 0.078 43.620133 -0.80969
52578.312391 20.194 0.052 52578.314057 19.818 0.014 52578.310724 19.641 0.016 52578.311557 19.762 0.022 52578.313224 19.506 0.058 43.620133 -0.80969
52585.275371 20.1 0.048 52585.277037 19.778 0.015 52585.273704 19.67 0.018 52585.274537 19.731 0.024 52585.276204 19.614 0.09 43.620133 -0.80969
52909.442005 21.017 0.101 52909.443671 20.497 0.024 52909.440338 20.27 0.026 52909.441171 20.241 0.031 52909.442838 19.84 0.077 43.620133 -0.80969
52910.412247 21.217 0.142 52910.413913 20.487 0.026 52910.41058 20.333 0.029 52910.411413 20.294 0.039 52910.41308 19.843 0.091 43.620133 -0.80969
52935.339417 20.843 0.094 52935.341083 20.376 0.023 52935.33775 20.182 0.028 52935.338583 20.255 0.037 52935.34025 19.761 0.095 43.620133 -0.80969
52963.262494 20.724 0.072 52963.26416 20.228 0.019 52963.260827 20.058 0.021 52963.26166 20.103 0.026 52963.263327 19.941 0.082 43.620133 -0.80969
52971.25341 -99.99 0.124 52971.255076 -99.99 0.025 52971.251743 20.294 0.035 52971.252576 20.28 0.043 52971.254243 19.979 0.104 43.620133 -0.80969
53351.184798 20.843 0.109 53351.186464 20.34 0.026 53351.183131 20.141 0.028 53351.183964 20.139 0.039 53351.185631 19.727 0.104 43.620133 -0.80969
53622.441847 -99.99 0.083 53622.443513 20.244 0.019 53622.44018 20.066 0.021 53622.441013 20.054 0.026 53622.44268 19.617 0.062 43.620133 -0.80969
53627.398945 20.604 0.077 53627.400611 20.214 0.02 53627.397278 20.036 0.022 53627.398111 20.027 0.027 53627.399778 19.66 0.067 43.620133 -0.80969
53634.391319 20.337 0.141 53634.392985 20.121 0.05 53634.389652 20 0.04 53634.390485 19.935 0.037 53634.392152 19.701 0.079 43.620133 -0.80969
53638.432655 20.495 0.085 53638.434321 20.15 0.024 53638.430988 19.949 0.023 53638.431821 20.006 0.029 53638.433488 19.659 0.08 43.620133 -0.80969
53640.396691 20.482 0.086 53640.398357 20.095 0.022 53640.395024 19.94 0.023 53640.395857 19.94 0.029 53640.397524 19.672 0.08 43.620133 -0.80969
53643.439166 20.62 0.104 53643.440832 20.167 0.022 53643.437499 20.06 0.026 53643.438332 20.062 0.033 53643.439999 19.707 0.096 43.620133 -0.80969
53646.458099 20.573 0.123 53646.459765 20.179 0.024 53646.456432 19.93 0.036 53646.457265 19.994 0.045 53646.458932 19.621 0.098 43.620133 -0.80969
53663.458517 20.751 0.313 53663.460183 20.092 0.059 53663.45685 19.946 0.042 53663.457683 19.989 0.041 53663.45935 19.864 0.124 43.620133 -0.80969
53664.393821 20.482 0.158 53664.395487 20.147 0.051 53664.392154 19.937 0.04 53664.392987 19.947 0.043 53664.394654 19.864 0.14 43.620133 -0.80969
53665.45845 20.639 0.184 53665.460116 20.161 0.039 53665.456783 19.984 0.035 53665.457616 19.971 0.038 53665.459283 19.627 0.105 43.620133 -0.80969
53668.447067 20.79 0.202 53668.448733 20.277 0.037 53668.4454 20.173 0.043 53668.446233 19.979 0.043 53668.4479 19.963 0.156 43.620133 -0.80969
53669.353065 -99.99 0.102 53669.354731 20.237 0.027 53669.351398 20.072 0.028 53669.352231 20.031 0.031 53669.353898 19.711 0.086 43.620133 -0.80969
53670.453039 20.703 0.15 53670.454705 20.182 0.028 53670.451372 20.016 0.031 53670.452205 20.019 0.035 53670.453872 19.712 0.099 43.620133 -0.80969
53671.437817 20.851 0.134 53671.439483 20.194 0.026 53671.43615 19.942 0.025 53671.436983 19.97 0.03 53671.43865 19.745 0.091 43.620133 -0.80969
53674.337303 20.609 0.098 53674.338969 20.198 0.022 53674.335636 20.006 0.026 53674.336469 20.023 0.037 53674.338136 19.568 0.09 43.620133 -0.80969
53676.426759 20.861 0.132 53676.428425 20.195 0.023 53676.425092 20.037 0.031 53676.425925 19.977 0.032 53676.427592 19.972 0.107 43.620133 -0.80969
53679.398662 20.616 0.097 53679.400328 20.228 0.023 53679.396995 19.978 0.028 53679.397828 20.018 0.038 53679.399495 19.965 0.134 43.620133 -0.80969
53681.390175 20.567 0.1 53681.391841 20.274 0.022 53681.388508 20.012 0.029 53681.389341 20.032 0.031 53681.391008 19.843 0.089 43.620133 -0.80969
53684.351671 20.661 0.218 53684.353337 20.298 0.061 53684.350004 19.966 0.049 53684.350837 19.938 0.068 53684.352504 19.391 0.187 43.620133 -0.80969
53694.363128 20.833 0.294 53694.364794 20.279 0.062 53694.361461 20.04 0.044 53694.362294 20.096 0.049 53694.363961 19.609 0.102 43.620133 -0.80969
53697.3472 20.937 0.157 53697.348866 20.324 0.033 53697.345533 20.098 0.028 53697.346366 20.138 0.033 53697.348033 19.735 0.089 43.620133 -0.80969
53700.346156 21.127 0.15 53700.347822 20.333 0.024 53700.344489 20.098 0.029 53700.345322 20.113 0.037 53700.346989 19.824 0.121 43.620133 -0.80969
53705.332827 21.051 0.179 53705.334493 20.439 0.029 53705.33116 20.19 0.032 53705.331993 20.48 0.058 53705.33366 19.743 0.115 43.620133 -0.80969
53975.418008 21.341 0.14 53975.419674 20.578 0.027 53975.416341 20.309 0.031 53975.417174 20.46 0.049 53975.418841 19.81 0.091 43.620133 -0.80969
53994.440816 21.239 0.138 53994.442482 20.546 0.03 53994.439149 20.364 0.032 53994.439982 20.323 0.036 53994.441649 20.062 0.097 43.620133 -0.80969
53996.424589 21.279 0.138 53996.426256 -99.99 0.038 53996.422922 20.372 0.031 53996.423756 20.307 0.042 53996.425422 19.875 0.088 43.620133 -0.80969
54005.437748 -99.99 0.089 54005.439414 20.507 0.028 54005.436081 20.173 0.028 54005.436914 20.278 0.033 54005.438581 19.839 0.077 43.620133 -0.80969
54009.451553 -99.99 0.084 54009.453219 20.407 0.025 54009.449886 20.237 0.024 54009.450719 20.241 0.031 54009.452386 20.043 0.079 43.620133 -0.80969
54010.378674 21.031 0.077 54010.38034 20.372 0.023 54010.377007 20.266 0.022 54010.37784 20.258 0.028 54010.379507 20.036 0.062 43.620133 -0.80969
54012.371512 20.904 0.123 54012.373179 20.396 0.041 54012.369846 20.249 0.033 54012.370679 20.223 0.037 54012.372346 19.891 0.083 43.620133 -0.80969
54020.409621 20.898 0.181 54020.411287 20.441 0.042 54020.407954 20.313 0.044 54020.408787 20.295 0.051 54020.410454 19.672 0.088 43.620133 -0.80969
54024.459135 21.395 0.298 54024.460802 20.479 0.034 54024.457469 20.311 0.048 54024.458302 20.09 0.047 54024.459969 19.735 0.117 43.620133 -0.80969
54028.447388 -99.99 0.111 54028.449055 20.306 0.024 54028.445721 20.1 0.032 54028.446555 20.135 0.04 54028.448221 19.85 0.11 43.620133 -0.80969
54030.402807 20.918 0.087 54030.404474 20.342 0.024 54030.40114 20.166 0.023 54030.401974 20.164 0.029 54030.40364 20.021 0.094 43.620133 -0.80969
54035.446822 20.702 0.125 54035.448488 20.348 0.03 54035.445155 20.191 0.041 54035.445988 20.185 0.049 54035.447655 19.938 0.127 43.620133 -0.80969
54037.352305 20.786 0.076 54037.353972 20.319 0.026 54037.350639 20.151 0.023 54037.351472 20.162 0.034 54037.353139 19.863 0.07 43.620133 -0.80969
54040.366784 20.859 0.088 54040.36845 20.328 0.025 54040.365117 20.142 0.024 54040.36595 20.146 0.03 54040.367617 19.878 0.086 43.620133 -0.80969
54041.402344 20.953 0.124 54041.404011 20.361 0.04 54041.400678 20.093 0.031 54041.401511 20.155 0.031 54041.403178 19.938 0.086 43.620133 -0.80969
54049.393328 20.754 0.195 54049.394995 20.22 0.046 54049.391662 20.047 0.04 54049.392495 20.238 0.043 54049.394162 19.775 0.119 43.620133 -0.80969
54050.353433 21.619 0.403 54050.3551 20.315 0.046 54050.351767 20.143 0.047 54050.3526 20.337 0.074 54050.354267 19.741 0.137 43.620133 -0.80969
54053.372925 20.885 0.118 54053.374592 20.31 0.037 54053.371258 20.129 0.031 54053.372092 20.08 0.04 54053.373758 19.968 0.14 43.620133 -0.80969
54056.359229 20.887 0.106 54056.360896 20.332 0.028 54056.357562 20.007 0.028 54056.358396 20.182 0.035 54056.360062 19.792 0.092 43.620133 -0.80969
54059.35351 20.653 0.101 54059.355176 20.364 0.026 54059.351843 20.107 0.033 54059.352676 20.121 0.047 54059.354343 19.896 0.12 43.620133 -0.80969
54062.358417 21.085 0.114 54062.360083 20.323 0.026 54062.35675 20.127 0.028 54062.357583 20.118 0.034 54062.35925 19.79 0.095 43.620133 -0.80969
54064.354859 21.011 0.135 54064.356525 20.309 0.025 54064.353192 20.096 0.026 54064.354025 20.085 0.035 54064.355692 19.908 0.1 43.620133 -0.80969
54357.396712 21.135 0.097 54357.398379 20.47 0.021 54357.395046 20.249 0.024 54357.395879 20.223 0.032 54357.397546 20.024 0.071 43.620133 -0.80969
54362.446564 20.996 0.084 54362.448231 20.423 0.028 54362.444898 20.299 0.023 54362.445731 20.25 0.029 54362.447398 19.899 0.075 43.620133 -0.80969
54376.441654 21.055 0.118 54376.443321 20.538 0.035 54376.439987 20.235 0.025 54376.440821 20.262 0.032 54376.442487 19.955 0.089 43.620133 -0.80969
54382.426733 21.036 0.125 54382.428399 -99.99 0.06 54382.425066 20.374 0.04 54382.425899 20.296 0.044 54382.427566 19.881 0.113 43.620133 -0.80969
54385.444529 -99.99 0.107 54385.446196 20.485 0.025 54385.442862 20.317 0.032 54385.443696 20.327 0.037 54385.445362 19.957 0.087 43.620133 -0.80969
54387.445031 21.441 0.309 54387.446697 20.519 0.037 54387.443364 20.316 0.038 54387.444197 20.338 0.069 54387.445864 -99.99 0.119 43.620133 -0.80969
