51075.420045 20.958 0.086 51075.421711 20.685 0.029 51075.418378 20.423 0.031 51075.419211 20.258 0.043 51075.420878 20.449 0.247 43.389738 0.276221
51818.389674 21.221 0.108 51818.39134 20.728 0.027 51818.388007 20.53 0.031 51818.38884 20.344 0.037 51818.390507 20.46 0.187 43.389738 0.276221
52171.377801 20.978 0.098 52171.379467 20.782 0.032 52171.376134 20.489 0.03 52171.376967 20.395 0.039 52171.378634 20.543 0.19 43.389738 0.276221
52173.354066 21.29 0.15 52173.355732 20.744 0.031 52173.352399 20.452 0.036 52173.353232 20.307 0.047 52173.354899 20.616 0.29 43.389738 0.276221
52224.334208 21.281 0.109 52224.335874 20.891 0.029 52224.332541 20.622 0.031 52224.333374 20.519 0.042 52224.335041 20.794 0.219 43.389738 0.276221
52234.290714 21.141 0.131 52234.29238 20.889 0.034 52234.289047 20.584 0.037 52234.28988 20.476 0.044 52234.291547 20.302 0.16 43.389738 0.276221
52261.254069 21.64 0.143 52261.255735 20.926 0.032 52261.252402 20.668 0.032 52261.253235 20.542 0.039 52261.254902 20.68 0.195 43.389738 0.276221
52283.121441 21.232 0.16 52283.123107 21.065 0.048 52283.119774 20.667 0.055 52283.120607 20.501 0.061 52283.122274 20.502 0.279 43.389738 0.276221
52287.134565 21.526 0.143 52287.136231 20.931 0.035 52287.132898 20.653 0.035 52287.133731 20.429 0.044 52287.135398 20.828 0.273 43.389738 0.276221
52552.453259 21.476 0.134 52552.454925 21.142 0.035 52552.451592 20.899 0.039 52552.452425 20.663 0.049 52552.454092 20.518 0.188 43.389738 0.276221
52557.427618 21.661 0.155 52557.429284 21.189 0.036 52557.425951 20.831 0.041 52557.426784 20.74 0.054 52557.428451 20.921 0.296 43.389738 0.276221
52908.402187 21.02 0.097 52908.403853 20.662 0.027 52908.40052 20.542 0.033 52908.401353 20.402 0.041 52908.40302 20.668 0.234 43.389738 0.276221
52912.381625 21.034 0.102 52912.383291 20.742 0.028 52912.379958 20.446 0.029 52912.380791 20.35 0.036 52912.382458 20.014 0.124 43.389738 0.276221
52934.334091 21.003 0.104 52934.335757 20.616 0.026 52934.332424 20.486 0.032 52934.333257 20.3 0.041 52934.334924 19.955 0.14 43.389738 0.276221
52936.330018 20.985 0.085 52936.331684 20.681 0.024 52936.328351 20.501 0.03 52936.329184 20.311 0.035 52936.330851 20.543 0.175 43.389738 0.276221
53270.394075 -99.99 0.087 53270.395742 20.869 0.026 53270.392409 20.545 0.025 53270.393242 20.531 0.034 53270.394909 20.423 0.136 43.389738 0.276221
53272.444015 21.066 0.108 53272.445681 20.817 0.032 53272.442348 20.438 0.031 53272.443181 20.413 0.042 53272.444848 20.488 0.218 43.389738 0.276221
53286.412736 21.121 0.138 53286.414402 20.749 0.039 53286.411069 20.53 0.036 53286.411902 20.357 0.043 53286.413569 20.29 0.176 43.389738 0.276221
53288.371229 21.06 0.104 53288.372895 20.831 0.029 53288.369562 20.6 0.033 53288.370395 20.389 0.039 53288.372062 20.441 0.173 43.389738 0.276221
53294.418901 -99.99 0.515 53294.420567 20.707 0.117 53294.417234 20.279 0.153 53294.418067 20.377 0.195 53294.419734 -99.99 0.455 43.389738 0.276221
53296.365934 21.209 0.123 53296.367601 20.856 0.041 53296.364267 20.58 0.045 53296.365101 20.395 0.047 53296.366767 20.22 0.151 43.389738 0.276221
53298.415678 21.252 0.112 53298.417344 20.877 0.03 53298.414011 20.558 0.036 53298.414844 20.454 0.045 53298.416511 20.315 0.175 43.389738 0.276221
53302.366898 21.175 0.158 53302.368564 20.848 0.055 53302.365231 20.553 0.043 53302.366064 20.359 0.043 53302.367731 20.572 0.204 43.389738 0.276221
53312.322451 21.087 0.182 53312.324117 20.904 0.056 53312.320784 20.65 0.061 53312.321617 20.605 0.075 53312.323284 20.398 0.23 43.389738 0.276221
53314.323629 21.402 0.192 53314.325295 20.88 0.045 53314.321962 20.619 0.05 53314.322795 20.324 0.047 53314.324462 20.617 0.265 43.389738 0.276221
53319.311425 21.335 0.17 53319.313091 20.917 0.039 53319.309758 20.609 0.045 53319.310591 20.544 0.059 53319.312258 20.41 0.221 43.389738 0.276221
53616.42798 21.241 0.148 53616.429646 20.961 0.037 53616.426313 20.651 0.039 53616.427146 20.467 0.048 53616.428813 20.718 0.279 43.389738 0.276221
53626.404409 -99.99 0.246 53626.406075 20.914 0.059 53626.402742 20.621 0.063 53626.403575 -99.99 0.83 53626.405242 20.632 0.306 43.389738 0.276221
53628.389273 21.321 0.193 53628.390939 20.972 0.067 53628.387606 20.669 0.056 53628.388439 20.492 0.061 53628.390106 20.801 0.343 43.389738 0.276221
53639.436269 21.502 0.189 53639.437935 21.016 0.045 53639.434602 20.66 0.038 53639.435435 20.438 0.039 53639.437102 20.728 0.229 43.389738 0.276221
53641.435435 21.347 0.177 53641.437101 20.98 0.041 53641.433768 20.657 0.042 53641.434601 20.435 0.046 53641.436268 20.877 0.293 43.389738 0.276221
53657.394319 21.327 0.236 53657.395985 21.079 0.083 53657.392652 20.764 0.081 53657.393485 20.524 0.074 53657.395152 21.009 0.412 43.389738 0.276221
53663.378867 22.217 0.623 53663.380533 21.126 0.103 53663.3772 20.695 0.069 53663.378033 20.559 0.061 53663.3797 20.379 0.18 43.389738 0.276221
53665.356839 21.592 0.278 53665.358505 20.87 0.058 53665.355172 20.723 0.052 53665.356005 20.557 0.05 53665.357672 20.477 0.188 43.389738 0.276221
53666.448952 21.298 0.269 53666.450618 21.022 0.07 53666.447285 20.655 0.055 53666.448118 20.475 0.052 53666.449785 20.307 0.181 43.389738 0.276221
53668.368469 21.786 0.379 53668.370135 20.922 0.061 53668.366802 20.538 0.054 53668.367635 20.537 0.075 53668.369302 20.318 0.25 43.389738 0.276221
53669.45608 21.158 0.24 53669.457746 20.921 0.056 53669.454413 20.634 0.052 53669.455246 20.402 0.054 53669.456913 20.91 0.383 43.389738 0.276221
53670.37332 21.283 0.171 53670.374986 20.962 0.044 53670.371653 20.64 0.046 53670.372486 20.55 0.051 53670.374153 20.787 0.267 43.389738 0.276221
53673.341307 21.329 0.126 53673.342973 20.974 0.029 53673.33964 20.684 0.033 53673.340473 20.516 0.037 53673.34214 20.593 0.171 43.389738 0.276221
53675.338195 21.246 0.123 53675.339861 21.012 0.033 53675.336528 20.733 0.039 53675.337361 20.624 0.049 53675.339028 20.133 0.134 43.389738 0.276221
53677.359225 21.271 0.117 53677.360891 21.005 0.031 53677.357558 20.697 0.031 53677.358391 20.531 0.036 53677.360058 20.557 0.153 43.389738 0.276221
53680.345892 21.31 0.135 53680.347558 21.064 0.036 53680.344225 20.719 0.037 53680.345058 20.535 0.043 53680.346725 20.612 0.195 43.389738 0.276221
53683.404444 21.723 0.365 53683.40611 20.936 0.085 53683.402777 20.597 0.058 53683.40361 20.462 0.093 53683.405277 21.123 0.683 43.389738 0.276221
53686.345324 21.179 0.29 53686.34699 21.089 0.114 53686.343657 20.759 0.083 53686.34449 20.486 0.068 53686.346157 20.435 0.221 43.389738 0.276221
53693.347783 20.794 0.315 53693.349449 20.955 0.138 53693.346116 20.611 0.087 53693.346949 20.396 0.085 53693.348616 20.716 0.391 43.389738 0.276221
53699.368621 21.276 0.191 53699.370287 20.961 0.047 53699.366954 20.619 0.039 53699.367787 20.577 0.048 53699.369454 20.701 0.228 43.389738 0.276221
53704.331104 21.627 0.282 53704.33277 21.033 0.036 53704.329437 20.694 0.046 53704.33027 20.665 0.097 53704.331937 21.35 0.49 43.389738 0.276221
53989.427151 21.584 0.318 53989.428818 21.117 0.087 53989.425484 20.857 0.069 53989.426318 20.692 0.062 53989.427984 20.946 0.223 43.389738 0.276221
53997.450711 21.571 0.127 53997.452378 21.184 0.031 53997.449045 20.86 0.033 53997.449878 20.67 0.036 53997.451545 21.153 0.228 43.389738 0.276221
54000.402615 -99.99 0.479 54000.404281 21.275 0.043 54000.400948 -99.99 0.061 54000.401781 -99.99 0.07 54000.403448 -99.99 0.269 43.389738 0.276221
54007.452751 21.664 0.18 54007.454418 21.125 0.034 54007.451085 20.776 0.038 54007.451918 20.642 0.042 54007.453585 20.705 0.196 43.389738 0.276221
54009.376526 21.544 0.11 54009.378193 21.152 0.027 54009.374859 20.859 0.032 54009.375693 20.636 0.034 54009.377359 20.654 0.145 43.389738 0.276221
54011.44098 21.511 0.111 54011.442647 21.208 0.03 54011.439314 20.859 0.035 54011.440147 20.675 0.034 54011.441814 20.652 0.149 43.389738 0.276221
54012.453789 21.671 0.205 54012.455456 21.165 0.044 54012.452122 20.88 0.046 54012.452956 20.787 0.06 54012.454622 20.506 0.218 43.389738 0.276221
54019.436015 21.227 0.295 54019.437682 20.939 0.09 54019.434348 20.879 0.077 54019.435182 20.648 0.098 54019.436848 21.029 0.457 43.389738 0.276221
54025.44005 21.809 0.252 54025.441717 21.174 0.041 54025.438384 20.803 0.051 54025.439217 20.663 0.056 54025.440884 20.935 0.282 43.389738 0.276221
54346.433774 21.71 0.352 54346.435441 -99.99 0.087 54346.432108 20.834 0.062 54346.432941 20.615 0.057 54346.434608 20.494 0.161 43.389738 0.276221
54348.437769 21.485 0.186 54348.439436 21.419 0.428 54348.436102 20.848 0.112 54348.436936 20.708 0.065 54348.438602 21.087 0.294 43.389738 0.276221
54358.393581 21.389 0.174 54358.395248 21.105 0.046 54358.391914 20.914 0.048 54358.392748 20.754 0.063 54358.394414 20.859 0.292 43.389738 0.276221
54365.426676 21.322 0.111 54365.428343 21.118 0.032 54365.425009 20.902 0.035 54365.425843 20.676 0.044 54365.427509 20.739 0.188 43.389738 0.276221
54381.446216 21.304 0.13 54381.447883 21.094 0.03 54381.444549 20.814 0.036 54381.445383 20.674 0.045 54381.447049 20.738 0.198 43.389738 0.276221
54384.452835 21.395 0.256 54384.454502 -99.99 0.053 54384.451169 20.841 0.085 54384.452002 20.497 0.096 54384.453669 20.477 0.253 43.389738 0.276221
54386.438516 21.34 0.124 54386.440182 21.045 0.034 54386.436849 20.732 0.033 54386.437682 20.627 0.04 54386.439349 20.837 0.195 43.389738 0.276221
54388.442767 21.48 0.148 54388.444434 21.045 0.033 54388.441101 20.799 0.036 54388.441934 20.604 0.039 54388.443601 20.631 0.17 43.389738 0.276221
54392.440341 21.413 0.156 54392.442008 21.13 0.037 54392.438674 20.76 0.038 54392.439508 20.586 0.046 54392.441174 20.685 0.235 43.389738 0.276221
54403.356595 21.434 0.281 54403.358262 21.053 0.067 54403.354928 21.052 0.124 54403.355762 20.53 0.093 54403.357428 20.752 0.236 43.389738 0.276221
54404.414123 20.925 0.156 54404.41579 20.957 0.067 54404.412456 20.759 0.123 54404.41329 20.619 0.061 54404.414956 21.272 0.384 43.389738 0.276221
54406.350404 21.122 0.102 54406.352071 20.917 0.041 54406.348738 20.7 0.03 54406.349571 20.587 0.033 54406.351238 20.514 0.127 43.389738 0.276221
54409.355259 21.338 0.118 54409.356925 20.93 0.028 54409.353592 20.768 0.033 54409.354425 20.592 0.037 54409.356092 20.401 0.133 43.389738 0.276221
54412.376192 21.19 0.15 54412.377859 21.004 0.045 54412.374525 20.672 0.039 54412.375359 20.571 0.049 54412.377025 21.284 0.449 43.389738 0.276221
