51081.316822 20.293 0.062 51081.318488 -99.99 0.027 51081.315155 19.831 0.023 51081.315988 19.719 0.03 51081.317655 19.573 0.09 12.014385 -1.042491
52196.352365 19.681 0.036 52196.354031 19.641 0.016 52196.350698 19.45 0.015 52196.351531 19.371 0.02 52196.353198 19.34 0.073 12.014385 -1.042491
52197.346749 19.733 0.035 52197.348415 19.649 0.017 52197.345082 19.446 0.015 52197.345915 19.341 0.02 52197.347582 19.334 0.071 12.014385 -1.042491
52207.319122 19.74 0.036 52207.320788 19.617 0.015 52207.317455 19.417 0.015 52207.318288 19.342 0.019 52207.319955 19.461 0.073 12.014385 -1.042491
52225.196939 -99.99 0.034 52225.198605 19.558 0.016 52225.195272 19.394 0.015 52225.196105 19.334 0.02 52225.197772 19.387 0.069 12.014385 -1.042491
52231.232723 19.699 0.035 52231.234389 19.549 0.014 52231.231056 19.409 0.014 52231.231889 19.326 0.018 52231.233556 19.364 0.058 12.014385 -1.042491
52253.218891 19.509 0.035 52253.220557 19.496 0.016 52253.217224 19.325 0.014 52253.218057 19.276 0.019 52253.219724 19.286 0.069 12.014385 -1.042491
52557.340724 19.776 0.042 52557.34239 19.652 0.017 52557.339057 19.442 0.017 52557.33989 19.381 0.022 52557.341557 19.4 0.075 12.014385 -1.042491
52578.23681 19.739 0.033 52578.238476 19.618 0.014 52578.235143 19.416 0.015 52578.235976 19.333 0.019 52578.237643 19.474 0.07 12.014385 -1.042491
52908.315289 19.63 0.035 52908.316955 19.632 0.015 52908.313622 19.406 0.016 52908.314455 19.387 0.022 52908.316122 19.441 0.071 12.014385 -1.042491
52934.247192 -99.99 0.04 52934.248858 19.594 0.018 52934.245525 19.389 0.018 52934.246358 19.357 0.025 52934.248025 19.603 0.119 12.014385 -1.042491
52936.243118 -99.99 0.035 52936.244784 19.633 0.014 52936.241451 19.392 0.014 52936.242284 19.326 0.018 52936.243951 19.354 0.058 12.014385 -1.042491
53270.307172 -99.99 0.034 53270.308838 19.731 0.025 53270.305505 19.475 0.016 53270.306338 19.413 0.022 53270.308005 19.491 0.055 12.014385 -1.042491
53286.32584 19.936 0.049 53286.327506 19.75 0.022 53286.324173 19.496 0.018 53286.325006 19.346 0.022 53286.326673 19.473 0.071 12.014385 -1.042491
53288.284329 19.921 0.046 53288.285995 19.753 0.018 53288.282662 19.501 0.017 53288.283495 19.419 0.024 53288.285162 19.481 0.079 12.014385 -1.042491
53294.332006 19.93 0.048 53294.333672 19.741 0.02 53294.330339 19.51 0.019 53294.331172 19.513 0.028 53294.332839 19.417 0.087 12.014385 -1.042491
53296.279122 19.941 0.066 53296.280789 19.767 0.019 53296.277456 19.505 0.024 53296.278289 19.419 0.03 53296.279956 19.536 0.096 12.014385 -1.042491
53298.328785 19.925 0.046 53298.330451 19.757 0.018 53298.327118 19.488 0.021 53298.327951 19.454 0.028 53298.329618 19.493 0.085 12.014385 -1.042491
53302.279999 19.941 0.072 53302.281665 19.742 0.032 53302.278332 19.483 0.023 53302.279165 19.419 0.025 53302.280832 19.456 0.071 12.014385 -1.042491
53312.235549 19.868 0.047 53312.237216 19.785 0.028 53312.233883 19.571 0.021 53312.234716 19.452 0.027 53312.236383 19.511 0.083 12.014385 -1.042491
53314.236729 19.806 0.04 53314.238395 19.709 0.018 53314.235062 19.493 0.02 53314.235895 19.404 0.025 53314.237562 19.437 0.077 12.014385 -1.042491
53616.341088 20.252 0.075 53616.342754 19.996 0.029 53616.339421 19.69 0.024 53616.340254 19.631 0.034 53616.341921 19.527 0.119 12.014385 -1.042491
53626.317514 20.015 0.044 53626.31918 19.966 0.019 53626.315847 19.68 0.018 53626.31668 19.618 0.024 53626.318347 19.688 0.078 12.014385 -1.042491
53628.302379 20.056 0.093 53628.304045 19.927 0.045 53628.300712 19.676 0.03 53628.301545 19.623 0.034 53628.303212 19.544 0.087 12.014385 -1.042491
53637.303996 20.152 0.088 53637.305662 19.977 0.034 53637.302329 19.748 0.03 53637.303162 19.617 0.038 53637.304829 19.678 0.133 12.014385 -1.042491
53639.349373 20.124 0.05 53639.351039 19.981 0.02 53639.347706 19.725 0.017 53639.348539 19.64 0.022 53639.350206 19.711 0.067 12.014385 -1.042491
53654.331066 20.129 0.052 53654.332732 19.946 0.019 53654.329399 19.688 0.018 53654.330232 19.676 0.026 53654.331899 19.462 0.078 12.014385 -1.042491
53663.29197 19.987 0.087 53663.293636 19.878 0.033 53663.290303 19.431 0.021 53663.291136 19.603 0.028 53663.292803 19.595 0.081 12.014385 -1.042491
53666.362069 20.079 0.09 53666.363735 19.944 0.03 53666.360402 19.706 0.024 53666.361235 19.578 0.026 53666.362902 19.625 0.08 12.014385 -1.042491
53668.281569 20.179 0.072 53668.283235 19.923 0.026 53668.279902 19.663 0.023 53668.280735 19.607 0.034 53668.282402 19.585 0.108 12.014385 -1.042491
53670.286423 20.021 0.048 53670.288089 19.954 0.021 53670.284756 19.684 0.018 53670.285589 19.609 0.023 53670.287256 19.852 0.107 12.014385 -1.042491
53673.254407 19.994 0.043 53673.256073 19.932 0.019 53673.25274 19.66 0.017 53673.253573 19.601 0.022 53673.25524 19.59 0.068 12.014385 -1.042491
53675.251296 20.043 0.047 53675.252962 19.94 0.02 53675.249629 19.681 0.019 53675.250462 19.652 0.026 53675.252129 19.713 0.1 12.014385 -1.042491
53677.272327 20.049 0.044 53677.273993 19.902 0.018 53677.27066 19.68 0.017 53677.271493 19.58 0.021 53677.27316 19.618 0.066 12.014385 -1.042491
53680.258993 20.008 0.045 53680.260659 19.883 0.018 53680.257326 19.673 0.018 53680.258159 19.599 0.023 53680.259826 19.624 0.066 12.014385 -1.042491
53693.260889 19.995 0.088 53693.262555 19.949 0.035 53693.259222 19.625 0.027 53693.260055 19.585 0.027 53693.261722 19.709 0.082 12.014385 -1.042491
53698.25828 19.996 0.051 53698.259946 19.878 0.021 53698.256613 19.673 0.019 53698.257446 19.581 0.026 53698.259113 19.609 0.09 12.014385 -1.042491
53704.244212 20.06 0.063 53704.245878 19.849 0.021 53704.242545 19.597 0.025 53704.243378 19.669 0.04 53704.245045 19.655 0.111 12.014385 -1.042491
53974.336907 20.015 0.044 53974.338574 19.848 0.02 53974.335241 19.574 0.022 53974.336074 19.549 0.023 53974.337741 19.469 0.066 12.014385 -1.042491
53977.385558 20.016 0.038 53977.387225 19.859 0.019 53977.383892 19.601 0.018 53977.384725 19.524 0.019 53977.386392 19.525 0.061 12.014385 -1.042491
53989.340334 19.977 0.08 53989.342001 19.779 0.036 53989.338667 19.626 0.028 53989.339501 19.495 0.029 53989.341167 19.544 0.073 12.014385 -1.042491
53995.354894 19.932 0.036 53995.35656 19.825 0.023 53995.353227 19.574 0.016 53995.35406 19.49 0.019 53995.355727 19.586 0.063 12.014385 -1.042491
54000.315749 19.915 0.054 54000.317416 19.763 0.022 54000.314082 19.545 0.019 54000.314916 19.497 0.03 54000.316582 19.561 0.098 12.014385 -1.042491
54006.262468 19.977 0.043 54006.264135 19.765 0.018 54006.260801 19.507 0.022 54006.261635 19.463 0.026 54006.263301 -99.99 0.057 12.014385 -1.042491
54007.365933 19.843 0.071 54007.3676 19.828 0.029 54007.364266 19.473 0.045 54007.3651 19.501 0.023 54007.366766 19.628 0.096 12.014385 -1.042491
54009.289637 19.86 0.04 54009.291303 19.775 0.021 54009.28797 19.535 0.019 54009.288803 19.485 0.029 54009.29047 19.467 0.064 12.014385 -1.042491
54011.354117 19.955 0.042 54011.355783 19.803 0.031 54011.35245 19.555 0.018 54011.353283 19.476 0.024 54011.35495 19.631 0.067 12.014385 -1.042491
54024.371593 100.016 99.999 54024.373259 99.991 99.999 54024.369926 19.538 0.028 54024.370759 19.461 0.032 54024.372426 19.484 0.087 12.014385 -1.042491
54025.353105 -99.99 0.046 54025.354772 19.779 0.023 54025.351438 19.555 0.019 54025.352272 19.538 0.024 54025.353938 19.533 0.083 12.014385 -1.042491
54029.283538 20.008 0.061 54029.285205 19.797 0.028 54029.281872 19.575 0.026 54029.282705 19.468 0.046 54029.284372 19.487 0.086 12.014385 -1.042491
54348.350946 20.143 0.051 54348.352613 19.853 0.026 54348.349279 19.586 0.022 54348.350113 19.554 0.024 54348.351779 19.582 0.069 12.014385 -1.042491
54358.306729 -99.99 0.059 54358.308395 19.951 0.028 54358.305062 19.65 0.024 54358.305895 19.57 0.029 54358.307562 19.561 0.096 12.014385 -1.042491
54359.300698 19.975 0.088 54359.302365 19.978 0.047 54359.299032 19.646 0.037 54359.299865 19.546 0.046 54359.301532 19.466 0.185 12.014385 -1.042491
54362.358986 20.159 0.049 54362.360653 -99.99 0.02 54362.357319 19.662 0.019 54362.358153 19.639 0.03 54362.359819 19.511 0.077 12.014385 -1.042491
54365.339783 20.085 0.04 54365.341449 19.953 0.028 54365.338116 19.671 0.021 54365.338949 19.585 0.021 54365.340616 19.646 0.067 12.014385 -1.042491
54381.359336 20.094 0.049 54381.361003 19.972 0.025 54381.35767 19.626 0.018 54381.358503 19.602 0.022 54381.36017 19.691 0.069 12.014385 -1.042491
54384.366024 -99.99 0.049 54384.367691 19.979 0.024 54384.364357 19.633 0.02 54384.365191 19.609 0.024 54384.366857 19.625 0.082 12.014385 -1.042491
54386.351701 20.093 0.057 54386.353368 19.886 0.025 54386.350034 19.642 0.021 54386.350868 19.575 0.028 54386.352534 19.629 0.113 12.014385 -1.042491
54388.355893 20.045 0.048 54388.35756 19.89 0.024 54388.354227 19.634 0.019 54388.35506 19.567 0.022 54388.356727 19.632 0.067 12.014385 -1.042491
54402.350705 99.997 99.999 54402.352372 19.88 0.049 54402.349039 19.752 0.042 54402.349872 19.593 0.034 54402.351539 19.512 0.089 12.014385 -1.042491
54403.26967 19.854 0.126 54403.271336 19.812 0.048 54403.268003 19.77 0.079 54403.268836 19.638 0.067 54403.270503 19.47 0.149 12.014385 -1.042491
54404.32722 20.036 0.077 54404.328887 19.886 0.027 54404.325554 19.646 0.02 54404.326387 19.645 0.027 54404.328054 19.624 0.086 12.014385 -1.042491
54405.325267 20.147 0.071 54405.326934 19.935 0.026 54405.3236 19.645 0.022 54405.324434 19.553 0.023 54405.3261 19.413 0.063 12.014385 -1.042491
54406.263575 20.146 0.049 54406.265242 19.86 0.035 54406.261909 19.662 0.028 54406.262742 19.562 0.025 54406.264409 19.476 0.072 12.014385 -1.042491
54412.266429 -99.99 0.05 54412.268096 19.886 0.026 54412.264762 19.676 0.022 54412.265596 19.565 0.024 54412.267262 19.611 0.08 12.014385 -1.042491
