51075.414669 20.66 0.062 51075.416335 20.315 0.022 51075.413002 20.048 0.022 51075.413835 19.709 0.026 51075.415502 19.682 0.101 41.448294 -0.137327
51818.384299 20.546 0.061 51818.385965 20.374 0.022 51818.382632 20.136 0.023 51818.383465 19.908 0.027 51818.385132 19.931 0.105 41.448294 -0.137327
52171.372453 20.712 0.068 52171.374119 20.354 0.022 52171.370786 20.186 0.024 52171.371619 19.839 0.024 52171.373286 19.846 0.089 41.448294 -0.137327
52173.348681 20.809 0.089 52173.350347 20.388 0.024 52173.347014 20.126 0.025 52173.347847 19.861 0.031 52173.349514 19.898 0.129 41.448294 -0.137327
52224.328819 20.749 0.069 52224.330485 20.581 0.051 52224.327152 20.19 0.023 52224.327985 19.891 0.025 52224.329652 19.816 0.086 41.448294 -0.137327
52234.285338 20.795 0.09 52234.287004 20.376 0.024 52234.283671 20.218 0.028 52234.284504 19.854 0.029 52234.286171 19.873 0.101 41.448294 -0.137327
52261.248692 20.735 0.07 52261.250358 20.413 0.022 52261.247025 20.148 0.023 52261.247858 19.851 0.024 52261.249525 19.739 0.077 41.448294 -0.137327
52283.116063 20.666 0.092 52283.117729 -99.99 0.032 52283.114396 20.172 0.035 52283.115229 19.823 0.035 52283.116896 19.871 0.158 41.448294 -0.137327
52287.129186 20.642 0.061 52287.130852 20.421 0.025 52287.127519 20.206 0.025 52287.128352 19.873 0.025 52287.130019 19.873 0.089 41.448294 -0.137327
52552.447881 20.468 0.064 52552.449547 20.199 0.044 52552.446214 20.004 0.024 52552.447047 19.71 0.028 52552.448714 19.829 0.104 41.448294 -0.137327
52557.422241 20.505 0.062 52557.423907 20.104 0.019 52557.420574 20.008 0.022 52557.421407 19.722 0.025 52557.423074 19.881 0.105 41.448294 -0.137327
52908.396808 -99.99 0.077 52908.398474 20.371 0.022 52908.395141 20.174 0.026 52908.395974 19.749 0.026 52908.397641 19.793 0.096 41.448294 -0.137327
52912.376247 20.76 0.079 52912.377913 20.35 0.022 52912.37458 20.125 0.024 52912.375413 19.858 0.025 52912.37708 19.865 0.09 41.448294 -0.137327
52934.328714 20.769 0.078 52934.33038 20.375 0.023 52934.327047 20.134 0.026 52934.32788 19.829 0.027 52934.329547 19.803 0.103 41.448294 -0.137327
52936.32464 20.678 0.064 52936.326306 20.376 0.021 52936.322973 20.162 0.024 52936.323806 19.81 0.024 52936.325473 19.795 0.089 41.448294 -0.137327
53270.388742 20.43 0.049 53270.390408 20.132 0.02 53270.387075 19.977 0.018 53270.387908 19.7 0.02 53270.389575 19.739 0.063 41.448294 -0.137327
53272.438639 20.469 0.067 53272.440305 20.131 0.019 53272.436972 19.979 0.023 53272.437805 19.678 0.024 53272.439472 19.573 0.077 41.448294 -0.137327
53286.407361 20.501 0.072 53286.409027 20.122 0.021 53286.405694 19.939 0.022 53286.406527 19.701 0.024 53286.408194 19.819 0.088 41.448294 -0.137327
53288.365852 20.452 0.058 53288.367518 20.113 0.019 53288.364185 19.981 0.021 53288.365018 19.676 0.021 53288.366685 19.624 0.076 41.448294 -0.137327
53294.413525 -99.99 0.314 53294.415191 -99.99 0.171 53294.411858 20.011 0.114 53294.412691 -99.99 0.106 53294.414358 -99.99 0.707 41.448294 -0.137327
53296.360542 20.357 0.069 53296.362209 20.168 0.037 53296.358875 19.961 0.03 53296.359709 19.716 0.032 53296.361375 19.61 0.088 41.448294 -0.137327
53298.410302 20.433 0.065 53298.411968 20.089 0.019 53298.408635 19.921 0.026 53298.409468 19.624 0.028 53298.411135 19.705 0.107 41.448294 -0.137327
53302.361521 20.417 0.08 53302.363187 20.129 0.031 53302.359854 19.943 0.026 53302.360687 19.684 0.024 53302.362354 19.702 0.076 41.448294 -0.137327
53312.317097 -99.99 0.078 53312.318764 20.063 0.033 53312.31543 20.006 0.039 53312.316264 19.671 0.031 53312.31793 19.517 0.094 41.448294 -0.137327
53314.318252 20.341 0.069 53314.319918 20.099 0.025 53314.316585 19.933 0.027 53314.317418 19.661 0.027 53314.319085 19.584 0.085 41.448294 -0.137327
53319.306048 20.289 0.066 53319.307714 20.023 0.023 53319.304381 19.906 0.027 53319.305214 19.614 0.027 53319.306881 19.746 0.109 41.448294 -0.137327
53616.422605 20.359 0.07 53616.424271 20.102 0.021 53616.420938 19.985 0.025 53616.421771 19.648 0.026 53616.423438 19.796 0.103 41.448294 -0.137327
53626.399033 20.315 0.07 53626.400699 20.068 0.023 53626.397366 -99.99 0.038 53626.398199 19.612 0.03 53626.399866 -99.99 0.128 41.448294 -0.137327
53628.383897 20.395 0.089 53628.385563 20.126 0.034 53628.38223 19.93 0.03 53628.383063 19.741 0.033 53628.38473 19.71 0.108 41.448294 -0.137327
53639.430893 20.335 0.066 53639.432559 20.176 0.026 53639.429226 20.025 0.023 53639.430059 19.718 0.024 53639.431726 19.766 0.082 41.448294 -0.137327
53641.430059 20.448 0.072 53641.431725 20.144 0.022 53641.428392 19.942 0.022 53641.429225 19.685 0.024 53641.430892 19.757 0.084 41.448294 -0.137327
53657.388945 20.471 0.115 53657.390611 20.153 0.041 53657.387278 19.998 0.042 53657.388111 19.724 0.038 53657.389778 19.831 0.123 41.448294 -0.137327
53663.373491 20.459 0.158 53663.375157 20.138 0.045 53663.371824 19.95 0.034 53663.372657 19.638 0.03 53663.374324 19.585 0.086 41.448294 -0.137327
53665.351463 20.32 0.086 53665.353129 20.216 0.035 53665.349796 19.965 0.028 53665.350629 19.744 0.026 53665.352296 19.793 0.088 41.448294 -0.137327
53666.443577 20.48 0.123 53666.445243 20.155 0.034 53666.44191 19.991 0.029 53666.442743 19.745 0.026 53666.44441 19.746 0.096 41.448294 -0.137327
53668.363092 20.294 0.088 53668.364758 20.115 0.028 53668.361425 19.99 0.031 53668.362258 19.689 0.032 53668.363925 19.596 0.108 41.448294 -0.137327
53669.450706 20.437 0.119 53669.452372 20.1 0.032 53669.449039 19.955 0.03 53669.449872 19.684 0.031 53669.451539 19.74 0.114 41.448294 -0.137327
53670.367945 20.349 0.076 53670.369611 20.074 0.023 53670.366278 19.975 0.028 53670.367111 19.676 0.029 53670.368778 19.642 0.095 41.448294 -0.137327
53673.335931 20.344 0.054 53673.337597 20.112 0.017 53673.334264 19.953 0.02 53673.335097 19.674 0.02 53673.336764 19.687 0.067 41.448294 -0.137327
53675.332819 20.318 0.058 53675.334485 20.083 0.019 53675.331152 19.974 0.023 53675.331985 19.752 0.026 53675.333652 19.76 0.093 41.448294 -0.137327
53677.353848 20.308 0.053 53677.355514 20.118 0.018 53677.352181 19.961 0.019 53677.353014 19.718 0.02 53677.354681 19.783 0.068 41.448294 -0.137327
53680.340516 20.261 0.052 53680.342182 20.07 0.017 53680.338849 19.943 0.021 53680.339682 19.68 0.022 53680.341349 19.736 0.077 41.448294 -0.137327
53683.399068 20.497 0.085 53683.400734 20.118 0.022 53683.397401 19.986 0.028 53683.398234 19.676 0.033 53683.399901 19.838 0.149 41.448294 -0.137327
53686.339948 20.134 0.114 53686.341614 20.21 0.05 53686.338281 19.964 0.047 53686.339114 19.685 0.035 53686.340781 19.834 0.114 41.448294 -0.137327
53687.397335 -99.99 1.028 53687.399001 -99.99 0.343 53687.395668 19.999 0.128 53687.396501 -99.99 0.111 53687.398168 -99.99 0.267 41.448294 -0.137327
53693.342408 20.647 0.254 53693.344074 20.193 0.063 53693.340741 20.089 0.048 53693.341574 19.732 0.038 53693.343241 19.698 0.132 41.448294 -0.137327
53699.363246 20.397 0.082 53699.364912 20.196 0.025 53699.361579 20.041 0.025 53699.362412 19.733 0.024 53699.364079 19.73 0.077 41.448294 -0.137327
53704.325728 20.495 0.071 53704.327394 20.142 0.025 53704.324061 20.032 0.025 53704.324894 19.686 0.027 53704.326561 19.71 0.111 41.448294 -0.137327
53989.421791 20.559 0.124 53989.423458 20.316 0.048 53989.420125 20.073 0.036 53989.420958 19.762 0.03 53989.422625 19.819 0.074 41.448294 -0.137327
53997.445366 20.834 0.085 53997.447033 20.264 0.023 53997.443699 20.121 0.021 53997.444533 19.777 0.023 53997.446199 19.861 0.061 41.448294 -0.137327
54000.39722 20.636 0.075 54000.398887 20.207 0.03 54000.395553 20.115 0.027 54000.396387 19.781 0.028 54000.398053 -99.99 0.223 41.448294 -0.137327
54007.447347 -99.99 0.083 54007.449013 20.293 0.023 54007.44568 20.088 0.047 54007.446513 19.75 0.038 54007.44818 19.868 0.091 41.448294 -0.137327
54009.371139 20.69 0.055 54009.372806 20.291 0.023 54009.369473 20.103 0.017 54009.370306 19.803 0.021 54009.371973 19.882 0.057 41.448294 -0.137327
54011.435602 20.646 0.055 54011.437269 20.3 0.024 54011.433935 20.093 0.021 54011.434769 19.822 0.021 54011.436435 19.763 0.063 41.448294 -0.137327
54012.448486 20.589 0.07 54012.450152 20.318 0.021 54012.446819 20.099 0.027 54012.447652 19.83 0.032 54012.449319 19.826 0.093 41.448294 -0.137327
54025.434625 20.642 0.094 54025.436292 20.306 0.028 54025.432959 20.117 0.027 54025.433792 19.825 0.027 54025.435459 19.846 0.101 41.448294 -0.137327
54346.42839 20.593 0.117 54346.430057 20.293 0.04 54346.426724 20.155 0.036 54346.427557 19.781 0.033 54346.429224 19.81 0.075 41.448294 -0.137327
54348.432362 20.622 0.082 54348.434028 20.312 0.03 54348.430695 20.124 0.031 54348.431528 19.827 0.029 54348.433195 19.832 0.079 41.448294 -0.137327
54358.388188 20.508 0.096 54358.389855 20.319 0.026 54358.386521 -99.99 0.043 54358.387355 19.809 0.032 54358.389021 19.831 0.099 41.448294 -0.137327
54365.42126 20.549 0.055 54365.422927 20.299 0.021 54365.419593 20.093 0.03 54365.420427 19.835 0.03 54365.422093 19.856 0.069 41.448294 -0.137327
54381.440828 20.46 0.059 54381.442495 20.249 0.021 54381.439162 19.979 0.022 54381.439995 19.752 0.022 54381.441662 19.749 0.067 41.448294 -0.137327
54384.447489 20.431 0.076 54384.449156 -99.99 0.031 54384.445823 20.077 0.03 54384.446656 19.724 0.027 54384.448323 19.72 0.103 41.448294 -0.137327
54386.433127 20.538 0.06 54386.434794 20.241 0.02 54386.431461 20.048 0.024 54386.432294 19.775 0.027 54386.433961 19.766 0.067 41.448294 -0.137327
54388.437408 20.547 0.065 54388.439075 20.25 0.022 54388.435741 20.064 0.024 54388.436575 19.762 0.021 54388.438241 19.715 0.065 41.448294 -0.137327
54392.434956 -99.99 0.109 54392.436623 20.219 0.027 54392.433289 19.988 0.03 54392.434123 19.724 0.027 54392.435789 19.721 0.09 41.448294 -0.137327
54403.351241 20.634 0.185 54403.352907 20.274 0.069 54403.349574 20.068 0.057 54403.350407 19.984 0.065 54403.352074 19.494 0.128 41.448294 -0.137327
54404.408766 -99.99 1 54404.410432 -99.99 0.048 54404.407099 20.197 0.188 54404.407932 -99.99 0.097 54404.409599 19.868 0.104 41.448294 -0.137327
54406.345013 20.596 0.064 54406.34668 20.262 0.026 54406.343347 20.057 0.02 54406.34418 19.756 0.022 54406.345847 19.937 0.065 41.448294 -0.137327
54409.349854 20.543 0.055 54409.351521 20.238 0.027 54409.348187 20.043 0.022 54409.349021 19.784 0.021 54409.350687 19.738 0.066 41.448294 -0.137327
54412.370826 20.512 0.065 54412.372493 20.224 0.023 54412.369159 20.012 0.021 54412.369993 19.75 0.025 54412.371659 19.733 0.073 41.448294 -0.137327
