51081.398337 19.808 0.044 51081.400003 19.801 0.017 51081.39667 19.503 0.017 51081.397503 19.495 0.023 51081.39917 19.489 0.077 41.43659 -0.737587
51819.469529 19.693 0.053 51819.471195 19.79 0.018 51819.467862 19.467 0.018 51819.468695 19.43 0.021 51819.470362 19.362 0.075 41.43659 -0.737587
51875.213279 19.892 0.045 51875.214945 19.878 0.016 51875.211612 19.546 0.017 51875.212445 19.409 0.02 51875.214112 19.329 0.063 41.43659 -0.737587
52225.294151 19.502 0.034 52225.295817 19.479 0.012 52225.292484 19.26 0.013 52225.293317 19.228 0.014 52225.294984 19.277 0.05 41.43659 -0.737587
52288.128574 19.713 0.04 52288.13024 19.649 0.015 52288.126907 19.385 0.015 52288.12774 19.338 0.017 52288.129407 19.429 0.063 41.43659 -0.737587
52551.401861 19.68 0.039 52551.403527 19.669 0.014 52551.400194 19.438 0.015 52551.401027 19.399 0.017 52551.402694 19.48 0.068 41.43659 -0.737587
52558.434736 19.751 0.038 52558.436402 19.681 0.014 52558.433069 19.456 0.015 52558.433902 19.421 0.016 52558.435569 19.484 0.062 41.43659 -0.737587
52578.306343 19.699 0.038 52578.308009 19.701 0.014 52578.304676 19.434 0.015 52578.305509 19.408 0.017 52578.307176 19.448 0.06 41.43659 -0.737587
52585.269323 19.663 0.035 52585.270989 19.679 0.013 52585.267656 19.432 0.015 52585.268489 19.407 0.019 52585.270156 19.548 0.074 41.43659 -0.737587
52909.435958 19.879 0.044 52909.437624 19.799 0.015 52909.434291 19.552 0.015 52909.435124 19.508 0.017 52909.436791 19.51 0.059 41.43659 -0.737587
52910.4062 19.846 0.049 52910.407866 19.809 0.016 52910.404533 19.564 0.017 52910.405366 19.515 0.019 52910.407033 19.566 0.065 41.43659 -0.737587
52935.333369 19.7 0.043 52935.335035 19.685 0.015 52935.331702 19.473 0.017 52935.332535 19.442 0.021 52935.334202 19.503 0.079 41.43659 -0.737587
52963.256447 19.707 0.034 52963.258113 19.653 0.013 52963.25478 19.442 0.014 52963.255613 19.407 0.015 52963.25728 19.481 0.053 41.43659 -0.737587
52971.247362 19.709 0.047 52971.249028 19.704 0.018 52971.245695 19.444 0.017 52971.246528 19.408 0.02 52971.248195 19.399 0.072 41.43659 -0.737587
53351.17875 19.718 0.042 53351.180416 19.674 0.014 53351.177083 19.427 0.016 53351.177916 19.422 0.019 53351.179583 19.403 0.079 41.43659 -0.737587
53622.4358 19.78 0.04 53622.437466 19.74 0.014 53622.434133 19.499 0.014 53622.434966 19.468 0.017 53622.436633 19.555 0.061 41.43659 -0.737587
53627.392898 19.717 0.041 53627.394564 19.747 0.015 53627.391231 19.505 0.015 53627.392064 19.409 0.017 53627.393731 19.415 0.054 41.43659 -0.737587
53634.385271 19.633 0.087 53634.386937 19.775 0.036 53634.383604 19.536 0.031 53634.384437 19.469 0.03 53634.386104 19.481 0.07 41.43659 -0.737587
53638.426608 19.819 0.05 53638.428274 19.693 0.017 53638.424941 19.481 0.016 53638.425774 19.434 0.018 53638.427441 19.475 0.063 41.43659 -0.737587
53640.390643 19.756 0.046 53640.392309 19.699 0.016 53640.388976 19.486 0.016 53640.389809 19.456 0.019 53640.391476 19.388 0.061 41.43659 -0.737587
53643.433119 19.735 0.055 53643.434785 -99.99 0.017 53643.431452 19.457 0.02 53643.432285 19.532 0.027 53643.433952 19.451 0.077 41.43659 -0.737587
53646.452052 -99.99 0.138 53646.453718 -99.99 0.029 53646.450385 19.489 0.035 53646.451218 19.49 0.039 53646.452885 -99.99 0.123 41.43659 -0.737587
53655.362818 19.727 0.041 53655.364484 19.727 0.014 53655.361151 19.496 0.016 53655.361984 19.465 0.018 53655.363651 19.474 0.06 41.43659 -0.737587
53657.270796 -99.99 0.331 53657.272462 19.811 0.065 53657.269129 19.702 0.063 53657.269962 -99.99 0.06 53657.271629 -99.99 0.2 41.43659 -0.737587
53663.452471 19.881 0.132 53663.454137 19.742 0.042 53663.450804 19.498 0.028 53663.451637 19.426 0.024 53663.453304 19.484 0.081 41.43659 -0.737587
53664.387774 -99.99 0.07 53664.38944 19.719 0.031 53664.386107 19.503 0.022 53664.38694 19.456 0.022 53664.388607 19.525 0.083 41.43659 -0.737587
53665.452404 19.647 0.077 53665.45407 19.747 0.029 53665.450737 19.543 0.023 53665.45157 19.445 0.024 53665.453237 19.434 0.088 41.43659 -0.737587
53668.44102 19.662 0.085 53668.442686 19.739 0.029 53668.439353 19.529 0.026 53668.440186 19.494 0.032 53668.441853 19.44 0.11 41.43659 -0.737587
53669.347018 20.302 0.277 53669.348684 -99.99 0.029 53669.345351 19.543 0.025 53669.346184 -99.99 0.03 53669.347851 -99.99 0.087 41.43659 -0.737587
53670.446993 19.804 0.07 53670.448659 19.747 0.02 53670.445326 19.492 0.021 53670.446159 19.42 0.022 53670.447826 19.309 0.068 41.43659 -0.737587
53671.43177 19.787 0.058 53671.433436 19.762 0.018 53671.430103 19.519 0.018 53671.430936 19.45 0.019 53671.432603 19.531 0.071 41.43659 -0.737587
53674.331255 19.715 0.049 53674.332921 19.773 0.016 53674.329588 19.487 0.018 53674.330421 19.464 0.022 53674.332088 19.534 0.086 41.43659 -0.737587
53676.420712 19.853 0.068 53676.422378 19.732 0.019 53676.419045 19.559 0.018 53676.419878 19.434 0.022 53676.421545 19.456 0.099 41.43659 -0.737587
53679.392614 19.797 0.056 53679.39428 19.723 0.017 53679.390947 19.474 0.021 53679.39178 19.455 0.027 53679.393447 19.549 0.102 41.43659 -0.737587
53681.384128 19.744 0.048 53681.385794 19.716 0.015 53681.382461 19.517 0.016 53681.383294 19.459 0.017 53681.384961 19.418 0.055 41.43659 -0.737587
53684.345624 19.812 0.068 53684.34729 19.745 0.022 53684.343957 19.485 0.023 53684.34479 19.448 0.027 53684.346457 19.63 0.136 41.43659 -0.737587
53687.286938 19.861 0.143 53687.288604 19.778 0.047 53687.285271 19.588 0.042 53687.286104 19.497 0.035 53687.287771 19.414 0.096 41.43659 -0.737587
53694.357078 19.822 0.121 53694.358744 19.744 0.034 53694.355411 19.532 0.029 53694.356244 19.389 0.026 53694.357911 19.627 0.098 41.43659 -0.737587
53697.341153 19.766 0.058 53697.342819 19.746 0.021 53697.339486 19.518 0.018 53697.340319 19.497 0.02 53697.341986 19.57 0.076 41.43659 -0.737587
53700.34011 19.824 0.057 53700.341776 19.774 0.017 53700.338443 19.529 0.019 53700.339276 19.511 0.023 53700.340943 19.462 0.083 41.43659 -0.737587
53705.326779 19.754 0.056 53705.328445 19.741 0.017 53705.325112 19.531 0.018 53705.325945 19.408 0.021 53705.327612 19.472 0.08 41.43659 -0.737587
53975.411775 19.825 0.05 53975.413442 19.849 0.022 53975.410109 19.546 0.022 53975.410942 19.58 0.024 53975.412609 19.59 0.071 41.43659 -0.737587
53994.434776 19.804 0.046 53994.436443 19.857 0.025 53994.433109 19.586 0.027 53994.433943 19.541 0.029 53994.435609 19.558 0.064 41.43659 -0.737587
53996.418509 19.848 0.041 53996.420176 19.891 0.027 53996.416843 19.609 0.021 53996.417676 19.511 0.022 53996.419343 19.523 0.065 41.43659 -0.737587
54005.431682 19.904 0.042 54005.433349 19.911 0.018 54005.430015 19.622 0.027 54005.430849 19.589 0.019 54005.432515 19.73 0.068 41.43659 -0.737587
54009.445499 20.051 0.044 54009.447166 19.927 0.024 54009.443833 19.651 0.026 54009.444666 19.607 0.02 54009.446333 19.608 0.06 41.43659 -0.737587
54010.372625 -99.99 0.039 54010.374292 19.965 0.02 54010.370959 19.598 0.026 54010.371792 19.589 0.021 54010.373459 19.576 0.047 41.43659 -0.737587
54012.36548 19.91 0.057 54012.367146 19.954 0.028 54012.363813 19.672 0.031 54012.364646 19.569 0.025 54012.366313 19.657 0.063 41.43659 -0.737587
54020.403632 20.333 0.111 54020.405299 20.021 0.036 54020.401965 19.656 0.024 54020.402799 19.636 0.026 54020.404465 19.691 0.09 41.43659 -0.737587
54024.453164 19.91 0.068 54024.45483 19.983 0.026 54024.451497 19.622 0.024 54024.45233 19.616 0.027 54024.453997 19.495 0.084 41.43659 -0.737587
54028.441353 -99.99 0.052 54028.44302 19.996 0.04 54028.439686 19.621 0.021 54028.44052 19.588 0.024 54028.442186 19.772 0.101 41.43659 -0.737587
54030.39676 -99.99 0.045 54030.398426 19.96 0.025 54030.395093 19.682 0.024 54030.395926 19.647 0.034 54030.397593 19.565 0.066 41.43659 -0.737587
54035.440757 20.03 0.074 54035.442424 19.969 0.034 54035.43909 19.664 0.025 54035.439924 19.721 0.031 54035.44159 19.842 0.121 41.43659 -0.737587
54037.346258 20.007 0.049 54037.347924 20.007 0.025 54037.344591 19.694 0.021 54037.345424 19.61 0.021 54037.347091 19.655 0.053 41.43659 -0.737587
54040.360747 19.948 0.049 54040.362414 19.986 0.025 54040.35908 19.647 0.021 54040.359914 19.661 0.029 54040.36158 19.629 0.07 41.43659 -0.737587
54041.396308 19.943 0.063 54041.397974 20.011 0.034 54041.394641 19.651 0.027 54041.395474 19.572 0.031 54041.397141 19.514 0.064 41.43659 -0.737587
54047.391335 19.842 0.207 54047.393002 19.859 0.088 54047.389669 19.751 0.057 54047.390502 19.631 0.053 54047.392169 19.5 0.146 41.43659 -0.737587
54049.387342 20.034 0.108 54049.389008 19.958 0.034 54049.385675 19.672 0.027 54049.386508 19.636 0.03 54049.388175 19.612 0.094 41.43659 -0.737587
54050.347452 20.015 0.103 54050.349119 19.975 0.055 54050.345786 19.707 0.044 54050.346619 19.643 0.063 54050.348286 19.856 0.17 41.43659 -0.737587
54053.366846 19.975 0.054 54053.368513 19.993 0.024 54053.365179 19.651 0.022 54053.366013 19.626 0.028 54053.367679 19.572 0.086 41.43659 -0.737587
54056.353179 20.086 0.062 54056.354845 19.954 0.022 54056.351512 19.639 0.022 54056.352345 19.698 0.026 54056.354012 19.601 0.082 41.43659 -0.737587
54059.347479 19.957 0.087 54059.349146 19.994 0.028 54059.345813 19.693 0.027 54059.346646 19.621 0.03 54059.348313 19.546 0.092 41.43659 -0.737587
54061.358549 20.14 0.105 54061.360216 19.967 0.037 54061.356882 19.679 0.03 54061.357716 19.56 0.033 54061.359382 19.552 0.124 41.43659 -0.737587
54062.352354 20.087 0.058 54062.354021 19.983 0.024 54062.350687 19.661 0.021 54062.351521 19.623 0.025 54062.353187 19.698 0.085 41.43659 -0.737587
54064.34881 20.057 0.06 54064.350476 20.032 0.026 54064.347143 19.701 0.023 54064.347976 19.656 0.023 54064.349643 19.735 0.083 41.43659 -0.737587
54068.333121 19.884 0.093 54068.334787 20.02 0.039 54068.331454 19.677 0.034 54068.332287 -99.99 0.124 54068.333954 19.432 0.107 41.43659 -0.737587
54357.390658 20.04 0.046 54357.392325 19.958 0.032 54357.388991 19.666 0.017 54357.389825 19.597 0.02 54357.391491 19.558 0.048 41.43659 -0.737587
54362.4405 20.015 0.044 54362.442167 19.952 0.029 54362.438834 19.617 0.02 54362.439667 19.63 0.02 54362.441334 19.68 0.063 41.43659 -0.737587
54376.43559 19.972 0.06 54376.437257 19.927 0.028 54376.433923 19.651 0.019 54376.434757 19.647 0.023 54376.436423 19.549 0.061 41.43659 -0.737587
54382.420746 20.07 0.062 54382.422413 19.928 0.024 54382.419079 19.662 0.03 54382.419913 19.619 0.032 54382.421579 19.6 0.087 41.43659 -0.737587
54385.438501 20.039 0.051 54385.440168 19.985 0.023 54385.436834 19.667 0.023 54385.437668 19.67 0.021 54385.439334 19.624 0.062 41.43659 -0.737587
54387.43899 20.013 0.087 54387.440656 -99.99 0.03 54387.437323 -99.99 0.044 54387.438156 19.687 0.061 54387.439823 19.625 0.114 41.43659 -0.737587
54390.43144 -99.99 0.102 54390.433106 -99.99 1 54390.429773 19.708 0.033 54390.430606 -99.99 0.098 54390.432273 -99.99 0.281 41.43659 -0.737587
54402.432291 20.164 0.167 54402.433958 19.89 0.055 54402.430624 19.722 0.036 54402.431458 19.66 0.033 54402.433124 19.677 0.097 41.43659 -0.737587
