51075.423783 21.226 0.106 51075.425449 21.053 0.04 51075.422116 20.46 0.032 51075.422949 20.529 0.059 51075.424616 20.837 0.294 44.737288 0.753952
51818.393409 20.747 0.067 51818.395075 20.731 0.029 51818.391742 20.187 0.025 51818.392575 20.252 0.039 51818.394242 20.074 0.106 44.737288 0.753952
52171.381546 20.866 0.079 52171.383212 20.781 0.03 52171.379879 20.287 0.029 52171.380712 20.249 0.037 52171.382379 20.299 0.129 44.737288 0.753952
52173.357888 20.883 0.089 52173.359554 20.799 0.035 52173.356221 20.232 0.027 52173.357054 20.343 0.049 52173.358721 20.343 0.187 44.737288 0.753952
52224.337957 20.972 0.077 52224.339623 20.806 0.027 52224.33629 20.268 0.024 52224.337123 20.266 0.035 52224.33879 20.316 0.118 44.737288 0.753952
52234.294446 20.798 0.087 52234.296112 20.76 0.034 52234.292779 20.267 0.029 52234.293612 20.188 0.038 52234.295279 20.152 0.125 44.737288 0.753952
52261.257801 20.939 0.08 52261.259467 20.84 0.033 52261.256134 20.32 0.028 52261.256967 20.276 0.036 52261.258634 19.989 0.094 44.737288 0.753952
52283.125174 20.991 0.098 52283.12684 20.909 0.039 52283.123507 20.343 0.035 52283.12434 20.183 0.048 52283.126007 20.643 0.245 44.737288 0.753952
52287.138298 21.051 0.092 52287.139964 20.777 0.034 52287.136631 20.363 0.031 52287.137464 20.283 0.041 52287.139131 20.306 0.143 44.737288 0.753952
52552.456991 21.192 0.094 52552.458657 21.035 0.034 52552.455324 20.402 0.027 52552.456157 20.327 0.042 52552.457824 20.312 0.13 44.737288 0.753952
52557.431349 21.22 0.104 52557.433015 20.938 0.035 52557.429682 20.432 0.032 52557.430515 20.293 0.046 52557.432182 20.371 0.184 44.737288 0.753952
52585.332679 21.321 0.09 52585.334345 20.961 0.03 52585.331012 20.394 0.026 52585.331845 20.324 0.039 52585.333512 20.398 0.138 44.737288 0.753952
52908.405918 20.824 0.077 52908.407584 20.673 0.03 52908.404251 20.211 0.027 52908.405084 20.145 0.039 52908.406751 19.877 0.1 44.737288 0.753952
52912.385356 20.93 0.086 52912.387022 20.736 0.03 52912.383689 20.249 0.025 52912.384522 20.202 0.036 52912.386189 20.427 0.152 44.737288 0.753952
52934.337824 20.7 0.071 52934.33949 20.719 0.029 52934.336157 20.213 0.026 52934.33699 20.241 0.041 52934.338657 20.44 0.166 44.737288 0.753952
52936.33375 20.911 0.072 52936.335416 20.705 0.026 52936.332083 20.311 0.026 52936.332916 20.181 0.036 52936.334583 20.133 0.109 44.737288 0.753952
53270.397805 20.789 0.059 53270.399472 20.622 0.022 53270.396138 20.175 0.02 53270.396972 20.094 0.027 53270.398638 20.027 0.082 44.737288 0.753952
53272.447748 20.652 0.079 53272.449414 20.625 0.029 53272.446081 20.169 0.026 53272.446914 20.12 0.038 53272.448581 20.136 0.135 44.737288 0.753952
53286.416467 20.681 0.091 53286.418133 20.584 0.032 53286.4148 20.105 0.029 53286.415633 20.13 0.041 53286.4173 19.854 0.09 44.737288 0.753952
53288.374961 20.768 0.075 53288.376627 20.581 0.025 53288.373294 20.114 0.024 53288.374127 20.127 0.037 53288.375794 19.878 0.091 44.737288 0.753952
53296.369686 20.875 0.081 53296.371352 20.629 0.032 53296.368019 20.125 0.027 53296.368852 20.078 0.036 53296.370519 20.305 0.132 44.737288 0.753952
53298.41941 20.662 0.066 53298.421076 20.567 0.025 53298.417743 20.077 0.027 53298.418576 20.001 0.037 53298.420243 19.864 0.106 44.737288 0.753952
53302.37063 20.738 0.097 53302.372296 20.624 0.047 53302.368963 20.117 0.038 53302.369796 20.11 0.043 53302.371463 19.817 0.084 44.737288 0.753952
53312.326179 20.784 0.108 53312.327846 20.604 0.051 53312.324512 20.103 0.033 53312.325346 20.103 0.044 53312.327012 20.12 0.125 44.737288 0.753952
53314.327361 20.786 0.093 53314.329027 20.608 0.036 53314.325694 20.122 0.031 53314.326527 20.143 0.046 53314.328194 20.239 0.145 44.737288 0.753952
53319.315157 20.695 0.085 53319.316823 20.549 0.032 53319.31349 20.103 0.03 53319.314323 19.942 0.041 53319.31599 19.967 0.117 44.737288 0.753952
53616.431713 20.708 0.088 53616.433379 20.515 0.026 53616.430046 20.08 0.026 53616.430879 20.097 0.041 53616.432546 20.156 0.127 44.737288 0.753952
53626.408141 20.668 0.108 53626.409807 -99.99 0.226 53626.406474 20.095 0.032 53626.407307 20 0.043 53626.408974 19.979 0.12 44.737288 0.753952
53628.393005 20.744 0.102 53628.394671 20.556 0.044 53628.391338 20.074 0.033 53628.392171 20.118 0.051 53628.393838 20.049 0.139 44.737288 0.753952
53639.440001 20.644 0.077 53639.441667 20.546 0.034 53639.438334 20.112 0.025 53639.439167 20.09 0.032 53639.440834 20.071 0.097 44.737288 0.753952
53641.439167 20.755 0.102 53641.440833 20.529 0.032 53641.4375 20.104 0.027 53641.438333 20.04 0.039 53641.44 19.974 0.107 44.737288 0.753952
53657.398051 20.865 0.159 53657.399717 20.586 0.066 53657.396384 20.163 0.046 53657.397217 20.105 0.057 53657.398884 19.844 0.136 44.737288 0.753952
53663.382599 20.788 0.2 53663.384265 20.477 0.062 53663.380932 20.035 0.041 53663.381765 19.965 0.045 53663.383432 19.907 0.1 44.737288 0.753952
53665.360572 20.622 0.114 53665.362238 20.497 0.055 53665.358905 20.046 0.031 53665.359738 19.993 0.039 53665.361405 20.172 0.119 44.737288 0.753952
53666.452683 20.523 0.137 53666.454349 20.543 0.045 53666.451016 20.097 0.032 53666.451849 20.024 0.037 53666.453516 20.047 0.115 44.737288 0.753952
53668.3722 20.698 0.117 53668.373866 20.549 0.039 53668.370533 20.086 0.033 53668.371366 20.093 0.048 53668.373033 20.049 0.139 44.737288 0.753952
53669.45981 -99.99 0.19 53669.461476 20.528 0.049 53669.458143 20.078 0.035 53669.458976 20.001 0.044 53669.460643 19.827 0.125 44.737288 0.753952
53670.377053 20.806 0.117 53670.378719 20.507 0.03 53670.375386 20.092 0.029 53670.376219 20.003 0.04 53670.377886 20.129 0.115 44.737288 0.753952
53673.34504 20.581 0.067 53673.346706 20.475 0.022 53673.343373 20.045 0.021 53673.344206 20.035 0.03 53673.345873 19.929 0.077 44.737288 0.753952
53675.341928 20.607 0.072 53675.343594 20.45 0.026 53675.340261 20.028 0.025 53675.341094 19.962 0.035 53675.342761 19.828 0.086 44.737288 0.753952
53680.349624 20.591 0.069 53680.35129 20.488 0.025 53680.347957 20.056 0.024 53680.34879 20.067 0.035 53680.350457 20.116 0.105 44.737288 0.753952
53683.408175 20.451 0.269 53683.409841 20.415 0.063 53683.406508 20.073 0.075 53683.407341 19.969 0.175 53683.409008 19.404 0.253 44.737288 0.753952
53686.349056 20.483 0.143 53686.350722 20.39 0.065 53686.347389 20.061 0.044 53686.348222 20.083 0.053 53686.349889 20.028 0.127 44.737288 0.753952
53687.40644 -99.99 0.355 53687.408106 20.414 0.13 53687.404773 19.904 0.097 53687.405606 20.105 0.12 53687.407273 -99.99 0.259 44.737288 0.753952
53693.351515 20.277 0.165 53693.353181 20.392 0.071 53693.349848 19.939 0.05 53693.350681 20.004 0.06 53693.352348 19.776 0.114 44.737288 0.753952
53699.372351 20.866 0.123 53699.374017 20.55 0.034 53699.370684 20.058 0.027 53699.371517 20.039 0.036 53699.373184 19.944 0.087 44.737288 0.753952
53704.334836 -99.99 0.069 53704.336502 20.559 0.027 53704.333169 20.051 0.024 53704.334002 19.982 0.033 53704.335669 19.888 0.11 44.737288 0.753952
53989.430929 20.961 0.174 53989.432596 20.533 0.058 53989.429263 20.06 0.035 53989.430096 20.007 0.039 53989.431763 20.123 0.104 44.737288 0.753952
53997.454453 20.704 0.053 53997.456119 20.542 0.023 53997.452786 20.027 0.022 53997.453619 20.016 0.028 53997.455286 20.103 0.075 44.737288 0.753952
54000.40632 20.7 0.071 54000.407986 20.528 0.027 54000.404653 20.083 0.031 54000.405486 19.993 0.034 54000.407153 19.844 0.087 44.737288 0.753952
54007.456513 20.649 0.061 54007.45818 20.573 0.031 54007.454847 20.027 0.024 54007.45568 19.983 0.028 54007.457347 20.182 0.097 44.737288 0.753952
54009.380238 20.572 0.052 54009.381905 20.552 0.022 54009.378572 20.071 0.021 54009.379405 20.007 0.024 54009.381072 19.938 0.068 44.737288 0.753952
54011.444727 20.674 0.052 54011.446394 20.529 0.024 54011.44306 20.073 0.019 54011.443894 20.005 0.026 54011.44556 19.828 0.058 44.737288 0.753952
54012.457519 20.701 0.081 54012.459185 20.483 0.029 54012.455852 20.05 0.025 54012.456685 19.972 0.039 54012.458352 20.21 0.129 44.737288 0.753952
54019.439736 20.727 0.133 54019.441402 20.511 0.048 54019.438069 20.029 0.049 54019.438902 20.033 0.043 54019.440569 19.827 0.081 44.737288 0.753952
54025.443729 20.524 0.077 54025.445396 20.538 0.027 54025.442062 19.967 0.026 54025.442896 19.961 0.032 54025.444562 19.973 0.099 44.737288 0.753952
54346.437506 20.783 0.128 54346.439172 20.663 0.057 54346.435839 20.219 0.045 54346.436672 20.166 0.048 54346.438339 20.155 0.093 44.737288 0.753952
54348.441511 20.755 0.099 54348.443178 20.576 0.036 54348.439844 20.117 0.026 54348.440678 20.145 0.035 54348.442344 20.018 0.086 44.737288 0.753952
54358.397357 20.773 0.078 54358.399024 20.657 0.03 54358.39569 20.148 0.042 54358.396524 20.132 0.04 54358.39819 20.228 0.125 44.737288 0.753952
54365.430362 20.796 0.061 54365.432029 20.598 0.023 54365.428695 20.1 0.022 54365.429529 20.104 0.029 54365.431195 20.189 0.092 44.737288 0.753952
54381.449927 20.801 0.068 54381.451593 20.54 0.027 54381.44826 20.134 0.025 54381.449093 20.12 0.031 54381.45076 20.012 0.082 44.737288 0.753952
54386.442266 20.709 0.067 54386.443933 20.586 0.025 54386.4406 20.145 0.024 54386.441433 20.074 0.03 54386.4431 20.075 0.074 44.737288 0.753952
54388.446502 20.536 0.059 54388.448169 20.6 0.025 54388.444835 20.024 0.021 54388.445669 20.04 0.029 54388.447335 20.119 0.081 44.737288 0.753952
54392.444076 -99.99 0.068 54392.445743 20.57 0.039 54392.442409 20.106 0.038 54392.443243 20.023 0.047 54392.444909 19.978 0.092 44.737288 0.753952
54403.360292 -99.99 0.102 54403.361959 20.487 0.048 54403.358626 20.114 0.031 54403.359459 20.115 0.039 54403.361126 19.872 0.078 44.737288 0.753952
54404.417971 20.254 0.229 54404.419638 -99.99 0.165 54404.416304 20.135 0.047 54404.417138 -99.99 4.037 54404.418804 -99.99 99.999 44.737288 0.753952
54406.354168 20.691 0.071 54406.355834 20.586 0.032 54406.352501 20.009 0.022 54406.353334 20.104 0.032 54406.355001 19.961 0.071 44.737288 0.753952
54409.359 20.667 0.057 54409.360666 20.589 0.021 54409.357333 20.036 0.035 54409.358166 20.047 0.03 54409.359833 19.951 0.074 44.737288 0.753952
54412.379903 -99.99 0.091 54412.381569 20.549 0.037 54412.378236 20.092 0.033 54412.379069 20.077 0.048 54412.380736 20.249 0.172 44.737288 0.753952
