51081.397982 20.732 0.077 51081.399648 20.048 0.022 51081.396315 19.546 0.018 51081.397148 19.55 0.025 51081.398815 19.298 0.065 41.300512 -1.220557
51819.469109 20.745 0.095 51819.470775 20.089 0.025 51819.467442 19.616 0.02 51819.468275 19.565 0.026 51819.469942 19.332 0.074 41.300512 -1.220557
51875.212898 20.67 0.067 51875.214564 20.015 0.019 51875.211231 19.595 0.019 51875.212064 19.523 0.024 51875.213731 19.362 0.072 41.300512 -1.220557
52225.293773 20.623 0.059 52225.295439 -99.99 0.016 52225.292106 19.505 0.015 52225.292939 19.449 0.02 52225.294606 19.226 0.052 41.300512 -1.220557
52288.128196 20.623 0.064 52288.129862 19.868 0.019 52288.126529 19.489 0.016 52288.127362 19.45 0.02 52288.129029 19.291 0.057 41.300512 -1.220557
52551.401484 20.743 0.069 52551.40315 19.871 0.018 52551.399817 19.504 0.016 52551.40065 19.403 0.019 52551.402317 19.277 0.06 41.300512 -1.220557
52558.434358 20.77 0.068 52558.436024 19.911 0.016 52558.432691 19.514 0.015 52558.433524 19.455 0.019 52558.435191 19.232 0.051 41.300512 -1.220557
52578.305966 20.887 0.074 52578.307632 20.004 0.018 52578.304299 19.52 0.015 52578.305132 19.448 0.019 52578.306799 19.278 0.054 41.300512 -1.220557
52585.268945 20.839 0.068 52585.270611 19.947 0.017 52585.267278 19.549 0.017 52585.268111 19.435 0.023 52585.269778 19.164 0.06 41.300512 -1.220557
52909.43558 20.792 0.071 52909.437246 -99.99 0.018 52909.433913 19.575 0.015 52909.434746 19.509 0.02 52909.436413 19.376 0.056 41.300512 -1.220557
52910.405822 20.823 0.082 52910.407488 19.956 0.02 52910.404155 19.601 0.017 52910.404988 19.489 0.021 52910.406655 19.271 0.051 41.300512 -1.220557
52935.332991 20.833 0.086 52935.334657 19.92 0.02 52935.331324 19.581 0.019 52935.332157 19.498 0.026 52935.333824 19.434 0.08 41.300512 -1.220557
52963.256069 20.825 0.065 52963.257735 19.939 0.017 52963.254402 19.584 0.015 52963.255235 19.582 0.02 52963.256902 19.36 0.051 41.300512 -1.220557
52971.246984 20.832 0.092 52971.24865 19.944 0.024 52971.245317 19.591 0.019 52971.24615 19.531 0.024 52971.247817 19.286 0.063 41.300512 -1.220557
53351.178374 20.748 0.076 53351.18004 20.026 0.021 53351.176707 19.594 0.017 53351.17754 19.496 0.024 53351.179207 19.322 0.084 41.300512 -1.220557
53622.435422 20.75 0.065 53622.437088 20.02 0.018 53622.433755 19.668 0.016 53622.434588 19.708 0.023 53622.436255 19.437 0.059 41.300512 -1.220557
53627.39252 20.792 0.073 53627.394186 20.042 0.019 53627.390853 19.663 0.017 53627.391686 19.583 0.021 53627.393353 19.276 0.049 41.300512 -1.220557
53634.384894 20.871 0.236 53634.38656 20.065 0.046 53634.383227 19.68 0.034 53634.38406 19.683 0.039 53634.385727 19.303 0.071 41.300512 -1.220557
53638.426231 20.608 0.083 53638.427897 20.018 0.023 53638.424564 19.691 0.018 53638.425397 19.643 0.023 53638.427064 19.389 0.06 41.300512 -1.220557
53640.390266 20.801 0.096 53640.391932 19.971 0.024 53640.388599 19.661 0.018 53640.389432 19.625 0.025 53640.391099 19.302 0.057 41.300512 -1.220557
53646.451675 20.662 0.201 53646.453341 20.085 0.039 53646.450008 -99.99 0.039 53646.450841 19.596 0.052 53646.452508 -99.99 0.155 41.300512 -1.220557
53655.36244 20.872 0.081 53655.364106 19.998 0.018 53655.360773 19.677 0.017 53655.361606 19.613 0.022 53655.363273 19.367 0.059 41.300512 -1.220557
53663.452094 20.832 0.281 53663.45376 19.955 0.054 53663.450427 19.64 0.033 53663.45126 19.542 0.033 53663.452927 19.203 0.071 41.300512 -1.220557
53664.387396 -99.99 0.148 53664.389062 20.077 0.041 53664.385729 19.649 0.024 53664.386562 19.659 0.029 53664.388229 19.451 0.079 41.300512 -1.220557
53665.452027 20.957 0.225 53665.453693 20.079 0.039 53665.45036 19.725 0.026 53665.451193 19.679 0.032 53665.45286 19.493 0.096 41.300512 -1.220557
53668.440643 -99.99 0.21 53668.442309 20.077 0.041 53668.438976 19.718 0.03 53668.439809 19.603 0.036 53668.441476 19.399 0.109 41.300512 -1.220557
53669.346641 -99.99 0.36 53669.348307 -99.99 0.038 53669.344974 19.665 0.029 53669.345807 -99.99 0.03 53669.347474 -99.99 0.107 41.300512 -1.220557
53670.446617 20.67 0.121 53670.448283 20.012 0.026 53670.44495 19.698 0.024 53670.445783 19.606 0.028 53670.44745 19.467 0.077 41.300512 -1.220557
53671.431393 20.625 0.096 53671.433059 20.031 0.023 53671.429726 19.711 0.021 53671.430559 19.638 0.026 53671.432226 19.465 0.072 41.300512 -1.220557
53674.330878 20.919 0.103 53674.332544 20.071 0.023 53674.329211 19.691 0.021 53674.330044 19.595 0.027 53674.331711 19.446 0.084 41.300512 -1.220557
53676.420336 20.927 0.129 53676.422002 20 0.028 53676.418669 19.709 0.02 53676.419502 19.677 0.026 53676.421169 19.389 0.09 41.300512 -1.220557
53679.392237 20.894 0.12 53679.393903 20.201 0.026 53679.39057 19.723 0.025 53679.391403 19.628 0.033 53679.39307 19.435 0.095 41.300512 -1.220557
53681.38375 20.954 0.1 53681.385416 20.11 0.02 53681.382083 19.706 0.018 53681.382916 19.636 0.021 53681.384583 19.52 0.062 41.300512 -1.220557
53684.345247 20.833 0.125 53684.346913 20.05 0.03 53684.34358 19.698 0.028 53684.344413 19.654 0.037 53684.34608 19.263 0.098 41.300512 -1.220557
53687.28656 20.91 0.33 53687.288226 19.978 0.056 53687.284893 19.776 0.045 53687.285726 19.619 0.048 53687.287393 19.462 0.113 41.300512 -1.220557
53694.356702 20.806 0.241 53694.358368 20.058 0.045 53694.355035 19.716 0.032 53694.355868 19.757 0.037 53694.357535 19.384 0.076 41.300512 -1.220557
53697.340775 21.035 0.146 53697.342441 20.097 0.028 53697.339108 19.741 0.02 53697.339941 19.635 0.024 53697.341608 19.444 0.069 41.300512 -1.220557
53700.339732 20.935 0.114 53700.341398 20.065 0.022 53700.338065 19.853 0.024 53700.338898 19.627 0.03 53700.340565 19.452 0.086 41.300512 -1.220557
53705.326403 21.081 0.14 53705.328069 20.13 0.026 53705.324736 19.766 0.022 53705.325569 19.62 0.026 53705.327236 19.318 0.071 41.300512 -1.220557
53975.411452 20.959 0.085 53975.413119 20.219 0.027 53975.409785 19.784 0.023 53975.410619 19.77 0.028 53975.412285 19.463 0.065 41.300512 -1.220557
53994.434459 20.99 0.1 53994.436126 20.171 0.025 53994.432792 19.813 0.022 53994.433626 19.71 0.027 53994.435292 19.631 0.07 41.300512 -1.220557
53996.418129 20.931 0.08 53996.419796 20.178 0.04 53996.416463 19.814 0.02 53996.417296 19.698 0.024 53996.418963 19.503 0.062 41.300512 -1.220557
54005.431299 20.822 0.074 54005.432966 20.176 0.03 54005.429633 19.793 0.02 54005.430466 19.713 0.022 54005.432133 19.411 0.058 41.300512 -1.220557
54009.445123 20.991 0.074 54009.44679 20.159 0.025 54009.443456 19.818 0.019 54009.44429 19.764 0.024 54009.445956 19.504 0.056 41.300512 -1.220557
54010.372295 21.048 0.07 54010.373962 20.227 0.027 54010.370629 19.839 0.016 54010.371462 19.739 0.025 54010.373129 19.496 0.047 41.300512 -1.220557
54012.365127 -99.99 0.12 54012.366793 20.197 0.034 54012.36346 19.853 0.031 54012.364293 19.704 0.026 54012.36596 19.384 0.054 41.300512 -1.220557
54020.403188 20.573 0.113 54020.404854 20.171 0.035 54020.401521 19.859 0.028 54020.402354 19.768 0.03 54020.404021 19.517 0.079 41.300512 -1.220557
54024.45265 21.085 0.22 54024.454317 20.315 0.046 54024.450983 19.808 0.025 54024.451817 19.724 0.033 54024.453483 19.525 0.085 41.300512 -1.220557
54028.440977 21.392 0.154 54028.442643 20.189 0.041 54028.43931 19.835 0.028 54028.440143 19.708 0.028 54028.44181 19.465 0.073 41.300512 -1.220557
54030.396393 21.074 0.122 54030.39806 20.208 0.022 54030.394726 19.8 0.019 54030.39556 19.705 0.024 54030.397226 19.575 0.069 41.300512 -1.220557
54035.44037 21.284 0.186 54035.442037 20.27 0.039 54035.438703 19.807 0.027 54035.439537 19.738 0.032 54035.441203 19.515 0.102 41.300512 -1.220557
54037.345891 20.889 0.068 54037.347558 20.193 0.025 54037.344224 19.824 0.018 54037.345058 19.771 0.022 54037.346724 19.434 0.047 41.300512 -1.220557
54040.36043 21.179 0.099 54040.362096 20.218 0.028 54040.358763 19.815 0.022 54040.359596 19.724 0.026 54040.361263 19.566 0.074 41.300512 -1.220557
54041.395882 20.668 0.105 54041.397548 20.214 0.043 54041.394215 19.803 0.03 54041.395048 19.761 0.034 54041.396715 19.603 0.071 41.300512 -1.220557
54047.391017 -99.99 0.65 54047.392684 -99.99 0.114 54047.38935 19.813 0.066 54047.390184 19.721 0.057 54047.39185 19.467 0.132 41.300512 -1.220557
54049.386827 20.333 0.123 54049.388494 20.205 0.048 54049.385161 19.771 0.029 54049.385994 19.651 0.041 54049.387661 19.52 0.091 41.300512 -1.220557
54050.347178 -99.99 0.189 54050.348845 20.073 0.074 54050.345512 -99.99 0.037 54050.346345 19.775 0.044 54050.348012 -99.99 0.109 41.300512 -1.220557
54053.366467 21 0.088 54053.368134 20.187 0.028 54053.364801 19.828 0.026 54053.365634 19.717 0.03 54053.367301 -99.99 0.084 41.300512 -1.220557
54056.35285 20.976 0.098 54056.354516 20.206 0.033 54056.351183 19.808 0.021 54056.352016 19.7 0.034 54056.353683 19.38 0.074 41.300512 -1.220557
54059.347081 21.066 0.137 54059.348748 20.159 0.037 54059.345414 19.856 0.026 54059.346248 19.781 0.033 54059.347914 19.463 0.084 41.300512 -1.220557
54061.358213 21.242 0.244 54061.35988 -99.99 0.055 54061.356546 19.971 0.042 54061.35738 19.923 0.046 54061.359046 19.781 0.151 41.300512 -1.220557
54062.351988 21.179 0.112 54062.353654 -99.99 0.036 54062.350321 19.807 0.024 54062.351154 19.746 0.028 54062.352821 19.463 0.072 41.300512 -1.220557
54064.348436 20.89 0.093 54064.350103 20.194 0.039 54064.34677 19.777 0.021 54064.347603 19.779 0.028 54064.34927 19.582 0.073 41.300512 -1.220557
54357.390311 20.953 0.072 54357.391978 20.136 0.024 54357.388645 19.771 0.025 54357.389478 19.738 0.021 54357.391145 19.527 0.056 41.300512 -1.220557
54362.440102 20.934 0.099 54362.441768 20.116 0.027 54362.438435 19.783 0.018 54362.439268 19.729 0.025 54362.440935 19.521 0.062 41.300512 -1.220557
54376.435191 21.069 0.12 54376.436858 20.097 0.026 54376.433525 19.751 0.024 54376.434358 19.651 0.031 54376.436025 19.465 0.061 41.300512 -1.220557
54382.420353 20.931 0.098 54382.42202 20.104 0.037 54382.418687 19.765 0.028 54382.41952 19.752 0.032 54382.421187 19.37 0.081 41.300512 -1.220557
54385.4381 20.972 0.11 54385.439767 20.146 0.021 54385.436434 19.773 0.024 54385.437267 19.731 0.028 54385.438934 19.469 0.057 41.300512 -1.220557
54387.438636 20.591 0.082 54387.440303 -99.99 0.061 54387.43697 -99.99 0.038 54387.437803 19.726 0.038 54387.43947 19.439 0.111 41.300512 -1.220557
54390.431067 -99.99 0.497 54390.432734 -99.99 0.206 54390.429401 20.063 0.052 54390.430234 19.781 0.067 54390.431901 -99.99 0.19 41.300512 -1.220557
54402.431762 20.892 0.306 54402.433428 20.159 0.066 54402.430095 19.724 0.034 54402.430928 19.744 0.037 54402.432595 19.527 0.089 41.300512 -1.220557
