51075.415002 25.692 0.617 51075.416668 22.353 0.104 51075.413335 20.858 0.041 51075.414168 20.717 0.058 51075.415835 19.973 0.156 41.569167 0.331575
51818.384672 25.162 0.976 51818.386338 22.038 0.077 51818.383005 20.821 0.037 51818.383838 20.471 0.043 51818.385505 19.973 0.129 41.569167 0.331575
52171.372788 24.799 1.034 52171.374454 22.434 0.109 52171.371121 20.892 0.038 52171.371954 20.623 0.043 52171.373621 20.187 0.145 41.569167 0.331575
52173.34906 24.681 1.394 52173.350726 22.469 0.116 52173.347393 20.92 0.045 52173.348226 20.63 0.056 52173.349893 20.161 0.183 41.569167 0.331575
52224.329194 25.002 0.968 52224.33086 22.361 0.086 52224.327527 20.997 0.04 52224.32836 20.691 0.046 52224.330027 19.921 0.105 41.569167 0.331575
52234.285672 -99.99 1.403 52234.287338 -99.99 0.098 52234.284005 20.853 0.048 52234.284838 20.684 0.054 52234.286505 19.922 0.115 41.569167 0.331575
52261.249026 24.821 1.046 52261.250692 22.272 0.082 52261.247359 20.96 0.041 52261.248192 20.657 0.045 52261.249859 20.21 0.123 41.569167 0.331575
52283.116398 25.882 1.001 52283.118064 -99.99 0.135 52283.114731 20.774 0.052 52283.115564 20.604 0.072 52283.117231 19.913 0.209 41.569167 0.331575
52287.129522 -99.99 0.649 52287.131188 22.138 0.088 52287.127855 20.841 0.04 52287.128688 20.582 0.043 52287.130355 20.276 0.151 41.569167 0.331575
52552.448216 23.898 1.019 52552.449882 22.086 0.082 52552.446549 20.903 0.052 52552.447382 20.638 0.059 52552.449049 20.503 0.241 41.569167 0.331575
52557.422576 25.169 0.973 52557.424242 22.297 0.087 52557.420909 20.912 0.044 52557.421742 20.655 0.051 52557.423409 19.904 0.117 41.569167 0.331575
52908.397143 24.996 1.164 52908.398809 22.106 0.076 52908.395476 20.829 0.041 52908.396309 20.501 0.047 52908.397976 20.203 0.154 41.569167 0.331575
52912.376582 25.675 0.788 52912.378248 22.203 0.083 52912.374915 20.811 0.037 52912.375748 20.599 0.045 52912.377415 20.346 0.165 41.569167 0.331575
52934.32905 23.801 0.981 52934.330716 22.266 0.096 52934.327383 20.856 0.044 52934.328216 20.623 0.05 52934.329883 20.036 0.146 41.569167 0.331575
52936.324976 24.328 0.952 52936.326642 22.318 0.084 52936.323309 20.956 0.041 52936.324142 20.622 0.044 52936.325809 20.245 0.148 41.569167 0.331575
53270.38912 100.014 99.999 53270.390787 22.211 0.066 53270.387453 20.861 0.033 53270.388287 20.586 0.036 53270.389953 20.019 0.095 41.569167 0.331575
53272.438974 25.899 0.786 53272.44064 22.157 0.079 53272.437307 20.843 0.041 53272.43814 20.622 0.05 53272.439807 20.205 0.158 41.569167 0.331575
53286.407695 24.404 1.774 53286.409361 22.097 0.115 53286.406028 20.732 0.049 53286.406861 20.434 0.047 53286.408528 19.885 0.133 41.569167 0.331575
53288.366187 24.711 1.078 53288.367853 22.362 0.101 53288.36452 20.893 0.039 53288.365353 20.607 0.041 53288.36702 20.086 0.137 41.569167 0.331575
53296.360884 22.894 1 53296.36255 22.276 0.105 53296.359217 20.835 0.057 53296.36005 20.608 0.068 53296.361717 20.394 0.203 41.569167 0.331575
53298.410637 24.485 1.405 53298.412303 22.222 0.09 53298.40897 20.938 0.057 53298.409803 20.682 0.066 53298.41147 20.129 0.172 41.569167 0.331575
53302.361856 25.179 1.539 53302.363522 22.218 0.179 53302.360189 20.866 0.054 53302.361022 20.599 0.05 53302.362689 20.094 0.125 41.569167 0.331575
53312.317432 23.336 1.451 53312.319099 22.269 0.237 53312.315766 20.931 0.079 53312.316599 20.635 0.07 53312.318266 20.331 0.229 41.569167 0.331575
53314.318586 23.721 1.323 53314.320252 22.207 0.14 53314.316919 20.891 0.056 53314.317752 20.574 0.057 53314.319419 19.927 0.14 41.569167 0.331575
53319.306383 23.566 1.106 53319.308049 22.505 0.17 53319.304716 20.772 0.051 53319.305549 20.574 0.061 53319.307216 19.967 0.153 41.569167 0.331575
53616.422939 24.35 1.441 53616.424605 21.956 0.09 53616.421272 20.725 0.045 53616.422105 20.505 0.051 53616.423772 20.321 0.205 41.569167 0.331575
53626.399367 -99.99 1.525 53626.401033 -99.99 0.096 53626.3977 20.676 0.065 53626.398533 -99.99 0.056 53626.4002 -99.99 0.215 41.569167 0.331575
53628.384231 24.809 2.048 53628.385897 22.011 0.177 53628.382564 20.731 0.061 53628.383397 20.439 0.059 53628.385064 20.093 0.179 41.569167 0.331575
53639.431226 24.13 1.364 53639.432892 22.117 0.115 53639.429559 20.679 0.037 53639.430392 20.496 0.042 53639.432059 20.032 0.132 41.569167 0.331575
53641.430392 25.821 0.987 53641.432058 22.086 0.103 53641.428725 20.653 0.038 53641.429558 20.466 0.043 53641.431225 20.098 0.143 41.569167 0.331575
53657.389277 23.604 1.756 53657.390943 21.958 0.196 53657.38761 20.621 0.071 53657.388443 20.38 0.064 53657.39011 19.864 0.145 41.569167 0.331575
53663.373825 21.467 0.393 53663.375491 22.19 0.267 53663.372158 20.718 0.067 53663.372991 20.416 0.058 53663.374658 19.783 0.112 41.569167 0.331575
53665.351797 25.783 1.399 53665.353463 22.056 0.171 53665.35013 20.615 0.047 53665.350963 20.411 0.046 53665.35263 19.786 0.108 41.569167 0.331575
53666.44391 23.083 1.28 53666.445576 22.41 0.228 53666.442243 20.699 0.053 53666.443076 20.504 0.05 53666.444743 20.307 0.173 41.569167 0.331575
53668.363426 25.565 1.783 53668.365092 22.192 0.17 53668.361759 20.825 0.065 53668.362592 20.471 0.065 53668.364259 20.392 0.25 41.569167 0.331575
53669.451039 21.972 0.465 53669.452705 22.2 0.185 53669.449372 20.859 0.065 53669.450205 20.515 0.057 53669.451872 20.524 0.251 41.569167 0.331575
53670.368278 23.055 0.809 53670.369944 22.039 0.113 53670.366611 20.759 0.053 53670.367444 20.499 0.055 53670.369111 19.729 0.121 41.569167 0.331575
53673.336266 25.905 0.568 53673.337932 21.931 0.063 53673.334599 20.77 0.034 53673.335432 20.438 0.034 53673.337099 19.936 0.095 41.569167 0.331575
53675.333154 23.849 1.086 53675.33482 21.905 0.072 53675.331487 20.649 0.039 53675.33232 20.38 0.044 53675.333987 19.889 0.122 41.569167 0.331575
53677.354182 -99.99 0.864 53677.355848 21.979 0.06 53677.352515 20.694 0.032 53677.353348 20.489 0.034 53677.355015 20.284 0.12 41.569167 0.331575
53680.34085 25.755 0.637 53680.342516 22.18 0.078 53680.339183 20.691 0.035 53680.340016 20.56 0.041 53680.341683 20.073 0.117 41.569167 0.331575
53683.399402 22.661 0.601 53683.401068 21.944 0.083 53683.397735 20.685 0.048 53683.398568 20.484 0.06 53683.400235 20.361 0.243 41.569167 0.331575
53693.342741 26.54 1.582 53693.344407 21.92 0.276 53693.341074 20.702 0.08 53693.341907 20.53 0.081 53693.343574 20.415 0.279 41.569167 0.331575
53699.363579 25.443 1.155 53699.365245 22.062 0.113 53699.361912 20.695 0.045 53699.362745 20.509 0.048 53699.364412 20.136 0.139 41.569167 0.331575
53704.326061 23.323 0.82 53704.327727 -99.99 0.1 53704.324394 20.653 0.044 53704.325227 20.36 0.048 53704.326894 -99.99 0.182 41.569167 0.331575
53989.422112 23.133 1.246 53989.423778 21.895 0.182 53989.420445 20.803 0.064 53989.421278 20.493 0.051 53989.422945 20.049 0.104 41.569167 0.331575
53997.44567 99.978 99.999 53997.447337 22.171 0.067 53997.444003 20.802 0.029 53997.444837 20.524 0.033 53997.446503 20.183 0.105 41.569167 0.331575
54000.397534 -99.99 6.556 54000.399201 22.168 0.091 54000.395868 20.723 0.036 54000.396701 20.544 0.05 54000.398368 -99.99 0.349 41.569167 0.331575
54007.447702 -99.99 3.193 54007.449369 22.198 0.077 54007.446035 20.747 0.057 54007.446869 20.503 0.052 54007.448535 20.062 0.113 41.569167 0.331575
54009.371488 24.525 1.535 54009.373154 22.333 0.066 54009.369821 20.783 0.028 54009.370654 20.516 0.033 54009.372321 19.966 0.076 41.569167 0.331575
54011.436042 23.977 0.973 54011.437709 22.155 0.056 54011.434375 20.812 0.031 54011.435209 20.52 0.032 54011.436875 20.216 0.1 41.569167 0.331575
54012.448769 23.069 0.662 54012.450435 22.243 0.092 54012.447102 20.816 0.043 54012.447935 20.445 0.043 54012.449602 20.346 0.174 41.569167 0.331575
54025.434956 22.711 0.663 54025.436623 22.136 0.105 54025.433289 20.717 0.042 54025.434123 20.586 0.053 54025.435789 20.158 0.154 41.569167 0.331575
54346.42877 99.985 99.999 54346.430437 22.397 0.251 54346.427104 20.767 0.058 54346.427937 20.527 0.054 54346.429604 20.102 0.116 41.569167 0.331575
54348.432687 -99.99 99.999 54348.434353 22.188 0.122 54348.43102 20.684 0.039 54348.431853 20.665 0.048 54348.43352 19.976 0.109 41.569167 0.331575
54358.388527 99.974 99.999 54358.390194 22.029 0.075 54358.38686 20.698 0.04 54358.387694 20.574 0.058 54358.38936 20.202 0.159 41.569167 0.331575
54365.421709 25.669 4.915 54365.423375 22.132 0.064 54365.420042 20.744 0.028 54365.420875 20.534 0.037 54365.422542 20.114 0.111 41.569167 0.331575
54381.441152 99.99 99.999 54381.442819 21.961 0.057 54381.439486 20.767 0.033 54381.440319 20.516 0.036 54381.441986 20.282 0.122 41.569167 0.331575
54384.4478 22.439 0.487 54384.449467 22.116 0.096 54384.446133 20.79 0.044 54384.446967 20.654 0.056 54384.448633 20.177 0.165 41.569167 0.331575
54386.433481 25.133 3.678 54386.435148 22.21 0.072 54386.431815 20.811 0.037 54386.432648 20.581 0.04 54386.434315 20.187 0.112 41.569167 0.331575
54388.437728 99.988 99.999 54388.439395 22.099 0.065 54388.436061 20.731 0.035 54388.436895 20.529 0.036 54388.438561 20.115 0.101 41.569167 0.331575
54392.435303 -99.99 0.74 54392.43697 22.297 0.116 54392.433636 20.773 0.046 54392.43447 20.562 0.048 54392.436136 19.875 0.117 41.569167 0.331575
54404.409306 -99.99 2.315 54404.410973 22.515 0.576 54404.40764 -99.99 0.502 54404.408473 21.075 0.258 54404.41014 19.991 0.119 41.569167 0.331575
54406.345368 -99.99 1.44 54406.347034 22.038 0.078 54406.343701 20.806 0.034 54406.344534 20.598 0.034 54406.346201 20.222 0.102 41.569167 0.331575
54409.350216 99.974 99.999 54409.351883 22.055 0.057 54409.348549 20.828 0.034 54409.349383 20.544 0.037 54409.351049 20.305 0.121 41.569167 0.331575
54412.371111 -99.99 99.999 54412.372777 22.038 0.071 54412.369444 20.817 0.037 54412.370277 20.569 0.041 54412.371944 20.05 0.11 41.569167 0.331575
