51075.420082 21.223 0.101 51075.421748 20.228 0.021 51075.418415 19.514 0.016 51075.419248 19.142 0.021 51075.420915 18.976 0.052 43.400894 0.651775
51818.389711 21.015 0.086 51818.391377 20.407 0.023 51818.388044 19.556 0.017 51818.388877 19.18 0.02 51818.390544 18.993 0.045 43.400894 0.651775
52171.377846 21.142 0.1 52171.379512 20.503 0.026 52171.376179 19.601 0.016 52171.377012 19.264 0.018 52171.378679 19.081 0.044 43.400894 0.651775
52173.354193 21.357 0.14 52173.355859 20.428 0.025 52173.352526 19.597 0.018 52173.353359 19.237 0.021 52173.355026 19.114 0.063 43.400894 0.651775
52224.334284 21.049 0.083 52224.33595 20.327 0.02 52224.332617 19.55 0.015 52224.33345 19.252 0.017 52224.335117 19.116 0.046 43.400894 0.651775
52234.290744 21.157 0.124 52234.29241 20.309 0.024 52234.289077 19.539 0.018 52234.28991 19.236 0.019 52234.291577 19.014 0.044 43.400894 0.651775
52261.2541 21.22 0.093 52261.255766 20.333 0.021 52261.252433 19.557 0.015 52261.253266 19.244 0.016 52261.254933 19.05 0.04 43.400894 0.651775
52283.121472 21.047 0.114 52283.123138 20.39 0.028 52283.119805 19.539 0.021 52283.120638 19.245 0.023 52283.122305 18.922 0.055 43.400894 0.651775
52287.134596 21.174 0.097 52287.136262 20.388 0.025 52287.132929 19.583 0.016 52287.133762 19.261 0.019 52287.135429 19.13 0.049 43.400894 0.651775
52552.45329 21.179 0.095 52552.454956 20.28 0.02 52552.451623 19.485 0.014 52552.452456 19.171 0.017 52552.454123 18.982 0.041 43.400894 0.651775
52557.427649 21.081 0.088 52557.429315 20.235 0.019 52557.425982 19.475 0.016 52557.426815 19.175 0.018 52557.428482 19.005 0.048 43.400894 0.651775
52908.402217 21.054 0.089 52908.403883 20.199 0.02 52908.40055 19.386 0.014 52908.401383 19.064 0.016 52908.40305 18.925 0.043 43.400894 0.651775
52912.381656 21.064 0.091 52912.383322 20.189 0.02 52912.379989 19.419 0.014 52912.380822 19.056 0.015 52912.382489 18.822 0.036 43.400894 0.651775
52934.334123 21.033 0.094 52934.335789 20.245 0.02 52934.332456 19.412 0.015 52934.333289 19.075 0.017 52934.334956 18.935 0.079 43.400894 0.651775
52936.330049 21.106 0.081 52936.331715 20.198 0.018 52936.328382 19.431 0.014 52936.329215 19.095 0.016 52936.330882 18.917 0.037 43.400894 0.651775
53270.394114 21.259 0.081 53270.39578 20.339 0.018 53270.392447 19.562 0.017 53270.39328 19.243 0.017 53270.394947 19.028 0.035 43.400894 0.651775
53272.444046 21.204 0.105 53272.445712 20.41 0.023 53272.442379 19.575 0.016 53272.443212 19.236 0.018 53272.444879 19.034 0.045 43.400894 0.651775
53286.412767 21.293 0.137 53286.414433 20.42 0.03 53286.4111 19.575 0.017 53286.411933 19.279 0.019 53286.4136 19.059 0.046 43.400894 0.651775
53288.371261 21.435 0.123 53288.372927 20.402 0.022 53288.369594 19.644 0.016 53288.370427 19.267 0.018 53288.372094 19.11 0.045 43.400894 0.651775
53294.418931 -99.99 0.298 53294.420597 -99.99 0.074 53294.417264 -99.99 0.085 53294.418097 19.127 0.058 53294.419764 -99.99 0.119 43.400894 0.651775
53296.366008 21.411 0.126 53296.367675 20.423 0.03 53296.364342 19.617 0.022 53296.365175 19.243 0.022 53296.366842 19.079 0.044 43.400894 0.651775
53298.415709 21.359 0.108 53298.417375 20.411 0.021 53298.414042 19.556 0.017 53298.414875 19.245 0.019 53298.416542 19.133 0.052 43.400894 0.651775
53302.36693 21.091 0.136 53302.368596 20.279 0.036 53302.365263 19.579 0.021 53302.366096 19.241 0.02 53302.367763 19.046 0.046 43.400894 0.651775
53312.322573 21.567 0.258 53312.324239 20.42 0.04 53312.320906 19.592 0.031 53312.321739 19.274 0.036 53312.323406 19.015 0.055 43.400894 0.651775
53314.32366 21.387 0.172 53314.325326 20.389 0.032 53314.321993 19.54 0.022 53314.322826 19.243 0.023 53314.324493 19.112 0.059 43.400894 0.651775
53319.311456 21.634 0.192 53319.313122 20.364 0.027 53319.309789 19.6 0.021 53319.310622 19.21 0.022 53319.312289 19.087 0.056 43.400894 0.651775
53616.428012 20.994 0.104 53616.429678 20.292 0.024 53616.426345 19.443 0.018 53616.427178 19.143 0.021 53616.428845 18.933 0.047 43.400894 0.651775
53628.389304 20.842 0.113 53628.39097 20.245 0.036 53628.387637 19.507 0.021 53628.38847 19.17 0.022 53628.390137 18.951 0.053 43.400894 0.651775
53639.4363 20.991 0.108 53639.437966 20.194 0.024 53639.434633 19.446 0.015 53639.435466 19.131 0.016 53639.437133 18.937 0.038 43.400894 0.651775
53641.435466 20.889 0.101 53641.437132 20.238 0.025 53641.433799 19.449 0.017 53641.434632 19.107 0.018 53641.436299 18.954 0.042 43.400894 0.651775
53657.39435 20.906 0.147 53657.396016 20.159 0.039 53657.392683 19.456 0.026 53657.393516 19.083 0.024 53657.395183 18.909 0.055 43.400894 0.651775
53663.378898 21.429 0.303 53663.380564 20.205 0.048 53663.377231 19.418 0.024 53663.378064 19.069 0.02 53663.379731 18.998 0.047 43.400894 0.651775
53665.35687 20.864 0.132 53665.358536 20.168 0.032 53665.355203 19.405 0.017 53665.356036 19.11 0.017 53665.357703 19.016 0.041 43.400894 0.651775
53666.448982 -99.99 0.185 53666.450648 20.133 0.033 53666.447315 19.454 0.019 53666.448148 19.057 0.018 53666.449815 18.931 0.043 43.400894 0.651775
53668.3685 20.799 0.135 53668.370166 20.23 0.032 53668.366833 19.412 0.02 53668.367666 19.079 0.022 53668.369333 18.927 0.051 43.400894 0.651775
53669.45611 20.794 0.152 53669.457776 20.209 0.031 53669.454443 19.428 0.021 53669.455276 19.121 0.023 53669.456943 18.866 0.05 43.400894 0.651775
53670.373351 20.882 0.107 53670.375017 20.178 0.026 53670.371684 19.418 0.017 53670.372517 19.122 0.018 53670.374184 18.857 0.038 43.400894 0.651775
53673.341338 20.938 0.082 53673.343004 20.186 0.018 53673.339671 19.405 0.014 53673.340504 19.078 0.015 53673.342171 18.898 0.034 43.400894 0.651775
53675.338226 20.924 0.084 53675.339892 20.128 0.018 53675.336559 19.415 0.015 53675.337392 19.104 0.017 53675.339059 18.943 0.04 43.400894 0.651775
53677.359256 21.013 0.084 53677.360922 20.184 0.019 53677.357589 19.427 0.013 53677.358422 19.115 0.015 53677.360089 18.895 0.032 43.400894 0.651775
53680.345923 20.906 0.086 53680.347589 20.156 0.022 53680.344256 19.422 0.019 53680.345089 19.081 0.021 53680.346756 18.898 0.04 43.400894 0.651775
53683.404474 21.011 0.18 53683.40614 20.151 0.045 53683.402807 19.409 0.026 53683.40364 19.053 0.033 53683.405307 18.957 0.095 43.400894 0.651775
53686.345355 21.024 0.231 53686.347021 20.122 0.05 53686.343688 19.375 0.025 53686.344521 19.045 0.022 53686.346188 18.917 0.047 43.400894 0.651775
53693.347814 20.789 0.269 53693.34948 20.224 0.067 53693.346147 19.395 0.027 53693.34698 19.08 0.026 53693.348647 18.943 0.058 43.400894 0.651775
53699.368652 20.82 0.117 53699.370318 20.174 0.026 53699.366985 19.392 0.015 53699.367818 19.076 0.016 53699.369485 18.884 0.036 43.400894 0.651775
53704.331134 20.902 0.126 53704.3328 20.223 0.021 53704.329467 19.369 0.016 53704.3303 19.06 0.026 53704.331967 18.93 0.049 43.400894 0.651775
53989.427256 20.965 0.17 53989.428923 20.384 0.049 53989.425589 19.524 0.026 53989.426423 19.234 0.022 53989.428089 19.008 0.038 43.400894 0.651775
53997.45074 21.116 0.074 53997.452407 20.339 0.024 53997.449074 19.549 0.019 53997.449907 19.232 0.019 53997.451574 19.103 0.033 43.400894 0.651775
54000.402642 -99.99 0.31 54000.404309 -99.99 0.024 54000.400975 -99.99 0.03 54000.401809 -99.99 0.025 54000.403475 19.037 0.049 43.400894 0.651775
54007.452781 21.116 0.101 54007.454448 20.363 0.027 54007.451115 19.554 0.023 54007.451948 19.301 0.022 54007.453615 19.036 0.039 43.400894 0.651775
54009.376531 21.146 0.068 54009.378198 20.349 0.023 54009.374865 19.589 0.017 54009.375698 19.261 0.019 54009.377365 19.036 0.032 43.400894 0.651775
54011.441036 21.077 0.071 54011.442703 20.341 0.026 54011.439369 19.559 0.019 54011.440203 19.252 0.019 54011.441869 19.111 0.034 43.400894 0.651775
54012.453961 21.36 0.132 54012.455627 20.341 0.032 54012.452294 19.551 0.019 54012.453127 19.211 0.03 54012.454794 19.083 0.05 43.400894 0.651775
54019.436107 21.477 0.345 54019.437773 20.399 0.058 54019.43444 19.587 0.027 54019.435273 19.288 0.033 54019.43694 18.989 0.063 43.400894 0.651775
54025.440056 21.101 0.121 54025.441723 20.377 0.029 54025.43839 19.633 0.021 54025.439223 19.27 0.022 54025.44089 19.092 0.044 43.400894 0.651775
54346.433942 21.515 0.261 54346.435609 20.537 0.054 54346.432275 19.74 0.026 54346.433109 19.396 0.025 54346.434775 19.154 0.041 43.400894 0.651775
54348.437855 21.405 0.154 54348.439521 20.466 0.031 54348.436188 19.696 0.024 54348.437021 19.424 0.022 54348.438688 19.233 0.045 43.400894 0.651775
54358.393702 21.499 0.156 54358.395368 20.545 0.031 54358.392035 19.753 0.022 54358.392868 19.343 0.023 54358.394535 19.212 0.052 43.400894 0.651775
54365.426657 21.309 0.095 54365.428323 20.483 0.024 54365.42499 19.657 0.02 54365.425823 19.356 0.024 54365.42749 19.2 0.042 43.400894 0.651775
54381.44622 21.496 0.127 54381.447887 20.488 0.034 54381.444553 19.662 0.018 54381.445387 19.337 0.023 54381.447053 19.135 0.041 43.400894 0.651775
54384.452882 21.68 0.191 54384.454549 20.48 0.032 54384.451215 -99.99 0.066 54384.452049 19.409 0.038 54384.453715 19.104 0.059 43.400894 0.651775
54386.438562 21.125 0.089 54386.440229 20.479 0.024 54386.436896 19.696 0.02 54386.437729 19.379 0.02 54386.439396 19.166 0.036 43.400894 0.651775
54388.442854 -99.99 0.117 54388.444521 20.493 0.029 54388.441187 19.711 0.02 54388.442021 19.414 0.018 54388.443687 19.249 0.04 43.400894 0.651775
54392.440364 21.231 0.114 54392.442031 20.456 0.034 54392.438697 19.7 0.022 54392.439531 19.36 0.028 54392.441197 19.219 0.053 43.400894 0.651775
54403.356717 21.512 0.281 54403.358384 20.493 0.044 54403.35505 19.721 0.04 54403.355884 19.433 0.038 54403.35755 19.164 0.048 43.400894 0.651775
54404.414537 21.151 0.189 54404.416204 20.37 0.042 54404.41287 -99.99 0.043 54404.413704 19.399 0.025 54404.41537 19.099 0.046 43.400894 0.651775
54406.350434 21.162 0.093 54406.352101 20.439 0.032 54406.348768 19.687 0.018 54406.349601 19.35 0.016 54406.351268 19.243 0.038 43.400894 0.651775
54409.355288 21.111 0.086 54409.356955 20.513 0.023 54409.353622 19.707 0.018 54409.354455 19.343 0.018 54409.356122 19.322 0.044 43.400894 0.651775
54412.376195 21.132 0.118 54412.377862 20.43 0.029 54412.374528 19.682 0.021 54412.375362 19.416 0.022 54412.377028 19.128 0.053 43.400894 0.651775
