51075.332811 23.56 0.806 51075.334477 20.85 0.059 51075.331144 20.521 0.038 51075.331977 20.249 0.051 51075.333644 20.148 0.166 11.895493 1.23782
52196.352054 25.462 1.022 52196.35372 20.893 0.036 52196.350387 20.556 0.036 52196.35122 20.305 0.046 52196.352887 19.939 0.123 11.895493 1.23782
52197.346419 24.646 1.206 52197.348085 20.89 0.034 52197.344752 20.557 0.035 52197.345585 20.361 0.048 52197.347252 20.432 0.188 11.895493 1.23782
52207.31881 23.286 0.636 52207.320476 20.888 0.031 52207.317143 20.504 0.033 52207.317976 20.413 0.048 52207.319643 20.361 0.158 11.895493 1.23782
52225.196611 24.902 1.099 52225.198277 20.943 0.036 52225.194944 20.495 0.034 52225.195777 20.365 0.047 52225.197444 20.321 0.167 11.895493 1.23782
52231.232393 25.491 0.867 52231.234059 20.76 0.03 52231.230726 20.472 0.034 52231.231559 20.324 0.045 52231.233226 20.252 0.142 11.895493 1.23782
52253.218561 24.602 1.486 52253.220227 20.758 0.035 52253.216894 20.514 0.036 52253.217727 20.373 0.049 52253.219394 20.172 0.147 11.895493 1.23782
52557.340394 24.669 1.491 52557.34206 20.882 0.035 52557.338727 20.609 0.043 52557.33956 20.35 0.056 52557.341227 20.153 0.16 11.895493 1.23782
52578.236481 25.432 0.82 52578.238147 20.846 0.03 52578.234814 20.559 0.034 52578.235647 20.479 0.05 52578.237314 20.116 0.137 11.895493 1.23782
52908.314962 23.609 0.855 52908.316628 20.879 0.032 52908.313295 20.539 0.036 52908.314128 20.551 0.06 52908.315795 20.15 0.148 11.895493 1.23782
52934.246865 23.041 0.767 52934.248531 20.897 0.044 52934.245198 20.5 0.047 52934.246031 20.374 0.063 52934.247698 20.291 0.229 11.895493 1.23782
52936.24279 22.856 0.427 52936.244456 20.899 0.032 52936.241123 20.516 0.031 52936.241956 20.426 0.046 52936.243623 -99.99 0.146 11.895493 1.23782
53270.306847 23.742 0.953 53270.308514 20.903 0.032 53270.305181 20.472 0.031 53270.306014 20.294 0.041 53270.307681 20.086 0.104 11.895493 1.23782
53272.356792 25.522 0.932 53272.358458 20.881 0.032 53272.355125 20.508 0.035 53272.355958 20.303 0.046 53272.357625 20.028 0.121 11.895493 1.23782
53286.325512 24.971 1.335 53286.327178 20.994 0.042 53286.323845 20.588 0.041 53286.324678 20.335 0.05 53286.326345 20.442 0.18 11.895493 1.23782
53288.284004 26.142 0.717 53288.28567 20.939 0.038 53288.282337 20.518 0.038 53288.28317 20.283 0.047 53288.284837 20.27 0.176 11.895493 1.23782
53294.331678 24.668 1.634 53294.333344 20.886 0.043 53294.330011 20.385 0.041 53294.330844 20.421 0.062 53294.332511 20.031 0.162 11.895493 1.23782
53296.278711 22.877 0.686 53296.280377 20.912 0.04 53296.277044 20.432 0.045 53296.277877 20.356 0.065 53296.279544 20.187 0.182 11.895493 1.23782
53298.328456 25.858 0.755 53298.330122 20.984 0.041 53298.326789 20.454 0.05 53298.327622 20.304 0.064 53298.329289 20.564 0.261 11.895493 1.23782
53302.279671 25.586 1.958 53302.281337 20.828 0.076 53302.278004 20.546 0.063 53302.278837 20.241 0.059 53302.280504 20.224 0.156 11.895493 1.23782
53312.235244 99.99 99.999 53312.236911 20.989 0.056 53312.233578 20.553 0.049 53312.234411 20.272 0.057 53312.236078 20.486 0.211 11.895493 1.23782
53314.2364 23.84 1.013 53314.238066 20.886 0.035 53314.234733 20.504 0.041 53314.235566 20.299 0.052 53314.237233 20.287 0.184 11.895493 1.23782
53616.340763 26.078 0.757 53616.342429 20.91 0.05 53616.339096 20.565 0.047 53616.339929 20.394 0.066 53616.341596 19.928 0.162 11.895493 1.23782
53626.317188 25.413 0.88 53626.318854 20.974 0.035 53626.315521 20.554 0.034 53626.316354 20.374 0.045 53626.318021 20.043 0.117 11.895493 1.23782
53628.302053 24.566 2.976 53628.303719 21.063 0.114 53628.300386 20.642 0.065 53628.301219 20.365 0.066 53628.302886 20.318 0.193 11.895493 1.23782
53637.303669 24.99 2.579 53637.305335 20.922 0.076 53637.302002 20.572 0.059 53637.302835 20.327 0.074 53637.304502 20.345 0.239 11.895493 1.23782
53639.349048 25.05 1.183 53639.350714 21.005 0.038 53639.347381 20.578 0.034 53639.348214 20.299 0.038 53639.349881 20.28 0.115 11.895493 1.23782
53654.330738 25.493 1.024 53654.332404 20.973 0.035 53654.329071 20.419 0.036 53654.329904 20.358 0.052 53654.331571 20.021 0.144 11.895493 1.23782
53663.291642 23.753 1.949 53663.293308 21.084 0.087 53663.289975 20.546 0.055 53663.290808 20.445 0.062 53663.292475 20.226 0.149 11.895493 1.23782
53665.269613 21.742 0.639 53665.271279 20.989 0.054 53665.267946 20.604 0.05 53665.268779 -99.99 0.339 53665.270446 20.365 0.168 11.895493 1.23782
53666.361741 24.538 2.615 53666.363407 21.145 0.075 53666.360074 20.547 0.047 53666.360907 20.403 0.053 53666.362574 20.314 0.149 11.895493 1.23782
53668.281243 27.075 0.485 53668.282909 20.846 0.05 53668.279576 20.464 0.046 53668.280409 20.359 0.07 53668.282076 20.113 0.19 11.895493 1.23782
53670.286095 24.333 1.231 53670.287761 21.024 0.042 53670.284428 20.552 0.036 53670.285261 20.344 0.046 53670.286928 20.51 0.189 11.895493 1.23782
53673.25408 24.085 1.014 53673.255746 21.055 0.034 53673.252413 20.572 0.036 53673.253246 20.338 0.044 53673.254913 20.135 0.12 11.895493 1.23782
53675.250968 25.857 0.773 53675.252634 20.892 0.037 53675.249301 20.563 0.042 53675.250134 20.383 0.052 53675.251801 20.124 0.168 11.895493 1.23782
53677.271999 24.449 1.027 53677.273665 20.934 0.031 53677.270332 20.603 0.034 53677.271165 20.371 0.042 53677.272832 20.675 0.17 11.895493 1.23782
53680.258665 23.237 0.626 53680.260331 20.98 0.033 53680.256998 20.525 0.037 53680.257831 20.346 0.045 53680.259498 20.438 0.15 11.895493 1.23782
53693.26056 22.831 1.21 53693.262226 21.01 0.089 53693.258893 20.491 0.061 53693.259726 20.323 0.062 53693.261393 20.043 0.126 11.895493 1.23782
53698.25795 24.649 1.513 53698.259616 20.958 0.039 53698.256283 20.536 0.04 53698.257116 20.391 0.054 53698.258783 20.249 0.152 11.895493 1.23782
53704.243884 24.308 2.348 53704.24555 -99.99 0.044 53704.242217 20.591 0.07 53704.24305 20.31 0.087 53704.244717 -99.99 0.254 11.895493 1.23782
53974.336602 99.986 99.999 53974.338268 20.831 0.037 53974.334935 20.496 0.032 53974.335768 20.296 0.041 53974.337435 20.521 0.177 11.895493 1.23782
53977.385158 24.11 1.187 53977.386824 20.827 0.028 53977.383491 20.515 0.029 53977.384324 20.362 0.044 53977.385991 -99.99 0.137 11.895493 1.23782
53989.339974 -99.99 99.999 53989.341641 20.951 0.094 53989.338307 20.541 0.064 53989.339141 20.417 0.095 53989.340807 20.436 0.188 11.895493 1.23782
53995.354636 25.123 3.136 53995.356303 20.868 0.031 53995.35297 -99.99 0.029 53995.353803 -99.99 0.042 53995.35547 -99.99 0.136 11.895493 1.23782
54000.315403 25.242 6.436 54000.31707 20.771 0.042 54000.313736 20.463 0.039 54000.31457 20.417 0.065 54000.316236 20.422 0.213 11.895493 1.23782
54006.262212 99.988 99.999 54006.263879 20.837 0.03 54006.260545 20.429 0.034 54006.261379 -99.99 0.05 54006.263045 -99.99 0.137 11.895493 1.23782
54007.365535 25.159 4.786 54007.367202 20.841 0.037 54007.363869 20.54 0.041 54007.364702 20.271 0.049 54007.366369 -99.99 0.152 11.895493 1.23782
54009.289342 100.012 99.999 54009.291009 20.829 0.034 54009.287675 20.522 0.034 54009.288509 20.314 0.057 54009.290175 -99.99 0.152 11.895493 1.23782
54011.353776 23.796 1.091 54011.355442 20.78 0.04 54011.352109 20.504 0.04 54011.352942 20.323 0.049 54011.354609 20.051 0.11 11.895493 1.23782
54025.352779 24.92 4.219 54025.354446 20.845 0.033 54025.351112 20.513 0.041 54025.351946 20.329 0.051 54025.353612 20.096 0.15 11.895493 1.23782
54029.283157 26.102 99.999 54029.284824 20.841 0.033 54029.28149 20.456 0.048 54029.282324 20.404 0.071 54029.28399 20.303 0.166 11.895493 1.23782
54348.350556 23.494 1.047 54348.352223 20.904 0.04 54348.34889 20.566 0.043 54348.349723 20.375 0.048 54348.35139 20.495 0.164 11.895493 1.23782
54365.339407 22.965 0.472 54365.341074 20.926 0.036 54365.337741 20.542 0.033 54365.338574 20.443 0.044 54365.340241 20.341 0.131 11.895493 1.23782
54381.359045 24.255 1.622 54381.360712 20.979 0.036 54381.357378 20.499 0.031 54381.358212 20.439 0.041 54381.359878 20.103 0.102 11.895493 1.23782
54384.365639 100.005 99.999 54384.367306 20.906 0.033 54384.363972 20.562 0.035 54384.364806 20.44 0.048 54384.366472 20.207 0.133 11.895493 1.23782
54386.351303 -99.99 99.999 54386.35297 20.994 0.048 54386.349636 20.587 0.049 54386.35047 20.401 0.077 54386.352136 20.304 0.186 11.895493 1.23782
54388.355594 99.975 99.999 54388.35726 20.973 0.033 54388.353927 20.563 0.037 54388.35476 20.427 0.046 54388.356427 20.346 0.124 11.895493 1.23782
54404.326924 22.149 0.483 54404.328591 20.971 0.06 54404.325258 20.612 0.05 54404.326091 20.506 0.058 54404.327758 20.174 0.142 11.895493 1.23782
54406.263192 25.292 4.9 54406.264859 20.926 0.048 54406.261525 20.618 0.047 54406.262359 20.328 0.05 54406.264025 20.475 0.175 11.895493 1.23782
54412.266122 27.01 99.999 54412.267789 20.897 0.035 54412.264455 20.617 0.043 54412.265289 -99.99 0.053 54412.266955 -99.99 0.155 11.895493 1.23782
