51081.311326 21.103 0.134 51081.312992 20.146 0.024 51081.309659 19.678 0.021 51081.310492 19.235 0.022 51081.312159 19.191 0.066 10.004155 0.558545
51819.382428 20.807 0.095 51819.384094 19.994 0.021 51819.380761 19.595 0.019 51819.381594 19.176 0.02 51819.383261 19.106 0.055 10.004155 0.558545
52558.347685 20.51 0.062 52558.349351 19.848 0.016 52558.346018 19.467 0.018 52558.346851 19.049 0.017 52558.348518 19.002 0.041 10.004155 0.558545
52577.235187 20.602 0.066 52577.236853 19.877 0.017 52577.23352 19.47 0.016 52577.234353 19.059 0.017 52577.23602 19.016 0.047 10.004155 0.558545
52586.238665 20.654 0.062 52586.240331 19.901 0.016 52586.236998 19.476 0.016 52586.237831 19.116 0.019 52586.239498 19.109 0.095 10.004155 0.558545
52910.319146 20.767 0.068 52910.320812 19.982 0.017 52910.317479 19.579 0.016 52910.318312 19.173 0.016 52910.319979 19.051 0.043 10.004155 0.558545
52931.249349 20.707 0.073 52931.251015 20.004 0.019 52931.247682 19.577 0.017 52931.248515 19.137 0.018 52931.250182 19.059 0.048 10.004155 0.558545
52935.246313 20.708 0.071 52935.247979 19.972 0.019 52935.244646 19.585 0.018 52935.245479 19.151 0.019 52935.247146 19.138 0.054 10.004155 0.558545
52959.189642 20.807 0.062 52959.191308 19.972 0.016 52959.187975 19.562 0.015 52959.188808 19.144 0.015 52959.190475 19.052 0.037 10.004155 0.558545
52963.169386 20.517 0.051 52963.171052 19.98 0.016 52963.167719 19.588 0.015 52963.168552 19.158 0.016 52963.170219 19.073 0.039 10.004155 0.558545
53352.140453 -99.99 0.064 53352.142119 20.153 0.018 53352.138786 19.75 0.018 53352.139619 19.282 0.019 53352.141286 19.168 0.048 10.004155 0.558545
53634.298221 -99.99 0.247 53634.299887 19.962 0.043 53634.296554 19.632 0.028 53634.297387 19.215 0.025 53634.299054 19.148 0.055 10.004155 0.558545
53638.339556 20.697 0.087 53638.341222 19.978 0.021 53638.337889 19.602 0.018 53638.338722 19.163 0.018 53638.340389 19.058 0.045 10.004155 0.558545
53640.303591 21.084 0.127 53640.305257 20.002 0.022 53640.301924 19.58 0.019 53640.302757 19.148 0.021 53640.304424 19.11 0.061 10.004155 0.558545
53655.275763 20.915 0.179 53655.277429 19.979 0.032 53655.274096 19.675 0.03 53655.274929 19.137 0.026 53655.276596 19.009 0.07 10.004155 0.558545
53664.300719 20.712 0.171 53664.302385 20.057 0.045 53664.299052 19.615 0.026 53664.299885 19.181 0.024 53664.301552 19.009 0.057 10.004155 0.558545
53669.259962 20.671 0.063 53669.261628 20.027 0.016 53669.258295 19.603 0.016 53669.259128 19.154 0.017 53669.260795 19.156 0.045 10.004155 0.558545
53671.344729 20.999 0.16 53671.346395 20.014 0.021 53671.343062 19.583 0.024 53671.343895 19.203 0.025 53671.345562 19.055 0.05 10.004155 0.558545
53674.244198 20.691 0.079 53674.245864 19.976 0.019 53674.242531 19.625 0.018 53674.243364 19.158 0.018 53674.245031 19.069 0.046 10.004155 0.558545
53676.333672 -99.99 0.074 53676.335338 20.044 0.018 53676.332005 19.617 0.017 53676.332838 19.211 0.017 53676.334505 19.06 0.037 10.004155 0.558545
53679.305566 20.629 0.093 53679.307232 19.987 0.021 53679.303899 19.533 0.022 53679.304732 19.162 0.023 53679.306399 18.991 0.06 10.004155 0.558545
53681.297078 -99.99 0.12 53681.298744 20.05 0.023 53681.295411 19.559 0.02 53681.296244 19.178 0.02 53681.297911 19.086 0.063 10.004155 0.558545
53685.256132 20.754 0.288 53685.257798 19.961 0.062 53685.254465 19.61 0.045 53685.255298 19.138 0.04 53685.256965 19.132 0.075 10.004155 0.558545
53694.270008 -99.99 0.314 53694.271674 19.91 0.065 53694.268341 19.646 0.042 53694.269174 19.138 0.037 53694.270841 19.045 0.082 10.004155 0.558545
53697.254103 20.609 0.086 53697.255769 19.988 0.021 53697.252436 19.591 0.019 53697.253269 19.13 0.018 53697.254936 19.14 0.046 10.004155 0.558545
53700.253061 20.829 0.111 53700.254727 20.04 0.022 53700.251394 19.596 0.02 53700.252227 19.163 0.021 53700.253894 19.092 0.057 10.004155 0.558545
53705.239731 20.758 0.083 53705.241397 20.049 0.019 53705.238064 19.563 0.017 53705.238897 19.16 0.017 53705.240564 19.052 0.037 10.004155 0.558545
53975.324747 20.656 0.062 53975.326413 20.007 0.022 53975.32308 19.556 0.025 53975.323913 19.129 0.021 53975.32558 19.05 0.043 10.004155 0.558545
53990.337597 20.76 0.144 53990.339264 19.991 0.038 53990.33593 19.525 0.022 53990.336764 19.173 0.021 53990.33843 18.976 0.05 10.004155 0.558545
53994.347737 20.707 0.06 53994.349404 19.977 0.021 53994.34607 19.55 0.029 53994.346904 19.115 0.018 53994.34857 19.037 0.04 10.004155 0.558545
53996.331486 20.716 0.071 53996.333152 20.06 0.024 53996.329819 19.532 0.02 53996.330652 19.136 0.022 53996.332319 19.121 0.048 10.004155 0.558545
53998.300105 20.782 0.064 53998.301772 -99.99 0.025 53998.298439 19.568 0.016 53998.299272 19.13 0.017 53998.300939 19.065 0.04 10.004155 0.558545
54005.330345 20.807 0.061 54005.332012 19.971 0.023 54005.328678 19.549 0.018 54005.329512 19.101 0.017 54005.331178 19.019 0.035 10.004155 0.558545
54010.285601 20.774 0.077 54010.287268 20.039 0.022 54010.283934 19.55 0.02 54010.284768 19.126 0.022 54010.286434 19.061 0.045 10.004155 0.558545
54012.278554 20.604 0.129 54012.280221 19.914 0.035 54012.276888 19.615 0.028 54012.277721 19.116 0.028 54012.279388 18.968 0.042 10.004155 0.558545
54020.28444 21.137 0.217 54020.286107 19.942 0.033 54020.282774 19.529 0.022 54020.283607 19.095 0.032 54020.285274 19.034 0.06 10.004155 0.558545
54024.366037 20.72 0.121 54024.367704 19.95 0.03 54024.364371 19.603 0.033 54024.365204 19.14 0.027 54024.366871 18.914 0.055 10.004155 0.558545
54028.354288 -99.99 0.086 54028.355954 19.975 0.024 54028.352621 19.57 0.025 54028.353454 19.147 0.027 54028.355121 19.119 0.073 10.004155 0.558545
54030.277952 20.651 0.069 54030.279619 19.981 0.02 54030.276285 19.558 0.018 54030.277119 19.152 0.017 54030.278785 19.022 0.039 10.004155 0.558545
54035.353723 20.861 0.139 54035.35539 20.022 0.026 54035.352057 19.564 0.029 54035.35289 19.131 0.031 54035.354557 19.152 0.075 10.004155 0.558545
54037.259199 20.625 0.061 54037.260866 20.039 0.021 54037.257532 19.573 0.023 54037.258366 19.123 0.019 54037.260032 19.114 0.042 10.004155 0.558545
54040.273703 20.661 0.137 54040.275369 19.953 0.042 54040.272036 19.564 0.029 54040.272869 19.155 0.027 54040.274536 19.113 0.06 10.004155 0.558545
54047.304401 -99.99 0.207 54047.306068 19.95 0.086 54047.302734 19.64 0.073 54047.303568 19.133 0.046 54047.305234 19.001 0.093 10.004155 0.558545
54049.300145 20.948 0.162 54049.301812 19.945 0.04 54049.298478 19.583 0.032 54049.299312 19.13 0.026 54049.300978 18.989 0.06 10.004155 0.558545
54053.264491 -99.99 0.071 54053.266158 19.986 0.022 54053.262824 19.559 0.018 54053.263658 19.138 0.019 54053.265324 19.027 0.041 10.004155 0.558545
54056.266157 20.885 0.147 54056.267824 19.977 0.028 54056.264491 19.541 0.024 54056.265324 19.137 0.023 54056.266991 19.177 0.065 10.004155 0.558545
54059.260462 20.77 0.141 54059.262128 19.985 0.028 54059.258795 19.578 0.024 54059.259628 19.158 0.039 54059.261295 19.056 0.083 10.004155 0.558545
54062.265382 -99.99 0.091 54062.267048 19.993 0.027 54062.263715 19.528 0.025 54062.264548 19.14 0.023 54062.266215 19.112 0.06 10.004155 0.558545
54068.245904 21.037 0.21 54068.247571 20.064 0.058 54068.244237 19.592 0.037 54068.245071 19.141 0.042 54068.246737 19.065 0.057 10.004155 0.558545
54357.303612 -99.99 0.054 54357.305278 19.937 0.017 54357.301945 19.483 0.032 54357.302778 19.089 0.019 54357.304445 18.965 0.039 10.004155 0.558545
54362.353462 20.746 0.072 54362.355129 19.921 0.022 54362.351796 19.469 0.023 54362.352629 19.064 0.022 54362.354296 19.054 0.053 10.004155 0.558545
54382.333638 20.702 0.118 54382.335304 19.941 0.028 54382.331971 19.571 0.032 54382.332804 19.156 0.035 54382.334471 19.154 0.086 10.004155 0.558545
54385.351482 -99.99 0.079 54385.353149 19.907 0.022 54385.349816 19.498 0.015 54385.350649 19.107 0.019 54385.352316 19.006 0.035 10.004155 0.558545
54387.35199 -99.99 0.088 54387.353656 19.952 0.025 54387.350323 19.529 0.019 54387.351156 19.06 0.019 54387.352823 19.064 0.059 10.004155 0.558545
54392.346656 20.523 0.076 54392.348322 19.926 0.026 54392.344989 19.539 0.025 54392.345822 19.119 0.024 54392.347489 18.943 0.058 10.004155 0.558545
54402.345165 -99.99 0.293 54402.346832 -99.99 0.05 54402.343499 19.523 0.031 54402.344332 19.069 0.023 54402.345999 19.102 0.062 10.004155 0.558545
