51081.39911 20.52 0.069 51081.400776 20.112 0.025 51081.397443 19.966 0.025 51081.398276 19.608 0.027 51081.399943 19.625 0.087 41.716111 -1.125733
51819.47022 20.18 0.064 51819.471886 19.811 0.022 51819.468553 19.814 0.024 51819.469386 19.457 0.027 51819.471053 19.343 0.08 41.716111 -1.125733
51875.214058 20.607 0.064 51875.215724 20.069 0.023 51875.212391 19.943 0.025 51875.213224 19.614 0.028 51875.214891 19.554 0.085 41.716111 -1.125733
52225.294924 20.428 0.055 52225.29659 20.048 0.02 52225.293257 19.999 0.021 52225.29409 19.744 0.025 52225.295757 19.556 0.066 41.716111 -1.125733
52288.129347 20.472 0.061 52288.131013 20.015 0.022 52288.12768 19.953 0.024 52288.128513 19.598 0.024 52288.13018 19.481 0.075 41.716111 -1.125733
52551.402635 20.193 0.05 52551.404301 19.88 0.019 52551.400968 19.855 0.02 52551.401801 19.599 0.023 52551.403468 19.49 0.073 41.716111 -1.125733
52558.435509 20.33 0.05 52558.437175 19.92 0.018 52558.433842 19.941 0.02 52558.434675 19.655 0.023 52558.436342 19.695 0.077 41.716111 -1.125733
52578.307117 20.305 0.05 52578.308783 19.944 0.018 52578.30545 19.921 0.021 52578.306283 19.606 0.025 52578.30795 19.571 0.07 41.716111 -1.125733
52910.406974 20.593 0.072 52910.40864 20.173 0.025 52910.405307 20.024 0.024 52910.40614 19.658 0.026 52910.407807 19.668 0.081 41.716111 -1.125733
52935.334142 20.599 0.071 52935.335808 20.25 0.025 52935.332475 20.111 0.03 52935.333308 19.724 0.031 52935.334975 19.731 0.109 41.716111 -1.125733
52971.248135 20.567 0.083 52971.249801 20.136 0.028 52971.246468 20.058 0.028 52971.247301 19.708 0.03 52971.248968 19.461 0.085 41.716111 -1.125733
53351.179525 20.475 0.071 53351.181191 20.137 0.025 53351.177858 20.063 0.026 53351.178691 -99.99 0.029 53351.180358 19.583 0.091 41.716111 -1.125733
53622.436573 20.584 0.06 53622.438239 20.144 0.021 53622.434906 20.082 0.021 53622.435739 19.746 0.026 53622.437406 19.707 0.077 41.716111 -1.125733
53627.393671 20.557 0.065 53627.395337 20.157 0.022 53627.392004 20.117 0.024 53627.392837 19.682 0.025 53627.394504 19.629 0.066 41.716111 -1.125733
53638.427382 20.625 0.087 53638.429048 20.221 0.029 53638.425715 20.096 0.027 53638.426548 19.754 0.027 53638.428215 19.587 0.08 41.716111 -1.125733
53640.391417 20.599 0.084 53640.393083 20.165 0.026 53640.38975 20.051 0.028 53640.390583 19.663 0.027 53640.39225 19.529 0.079 41.716111 -1.125733
53643.433892 21.034 0.124 53643.435558 20.294 0.029 53643.432225 20.091 0.031 53643.433058 19.815 0.037 53643.434725 19.685 0.094 41.716111 -1.125733
53657.271569 -99.99 0.325 53657.273235 20.2 0.099 53657.269902 20.091 0.085 53657.270735 19.624 0.062 53657.272402 19.326 0.146 41.716111 -1.125733
53664.388547 20.61 0.154 53664.390213 20.398 0.059 53664.38688 20.177 0.041 53664.387713 19.836 0.038 53664.38938 19.503 0.097 41.716111 -1.125733
53668.441794 21 0.244 53668.44346 20.39 0.053 53668.440127 20.244 0.05 53668.44096 19.822 0.048 53668.442627 19.572 0.128 41.716111 -1.125733
53669.347792 20.887 0.138 53669.349458 -99.99 0.094 53669.346125 -99.99 0.045 53669.346958 -99.99 0.143 53669.348625 19.489 0.124 41.716111 -1.125733
53670.447767 20.713 0.138 53670.449433 20.23 0.036 53670.4461 20.097 0.036 53670.446933 19.614 0.032 53670.4486 19.465 0.092 41.716111 -1.125733
53674.332029 21.066 0.13 53674.333695 20.348 0.029 53674.330362 20.28 0.034 53674.331195 19.838 0.036 53674.332862 19.535 0.09 41.716111 -1.125733
53679.393388 20.866 0.111 53679.395054 20.355 0.032 53679.391721 20.231 0.039 53679.392554 19.858 0.042 53679.394221 19.773 0.134 41.716111 -1.125733
53705.327554 20.754 0.104 53705.32922 20.378 0.031 53705.325887 20.224 0.032 53705.32672 19.756 0.034 53705.328387 19.606 0.104 41.716111 -1.125733
53975.412551 20.871 0.099 53975.414218 20.553 0.03 53975.410884 20.435 0.031 53975.411718 19.945 0.032 53975.413384 19.697 0.076 41.716111 -1.125733
54024.45382 20.954 0.148 54024.455487 20.445 0.04 54024.452153 20.281 0.035 54024.452987 19.963 0.038 54024.454653 19.883 0.117 41.716111 -1.125733
54035.441527 21.138 0.154 54035.443193 20.387 0.043 54035.43986 20.214 0.038 54035.440693 19.885 0.039 54035.44236 19.788 0.117 41.716111 -1.125733
54037.347028 20.77 0.062 54037.348695 20.41 0.026 54037.345361 20.35 0.024 54037.346195 19.969 0.028 54037.347861 19.779 0.068 41.716111 -1.125733
54040.361505 20.633 0.066 54040.363172 20.38 0.03 54040.359839 20.353 0.031 54040.360672 20.032 0.037 54040.362339 19.952 0.097 41.716111 -1.125733
54047.392075 -99.99 0.569 54047.393742 20.184 0.107 54047.390408 20.203 0.086 54047.391242 19.764 0.064 54047.392908 19.604 0.145 41.716111 -1.125733
54049.387949 20.977 0.22 54049.389616 20.316 0.048 54049.386283 20.204 0.043 54049.387116 19.992 0.041 54049.388783 19.739 0.101 41.716111 -1.125733
54050.348131 20.73 0.174 54050.349798 20.287 0.061 54050.346464 20.114 0.047 54050.347298 19.832 0.05 54050.348964 19.541 0.14 41.716111 -1.125733
54053.367629 20.614 0.077 54053.369296 20.343 0.03 54053.365963 20.244 0.031 54053.366796 19.933 0.034 54053.368463 -99.99 0.109 41.716111 -1.125733
54056.35396 20.631 0.082 54056.355627 20.359 0.036 54056.352294 20.199 0.03 54056.353127 19.845 0.032 54056.354794 19.752 0.095 41.716111 -1.125733
54059.34826 20.571 0.083 54059.349927 20.329 0.031 54059.346593 20.288 0.037 54059.347427 19.805 0.032 54059.349093 19.735 0.119 41.716111 -1.125733
54357.391481 20.597 0.052 54357.393148 20.127 0.022 54357.389815 20.127 0.025 54357.390648 19.765 0.023 54357.392315 19.781 0.063 41.716111 -1.125733
54362.441261 20.495 0.049 54362.442927 20.117 0.022 54362.439594 20.089 0.024 54362.440427 19.815 0.027 54362.442094 19.594 0.063 41.716111 -1.125733
54382.421516 20.371 0.062 54382.423182 20.085 0.029 54382.419849 -99.99 0.05 54382.420682 19.673 0.033 54382.422349 19.699 0.092 41.716111 -1.125733
54385.43926 20.421 0.058 54385.440927 20.082 0.021 54385.437594 20.066 0.027 54385.438427 19.777 0.028 54385.440094 19.626 0.064 41.716111 -1.125733
54387.439764 -99.99 0.083 54387.441431 20.042 0.032 54387.438098 19.921 0.033 54387.438931 19.656 0.04 54387.440598 19.587 0.093 41.716111 -1.125733
54390.432197 -99.99 0.152 54390.433864 -99.99 0.055 54390.430531 -99.99 0.095 54390.431364 -99.99 0.051 54390.433031 -99.99 1.12 41.716111 -1.125733
54391.440576 20.698 0.165 54391.442243 19.979 0.043 54391.43891 20.013 0.043 54391.439743 19.688 0.057 54391.44141 19.452 0.129 41.716111 -1.125733
54402.432921 20.56 0.197 54402.434588 20.021 0.064 54402.431255 20.068 0.043 54402.432088 19.704 0.036 54402.433755 19.454 0.094 41.716111 -1.125733
