51081.403329 21.543 0.203 51081.404995 20.8 0.04 51081.401662 20.307 0.032 51081.402495 20.216 0.044 51081.404162 20.374 0.172 43.242167 -0.664632
51819.474463 20.377 0.086 51819.476129 20.465 0.029 51819.472796 20.128 0.028 51819.473629 20.01 0.033 51819.475296 19.814 0.111 43.242167 -0.664632
51875.218278 20.717 0.079 51875.219944 20.477 0.025 51875.216611 20.115 0.025 51875.217444 20.013 0.029 51875.219111 19.861 0.095 43.242167 -0.664632
52225.299152 20.463 0.065 52225.300818 20.303 0.021 52225.297485 19.986 0.022 52225.298318 19.864 0.023 52225.299985 19.82 0.074 43.242167 -0.664632
52288.133574 20.592 0.082 52288.13524 20.461 0.026 52288.131907 19.978 0.025 52288.13274 19.945 0.029 52288.134407 19.755 0.085 43.242167 -0.664632
52551.406862 20.857 0.096 52551.408528 20.591 0.028 52551.405195 20.255 0.028 52551.406028 20.098 0.03 52551.407695 20.094 0.114 43.242167 -0.664632
52558.439735 20.784 0.079 52558.441401 20.621 0.024 52558.438068 20.219 0.024 52558.438901 20.097 0.027 52558.440568 19.927 0.086 43.242167 -0.664632
52578.311344 20.746 0.084 52578.31301 20.584 0.024 52578.309677 20.192 0.025 52578.31051 20.082 0.028 52578.312177 20.009 0.092 43.242167 -0.664632
52585.274324 20.649 0.072 52585.27599 20.619 0.026 52585.272657 20.167 0.024 52585.27349 20.061 0.032 52585.275157 19.873 0.104 43.242167 -0.664632
52909.440958 20.801 0.088 52909.442624 20.652 0.027 52909.439291 20.148 0.023 52909.440124 20.07 0.027 52909.441791 20.004 0.087 43.242167 -0.664632
52910.4112 20.928 0.115 52910.412866 20.638 0.03 52910.409533 20.214 0.027 52910.410366 20.098 0.03 52910.412033 19.97 0.102 43.242167 -0.664632
52935.338369 20.738 0.09 52935.340035 20.645 0.028 52935.336702 20.207 0.029 52935.337535 20.195 0.037 52935.339202 19.918 0.108 43.242167 -0.664632
52963.261447 20.472 0.058 52963.263113 20.431 0.022 52963.25978 20.146 0.022 52963.260613 20.035 0.025 52963.26228 19.864 0.075 43.242167 -0.664632
52971.252363 20.52 0.093 52971.254029 20.351 0.026 52971.250696 20.045 0.03 52971.251529 19.987 0.035 52971.253196 19.707 0.088 43.242167 -0.664632
53351.183751 20.669 0.097 53351.185417 20.453 0.026 53351.182084 20.079 0.024 53351.182917 20.006 0.033 53351.184584 19.959 0.127 43.242167 -0.664632
53622.4408 20.795 0.083 53622.442466 20.452 0.022 53622.439133 20.043 0.021 53622.439966 19.953 0.025 53622.441633 19.849 0.076 43.242167 -0.664632
53627.397898 20.7 0.084 53627.399564 20.401 0.024 53627.396231 20.089 0.023 53627.397064 19.892 0.024 53627.398731 19.753 0.068 43.242167 -0.664632
53634.390272 20.572 0.165 53634.391938 20.439 0.065 53634.388605 20.121 0.043 53634.389438 19.929 0.036 53634.391105 19.973 0.102 43.242167 -0.664632
53638.431608 -99.99 0.103 53638.433274 20.463 0.032 53638.429941 20.108 0.025 53638.430774 19.98 0.028 53638.432441 19.833 0.088 43.242167 -0.664632
53640.395644 20.818 0.114 53640.39731 20.388 0.03 53640.393977 20.034 0.026 53640.39481 19.925 0.029 53640.396477 19.861 0.094 43.242167 -0.664632
53643.43812 20.853 0.117 53643.439786 20.466 0.029 53643.436453 20.03 0.025 53643.437286 19.891 0.028 53643.438953 19.821 0.103 43.242167 -0.664632
53646.457052 20.635 0.153 53646.458718 20.412 0.029 53646.455385 20.003 0.033 53646.456218 20.009 0.047 53646.457885 19.53 0.106 43.242167 -0.664632
53663.457471 20.436 0.215 53663.459137 20.47 0.084 53663.455804 20.042 0.047 53663.456637 19.884 0.039 53663.458304 19.8 0.112 43.242167 -0.664632
53664.392774 20.691 0.183 53664.39444 20.4 0.066 53664.391107 20.034 0.038 53664.39194 19.928 0.04 53664.393607 20.103 0.157 43.242167 -0.664632
53665.457404 20.517 0.168 53665.45907 20.443 0.053 53665.455737 20.058 0.035 53665.45657 19.955 0.037 53665.458237 19.73 0.115 43.242167 -0.664632
53668.44602 20.553 0.173 53668.447686 20.489 0.049 53668.444353 20.011 0.035 53668.445186 19.871 0.039 53668.446853 20.045 0.162 43.242167 -0.664632
53669.352019 20.68 0.11 53669.353685 20.401 0.03 53669.350352 20.084 0.03 53669.351185 19.917 0.029 53669.352852 20.053 0.119 43.242167 -0.664632
53670.451993 20.766 0.163 53670.453659 20.423 0.037 53670.450326 20.005 0.029 53670.451159 19.884 0.033 53670.452826 19.92 0.122 43.242167 -0.664632
53671.436769 20.629 0.114 53671.438435 20.468 0.03 53671.435102 20.012 0.027 53671.435935 19.917 0.027 53671.437602 19.766 0.094 43.242167 -0.664632
53674.336257 20.681 0.11 53674.337923 20.382 0.026 53674.33459 20.059 0.027 53674.335423 19.922 0.031 53674.33709 19.936 0.125 43.242167 -0.664632
53676.425712 20.821 0.14 53676.427378 20.475 0.03 53676.424045 20.025 0.03 53676.424878 19.887 0.033 53676.426545 19.957 0.114 43.242167 -0.664632
53679.397615 20.592 0.099 53679.399281 20.43 0.027 53679.395948 20.035 0.03 53679.396781 19.872 0.033 53679.398448 19.647 0.103 43.242167 -0.664632
53681.389128 20.459 0.098 53681.390794 20.267 0.023 53681.387461 19.996 0.025 53681.388294 19.83 0.028 53681.389961 19.621 0.081 43.242167 -0.664632
53684.350624 20.77 0.233 53684.35229 20.404 0.057 53684.348957 19.949 0.037 53684.34979 19.89 0.051 53684.351457 19.462 0.158 43.242167 -0.664632
53687.291939 20.411 0.204 53687.293605 20.52 0.122 53687.290272 20.078 0.06 53687.291105 19.913 0.049 53687.292772 20.009 0.168 43.242167 -0.664632
53694.36208 20.357 0.184 53694.363746 20.336 0.065 53694.360413 19.993 0.039 53694.361246 19.852 0.037 53694.362913 19.496 0.098 43.242167 -0.664632
53697.346153 20.526 0.108 53697.347819 20.455 0.036 53697.344486 19.988 0.026 53697.345319 19.914 0.028 53697.346986 19.871 0.104 43.242167 -0.664632
53700.345109 20.55 0.094 53700.346775 20.324 0.025 53700.343442 20.013 0.025 53700.344275 19.911 0.033 53700.345942 19.988 0.138 43.242167 -0.664632
53705.33178 20.508 0.114 53705.333446 20.364 0.028 53705.330113 19.974 0.026 53705.330946 19.865 0.032 53705.332613 19.775 0.12 43.242167 -0.664632
53975.416812 20.455 0.073 53975.418478 20.396 0.027 53975.415145 19.962 0.026 53975.415978 19.856 0.026 53975.417645 19.893 0.09 43.242167 -0.664632
53994.439813 -99.99 0.064 53994.44148 20.395 0.027 53994.438146 19.98 0.028 53994.43898 19.921 0.026 53994.440646 19.767 0.078 43.242167 -0.664632
53996.423513 20.378 0.061 53996.42518 20.413 0.04 53996.421846 19.985 0.021 53996.42268 19.892 0.028 53996.424346 19.702 0.074 43.242167 -0.664632
54005.436699 20.417 0.064 54005.438365 20.403 0.023 54005.435032 20 0.022 54005.435865 19.846 0.028 54005.437532 19.79 0.072 43.242167 -0.664632
54009.450513 20.476 0.061 54009.45218 20.455 0.036 54009.448846 20.024 0.022 54009.44968 19.904 0.024 54009.451346 19.74 0.061 43.242167 -0.664632
54010.377649 20.595 0.057 54010.379316 20.429 0.025 54010.375982 20.032 0.024 54010.376816 19.868 0.027 54010.378482 19.875 0.055 43.242167 -0.664632
54012.370472 20.602 0.099 54012.372138 20.432 0.037 54012.368805 19.97 0.024 54012.369638 19.916 0.026 54012.371305 19.917 0.082 43.242167 -0.664632
54020.408547 20.394 0.115 54020.410214 20.392 0.041 54020.40688 20.034 0.036 54020.407714 19.893 0.034 54020.40938 19.751 0.098 43.242167 -0.664632
54024.458062 20.677 0.144 54024.459729 20.416 0.082 54024.456395 20.063 0.035 54024.457229 19.873 0.039 54024.458895 19.878 0.136 43.242167 -0.664632
54028.446368 -99.99 0.135 54028.448035 20.456 0.031 54028.444701 20.01 0.027 54028.445535 19.959 0.035 54028.447201 19.989 0.123 43.242167 -0.664632
54030.401785 20.643 0.089 54030.403452 20.442 0.03 54030.400119 19.993 0.023 54030.400952 19.885 0.024 54030.402619 19.827 0.082 43.242167 -0.664632
54035.445747 20.476 0.105 54035.447413 20.436 0.035 54035.44408 20.017 0.05 54035.444913 19.938 0.037 54035.44658 19.703 0.12 43.242167 -0.664632
54037.351254 20.611 0.067 54037.352921 20.489 0.026 54037.349588 20.047 0.021 54037.350421 19.934 0.028 54037.352088 19.907 0.074 43.242167 -0.664632
54040.365727 20.426 0.067 54040.367393 20.452 0.025 54040.36406 20.041 0.023 54040.364893 19.929 0.025 54040.36656 19.838 0.085 43.242167 -0.664632
54041.401272 20.756 0.112 54041.402938 20.474 0.04 54041.399605 20.037 0.028 54041.400438 19.913 0.027 54041.402105 19.83 0.079 43.242167 -0.664632
54047.396299 21.215 0.471 54047.397965 20.536 0.119 54047.394632 20.116 0.094 54047.395465 20.008 0.08 54047.397132 -99.99 0.274 43.242167 -0.664632
54049.392219 20.414 0.139 54049.393885 20.431 0.054 54049.390552 20.04 0.037 54049.391385 19.93 0.041 54049.393052 19.857 0.111 43.242167 -0.664632
54053.371849 20.843 0.115 54053.373516 20.414 0.027 54053.370183 20.085 0.028 54053.371016 19.968 0.031 54053.372683 19.874 0.129 43.242167 -0.664632
54056.358203 20.713 0.089 54056.35987 20.443 0.028 54056.356536 20.003 0.025 54056.35737 19.944 0.032 54056.359036 19.708 0.085 43.242167 -0.664632
54059.352542 -99.99 0.116 54059.354208 20.422 0.027 54059.350875 20.034 0.028 54059.351708 19.929 0.032 54059.353375 19.826 0.12 43.242167 -0.664632
54062.357368 20.63 0.082 54062.359034 20.502 0.028 54062.355701 20.056 0.023 54062.356534 19.867 0.026 54062.358201 19.918 0.1 43.242167 -0.664632
54064.35379 20.793 0.111 54064.355457 20.438 0.027 54064.352123 20.043 0.024 54064.352957 19.971 0.029 54064.354623 19.824 0.106 43.242167 -0.664632
54357.395667 20.796 0.072 54357.397334 20.405 0.024 54357.394 20.073 0.022 54357.394834 19.891 0.021 54357.3965 19.979 0.068 43.242167 -0.664632
54362.445493 20.708 0.074 54362.44716 20.458 0.024 54362.443826 20.041 0.019 54362.44466 19.882 0.023 54362.446326 20.04 0.08 43.242167 -0.664632
54376.440582 20.543 0.085 54376.442248 20.414 0.031 54376.438915 20.025 0.022 54376.439748 19.941 0.028 54376.441415 19.878 0.08 43.242167 -0.664632
54382.425712 20.564 0.087 54382.427379 20.411 0.036 54382.424045 20.002 0.028 54382.424879 19.852 0.03 54382.426545 19.807 0.102 43.242167 -0.664632
54385.443523 20.629 0.093 54385.44519 20.409 0.034 54385.441857 19.986 0.026 54385.44269 19.926 0.027 54385.444357 19.948 0.087 43.242167 -0.664632
54387.443979 20.588 0.115 54387.445645 -99.99 0.053 54387.442312 19.955 0.027 54387.443145 19.866 0.03 54387.444812 19.735 0.133 43.242167 -0.664632
54390.436449 -99.99 0.526 54390.438116 -99.99 0.072 54390.434782 -99.99 0.099 54390.435616 -99.99 0.476 54390.437282 -99.99 99.999 43.242167 -0.664632
54391.444845 20.328 0.138 54391.446512 20.327 0.055 54391.443178 19.966 0.049 54391.444012 19.984 0.064 54391.445678 19.882 0.214 43.242167 -0.664632
54402.437153 21.034 0.389 54402.438819 20.298 0.072 54402.435486 20.028 0.048 54402.436319 19.886 0.041 54402.437986 19.949 0.129 43.242167 -0.664632
