51081.318848 21.006 0.123 51081.320514 20.432 0.029 51081.317181 20.213 0.034 51081.318014 20.069 0.043 51081.319681 19.87 0.13 12.741697 0.869309
51819.390029 20.751 0.103 51819.391695 20.361 0.027 51819.388362 20.127 0.029 51819.389195 19.935 0.036 51819.390862 19.693 0.098 12.741697 0.869309
52558.355265 20.617 0.074 52558.356931 20.193 0.02 52558.353598 19.975 0.022 52558.354431 19.863 0.028 52558.356098 19.631 0.074 12.741697 0.869309
52577.24277 20.604 0.069 52577.244436 20.191 0.02 52577.241103 19.96 0.022 52577.241936 19.85 0.03 52577.243603 19.681 0.091 12.741697 0.869309
52586.246247 20.649 0.072 52586.247913 20.196 0.019 52586.24458 20.016 0.026 52586.245413 19.868 0.036 52586.24708 19.544 0.092 12.741697 0.869309
52910.326728 20.809 0.087 52910.328394 20.233 0.021 52910.325061 20.06 0.022 52910.325894 19.942 0.03 52910.327561 19.685 0.083 12.741697 0.869309
52931.256932 20.669 0.083 52931.258598 20.242 0.022 52931.255265 19.983 0.023 52931.256098 19.873 0.032 52931.257765 19.677 0.092 12.741697 0.869309
52935.253895 20.672 0.081 52935.255561 20.221 0.024 52935.252228 19.983 0.027 52935.253061 19.937 0.038 52935.254728 19.616 0.099 12.741697 0.869309
52959.197225 20.578 0.064 52959.198891 20.277 0.019 52959.195558 20.025 0.02 52959.196391 19.931 0.027 52959.198058 19.824 0.075 12.741697 0.869309
52963.176968 20.661 0.063 52963.178634 20.225 0.018 52963.175301 20.026 0.021 52963.176134 19.922 0.027 52963.177801 19.566 0.066 12.741697 0.869309
53352.148035 20.626 0.081 53352.149701 20.168 0.021 53352.146368 20.017 0.024 53352.147201 19.852 0.032 53352.148868 19.785 0.112 12.741697 0.869309
53622.356334 21.089 0.17 53622.358 20.323 0.028 53622.354667 20.142 0.033 53622.3555 20.07 0.048 53622.357167 19.939 0.147 12.741697 0.869309
53634.305804 20.927 0.256 53634.30747 20.456 0.068 53634.304137 20.101 0.047 53634.30497 20.107 0.054 53634.306637 19.957 0.116 12.741697 0.869309
53638.34714 21.108 0.133 53638.348806 20.436 0.028 53638.345473 20.206 0.027 53638.346306 20.127 0.036 53638.347973 19.813 0.095 12.741697 0.869309
53640.311174 20.954 0.122 53640.31284 20.507 0.028 53640.309507 20.219 0.03 53640.31034 20.073 0.038 53640.312007 19.692 0.085 12.741697 0.869309
53655.283346 20.849 0.127 53655.285012 20.378 0.034 53655.281679 20.234 0.038 53655.282512 20.061 0.045 53655.284179 19.791 0.117 12.741697 0.869309
53664.308303 20.826 0.239 53664.309969 20.413 0.054 53664.306636 20.195 0.092 53664.307469 20.033 0.08 53664.309136 19.869 0.14 12.741697 0.869309
53669.267546 20.954 0.083 53669.269212 20.478 0.022 53669.265879 20.244 0.026 53669.266712 20.017 0.031 53669.268379 19.925 0.094 12.741697 0.869309
53671.35231 21.176 0.167 53671.353976 20.452 0.028 53671.350643 20.24 0.032 53671.351476 20.162 0.042 53671.353143 19.728 0.105 12.741697 0.869309
53674.251782 21.007 0.111 53674.253448 20.418 0.027 53674.250115 20.271 0.03 53674.250948 20.154 0.04 53674.252615 19.873 0.103 12.741697 0.869309
53676.341253 21.08 0.129 53676.342919 20.516 0.027 53676.339586 20.328 0.03 53676.340419 20.137 0.034 53676.342086 20.035 0.136 12.741697 0.869309
53679.313148 21.241 0.181 53679.314814 20.472 0.029 53679.311481 20.288 0.037 53679.312314 20.073 0.047 53679.313981 19.887 0.131 12.741697 0.869309
53681.30466 20.902 0.13 53681.306326 20.397 0.029 53681.302993 20.199 0.034 53681.303826 19.979 0.04 53681.305493 19.852 0.116 12.741697 0.869309
53685.263714 -99.99 0.248 53685.26538 20.371 0.086 53685.262047 20.311 0.075 53685.26288 20.066 0.07 53685.264547 19.785 0.144 12.741697 0.869309
53694.277589 21.382 0.617 53694.279255 20.523 0.096 53694.275922 20.264 0.073 53694.276755 20.142 0.084 53694.278422 20.385 0.286 12.741697 0.869309
53697.261686 20.653 0.096 53697.263352 20.495 0.034 53697.260019 20.253 0.033 53697.260852 20.093 0.037 53697.262519 20.028 0.102 12.741697 0.869309
53700.260644 20.667 0.118 53700.26231 20.52 0.032 53700.258977 20.211 0.032 53700.25981 20.109 0.045 53700.261477 19.821 0.123 12.741697 0.869309
53705.247314 21.404 0.168 53705.24898 20.445 0.025 53705.245647 20.216 0.028 53705.24648 20.078 0.034 53705.248147 19.845 0.087 12.741697 0.869309
53975.332336 20.458 0.061 53975.334003 19.978 0.019 53975.330669 19.785 0.021 53975.331503 19.767 0.028 53975.333169 19.446 0.071 12.741697 0.869309
53990.345204 20.474 0.111 53990.34687 19.938 0.032 53990.343537 19.814 0.031 53990.34437 19.751 0.037 53990.346037 -99.99 0.09 12.741697 0.869309
53994.355329 20.398 0.051 53994.356996 19.989 0.018 53994.353662 19.795 0.02 53994.354496 19.735 0.028 53994.356162 19.522 0.066 12.741697 0.869309
53996.339056 20.476 0.067 53996.340722 19.997 0.022 53996.337389 19.808 0.022 53996.338222 19.699 0.03 53996.339889 19.567 0.084 12.741697 0.869309
53998.307681 -99.99 0.103 53998.309348 -99.99 0.072 53998.306014 19.8 0.023 53998.306848 19.745 0.04 53998.308514 -99.99 0.176 12.741697 0.869309
54010.293206 20.398 0.058 54010.294873 20.085 0.025 54010.291539 19.828 0.021 54010.292373 19.784 0.027 54010.294039 19.593 0.067 12.741697 0.869309
54012.286 20.731 0.138 54012.287667 20.021 0.034 54012.284334 19.824 0.029 54012.285167 19.693 0.033 54012.286834 -99.99 0.071 12.741697 0.869309
54020.292044 20.656 0.122 54020.293711 20.01 0.036 54020.290378 19.783 0.026 54020.291211 19.766 0.04 54020.292878 19.466 0.102 12.741697 0.869309
54024.373569 20.506 0.095 54024.375236 20.054 0.027 54024.371903 19.886 0.027 54024.372736 19.749 0.033 54024.374403 19.448 0.087 12.741697 0.869309
54028.361871 20.571 0.085 54028.363538 19.997 0.035 54028.360205 19.82 0.032 54028.361038 19.744 0.036 54028.362705 19.616 0.094 12.741697 0.869309
54030.285534 20.519 0.058 54030.287201 20.048 0.016 54030.283868 19.848 0.019 54030.284701 19.726 0.026 54030.286368 19.48 0.064 12.741697 0.869309
54035.361313 20.606 0.118 54035.36298 20.025 0.028 54035.359647 19.868 0.031 54035.36048 19.689 0.037 54035.362147 19.566 0.098 12.741697 0.869309
54037.266788 20.454 0.064 54037.268454 19.99 0.03 54037.265121 19.778 0.02 54037.265954 19.768 0.031 54037.267621 19.598 0.081 12.741697 0.869309
54040.28131 -99.99 0.12 54040.282976 19.94 0.042 54040.279643 19.851 0.039 54040.280476 19.634 0.04 54040.282143 19.517 0.093 12.741697 0.869309
54047.312062 -99.99 0.468 54047.313729 19.799 0.07 54047.310395 19.919 0.071 54047.311229 19.713 0.067 54047.312895 19.623 0.18 12.741697 0.869309
54049.307747 -99.99 0.116 54049.309413 19.979 0.034 54049.30608 19.75 0.04 54049.306913 19.687 0.038 54049.30858 19.686 0.103 12.741697 0.869309
54053.272069 20.281 0.06 54053.273736 19.978 0.02 54053.270402 19.76 0.022 54053.271236 19.695 0.028 54053.272902 19.561 0.07 12.741697 0.869309
54056.273758 20.413 0.091 54056.275425 19.992 0.045 54056.272092 19.813 0.026 54056.272925 19.671 0.037 54056.274592 19.52 0.089 12.741697 0.869309
54059.268055 20.209 0.095 54059.269722 19.96 0.033 54059.266388 19.81 0.041 54059.267222 19.629 0.048 54059.268888 19.58 0.125 12.741697 0.869309
54062.272901 20.359 0.078 54062.274567 19.995 0.023 54062.271234 19.738 0.026 54062.272067 19.68 0.032 54062.273734 19.644 0.099 12.741697 0.869309
54068.253532 20.178 0.129 54068.255199 19.969 0.042 54068.251865 19.774 0.042 54068.252699 19.727 0.044 54068.254365 19.382 0.082 12.741697 0.869309
54357.311207 20.419 0.055 54357.312874 20.003 0.017 54357.30954 19.802 0.02 54357.310374 19.756 0.024 54357.31204 19.526 0.054 12.741697 0.869309
54362.361038 20.414 0.066 54362.362704 19.966 0.025 54362.359371 19.739 0.029 54362.360204 19.795 0.03 54362.361871 19.479 0.071 12.741697 0.869309
54376.356186 -99.99 0.14 54376.357852 -99.99 0.069 54376.354519 19.779 0.022 54376.355352 -99.99 0.056 54376.357019 -99.99 0.189 12.741697 0.869309
54382.341245 20.702 0.137 54382.342911 20.029 0.022 54382.339578 19.807 0.03 54382.340411 19.638 0.039 54382.342078 19.508 0.113 12.741697 0.869309
54385.359017 20.479 0.063 54385.360683 20.029 0.018 54385.35735 19.782 0.021 54385.358183 19.721 0.024 54385.35985 19.545 0.052 12.741697 0.869309
54387.359516 20.318 0.106 54387.361182 20.004 0.025 54387.357849 19.817 0.028 54387.358682 19.733 0.04 54387.360349 19.498 0.091 12.741697 0.869309
54390.351922 20.541 0.086 54390.353588 20.014 0.02 54390.350255 19.785 0.027 54390.351088 19.717 0.039 54390.352755 19.584 0.102 12.741697 0.869309
54391.360361 20.649 0.182 54391.362028 19.988 0.03 54391.358695 -99.99 0.046 54391.359528 19.685 0.053 54391.361195 19.715 0.184 12.741697 0.869309
54392.35426 20.486 0.104 54392.355927 20.008 0.03 54392.352593 19.803 0.038 54392.353427 -99.99 0.045 54392.355093 19.666 0.101 12.741697 0.869309
54402.352711 20.521 0.229 54402.354377 20.004 0.048 54402.351044 19.833 0.04 54402.351877 19.718 0.042 54402.353544 19.378 0.079 12.741697 0.869309
