51075.328157 18.39 0.015 51075.329823 18.217 0.007 51075.32649 18.094 0.007 51075.327323 18.125 0.009 51075.32899 17.958 0.026 10.217277 0.015926
51081.311911 18.417 0.019 51081.313577 18.207 0.007 51081.310244 18.15 0.007 51081.311077 18.131 0.009 51081.312744 17.897 0.029 10.217277 0.015926
51819.382991 18.376 0.019 51819.384657 18.093 0.007 51819.381324 18.005 0.007 51819.382157 17.957 0.008 51819.383824 17.915 0.026 10.217277 0.015926
52558.348275 18.212 0.016 52558.349941 18.019 0.006 52558.346608 17.958 0.007 52558.347441 17.926 0.008 52558.349108 17.843 0.021 10.217277 0.015926
52577.235778 18.209 0.015 52577.237444 18.016 0.006 52577.234111 17.952 0.007 52577.234944 17.906 0.008 52577.236611 17.807 0.021 10.217277 0.015926
52586.239255 18.213 0.015 52586.240921 18.022 0.006 52586.237588 17.95 0.007 52586.238421 17.936 0.008 52586.240088 17.826 0.025 10.217277 0.015926
52910.319737 18.259 0.016 52910.321403 18.054 0.006 52910.31807 17.979 0.007 52910.318903 17.949 0.008 52910.32057 17.873 0.021 10.217277 0.015926
52931.249939 18.332 0.017 52931.251605 18.083 0.006 52931.248272 18 0.007 52931.249105 17.965 0.008 52931.250772 17.888 0.024 10.217277 0.015926
52935.246902 18.303 0.016 52935.248568 18.097 0.006 52935.245235 18.014 0.007 52935.246068 18.002 0.008 52935.247735 17.9 0.025 10.217277 0.015926
52959.190232 18.241 0.015 52959.191898 18.053 0.007 52959.188565 17.988 0.007 52959.189398 17.973 0.008 52959.191065 17.873 0.02 10.217277 0.015926
52963.169976 18.233 0.015 52963.171642 18.039 0.006 52963.168309 17.965 0.007 52963.169142 17.98 0.008 52963.170809 17.85 0.019 10.217277 0.015926
53352.141043 18.268 0.016 53352.142709 18.077 0.006 53352.139376 17.999 0.007 53352.140209 17.979 0.008 53352.141876 17.855 0.021 10.217277 0.015926
53622.349341 18.371 0.021 53622.351007 18.232 0.008 53622.347674 18.119 0.009 53622.348507 18.107 0.011 53622.350174 17.932 0.034 10.217277 0.015926
53634.298811 -99.99 0.029 53634.300477 18.19 0.01 53634.297144 18.181 0.01 53634.297977 18.077 0.01 53634.299644 17.892 0.025 10.217277 0.015926
53638.340146 18.371 0.018 53638.341812 18.226 0.007 53638.338479 18.148 0.008 53638.339312 18.118 0.009 53638.340979 17.965 0.024 10.217277 0.015926
53640.304182 18.39 0.022 53640.305848 18.176 0.007 53640.302515 18.136 0.008 53640.303348 18.108 0.009 53640.305015 17.88 0.028 10.217277 0.015926
53655.276353 18.359 0.024 53655.278019 18.168 0.008 53655.274686 18.133 0.009 53655.275519 18.084 0.011 53655.277186 17.96 0.032 10.217277 0.015926
53664.301309 18.355 0.027 53664.302975 18.198 0.011 53664.299642 18.116 0.009 53664.300475 18.11 0.01 53664.302142 18.027 0.031 10.217277 0.015926
53669.260553 18.302 0.018 53669.262219 18.17 0.007 53669.258886 18.118 0.007 53669.259719 18.091 0.009 53669.261386 17.899 0.022 10.217277 0.015926
53671.345319 18.291 0.023 53671.346985 18.179 0.007 53671.343652 18.142 0.009 53671.344485 18.084 0.01 53671.346152 17.912 0.027 10.217277 0.015926
53674.244789 18.356 0.019 53674.246455 18.185 0.006 53674.243122 18.123 0.007 53674.243955 18.116 0.009 53674.245622 17.968 0.024 10.217277 0.015926
53676.334263 18.355 0.019 53676.335929 18.183 0.007 53676.332596 18.123 0.008 53676.333429 18.11 0.009 53676.335096 17.915 0.021 10.217277 0.015926
53679.306156 18.341 0.02 53679.307822 18.176 0.007 53679.304489 18.137 0.008 53679.305322 18.096 0.01 53679.306989 17.923 0.028 10.217277 0.015926
53681.297669 18.366 0.023 53681.299335 18.174 0.007 53681.296002 18.097 0.008 53681.296835 18.099 0.009 53681.298502 17.927 0.029 10.217277 0.015926
53685.256721 18.364 0.037 53685.258387 18.144 0.012 53685.255054 18.092 0.014 53685.255887 18.062 0.015 53685.257554 17.976 0.034 10.217277 0.015926
53694.270598 18.351 0.041 53694.272264 18.153 0.014 53694.268931 18.089 0.012 53694.269764 18.082 0.013 53694.271431 17.898 0.039 10.217277 0.015926
53697.254693 18.306 0.019 53697.256359 18.127 0.007 53697.253026 18.082 0.008 53697.253859 18.055 0.009 53697.255526 17.947 0.024 10.217277 0.015926
53700.253651 18.328 0.021 53700.255317 18.183 0.007 53700.251984 18.076 0.008 53700.252817 18.06 0.009 53700.254484 17.895 0.027 10.217277 0.015926
53705.240321 18.309 0.018 53705.241987 18.135 0.007 53705.238654 18.087 0.007 53705.239487 18.056 0.008 53705.241154 17.978 0.022 10.217277 0.015926
53975.32532 18.464 0.021 53975.326987 18.154 0.022 53975.323653 18.11 0.016 53975.324487 18.076 0.016 53975.326153 17.952 0.025 10.217277 0.015926
53990.338181 18.396 0.021 53990.339848 18.196 0.015 53990.336515 18.093 0.014 53990.337348 18.09 0.012 53990.339015 17.959 0.027 10.217277 0.015926
53994.348311 18.34 0.017 53994.349977 18.237 0.017 53994.346644 18.098 0.013 53994.347477 18.069 0.016 53994.349144 17.917 0.022 10.217277 0.015926
53996.33211 18.388 0.018 53996.333777 18.177 0.014 53996.330444 18.108 0.019 53996.331277 18.061 0.016 53996.332944 17.936 0.027 10.217277 0.015926
53998.300708 18.359 0.019 53998.302374 -99.99 0.02 53998.299041 18.075 0.011 53998.299874 18.093 0.015 53998.301541 17.947 0.022 10.217277 0.015926
54005.330921 18.334 0.018 54005.332588 18.161 0.01 54005.329254 18.102 0.017 54005.330088 18.079 0.012 54005.331754 17.924 0.024 10.217277 0.015926
54010.286166 18.351 0.024 54010.287832 18.177 0.013 54010.284499 18.094 0.023 54010.285332 18.078 0.018 54010.286999 17.918 0.029 10.217277 0.015926
54012.279031 18.355 0.027 54012.280698 18.151 0.011 54012.277364 18.095 0.011 54012.278198 18.077 0.015 54012.279864 17.974 0.026 10.217277 0.015926
54020.285026 18.355 0.025 54020.286693 18.152 0.018 54020.283359 18.073 0.015 54020.284193 18.069 0.027 54020.285859 17.947 0.033 10.217277 0.015926
54024.366633 18.379 0.033 54024.368299 18.159 0.019 54024.364966 18.117 0.017 54024.365799 18.025 0.026 54024.367466 17.897 0.029 10.217277 0.015926
54028.354897 18.335 0.027 54028.356564 18.186 0.016 54028.35323 18.083 0.017 54028.354064 18.067 0.019 54028.35573 17.954 0.036 10.217277 0.015926
54030.278586 18.37 0.026 54030.280253 18.154 0.013 54030.276919 18.07 0.011 54030.277753 18.06 0.023 54030.279419 17.917 0.021 10.217277 0.015926
54035.354372 18.423 0.03 54035.356039 18.156 0.04 54035.352705 18.086 0.025 54035.353539 18.029 0.026 54035.355205 17.907 0.033 10.217277 0.015926
54037.259789 18.324 0.027 54037.261456 18.142 0.016 54037.258122 18.1 0.021 54037.258956 18.066 0.017 54037.260622 17.851 0.029 10.217277 0.015926
54040.274273 18.426 0.026 54040.275939 18.124 0.014 54040.272606 18.088 0.012 54040.273439 18.069 0.015 54040.275106 17.929 0.03 10.217277 0.015926
54047.30481 18.186 0.048 54047.306477 18.104 0.025 54047.303144 18.025 0.024 54047.303977 17.972 0.018 54047.305644 17.845 0.048 10.217277 0.015926
54049.300813 18.388 0.037 54049.30248 18.119 0.015 54049.299146 18.088 0.016 54049.29998 18.048 0.019 54049.301646 17.969 0.031 10.217277 0.015926
54053.265093 18.357 0.027 54053.26676 18.186 0.014 54053.263426 18.068 0.013 54053.26426 18.071 0.012 54053.265926 17.91 0.027 10.217277 0.015926
54056.266744 18.342 0.027 54056.26841 18.145 0.015 54056.265077 18.067 0.03 54056.26591 18.025 0.032 54056.267577 17.918 0.033 10.217277 0.015926
54059.261071 18.317 0.033 54059.262737 18.131 0.019 54059.259404 -99.99 0.029 54059.260237 -99.99 0.039 54059.261904 17.855 0.034 10.217277 0.015926
54062.265969 18.318 0.024 54062.267635 18.136 0.017 54062.264302 18.122 0.015 54062.265135 18.07 0.014 54062.266802 17.906 0.028 10.217277 0.015926
54068.246572 18.323 0.03 54068.248239 18.143 0.028 54068.244905 18.078 0.016 54068.245739 18.065 0.022 54068.247405 17.896 0.03 10.217277 0.015926
54357.304213 18.305 0.024 54357.30588 18.119 0.015 54357.302547 18.003 0.013 54357.30338 18.002 0.017 54357.305047 17.812 0.03 10.217277 0.015926
54362.354063 18.333 0.027 54362.35573 18.055 0.022 54362.352396 18.025 0.02 54362.35323 18.01 0.023 54362.354896 17.81 0.032 10.217277 0.015926
54382.334256 18.333 0.026 54382.335922 18.097 0.031 54382.332589 18.049 0.013 54382.333422 17.968 0.022 54382.335089 17.872 0.035 10.217277 0.015926
54385.35206 18.275 0.029 54385.353727 18.106 0.013 54385.350393 17.997 0.012 54385.351227 17.966 0.015 54385.352893 17.839 0.023 10.217277 0.015926
54387.352551 18.269 0.023 54387.354217 18.095 0.015 54387.350884 18.019 0.014 54387.351717 17.998 0.017 54387.353384 17.876 0.029 10.217277 0.015926
54392.347273 18.294 0.032 54392.348939 18.111 0.02 54392.345606 18.006 0.014 54392.346439 17.973 0.021 54392.348106 17.849 0.033 10.217277 0.015926
54402.34577 18.303 0.035 54402.347436 17.987 0.026 54402.344103 18.052 0.027 54402.344936 18.014 0.017 54402.346603 17.808 0.027 10.217277 0.015926
