51075.335504 19.158 0.024 51075.33717 19.076 0.01 51075.333837 19.016 0.012 51075.33467 18.869 0.015 51075.336337 18.836 0.047 12.869185 -0.414942
51819.390347 19.084 0.027 51819.392013 19.023 0.011 51819.38868 18.969 0.012 51819.389513 18.847 0.014 51819.39118 18.775 0.042 12.869185 -0.414942
52196.354707 19.238 0.034 52196.356373 19.224 0.012 52196.35304 19.119 0.013 52196.353873 18.953 0.014 52196.35554 18.819 0.046 12.869185 -0.414942
52197.349134 19.218 0.03 52197.3508 19.223 0.011 52197.347467 19.148 0.013 52197.3483 18.933 0.014 52197.349967 18.895 0.043 12.869185 -0.414942
52207.321485 19.21 0.03 52207.323151 19.241 0.011 52207.319818 19.136 0.013 52207.320651 18.939 0.013 52207.322318 18.906 0.04 12.869185 -0.414942
52231.235091 19.19 0.028 52231.236757 19.239 0.011 52231.233424 19.137 0.012 52231.234257 18.979 0.012 52231.235924 18.918 0.037 12.869185 -0.414942
52253.221258 19.197 0.035 52253.222924 19.241 0.013 52253.219591 19.125 0.013 52253.220424 18.99 0.014 52253.222091 -99.99 0.056 12.869185 -0.414942
52558.35562 19.266 0.028 52558.357286 19.174 0.011 52558.353953 19.102 0.012 52558.354786 18.939 0.013 52558.356453 18.852 0.039 12.869185 -0.414942
52577.243122 19.265 0.027 52577.244788 19.21 0.011 52577.241455 19.121 0.012 52577.242288 18.955 0.014 52577.243955 18.85 0.043 12.869185 -0.414942
52586.246601 19.286 0.026 52586.248267 19.197 0.011 52586.244934 19.099 0.013 52586.245767 18.924 0.015 52586.247434 18.779 0.046 12.869185 -0.414942
52908.317658 19.188 0.03 52908.319324 19.231 0.011 52908.315991 19.182 0.013 52908.316824 18.944 0.014 52908.318491 18.931 0.045 12.869185 -0.414942
52910.327081 19.342 0.029 52910.328747 19.256 0.011 52910.325414 19.17 0.012 52910.326247 18.965 0.014 52910.327914 18.893 0.041 12.869185 -0.414942
52931.257284 19.336 0.029 52931.25895 19.237 0.011 52931.255617 19.207 0.013 52931.25645 18.95 0.016 52931.258117 18.809 0.046 12.869185 -0.414942
52935.254247 19.298 0.029 52935.255913 19.26 0.012 52935.25258 19.175 0.014 52935.253413 19.002 0.016 52935.25508 18.938 0.05 12.869185 -0.414942
52959.197576 19.332 0.026 52959.199242 19.247 0.011 52959.195909 19.144 0.012 52959.196742 19.003 0.014 52959.198409 18.908 0.037 12.869185 -0.414942
52963.177321 19.356 0.026 52963.178987 19.23 0.011 52963.175654 19.192 0.012 52963.176487 18.978 0.013 52963.178154 18.822 0.034 12.869185 -0.414942
53270.309554 19.265 0.025 53270.31122 19.297 0.015 53270.307887 19.18 0.013 53270.30872 18.956 0.015 53270.310387 18.935 0.035 12.869185 -0.414942
53288.286698 19.297 0.033 53288.288364 19.261 0.012 53288.285031 19.143 0.014 53288.285864 18.972 0.014 53288.287531 18.892 0.04 12.869185 -0.414942
53296.281387 19.272 0.036 53296.283053 19.316 0.023 53296.27972 19.25 0.021 53296.280553 19.002 0.019 53296.28222 18.905 0.05 12.869185 -0.414942
53312.237934 19.236 0.033 53312.2396 19.261 0.022 53312.236267 19.18 0.016 53312.2371 19.006 0.019 53312.238767 19.035 0.052 12.869185 -0.414942
53352.148387 19.229 0.03 53352.150053 19.195 0.012 53352.14672 19.164 0.013 53352.147553 18.947 0.015 53352.14922 18.956 0.056 12.869185 -0.414942
53616.343457 19.367 0.047 53616.345123 19.336 0.014 53616.34179 19.294 0.019 53616.342623 19.115 0.022 53616.34429 -99.99 0.055 12.869185 -0.414942
53622.356686 19.418 0.04 53622.358352 19.291 0.014 53622.355019 19.298 0.018 53622.355852 19.068 0.02 53622.357519 18.897 0.061 12.869185 -0.414942
53634.306157 19.278 0.061 53634.307823 19.277 0.026 53634.30449 19.219 0.025 53634.305323 19.034 0.02 53634.30699 18.963 0.049 12.869185 -0.414942
53638.347492 19.324 0.033 53638.349158 19.284 0.012 53638.345825 19.258 0.014 53638.346658 19.058 0.015 53638.348325 18.948 0.044 12.869185 -0.414942
53639.351741 19.234 0.031 53639.353407 19.257 0.012 53639.350074 19.252 0.013 53639.350907 19.038 0.013 53639.352574 18.99 0.037 12.869185 -0.414942
53640.311527 19.307 0.032 53640.313193 19.293 0.013 53640.30986 19.256 0.015 53640.310693 19.017 0.016 53640.31236 18.937 0.051 12.869185 -0.414942
53655.283698 19.316 0.034 53655.285364 19.319 0.015 53655.282031 19.3 0.017 53655.282864 19.101 0.018 53655.284531 18.994 0.054 12.869185 -0.414942
53664.308655 19.35 0.057 53664.310321 19.338 0.021 53664.306988 19.324 0.036 53664.307821 19.057 0.029 53664.309488 18.987 0.063 12.869185 -0.414942
53669.267898 19.342 0.027 53669.269564 19.339 0.011 53669.266231 19.289 0.013 53669.267064 19.084 0.014 53669.268731 18.947 0.039 12.869185 -0.414942
53671.352664 19.316 0.037 53671.35433 19.379 0.015 53671.350997 19.291 0.015 53671.35183 19.104 0.016 53671.353497 18.932 0.053 12.869185 -0.414942
53673.256776 19.347 0.032 53673.258442 19.311 0.011 53673.255109 19.277 0.014 53673.255942 19.072 0.014 53673.257609 19.038 0.046 12.869185 -0.414942
53674.252134 19.299 0.031 53674.2538 19.329 0.015 53674.250467 19.307 0.017 53674.2513 19.057 0.019 53674.252967 19.035 0.053 12.869185 -0.414942
53675.253663 19.318 0.033 53675.255329 19.305 0.013 53675.251996 19.286 0.015 53675.252829 19.112 0.017 53675.254496 19.12 0.056 12.869185 -0.414942
53676.341608 19.364 0.035 53676.343274 19.338 0.013 53676.339941 19.282 0.014 53676.340774 19.062 0.014 53676.342441 19.047 0.049 12.869185 -0.414942
53679.313502 19.322 0.036 53679.315168 19.362 0.014 53679.311835 19.303 0.017 53679.312668 19.089 0.019 53679.314335 18.994 0.062 12.869185 -0.414942
53681.305014 19.41 0.038 53681.30668 19.356 0.015 53681.303347 19.319 0.016 53681.30418 19.115 0.017 53681.305847 19.054 0.054 12.869185 -0.414942
53685.264068 19.35 0.069 53685.265734 19.434 0.038 53685.262401 19.282 0.029 53685.263234 19.098 0.028 53685.264901 18.981 0.07 12.869185 -0.414942
53694.277944 19.325 0.094 53694.27961 19.341 0.034 53694.276277 19.309 0.032 53694.27711 19.194 0.035 53694.278777 18.867 0.078 12.869185 -0.414942
53697.262038 19.313 0.035 53697.263704 19.369 0.015 53697.260371 19.308 0.015 53697.261204 19.114 0.017 53697.262871 18.975 0.046 12.869185 -0.414942
53700.260996 19.34 0.038 53700.262662 19.354 0.014 53700.259329 19.308 0.016 53700.260162 19.079 0.019 53700.261829 19.009 0.061 12.869185 -0.414942
53705.247666 19.403 0.035 53705.249332 19.402 0.013 53705.245999 19.312 0.014 53705.246832 19.1 0.015 53705.248499 18.996 0.045 12.869185 -0.414942
53975.332679 19.288 0.029 53975.334346 19.227 0.037 53975.331013 19.25 0.019 53975.331846 19.063 0.022 53975.333513 18.995 0.051 12.869185 -0.414942
53977.38784 19.188 0.026 53977.389507 19.282 0.019 53977.386174 19.227 0.015 53977.387007 19.021 0.021 53977.388674 18.975 0.035 12.869185 -0.414942
53990.345484 19.161 0.042 53990.347151 19.329 0.02 53990.343817 19.276 0.02 53990.344651 19.052 0.02 53990.346317 18.934 0.047 12.869185 -0.414942
53994.355657 19.239 0.029 53994.357324 19.28 0.015 53994.353991 19.252 0.016 53994.354824 19.052 0.022 53994.356491 18.99 0.038 12.869185 -0.414942
53995.357273 19.245 0.028 53995.35894 19.231 0.022 53995.355606 19.291 0.016 53995.35644 19.085 0.018 53995.358106 18.965 0.037 12.869185 -0.414942
53996.339395 19.355 0.032 53996.341062 19.299 0.014 53996.337728 19.24 0.018 53996.338562 19.086 0.021 53996.340228 18.967 0.048 12.869185 -0.414942
53998.308065 -99.99 0.05 53998.309732 -99.99 0.074 53998.306399 19.233 0.023 53998.307232 -99.99 0.044 53998.308899 -99.99 0.104 12.869185 -0.414942
54000.318064 19.267 0.032 54000.319731 19.258 0.023 54000.316398 19.258 0.044 54000.317231 19.001 0.02 54000.318898 19.068 0.056 12.869185 -0.414942
54007.368215 19.321 0.04 54007.369882 19.225 0.022 54007.366548 19.242 0.024 54007.367382 19.053 0.02 54007.369048 18.849 0.055 12.869185 -0.414942
54010.293523 19.303 0.028 54010.295189 19.238 0.016 54010.291856 19.247 0.015 54010.292689 19.087 0.02 54010.294356 18.92 0.035 12.869185 -0.414942
54011.356518 19.31 0.031 54011.358185 19.256 0.024 54011.354852 19.243 0.016 54011.355685 19.043 0.023 54011.357352 18.989 0.035 12.869185 -0.414942
54012.286438 19.236 0.039 54012.288105 19.294 0.024 54012.284771 19.274 0.021 54012.285605 19.092 0.022 54012.287271 19.039 0.042 12.869185 -0.414942
54020.292362 19.354 0.041 54020.294029 19.242 0.019 54020.290696 19.198 0.019 54020.291529 18.965 0.023 54020.293196 18.911 0.058 12.869185 -0.414942
54024.373944 19.339 0.052 54024.375611 19.329 0.023 54024.372277 19.256 0.021 54024.373111 19.099 0.02 54024.374777 18.984 0.067 12.869185 -0.414942
54028.362228 19.333 0.037 54028.363894 19.33 0.016 54028.360561 19.257 0.018 54028.361394 19.096 0.02 54028.363061 18.921 0.055 12.869185 -0.414942
54030.28592 19.239 0.025 54030.287587 19.303 0.017 54030.284253 19.232 0.018 54030.285087 19.12 0.019 54030.286753 18.989 0.038 12.869185 -0.414942
54035.361654 19.329 0.039 54035.363321 19.285 0.019 54035.359988 19.186 0.02 54035.360821 19.031 0.023 54035.362488 18.975 0.063 12.869185 -0.414942
54037.267143 19.249 0.033 54037.26881 19.196 0.018 54037.265476 19.25 0.018 54037.26631 19.075 0.017 54037.267976 19.026 0.05 12.869185 -0.414942
54040.281634 19.205 0.045 54040.283301 19.271 0.022 54040.279967 19.211 0.024 54040.280801 19.049 0.023 54040.282467 18.956 0.055 12.869185 -0.414942
54049.308068 19.256 0.047 54049.309735 19.316 0.029 54049.306402 19.27 0.032 54049.307235 19.109 0.025 54049.308902 18.979 0.059 12.869185 -0.414942
54053.272397 19.318 0.052 54053.274064 19.227 0.019 54053.270731 19.253 0.014 54053.271564 19.051 0.026 54053.273231 18.99 0.04 12.869185 -0.414942
54056.274081 19.281 0.039 54056.275748 19.255 0.031 54056.272414 19.265 0.018 54056.273248 19.151 0.026 54056.274914 18.918 0.063 12.869185 -0.414942
54059.268385 19.297 0.044 54059.270051 19.265 0.023 54059.266718 19.216 0.022 54059.267551 19.069 0.032 54059.269218 18.908 0.069 12.869185 -0.414942
54061.279448 19.213 0.032 54061.281115 19.29 0.022 54061.277781 19.25 0.021 54061.278615 19.055 0.022 54061.280281 18.932 0.055 12.869185 -0.414942
54062.273269 19.281 0.035 54062.274936 19.302 0.016 54062.271602 19.255 0.025 54062.272436 19.081 0.023 54062.274102 18.924 0.055 12.869185 -0.414942
54068.253827 19.217 0.054 54068.255494 19.195 0.029 54068.25216 19.249 0.028 54068.252994 19.1 0.026 54068.25466 18.887 0.054 12.869185 -0.414942
54348.35323 19.51 0.043 54348.354896 19.505 0.021 54348.351563 19.451 0.019 54348.352396 19.261 0.018 54348.354063 19.066 0.044 12.869185 -0.414942
54357.311578 19.56 0.03 54357.313245 19.573 0.016 54357.309911 19.488 0.016 54357.310745 19.237 0.022 54357.312411 19.05 0.035 12.869185 -0.414942
54358.309056 19.608 0.044 54358.310722 19.52 0.024 54358.307389 19.491 0.021 54358.308222 19.252 0.025 54358.309889 19.123 0.065 12.869185 -0.414942
54359.303127 19.62 0.097 54359.304793 19.533 0.033 54359.30146 19.551 0.035 54359.302293 19.256 0.047 54359.30396 18.982 0.125 12.869185 -0.414942
54362.361369 19.462 0.038 54362.363035 19.588 0.029 54362.359702 19.504 0.026 54362.360535 19.283 0.028 54362.362202 19.124 0.054 12.869185 -0.414942
54365.342127 19.533 0.034 54365.343793 19.593 0.027 54365.34046 19.573 0.017 54365.341293 19.248 0.022 54365.34296 19.168 0.041 12.869185 -0.414942
54376.356457 -99.99 0.063 54376.358123 -99.99 0.021 54376.35479 -99.99 0.032 54376.355623 -99.99 0.043 54376.35729 -99.99 0.257 12.869185 -0.414942
54382.341568 19.483 0.046 54382.343234 19.582 0.016 54382.339901 19.534 0.023 54382.340734 19.199 0.028 54382.342401 19.07 0.079 12.869185 -0.414942
54384.36832 99.988 99.999 54384.369987 19.595 0.027 54384.366653 19.502 0.02 54384.367487 19.249 0.02 54384.369153 19.148 0.049 12.869185 -0.414942
54385.359368 19.501 0.03 54385.361035 19.573 0.022 54385.357701 19.478 0.016 54385.358535 19.211 0.018 54385.360201 19.104 0.038 12.869185 -0.414942
54387.359882 19.511 0.046 54387.361549 19.602 0.021 54387.358216 19.526 0.022 54387.359049 19.25 0.025 54387.360716 19.204 0.076 12.869185 -0.414942
54388.358255 99.993 99.999 54388.359922 99.993 99.999 54388.356588 19.504 0.022 54388.357422 19.23 0.018 54388.359088 19.163 0.043 12.869185 -0.414942
54390.352286 19.474 0.04 54390.353953 19.691 0.022 54390.35062 19.442 0.023 54390.351453 19.217 0.027 54390.35312 19.166 0.072 12.869185 -0.414942
54391.360694 19.475 0.061 54391.362361 19.579 0.027 54391.359028 19.465 0.027 54391.359861 19.335 0.05 54391.361528 18.922 0.109 12.869185 -0.414942
54392.354683 -99.99 0.048 54392.356349 19.592 0.025 54392.353016 -99.99 0.14 54392.353849 -99.99 0.084 54392.355516 19.131 0.08 12.869185 -0.414942
54402.353185 19.468 0.086 54402.354852 19.634 0.038 54402.351518 19.458 0.029 54402.352352 19.253 0.032 54402.354018 19.2 0.07 12.869185 -0.414942
54403.272072 19.482 0.079 54403.273738 19.578 0.039 54403.270405 19.534 0.049 54403.271238 19.271 0.035 54403.272905 19.067 0.071 12.869185 -0.414942
54404.329606 19.483 0.05 54404.331272 19.565 0.028 54404.327939 19.539 0.02 54404.328772 19.228 0.02 54404.330439 -99.99 0.062 12.869185 -0.414942
54405.327611 19.514 0.048 54405.329278 19.562 0.027 54405.325944 19.523 0.022 54405.326778 19.275 0.02 54405.328444 19.112 0.046 12.869185 -0.414942
54406.265871 19.47 0.043 54406.267538 19.542 0.024 54406.264205 19.528 0.02 54406.265038 19.232 0.021 54406.266705 19.284 0.063 12.869185 -0.414942
54412.268803 19.483 0.039 54412.27047 19.547 0.026 54412.267136 19.5 0.017 54412.26797 19.235 0.022 54412.269636 19.095 0.051 12.869185 -0.414942
