51081.314011 22.802 0.567 51081.315677 -99.99 0.04 51081.312344 20.478 0.04 51081.313177 20.456 0.053 51081.314844 20.398 0.226 10.985819 0.130833
51819.385116 22.548 0.42 51819.386782 20.694 0.034 51819.383449 20.226 0.031 51819.384282 20.283 0.044 51819.385949 20.116 0.163 10.985819 0.130833
52558.350404 23.455 0.709 52558.35207 20.684 0.029 52558.348737 20.265 0.027 52558.34957 20.327 0.036 52558.351237 20.462 0.181 10.985819 0.130833
52577.237906 22.445 0.339 52577.239572 20.601 0.025 52577.236239 20.302 0.027 52577.237072 20.386 0.04 52577.238739 20.324 0.177 10.985819 0.130833
52586.241384 21.896 0.192 52586.24305 20.653 0.026 52586.239717 20.288 0.029 52586.24055 20.288 0.045 52586.242217 20.128 0.173 10.985819 0.130833
52910.321865 -99.99 0.259 52910.323531 20.559 0.024 52910.320198 20.134 0.023 52910.321031 20.257 0.032 52910.322698 20.022 0.119 10.985819 0.130833
52931.252067 -99.99 0.2 52931.253733 20.529 0.026 52931.2504 20.16 0.027 52931.251233 20.169 0.036 52931.2529 20.414 0.196 10.985819 0.130833
52935.249031 -99.99 0.339 52935.250697 20.55 0.026 52935.247364 20.258 0.028 52935.248197 20.118 0.036 52935.249864 20.383 0.195 10.985819 0.130833
52959.19236 22.215 0.209 52959.194026 20.59 0.023 52959.190693 20.156 0.021 52959.191526 20.22 0.028 52959.193193 20.166 0.113 10.985819 0.130833
52963.172104 22.771 0.29 52963.17377 20.574 0.022 52963.170437 20.192 0.022 52963.17127 20.188 0.028 52963.172937 20.238 0.116 10.985819 0.130833
53352.143173 22.191 0.234 53352.144839 20.526 0.023 53352.141506 20.164 0.022 53352.142339 20.169 0.031 53352.144006 20.253 0.151 10.985819 0.130833
53622.351469 22.838 0.703 53622.353135 20.462 0.033 53622.349802 20.13 0.033 53622.350635 20.199 0.053 53622.352302 20.305 0.244 10.985819 0.130833
53634.30094 22.447 0.942 53634.302606 20.488 0.069 53634.299273 20.13 0.043 53634.300106 20.201 0.049 53634.301773 20.41 0.194 10.985819 0.130833
53638.342274 22.287 0.364 53638.34394 20.441 0.027 53638.340607 20.136 0.026 53638.34144 20.246 0.035 53638.343107 20.481 0.179 10.985819 0.130833
53640.30631 22.415 0.523 53640.307976 20.522 0.028 53640.304643 20.108 0.03 53640.305476 20.24 0.045 53640.307143 20.546 0.242 10.985819 0.130833
53655.278482 23 1.07 53655.280148 20.488 0.043 53655.276815 20.262 0.049 53655.277648 20.25 0.06 53655.279315 20.937 0.446 10.985819 0.130833
53664.303439 21.952 0.63 53664.305105 20.571 0.074 53664.301772 20.137 0.044 53664.302605 20.311 0.071 53664.304272 20.945 0.482 10.985819 0.130833
53669.262681 22.2 0.232 53669.264347 20.477 0.021 53669.261014 20.091 0.021 53669.261847 20.199 0.031 53669.263514 20.345 0.149 10.985819 0.130833
53671.347448 22.751 0.728 53671.349114 20.467 0.027 53671.345781 20.185 0.031 53671.346614 20.23 0.042 53671.348281 20.242 0.17 10.985819 0.130833
53674.246917 22.541 0.496 53674.248583 20.505 0.026 53674.24525 20.119 0.026 53674.246083 20.212 0.035 53674.24775 20.333 0.192 10.985819 0.130833
53676.336391 22.113 0.276 53676.338057 20.482 0.023 53676.334724 20.151 0.023 53676.335557 20.201 0.03 53676.337224 20.222 0.121 10.985819 0.130833
53679.308284 22.047 0.364 53679.30995 20.463 0.028 53679.306617 20.105 0.034 53679.30745 20.207 0.047 53679.309117 20.111 0.199 10.985819 0.130833
53681.299797 21.914 0.298 53681.301463 -99.99 0.051 53681.29813 20.167 0.037 53681.298963 20.161 0.043 53681.30063 -99.99 0.281 10.985819 0.130833
53685.25885 21.997 0.752 53685.260516 20.455 0.089 53685.257183 20.167 0.072 53685.258016 20.301 0.081 53685.259683 -99.99 0.326 10.985819 0.130833
53694.272726 21.101 0.532 53694.274392 20.49 0.103 53694.271059 20.183 0.066 53694.271892 20.162 0.087 53694.273559 21.197 0.643 10.985819 0.130833
53697.256821 22.301 0.367 53697.258487 20.42 0.029 53697.255154 20.159 0.028 53697.255987 20.165 0.036 53697.257654 20.126 0.137 10.985819 0.130833
53700.255779 -99.99 0.277 53700.257445 20.461 0.029 53700.254112 20.11 0.03 53700.254945 20.165 0.044 53700.256612 19.929 0.146 10.985819 0.130833
53705.242449 22.251 0.308 53705.244115 20.426 0.024 53705.240782 20.126 0.024 53705.241615 20.198 0.032 53705.243282 20.165 0.124 10.985819 0.130833
53975.327483 22.207 0.247 53975.32915 20.432 0.024 53975.325817 20.059 0.026 53975.32665 20.121 0.033 53975.328317 20.091 0.126 10.985819 0.130833
53990.340287 21.946 0.448 53990.341953 20.421 0.046 53990.33862 20.035 0.034 53990.339453 20.142 0.041 53990.34112 19.922 0.129 10.985819 0.130833
53994.350475 21.804 0.187 53994.352142 20.436 0.026 53994.348808 20.094 0.024 53994.349642 20.132 0.032 53994.351308 20.235 0.161 10.985819 0.130833
53996.334206 21.908 0.22 53996.335872 20.422 0.033 53996.332539 20.075 0.027 53996.333372 20.095 0.035 53996.335039 20.363 0.177 10.985819 0.130833
53998.302925 -99.99 1.353 53998.304592 20.42 0.031 53998.301258 20.099 0.019 53998.302092 -99.99 0.06 53998.303758 -99.99 0.175 10.985819 0.130833
54005.333075 22.032 0.196 54005.334742 20.441 0.023 54005.331409 20.077 0.018 54005.332242 20.081 0.026 54005.333909 20.228 0.111 10.985819 0.130833
54010.28829 22.172 0.255 54010.289957 20.424 0.031 54010.286623 20.017 0.033 54010.287457 20.133 0.029 54010.289123 20.326 0.115 10.985819 0.130833
54012.281154 22.311 0.615 54012.28282 20.407 0.046 54012.279487 20.042 0.034 54012.28032 20.088 0.035 54012.281987 20.089 0.119 10.985819 0.130833
54020.287136 21.876 0.29 54020.288802 20.494 0.049 54020.285469 20.076 0.038 54020.286302 20.107 0.049 54020.287969 20.017 0.164 10.985819 0.130833
54024.36876 22.153 0.411 54024.370427 -99.99 0.038 54024.367093 20.008 0.035 54024.367927 20.082 0.046 54024.369593 20.506 0.276 10.985819 0.130833
54028.357019 21.433 0.204 54028.358686 20.365 0.033 54028.355352 20.104 0.035 54028.356186 20.165 0.046 54028.357852 20.353 0.246 10.985819 0.130833
54030.280682 22.352 0.263 54030.282349 20.398 0.03 54030.279016 20.023 0.022 54030.279849 20.076 0.025 54030.281516 20.124 0.105 10.985819 0.130833
54035.356467 21.587 0.325 54035.358134 20.405 0.036 54035.354801 20.057 0.038 54035.355634 20.056 0.051 54035.357301 19.876 0.185 10.985819 0.130833
54037.261911 22.356 0.307 54037.263578 20.43 0.025 54037.260245 20.023 0.024 54037.261078 20.126 0.03 54037.262745 19.936 0.105 10.985819 0.130833
54040.276496 22.578 0.907 54040.278163 20.435 0.056 54040.274829 20.149 0.046 54040.275663 20.159 0.055 54040.277329 20.053 0.154 10.985819 0.130833
54049.302868 -99.99 0.539 54049.304535 20.46 0.055 54049.301201 20.091 0.043 54049.302035 20.126 0.051 54049.303701 20.154 0.194 10.985819 0.130833
54053.267204 22.203 0.221 54053.268871 20.46 0.023 54053.265538 20.044 0.026 54053.266371 20.11 0.034 54053.268038 20.081 0.126 10.985819 0.130833
54056.268848 22.512 0.572 54056.270514 20.406 0.034 54056.267181 19.992 0.033 54056.268014 20.114 0.043 54056.269681 19.721 0.119 10.985819 0.130833
54059.263146 23.558 1.742 54059.264813 20.402 0.029 54059.261479 20.129 0.038 54059.262313 20.111 0.049 54059.263979 20.475 0.313 10.985819 0.130833
54062.268073 21.74 0.268 54062.26974 20.42 0.032 54062.266406 20.024 0.028 54062.26724 20.039 0.037 54062.268906 20.249 0.178 10.985819 0.130833
54068.248627 -99.99 0.523 54068.250294 20.491 0.072 54068.24696 -99.99 0.048 54068.247794 20.056 0.058 54068.24946 20.18 0.214 10.985819 0.130833
54357.306334 22.25 0.228 54357.308001 20.45 0.031 54357.304667 20.1 0.026 54357.305501 20.225 0.034 54357.307167 20.111 0.109 10.985819 0.130833
54362.356164 22.123 0.328 54362.35783 20.441 0.028 54362.354497 20.094 0.035 54362.35533 20.193 0.037 54362.356997 19.992 0.142 10.985819 0.130833
54382.33643 -99.99 0.676 54382.338096 20.502 0.032 54382.334763 20.151 0.042 54382.335596 20.156 0.059 54382.337263 20.849 0.449 10.985819 0.130833
54385.354179 21.903 0.19 54385.355845 20.48 0.022 54385.352512 20.113 0.022 54385.353345 20.169 0.031 54385.355012 20.247 0.114 10.985819 0.130833
54387.354673 21.804 0.301 54387.356339 20.503 0.035 54387.353006 20.161 0.041 54387.353839 20.162 0.041 54387.355506 20.345 0.22 10.985819 0.130833
54392.34939 22.932 0.851 54392.351057 20.47 0.035 54392.347723 20.176 0.044 54392.348557 20.173 0.048 54392.350223 19.782 0.137 10.985819 0.130833
54402.347888 21.917 0.751 54402.349555 20.436 0.07 54402.346222 20.285 0.057 54402.347055 20.141 0.049 54402.348722 20.207 0.187 10.985819 0.130833
