51819.24347 19.752 0.042 51819.245136 19.129 0.01 51819.241803 18.947 0.012 51819.242636 18.675 0.012 51819.244303 18.671 0.043 -40.159971 0.152014
52172.259048 19.543 0.034 52172.260714 19.015 0.01 52172.257381 18.846 0.01 52172.258214 18.603 0.011 52172.259881 18.633 0.039 -40.159971 0.152014
52558.208751 19.312 0.046 52558.210417 18.857 0.01 52558.207084 18.735 0.015 52558.207917 18.569 0.019 52558.209584 18.716 0.077 -40.159971 0.152014
52576.121008 19.358 0.03 52576.122674 18.916 0.009 52576.119341 18.761 0.01 52576.120174 18.518 0.011 52576.121841 18.573 0.041 -40.159971 0.152014
52577.096241 19.352 0.03 52577.097907 18.854 0.009 52577.094574 18.733 0.01 52577.095407 18.487 0.011 52577.097074 18.516 0.045 -40.159971 0.152014
52930.109572 19.388 0.028 52930.111238 18.87 0.008 52930.107905 18.739 0.009 52930.108738 18.523 0.01 52930.110405 18.454 0.031 -40.159971 0.152014
52931.110403 19.427 0.031 52931.112069 18.874 0.009 52931.108736 18.719 0.01 52931.109569 18.479 0.01 52931.111236 18.604 0.04 -40.159971 0.152014
52935.107367 19.396 0.039 52935.109033 18.842 0.009 52935.1057 18.722 0.011 52935.106533 -99.99 0.014 52935.1082 18.483 0.048 -40.159971 0.152014
53313.100568 19.29 0.038 53313.102234 18.819 0.01 53313.098901 18.67 0.013 53313.099734 18.399 0.015 53313.101401 18.355 0.053 -40.159971 0.152014
53622.209814 19.543 0.051 53622.21148 18.982 0.011 53622.208147 18.854 0.013 53622.20898 18.564 0.015 53622.210647 18.664 0.065 -40.159971 0.152014
53625.205778 19.44 0.032 53625.207444 18.969 0.01 53625.204111 18.802 0.011 53625.204944 18.524 0.011 53625.206611 18.524 0.031 -40.159971 0.152014
53634.159283 19.497 0.086 53634.160949 18.952 0.024 53634.157616 18.864 0.017 53634.158449 18.607 0.018 53634.160116 18.515 0.074 -40.159971 0.152014
53636.164813 19.461 0.036 53636.166479 19.005 0.01 53636.163146 18.817 0.01 53636.163979 18.567 0.011 53636.165646 18.683 0.04 -40.159971 0.152014
53655.13682 19.515 0.061 53655.138486 18.98 0.017 53655.135153 18.806 0.012 53655.135986 18.541 0.014 53655.137653 18.584 0.048 -40.159971 0.152014
53664.161779 19.508 0.054 53664.163445 18.925 0.013 53664.160112 18.767 0.013 53664.160945 18.496 0.012 53664.162612 18.613 0.047 -40.159971 0.152014
53666.12538 19.431 0.029 53666.127046 18.991 0.009 53666.123713 18.829 0.01 53666.124546 18.559 0.011 53666.126213 18.58 0.036 -40.159971 0.152014
53669.121018 19.466 0.03 53669.122684 18.956 0.009 53669.119351 18.83 0.01 53669.120184 18.529 0.011 53669.121851 18.561 0.034 -40.159971 0.152014
53674.105253 19.432 0.032 53674.106919 18.954 0.009 53674.103586 18.834 0.013 53674.104419 18.594 0.015 53674.106086 18.524 0.036 -40.159971 0.152014
53676.194756 19.449 0.037 53676.196422 19.007 0.009 53676.193089 18.823 0.01 53676.193922 18.553 0.011 53676.195589 18.525 0.033 -40.159971 0.152014
53679.166636 19.475 0.044 53679.168302 19 0.011 53679.164969 18.827 0.012 53679.165802 18.563 0.012 53679.167469 18.723 0.053 -40.159971 0.152014
53681.158146 19.516 0.041 53681.159812 18.994 0.011 53681.156479 18.815 0.012 53681.157312 18.614 0.014 53681.158979 18.632 0.04 -40.159971 0.152014
53685.117192 19.56 0.078 53685.118858 18.901 0.019 53685.115525 18.782 0.02 53685.116358 18.55 0.016 53685.118025 18.553 0.044 -40.159971 0.152014
53687.155541 19.373 0.079 53687.157207 19.02 0.022 53687.153874 18.844 0.016 53687.154707 18.57 0.014 53687.156374 18.658 0.048 -40.159971 0.152014
53694.131083 19.506 0.08 53694.132749 18.994 0.019 53694.129416 18.832 0.022 53694.130249 -99.99 0.026 53694.131916 18.736 0.102 -40.159971 0.152014
53697.115171 19.524 0.147 53697.116837 19.011 0.036 53697.113504 18.737 0.065 53697.114337 -99.99 0.039 53697.116004 18.564 0.199 -40.159971 0.152014
53700.114132 19.403 0.062 53700.115798 19.046 0.012 53700.112465 18.831 0.012 53700.113298 -99.99 0.026 53700.114965 18.858 0.07 -40.159971 0.152014
53705.100802 19.451 0.04 53705.102468 19.039 0.01 53705.099135 18.886 0.012 53705.099968 18.585 0.012 53705.101635 18.656 0.048 -40.159971 0.152014
53975.185797 19.79 0.047 53975.187464 19.133 0.018 53975.18413 18.904 0.027 53975.184964 18.635 0.051 53975.18663 18.623 0.082 -40.159971 0.152014
53996.192517 19.724 0.035 53996.194184 19.168 0.015 53996.19085 18.92 0.021 53996.191684 18.636 0.052 53996.19335 18.707 0.081 -40.159971 0.152014
53998.161153 19.84 0.037 53998.162819 19.181 0.016 53998.159486 18.939 0.013 53998.160319 18.637 0.027 53998.161986 18.791 0.048 -40.159971 0.152014
54010.146632 19.734 0.043 54010.148299 19.194 0.016 54010.144965 18.923 0.014 54010.145799 18.646 0.027 54010.147465 18.702 0.039 -40.159971 0.152014
54012.139474 19.815 0.085 54012.141141 19.148 0.026 54012.137808 18.904 0.026 54012.138641 18.663 0.046 54012.140308 18.614 0.063 -40.159971 0.152014
54020.145461 19.78 0.037 54020.147128 19.158 0.014 54020.143794 18.918 0.019 54020.144628 18.634 0.036 54020.146294 18.597 0.112 -40.159971 0.152014
54022.194749 -99.99 0.162 54022.196416 -99.99 0.068 54022.193082 18.903 0.024 54022.193916 18.669 0.051 54022.195582 18.634 0.254 -40.159971 0.152014
54028.13582 19.767 0.048 54028.137487 -99.99 0.017 54028.134153 18.954 0.026 54028.134987 18.665 0.057 54028.136653 18.773 0.066 -40.159971 0.152014
54030.139006 19.78 0.035 54030.140673 19.175 0.014 54030.137339 18.935 0.014 54030.138173 18.632 0.038 54030.139839 18.688 0.041 -40.159971 0.152014
54032.128285 19.762 0.047 54032.129952 -99.99 0.016 54032.126618 -99.99 0.021 54032.127452 18.615 0.019 54032.129118 -99.99 0.05 -40.159971 0.152014
54034.198614 19.819 0.062 54034.200281 -99.99 0.018 54034.196948 -99.99 0.025 54034.197781 18.682 0.058 54034.199448 -99.99 0.085 -40.159971 0.152014
54037.120273 19.732 0.044 54037.12194 19.176 0.017 54037.118607 18.955 0.022 54037.11944 18.654 0.058 54037.121107 18.773 0.107 -40.159971 0.152014
54040.13473 19.582 0.064 54040.136396 19.208 0.021 54040.133063 18.925 0.026 54040.133896 18.683 0.054 54040.135563 18.762 0.054 -40.159971 0.152014
54050.119366 19.838 0.05 54050.121033 19.142 0.017 54050.1177 18.953 0.024 54050.118533 18.645 0.05 54050.1202 18.608 0.051 -40.159971 0.152014
54053.125525 19.838 0.051 54053.127191 19.184 0.017 54053.123858 18.953 0.019 54053.124691 18.665 0.041 54053.126358 18.894 0.073 -40.159971 0.152014
54056.12721 -99.99 0.076 54056.128877 -99.99 0.03 54056.125544 -99.99 0.032 54056.126377 18.601 0.06 54056.128044 -99.99 0.13 -40.159971 0.152014
54057.095849 19.739 0.038 54057.097515 -99.99 0.015 54057.094182 -99.99 0.016 54057.095015 18.665 0.036 54057.096682 18.741 0.048 -40.159971 0.152014
54059.121488 19.776 0.045 54059.123155 19.159 0.018 54059.119821 18.931 0.021 54059.120655 18.634 0.037 54059.122321 18.761 0.089 -40.159971 0.152014
54061.132567 19.811 0.054 54061.134234 19.199 0.02 54061.130901 18.958 0.025 54061.131734 18.658 0.051 54061.133401 18.802 0.073 -40.159971 0.152014
54062.126379 20.013 0.092 54062.128045 19.163 0.022 54062.124712 18.961 0.026 54062.125545 18.746 0.048 54062.127212 18.817 0.135 -40.159971 0.152014
54068.116353 19.665 0.117 54068.11802 -99.99 0.034 54068.114687 18.889 0.033 54068.11552 18.797 0.058 54068.117187 18.645 0.126 -40.159971 0.152014
54357.164676 19.427 0.038 54357.166343 18.998 0.016 54357.163009 18.799 0.016 54357.163843 18.539 0.041 54357.165509 18.552 0.071 -40.159971 0.152014
54365.16256 19.488 0.065 54365.164226 18.993 0.019 54365.160893 18.783 0.023 54365.161726 18.592 0.044 54365.163393 18.581 0.058 -40.159971 0.152014
54385.212506 19.382 0.034 54385.214173 18.986 0.014 54385.21084 18.798 0.019 54385.211673 18.524 0.049 54385.21334 18.62 0.105 -40.159971 0.152014
54387.212998 19.378 0.04 54387.214665 18.975 0.013 54387.211331 18.801 0.022 54387.212165 18.573 0.043 54387.213831 18.563 0.094 -40.159971 0.152014
54392.207746 19.37 0.047 54392.209413 18.959 0.018 54392.206079 18.8 0.023 54392.206913 18.495 0.047 54392.208579 -99.99 0.094 -40.159971 0.152014
54402.206182 19.241 0.063 54402.207849 18.955 0.023 54402.204516 -99.99 0.027 54402.205349 -99.99 0.05 54402.207016 18.557 0.06 -40.159971 0.152014
