51819.234969 19.742 0.038 51819.236635 19.349 0.013 51819.233302 18.819 0.01 51819.234135 18.764 0.013 51819.235802 18.792 0.042 -43.229424 -1.17889
52172.250542 19.75 0.036 52172.252208 19.351 0.013 52172.248875 18.861 0.01 52172.249708 18.712 0.012 52172.251375 18.725 0.037 -43.229424 -1.17889
52558.200249 19.808 0.06 52558.201915 19.32 0.018 52558.198582 18.784 0.012 52558.199415 18.705 0.014 52558.201082 18.702 0.058 -43.229424 -1.17889
52576.112506 19.794 0.039 52576.114172 19.308 0.013 52576.110839 18.842 0.011 52576.111672 18.719 0.014 52576.113339 18.661 0.044 -43.229424 -1.17889
52577.087739 19.723 0.035 52577.089405 19.344 0.013 52577.086072 18.811 0.011 52577.086905 18.72 0.014 52577.088572 18.749 0.049 -43.229424 -1.17889
52930.10107 19.418 0.027 52930.102736 19.01 0.01 52930.099403 18.62 0.009 52930.100236 18.546 0.011 52930.101903 18.57 0.029 -43.229424 -1.17889
52931.101899 19.411 0.028 52931.103565 19.007 0.01 52931.100232 18.594 0.009 52931.101065 18.496 0.011 52931.102732 18.492 0.031 -43.229424 -1.17889
52935.098865 19.423 0.032 52935.100531 19.025 0.012 52935.097198 18.607 0.009 52935.098031 18.531 0.013 52935.099698 18.556 0.036 -43.229424 -1.17889
53313.092064 19.308 0.033 53313.09373 18.936 0.012 53313.090397 18.546 0.011 53313.09123 18.445 0.014 53313.092897 18.486 0.045 -43.229424 -1.17889
53622.201311 19.23 0.037 53622.202977 18.858 0.013 53622.199644 18.489 0.011 53622.200477 18.369 0.013 53622.202144 18.392 0.039 -43.229424 -1.17889
53625.197276 19.256 0.028 53625.198942 18.874 0.011 53625.195609 18.46 0.009 53625.196442 18.355 0.01 53625.198109 18.346 0.025 -43.229424 -1.17889
53634.15078 19.161 0.053 53634.152446 18.945 0.025 53634.149113 18.485 0.013 53634.149946 18.374 0.016 53634.151613 18.377 0.047 -43.229424 -1.17889
53636.156312 19.253 0.028 53636.157978 18.871 0.01 53636.154645 18.454 0.008 53636.155478 18.362 0.01 53636.157145 18.452 0.03 -43.229424 -1.17889
53645.215981 -99.99 0.611 53645.217647 -99.99 0.026 53645.214314 -99.99 0.066 53645.215147 -99.99 0.081 53645.216814 -99.99 0.64 -43.229424 -1.17889
53655.128317 19.13 0.033 53655.129983 18.852 0.013 53655.12665 18.46 0.01 53655.127483 18.36 0.011 53655.12915 18.358 0.031 -43.229424 -1.17889
53657.215735 19.531 0.167 53657.217401 19.136 0.058 53657.214068 18.435 0.026 53657.214901 18.282 0.024 53657.216568 18.31 0.064 -43.229424 -1.17889
53664.153277 19.142 0.036 53664.154943 18.862 0.014 53664.15161 18.427 0.01 53664.152443 18.338 0.011 53664.15411 18.326 0.031 -43.229424 -1.17889
53666.116876 19.199 0.024 53666.118542 18.836 0.009 53666.115209 18.441 0.009 53666.116042 18.334 0.01 53666.117709 18.351 0.03 -43.229424 -1.17889
53669.112515 19.196 0.024 53669.114181 18.856 0.009 53669.110848 18.448 0.008 53669.111681 18.341 0.01 53669.113348 18.368 0.027 -43.229424 -1.17889
53674.096751 19.231 0.026 53674.098417 18.855 0.009 53674.095084 18.464 0.009 53674.095917 18.336 0.01 53674.097584 18.34 0.028 -43.229424 -1.17889
53676.186256 19.228 0.027 53676.187922 18.857 0.01 53676.184589 18.46 0.009 53676.185422 18.353 0.01 53676.187089 18.34 0.027 -43.229424 -1.17889
53681.149646 19.242 0.088 53681.151312 18.868 0.021 53681.147979 -99.99 0.023 53681.148812 18.33 0.028 53681.150479 18.22 0.07 -43.229424 -1.17889
53685.10869 19.112 0.069 53685.110356 18.836 0.025 53685.107023 18.427 0.015 53685.107856 18.33 0.018 53685.109523 18.313 0.043 -43.229424 -1.17889
53687.147041 19.265 0.069 53687.148707 18.923 0.02 53687.145374 18.465 0.012 53687.146207 18.35 0.012 53687.147874 18.397 0.033 -43.229424 -1.17889
53697.106669 19.251 0.089 53697.108335 18.849 0.037 53697.105002 18.481 0.035 53697.105835 18.415 0.04 53697.107502 18.236 0.112 -43.229424 -1.17889
53700.105631 19.225 0.031 53700.107297 -99.99 0.017 53700.103964 18.459 0.009 53700.104797 18.349 0.011 53700.106464 18.356 0.036 -43.229424 -1.17889
53705.092301 19.219 0.028 53705.093967 18.872 0.01 53705.090634 18.459 0.009 53705.091467 18.34 0.011 53705.093134 18.38 0.033 -43.229424 -1.17889
53975.177294 19.266 0.033 53975.178961 18.93 0.018 53975.175628 18.491 0.013 53975.176461 18.364 0.017 53975.178128 18.328 0.035 -43.229424 -1.17889
53996.184021 19.231 0.027 53996.185687 18.943 0.015 53996.182354 18.479 0.015 53996.183187 18.371 0.011 53996.184854 18.379 0.026 -43.229424 -1.17889
53998.152664 19.257 0.025 53998.154331 18.91 0.018 53998.150997 18.477 0.013 53998.151831 18.377 0.014 53998.153497 18.359 0.026 -43.229424 -1.17889
54005.190007 19.214 0.027 54005.191673 18.927 0.016 54005.18834 18.486 0.012 54005.189173 18.369 0.012 54005.19084 18.399 0.028 -43.229424 -1.17889
54010.138142 19.206 0.035 54010.139809 18.94 0.02 54010.136476 18.481 0.013 54010.137309 18.35 0.019 54010.138976 18.358 0.028 -43.229424 -1.17889
54012.130978 19.311 0.053 54012.132645 18.919 0.021 54012.129311 18.465 0.015 54012.130145 18.389 0.019 54012.131811 18.372 0.041 -43.229424 -1.17889
54020.136951 19.209 0.024 54020.138617 18.931 0.014 54020.135284 18.463 0.011 54020.136117 18.354 0.014 54020.137784 18.363 0.028 -43.229424 -1.17889
54022.186244 -99.99 0.069 54022.187911 -99.99 0.044 54022.184578 18.47 0.014 54022.185411 18.383 0.02 54022.187078 -99.99 0.967 -43.229424 -1.17889
54028.127315 19.214 0.031 54028.128982 18.925 0.036 54028.125649 18.432 0.013 54028.126482 18.373 0.021 54028.128149 18.344 0.033 -43.229424 -1.17889
54030.130505 19.218 0.025 54030.132172 18.934 0.014 54030.128838 18.47 0.009 54030.129672 18.345 0.013 54030.131338 18.34 0.025 -43.229424 -1.17889
54032.119767 19.26 0.031 54032.121434 18.94 0.015 54032.1181 18.431 0.014 54032.118934 18.345 0.015 54032.1206 18.341 0.039 -43.229424 -1.17889
54034.190001 19.321 0.044 54034.191668 18.916 0.104 54034.188335 18.476 0.099 54034.189168 18.355 0.018 54034.190835 -99.99 0.041 -43.229424 -1.17889
54037.111748 19.227 0.029 54037.113415 18.901 0.015 54037.110081 18.475 0.013 54037.110915 18.361 0.014 54037.112581 18.344 0.027 -43.229424 -1.17889
54040.126232 19.205 0.048 54040.127899 18.911 0.022 54040.124566 18.466 0.015 54040.125399 18.365 0.017 54040.127066 18.352 0.035 -43.229424 -1.17889
54050.110869 19.224 0.033 54050.112536 18.901 0.013 54050.109202 18.483 0.013 54050.110036 18.373 0.017 54050.111702 18.329 0.036 -43.229424 -1.17889
54053.117096 19.226 0.031 54053.118763 18.926 0.018 54053.11543 18.455 0.012 54053.116263 18.356 0.015 54053.11793 18.374 0.035 -43.229424 -1.17889
54056.118722 19.234 0.054 54056.120388 18.903 0.049 54056.117055 -99.99 0.07 54056.117888 -99.99 0.022 54056.119555 18.375 0.054 -43.229424 -1.17889
54057.087346 19.209 0.027 54057.089012 18.922 0.016 54057.085679 18.461 0.011 54057.086512 18.399 0.015 54057.088179 18.372 0.037 -43.229424 -1.17889
54059.112986 19.188 0.045 54059.114652 18.873 0.037 54059.111319 18.457 0.011 54059.112152 -99.99 0.036 54059.113819 -99.99 0.071 -43.229424 -1.17889
54061.12403 19.132 0.036 54061.125696 18.896 0.074 54061.122363 18.476 0.026 54061.123196 18.351 0.021 54061.124863 18.352 0.042 -43.229424 -1.17889
54062.117896 19.203 0.039 54062.119563 18.878 0.018 54062.11623 18.434 0.017 54062.117063 18.35 0.016 54062.11873 18.43 0.049 -43.229424 -1.17889
54068.107881 19.195 0.072 54068.109548 18.909 0.028 54068.106214 18.435 0.025 54068.107048 18.33 0.018 54068.108714 18.365 0.049 -43.229424 -1.17889
54357.156168 18.865 0.027 54357.157835 18.574 0.012 54357.154501 18.264 0.009 54357.155335 18.164 0.016 54357.157001 18.239 0.029 -43.229424 -1.17889
54365.15402 18.849 0.03 54365.155687 18.548 0.02 54365.152353 18.221 0.013 54365.153187 18.197 0.017 54365.154853 18.214 0.03 -43.229424 -1.17889
54385.203994 18.812 0.027 54385.205661 18.539 0.014 54385.202327 18.233 0.018 54385.203161 18.166 0.014 54385.204827 -99.99 0.03 -43.229424 -1.17889
54387.204498 18.823 0.035 54387.206165 18.566 0.011 54387.202832 18.206 0.01 54387.203665 18.157 0.013 54387.205332 18.204 0.031 -43.229424 -1.17889
54390.207516 18.839 0.028 54390.209183 18.564 0.029 54390.20585 18.2 0.01 54390.206683 18.124 0.018 54390.20835 -99.99 0.042 -43.229424 -1.17889
54392.199241 18.767 0.031 54392.200908 18.567 0.021 54392.197575 18.217 0.012 54392.198408 18.107 0.017 54392.200075 18.181 0.038 -43.229424 -1.17889
54402.197691 18.813 0.042 54402.199358 18.53 0.021 54402.196024 18.244 0.015 54402.196858 18.145 0.016 54402.198524 18.156 0.032 -43.229424 -1.17889
