51081.268244 20.639 0.103 51081.26991 20.467 0.046 51081.266577 20.166 0.043 51081.26741 19.928 0.05 51081.269077 19.878 0.155 -5.5258 -1.121522
51467.363429 20.788 0.139 51467.365095 20.532 0.042 51467.361762 20.277 0.044 51467.362595 19.914 0.044 51467.364262 19.808 0.148 -5.5258 -1.121522
51819.33939 20.777 0.087 51819.341056 20.555 0.033 51819.337723 20.332 0.029 51819.338556 20.001 0.034 51819.340223 19.954 0.11 -5.5258 -1.121522
52558.304675 20.567 0.065 52558.306341 20.439 0.026 52558.303008 20.333 0.028 52558.303841 20.046 0.03 52558.305508 20.019 0.089 -5.5258 -1.121522
52577.192172 20.665 0.069 52577.193838 20.371 0.027 52577.190505 20.337 0.032 52577.191338 20.009 0.036 52577.193005 19.824 0.11 -5.5258 -1.121522
52586.195651 20.641 0.078 52586.197317 20.298 0.029 52586.193984 20.222 0.033 52586.194817 19.912 0.04 52586.196484 20.174 0.207 -5.5258 -1.121522
52910.276134 20.878 0.071 52910.2778 20.655 0.029 52910.274467 20.484 0.027 52910.2753 20.134 0.03 52910.276967 20.218 0.116 -5.5258 -1.121522
52931.206333 20.935 0.088 52931.207999 20.655 0.034 52931.204666 20.477 0.032 52931.205499 20.153 0.035 52931.207166 20.31 0.132 -5.5258 -1.121522
52935.203297 20.924 0.086 52935.204963 20.635 0.03 52935.20163 20.419 0.032 52935.202463 20.19 0.039 52935.20413 20.204 0.14 -5.5258 -1.121522
52959.146625 20.824 0.078 52959.148291 20.523 0.026 52959.144958 20.41 0.028 52959.145791 20.134 0.033 52959.147458 20.032 0.088 -5.5258 -1.121522
52963.126369 20.724 0.06 52963.128035 20.538 0.025 52963.124702 20.464 0.028 52963.125535 20.119 0.03 52963.127202 20.168 0.094 -5.5258 -1.121522
53313.196498 20.4 0.079 53313.198164 20.361 0.038 53313.194831 20.239 0.044 53313.195664 19.995 0.052 53313.197331 20.098 0.2 -5.5258 -1.121522
53352.097435 20.647 0.062 53352.099101 20.444 0.026 53352.095768 20.387 0.028 53352.096601 20.106 0.035 53352.098268 20.329 0.154 -5.5258 -1.121522
53622.305737 20.864 0.108 53622.307403 20.645 0.039 53622.30407 20.447 0.037 53622.304903 20.22 0.046 53622.30657 20.172 0.161 -5.5258 -1.121522
53634.255207 21.143 0.374 53634.256873 20.427 0.09 53634.25354 20.572 0.105 53634.254373 -99.99 0.08 53634.25604 19.822 0.155 -5.5258 -1.121522
53636.260741 20.622 0.128 53636.262407 20.587 0.068 53636.259074 20.531 0.058 53636.259907 20.201 0.056 53636.261574 20.257 0.171 -5.5258 -1.121522
53638.296542 20.781 0.094 53638.298208 20.608 0.036 53638.294875 20.512 0.035 53638.295708 20.179 0.036 53638.297375 19.932 0.098 -5.5258 -1.121522
53640.260578 20.391 0.122 53640.262244 20.231 0.045 53640.258911 -99.99 0.134 53640.259744 19.642 0.058 53640.261411 19.803 0.184 -5.5258 -1.121522
53655.232748 20.595 0.188 53655.234414 -99.99 0.117 53655.231081 20.537 0.092 53655.231914 -99.99 0.08 53655.233581 20.317 0.285 -5.5258 -1.121522
53664.257706 20.969 0.225 53664.259372 20.542 0.079 53664.256039 20.6 0.076 53664.256872 20.208 0.07 53664.258539 20.245 0.194 -5.5258 -1.121522
53666.221309 20.87 0.095 53666.222975 20.654 0.039 53666.219642 20.515 0.034 53666.220475 20.283 0.04 53666.222142 20.057 0.117 -5.5258 -1.121522
53669.216948 20.777 0.075 53669.218614 20.643 0.033 53669.215281 20.599 0.036 53669.216114 20.368 0.045 53669.217781 20.288 0.142 -5.5258 -1.121522
53671.301725 20.879 0.154 53671.303391 20.598 0.044 53671.300058 20.465 0.044 53671.300891 20.213 0.054 53671.302558 20.018 0.156 -5.5258 -1.121522
53674.201183 20.947 0.094 53674.202849 20.633 0.037 53674.199516 20.558 0.036 53674.200349 20.227 0.039 53674.202016 20.19 0.125 -5.5258 -1.121522
53676.290668 20.871 0.131 53676.292334 20.619 0.037 53676.289001 20.547 0.041 53676.289834 20.311 0.052 53676.291501 19.941 0.114 -5.5258 -1.121522
53679.262556 20.763 0.114 53679.264222 20.613 0.041 53679.260889 20.543 0.047 53679.261722 20.224 0.047 53679.263389 20.261 0.188 -5.5258 -1.121522
53681.254068 20.768 0.084 53681.255734 20.631 0.032 53681.252401 20.478 0.033 53681.253234 20.234 0.038 53681.254901 20.277 0.123 -5.5258 -1.121522
53685.213118 20.926 0.383 53685.214784 -99.99 0.151 53685.211451 20.734 0.173 53685.212284 20.254 0.131 53685.213951 19.903 0.231 -5.5258 -1.121522
53697.211091 20.811 0.175 53697.212757 20.614 0.06 53697.209424 20.679 0.085 53697.210257 20.253 0.075 53697.211924 20.169 0.221 -5.5258 -1.121522
53700.21005 20.878 0.101 53700.211716 20.721 0.04 53700.208383 20.596 0.04 53700.209216 20.233 0.044 53700.210883 19.945 0.127 -5.5258 -1.121522
53705.19672 20.987 0.102 53705.198386 20.708 0.037 53705.195053 20.594 0.039 53705.195886 20.209 0.04 53705.197553 20.426 0.143 -5.5258 -1.121522
53975.28176 20.95 0.097 53975.283427 20.768 0.047 53975.280093 20.679 0.039 53975.280927 20.331 0.047 53975.282593 20.096 0.127 -5.5258 -1.121522
53993.349589 20.936 0.34 53993.351256 -99.99 0.066 53993.347922 -99.99 0.595 53993.348756 -99.99 0.079 53993.350422 -99.99 0.138 -5.5258 -1.121522
53994.304747 20.99 0.082 53994.306413 20.708 0.032 53994.30308 20.625 0.031 53994.303913 20.356 0.04 53994.30558 20.287 0.137 -5.5258 -1.121522
53996.288461 -99.99 0.097 53996.290128 20.671 0.043 53996.286794 20.634 0.035 53996.287628 20.426 0.046 53996.289294 20.369 0.169 -5.5258 -1.121522
53998.257073 20.93 0.074 53998.25874 20.727 0.03 53998.255407 20.642 0.032 53998.25624 20.415 0.037 53998.257907 20.588 0.158 -5.5258 -1.121522
54005.287329 21.076 0.083 54005.288996 20.719 0.032 54005.285663 20.69 0.029 54005.286496 20.272 0.034 54005.288163 20.414 0.117 -5.5258 -1.121522
54010.242556 20.708 0.084 54010.244223 20.794 0.047 54010.240889 20.634 0.036 54010.241723 20.381 0.037 54010.243389 20.447 0.115 -5.5258 -1.121522
54012.235464 21.066 0.226 54012.237131 20.851 0.087 54012.233797 20.587 0.06 54012.234631 20.28 0.053 54012.236297 20.541 0.17 -5.5258 -1.121522
54020.241394 20.867 0.107 54020.243061 20.68 0.048 54020.239728 20.591 0.043 54020.240561 20.273 0.044 54020.242228 20.022 0.128 -5.5258 -1.121522
54024.323008 20.789 0.132 54024.324674 20.687 0.053 54024.321341 20.597 0.057 54024.322174 20.351 0.063 54024.323841 20.431 0.235 -5.5258 -1.121522
54028.231774 20.769 0.077 54028.233441 20.614 0.03 54028.230108 20.624 0.039 54028.230941 20.282 0.04 54028.232608 20.382 0.166 -5.5258 -1.121522
54030.23495 20.92 0.077 54030.236617 20.705 0.033 54030.233283 20.571 0.029 54030.234117 20.304 0.033 54030.235783 20.373 0.116 -5.5258 -1.121522
54035.310741 21.319 0.193 54035.312408 20.653 0.046 54035.309075 20.632 0.051 54035.309908 20.258 0.051 54035.311575 20.179 0.171 -5.5258 -1.121522
54037.216223 20.868 0.095 54037.217889 20.758 0.045 54037.214556 20.609 0.052 54037.215389 20.344 0.054 54037.217056 20.361 0.166 -5.5258 -1.121522
54040.230708 20.633 0.158 54040.232374 20.729 0.079 54040.229041 20.704 0.074 54040.229874 20.331 0.063 54040.231541 20.952 0.292 -5.5258 -1.121522
54047.261247 -99.99 0.911 54047.262913 -99.99 0.191 54047.25958 20.538 0.1 54047.260413 20.187 0.085 54047.26208 20.394 0.289 -5.5258 -1.121522
54049.257193 21.048 0.231 54049.25886 20.521 0.063 54049.255527 20.605 0.059 54049.25636 20.211 0.051 54049.258027 20.262 0.175 -5.5258 -1.121522
54053.221442 20.912 0.085 54053.223108 20.575 0.039 54053.219775 20.502 0.032 54053.220608 20.26 0.036 54053.222275 20.272 0.146 -5.5258 -1.121522
54059.217408 20.823 0.099 54059.219075 -99.99 0.046 54059.215742 20.58 0.046 54059.216575 20.257 0.043 54059.218242 20.274 0.154 -5.5258 -1.121522
54062.222307 20.773 0.12 54062.223974 20.585 0.045 54062.22064 20.515 0.048 54062.221474 20.144 0.06 54062.22314 20.088 0.188 -5.5258 -1.121522
54357.260602 20.906 0.091 54357.262268 20.779 0.041 54357.258935 20.66 0.039 54357.259768 20.443 0.057 54357.261435 20.274 0.129 -5.5258 -1.121522
54385.30843 21.009 0.094 54385.310096 20.823 0.043 54385.306763 20.659 0.037 54385.307596 20.34 0.037 54385.309263 20.046 0.097 -5.5258 -1.121522
54387.308924 20.861 0.102 54387.310591 20.791 0.042 54387.307257 20.698 0.044 54387.308091 20.377 0.048 54387.309757 20.381 0.166 -5.5258 -1.121522
54392.303668 20.941 0.098 54392.305334 20.777 0.039 54392.302001 20.68 0.049 54392.302834 20.267 0.046 54392.304501 20.285 0.136 -5.5258 -1.121522
