52075.33704 20.521 0.073 52075.338706 20.485 0.026 52075.335373 20.25 0.029 52075.336206 20.023 0.031 52075.337873 19.897 0.097 -44.739578 -0.130884
52197.145692 20.663 0.064 52197.147358 20.455 0.022 52197.144025 20.263 0.024 52197.144858 20.002 0.028 52197.146525 20.034 0.105 -44.739578 -0.130884
52557.183534 20.916 0.135 52557.1852 20.516 0.028 52557.181867 20.329 0.031 52557.1827 20.012 0.033 52557.184367 19.824 0.12 -44.739578 -0.130884
52578.079611 20.758 0.101 52578.081277 -99.99 0.026 52578.077944 -99.99 0.052 52578.078777 -99.99 0.048 52578.080444 20.437 0.26 -44.739578 -0.130884
52929.109838 20.799 0.072 52929.111504 20.522 0.026 52929.108171 20.374 0.028 52929.109004 20.023 0.029 52929.110671 19.962 0.103 -44.739578 -0.130884
52934.089995 20.88 0.098 52934.091661 20.597 0.029 52934.088328 20.356 0.031 52934.089161 20.061 0.036 52934.090828 19.799 0.111 -44.739578 -0.130884
52936.085921 20.745 0.061 52936.087587 20.551 0.023 52936.084254 20.359 0.026 52936.085087 20.045 0.028 52936.086754 19.922 0.095 -44.739578 -0.130884
53243.271131 20.723 0.136 53243.272797 20.572 0.057 53243.269464 20.358 0.043 53243.270297 20.077 0.039 53243.271964 20.008 0.116 -44.739578 -0.130884
53270.14999 21.048 0.125 53270.151656 20.667 0.05 53270.148323 20.403 0.033 53270.149156 20.227 0.034 53270.150823 -99.99 0.121 -44.739578 -0.130884
53272.199932 20.847 0.209 53272.201598 20.593 0.081 53272.198265 20.451 0.061 53272.199098 20.014 0.048 53272.200765 20.171 0.149 -44.739578 -0.130884
53288.127136 20.802 0.099 53288.128802 20.625 0.029 53288.125469 20.446 0.033 53288.126302 20.088 0.035 53288.127969 20.241 0.15 -44.739578 -0.130884
53302.122804 20.746 0.152 53302.12447 20.614 0.059 53302.121137 20.258 0.039 53302.12197 20.092 0.04 53302.123637 20.101 0.131 -44.739578 -0.130884
53312.078345 20.673 0.083 53312.080012 20.633 0.032 53312.076678 20.33 0.036 53312.077512 20.308 0.059 53312.079178 20.125 0.18 -44.739578 -0.130884
53314.079532 20.839 0.087 53314.081198 20.649 0.029 53314.077865 20.383 0.032 53314.078698 20.143 0.038 53314.080365 19.909 0.127 -44.739578 -0.130884
53623.174116 20.688 0.075 53623.175782 20.483 0.029 53623.172449 20.334 0.03 53623.173282 20.113 0.032 53623.174949 20.125 0.112 -44.739578 -0.130884
53626.160327 20.578 0.111 53626.161993 20.534 0.051 53626.15866 20.313 0.039 53626.159493 20.052 0.037 53626.16116 20.143 0.127 -44.739578 -0.130884
53628.145192 21.158 0.338 53628.146858 20.529 0.098 53628.143525 20.355 0.07 53628.144358 20.114 0.067 53628.146025 20.188 0.2 -44.739578 -0.130884
53637.146807 20.658 0.103 53637.148473 20.507 0.03 53637.14514 20.339 0.034 53637.145973 20.064 0.042 53637.14764 20.055 0.155 -44.739578 -0.130884
53644.13925 20.683 0.065 53644.140916 20.5 0.021 53644.137583 20.351 0.024 53644.138416 20.079 0.029 53644.140083 20.013 0.095 -44.739578 -0.130884
53654.173877 20.424 0.094 53654.175543 20.505 0.046 53654.17221 20.281 0.04 53654.173043 19.945 0.036 53654.17471 19.854 0.122 -44.739578 -0.130884
53656.121468 20.935 0.279 53656.123134 20.377 0.076 53656.119801 20.178 0.062 53656.120634 19.981 0.058 53656.122301 20.308 0.243 -44.739578 -0.130884
53665.112744 20.626 0.191 53665.11441 20.5 0.084 53665.111077 20.208 0.077 53665.11191 19.944 0.078 53665.113577 19.578 0.261 -44.739578 -0.130884
53668.12438 20.593 0.085 53668.126046 20.449 0.027 53668.122713 20.251 0.033 53668.123546 20.116 0.046 53668.125213 20.097 0.189 -44.739578 -0.130884
53670.129232 20.594 0.088 53670.130898 20.426 0.027 53670.127565 20.286 0.034 53670.128398 20.084 0.045 53670.130065 19.948 0.163 -44.739578 -0.130884
53673.097213 20.623 0.075 53673.098879 20.435 0.024 53673.095546 20.241 0.031 53673.096379 19.981 0.035 53673.098046 20.113 0.145 -44.739578 -0.130884
53675.094102 20.635 0.072 53675.095768 20.461 0.024 53675.092435 20.358 0.033 53675.093268 20.064 0.036 53675.094935 19.788 0.102 -44.739578 -0.130884
53677.115135 20.772 0.083 53677.116801 20.487 0.026 53677.113468 20.277 0.032 53677.114301 20.078 0.039 53677.115968 20.156 0.136 -44.739578 -0.130884
53680.101799 20.771 0.085 53680.103465 20.534 0.026 53680.100132 20.296 0.028 53680.100965 20.067 0.031 53680.102632 19.942 0.097 -44.739578 -0.130884
53693.103705 20.471 0.135 53693.105371 20.572 0.07 53693.102038 20.261 0.046 53693.102871 20.008 0.047 53693.104538 19.983 0.143 -44.739578 -0.130884
53702.099384 20.657 0.094 53702.101051 20.514 0.04 53702.097718 20.294 0.047 53702.098551 20.187 0.075 53702.100218 20.022 0.229 -44.739578 -0.130884
53703.10851 20.912 0.265 53703.110177 -99.99 0.066 53703.106844 20.324 0.063 53703.107677 20.078 0.066 53703.109344 20.238 0.3 -44.739578 -0.130884
53704.087033 20.802 0.106 53704.088699 20.493 0.03 53704.085366 20.297 0.035 53704.086199 20.029 0.037 53704.087866 20.361 0.181 -44.739578 -0.130884
53974.174983 20.806 0.072 53974.176649 20.581 0.023 53974.173316 20.397 0.024 53974.174149 20.096 0.028 53974.175816 20.136 0.11 -44.739578 -0.130884
53989.183075 20.764 0.093 53989.184742 20.478 0.034 53989.181409 20.339 0.027 53989.182242 20.14 0.03 53989.183909 19.916 0.073 -44.739578 -0.130884
53995.172341 20.73 0.063 53995.174007 20.559 0.021 53995.170674 20.351 0.024 53995.171507 20.04 0.026 53995.173174 19.984 0.084 -44.739578 -0.130884
53997.150719 20.791 0.074 53997.152386 20.596 0.028 53997.149052 20.315 0.033 53997.149886 20.122 0.034 53997.151552 19.951 0.111 -44.739578 -0.130884
54005.122547 20.886 0.072 54005.124214 20.632 0.022 54005.120881 20.341 0.023 54005.121714 20.135 0.026 54005.123381 19.972 0.082 -44.739578 -0.130884
54007.135321 20.766 0.076 54007.136988 20.59 0.026 54007.133654 20.334 0.027 54007.134488 20.049 0.028 54007.136154 20.217 0.11 -44.739578 -0.130884
54009.132415 20.72 0.082 54009.134082 20.683 0.036 54009.130748 20.365 0.027 54009.131582 20.096 0.029 54009.133248 20.281 0.101 -44.739578 -0.130884
54011.196906 20.688 0.127 54011.198572 20.623 0.055 54011.195239 20.305 0.038 54011.196072 20.111 0.04 54011.197739 19.889 0.082 -44.739578 -0.130884
54019.147117 20.705 0.092 54019.148783 20.555 0.03 54019.14545 20.353 0.026 54019.146283 20.061 0.027 54019.14795 19.947 0.081 -44.739578 -0.130884
54025.195919 20.873 0.085 54025.197586 20.605 0.024 54025.194252 20.322 0.026 54025.195086 20.129 0.031 54025.196752 20.043 0.111 -44.739578 -0.130884
54029.126251 20.726 0.063 54029.127918 20.649 0.023 54029.124584 20.278 0.022 54029.125418 20.082 0.026 54029.127084 20.03 0.09 -44.739578 -0.130884
54051.102848 21.264 0.288 54051.104515 -99.99 0.041 54051.101181 -99.99 0.132 54051.102015 -99.99 0.183 54051.103681 -99.99 0.228 -44.739578 -0.130884
54356.204417 21.026 0.094 54356.206084 20.76 0.026 54356.20275 20.5 0.029 54356.203584 20.147 0.033 54356.20525 20.275 0.109 -44.739578 -0.130884
54358.149478 20.81 0.118 54358.151145 -99.99 0.039 54358.147811 20.446 0.039 54358.148645 -99.99 0.046 54358.150311 20.16 0.137 -44.739578 -0.130884
54373.181574 21.012 0.158 54373.183241 20.815 0.062 54373.179908 20.547 0.045 54373.180741 20.231 0.042 54373.182408 20.134 0.129 -44.739578 -0.130884
54381.194272 20.944 0.129 54381.195938 20.765 0.035 54381.192605 20.568 0.045 54381.193438 20.223 0.059 54381.195105 20.017 0.169 -44.739578 -0.130884
54383.197404 21.024 0.102 54383.199071 20.791 0.029 54383.195737 20.489 0.034 54383.196571 20.21 0.036 54383.198237 20.175 0.13 -44.739578 -0.130884
54386.194423 21.03 0.093 54386.19609 20.768 0.031 54386.192757 20.527 0.03 54386.19359 20.189 0.029 54386.195257 20.275 0.099 -44.739578 -0.130884
54388.198691 21.104 0.134 54388.200358 20.766 0.031 54388.197025 20.525 0.036 54388.197858 20.264 0.041 54388.199525 20.234 0.141 -44.739578 -0.130884
54403.112466 21.02 0.077 54403.114133 20.746 0.025 54403.1108 20.506 0.026 54403.111633 20.255 0.03 54403.1133 20.494 0.299 -44.739578 -0.130884
54406.106296 20.926 0.075 54406.107963 20.799 0.025 54406.10463 20.571 0.035 54406.105463 20.229 0.042 54406.10713 20.052 0.118 -44.739578 -0.130884
54412.109227 20.888 0.083 54412.110893 20.752 0.027 54412.10756 20.536 0.03 54412.108393 20.181 0.032 54412.11006 19.621 0.099 -44.739578 -0.130884
54415.146783 21.012 0.094 54415.148449 20.752 0.035 54415.145116 20.545 0.028 54415.145949 20.229 0.033 54415.147616 20.339 0.147 -44.739578 -0.130884
