51075.285412 18.118 0.014 51075.287078 17.773 0.005 51075.283745 17.731 0.006 51075.284578 17.512 0.007 51075.286245 17.379 0.018 -5.213338 -0.110495
52196.285921 18.097 0.014 52196.287587 17.777 0.006 52196.284254 17.791 0.006 52196.285087 17.599 0.007 52196.286754 17.479 0.016 -5.213338 -0.110495
52197.299028 18.043 0.014 52197.300694 17.775 0.006 52197.297361 17.777 0.007 52197.298194 17.597 0.007 52197.299861 17.441 0.016 -5.213338 -0.110495
52225.149223 18.076 0.013 52225.150889 17.748 0.006 52225.147556 17.776 0.007 52225.148389 17.574 0.007 52225.150056 17.419 0.015 -5.213338 -0.110495
52231.185007 18.065 0.014 52231.186673 17.761 0.006 52231.18334 17.766 0.007 52231.184173 17.569 0.007 52231.18584 17.446 0.015 -5.213338 -0.110495
52253.17118 18.059 0.019 52253.172846 17.758 0.006 52253.169513 17.731 0.007 52253.170346 17.524 0.007 52253.172013 17.413 0.018 -5.213338 -0.110495
52557.293011 18.035 0.014 52557.294677 17.715 0.006 52557.291344 17.718 0.006 52557.292177 17.512 0.007 52557.293844 17.375 0.016 -5.213338 -0.110495
52578.189093 18.033 0.013 52578.190759 17.727 0.005 52578.187426 17.716 0.006 52578.188259 17.512 0.007 52578.189926 17.376 0.014 -5.213338 -0.110495
52908.267575 17.917 0.013 52908.269241 17.596 0.005 52908.265908 17.598 0.006 52908.266741 17.414 0.006 52908.268408 17.298 0.015 -5.213338 -0.110495
52911.281362 17.901 0.013 52911.283028 17.599 0.005 52911.279695 17.613 0.006 52911.280528 17.426 0.007 52911.282195 17.295 0.016 -5.213338 -0.110495
52930.158735 17.947 0.014 52930.160401 17.586 0.005 52930.157068 17.592 0.006 52930.157901 17.365 0.006 52930.159568 17.274 0.015 -5.213338 -0.110495
52934.199476 17.916 0.013 52934.201142 17.577 0.005 52934.197809 17.598 0.006 52934.198642 17.403 0.006 52934.200309 17.261 0.014 -5.213338 -0.110495
52936.195402 17.924 0.013 52936.197068 17.608 0.005 52936.193735 17.602 0.006 52936.194568 17.422 0.006 52936.196235 17.276 0.013 -5.213338 -0.110495
52962.120924 18.008 0.013 52962.12259 17.626 0.005 52962.119257 17.617 0.006 52962.12009 17.454 0.006 52962.121757 17.268 0.014 -5.213338 -0.110495
53270.259486 -99.99 0.017 53270.261152 17.666 0.016 53270.257819 17.681 0.011 53270.258652 17.496 0.014 53270.260319 17.42 0.025 -5.213338 -0.110495
53272.309407 18.017 0.016 53272.311073 17.662 0.006 53272.30774 17.679 0.007 53272.308573 17.495 0.007 53272.31024 17.356 0.015 -5.213338 -0.110495
53286.278126 18.018 0.017 53286.279792 17.692 0.007 53286.276459 17.681 0.007 53286.277292 17.472 0.007 53286.278959 17.344 0.018 -5.213338 -0.110495
53288.236616 18.031 0.014 53288.238282 17.691 0.006 53288.234949 17.691 0.006 53288.235782 17.427 0.006 53288.237449 17.381 0.014 -5.213338 -0.110495
53294.263929 18.111 0.023 53294.265595 17.729 0.02 53294.262262 17.693 0.015 53294.263095 17.509 0.019 53294.264762 17.406 0.02 -5.213338 -0.110495
53302.232283 18.092 0.02 53302.233949 17.715 0.008 53302.230616 17.712 0.008 53302.231449 17.505 0.008 53302.233116 17.384 0.015 -5.213338 -0.110495
53312.187819 18.099 0.021 53312.189486 17.708 0.018 53312.186153 17.708 0.015 53312.186986 17.5 0.013 53312.188653 17.343 0.02 -5.213338 -0.110495
53314.189013 18.075 0.014 53314.190679 17.718 0.005 53314.187346 17.722 0.006 53314.188179 17.496 0.007 53314.189846 17.364 0.016 -5.213338 -0.110495
53616.293379 17.873 0.015 53616.295045 17.536 0.005 53616.291712 17.529 0.006 53616.292545 17.299 0.006 53616.294212 17.176 0.017 -5.213338 -0.110495
53623.28359 17.85 0.014 53623.285256 -99.99 0.008 53623.281923 -99.99 0.007 53623.282756 17.321 0.006 53623.284423 17.225 0.015 -5.213338 -0.110495
53626.269803 17.886 0.014 53626.271469 17.544 0.006 53626.268136 17.541 0.006 53626.268969 17.363 0.007 53626.270636 17.235 0.014 -5.213338 -0.110495
53628.254668 17.909 0.021 53628.256334 17.54 0.007 53628.253001 17.552 0.007 53628.253834 17.371 0.007 53628.255501 17.236 0.017 -5.213338 -0.110495
53637.256284 17.883 0.016 53637.25795 17.54 0.006 53637.254617 17.539 0.006 53637.25545 17.346 0.007 53637.257117 17.24 0.02 -5.213338 -0.110495
53639.30166 17.855 0.013 53639.303326 17.526 0.005 53639.299993 17.54 0.006 53639.300826 17.295 0.006 53639.302493 17.245 0.014 -5.213338 -0.110495
53644.248731 17.881 0.017 53644.250397 17.523 0.012 53644.247064 17.534 0.014 53644.247897 17.34 0.009 53644.249564 17.291 0.017 -5.213338 -0.110495
53654.283354 17.821 0.013 53654.28502 17.505 0.005 53654.281687 17.513 0.006 53654.28252 17.426 0.007 53654.284187 17.203 0.014 -5.213338 -0.110495
53656.230947 17.811 0.02 53656.232613 17.532 0.007 53656.22928 17.494 0.007 53656.230113 17.33 0.007 53656.23178 17.206 0.017 -5.213338 -0.110495
53663.244256 17.802 0.015 53663.245922 17.501 0.006 53663.242589 17.501 0.007 53663.243422 17.324 0.007 53663.245089 17.213 0.013 -5.213338 -0.110495
53665.222225 -99.99 0.075 53665.223891 17.557 0.03 53665.220558 17.511 0.086 53665.221391 -99.99 0.079 53665.223058 -99.99 0.217 -5.213338 -0.110495
53668.233856 17.837 0.015 53668.235522 17.475 0.005 53668.232189 17.489 0.006 53668.233022 17.352 0.007 53668.234689 17.206 0.018 -5.213338 -0.110495
53670.23871 17.798 0.013 53670.240376 17.485 0.005 53670.237043 17.49 0.006 53670.237876 17.327 0.006 53670.239543 17.191 0.014 -5.213338 -0.110495
53673.206693 17.786 0.012 53673.208359 17.475 0.005 53673.205026 17.489 0.006 53673.205859 17.297 0.006 53673.207526 17.15 0.014 -5.213338 -0.110495
53675.203581 17.813 0.013 53675.205247 17.455 0.005 53675.201914 17.489 0.006 53675.202747 17.287 0.006 53675.204414 17.164 0.015 -5.213338 -0.110495
53677.224613 17.81 0.012 53677.226279 17.473 0.005 53677.222946 17.492 0.006 53677.223779 17.293 0.007 53677.225446 17.186 0.012 -5.213338 -0.110495
53680.211278 17.783 0.012 53680.212944 17.469 0.005 53680.209611 17.486 0.006 53680.210444 17.31 0.006 53680.212111 17.194 0.013 -5.213338 -0.110495
53693.213178 -99.99 0.017 53693.214844 17.472 0.006 53693.211511 17.474 0.006 53693.212344 17.297 0.007 53693.214011 17.18 0.014 -5.213338 -0.110495
53704.196502 17.725 0.013 53704.198168 17.46 0.005 53704.194835 17.459 0.006 53704.195668 17.287 0.006 53704.197335 17.176 0.013 -5.213338 -0.110495
53974.289163 17.699 0.021 53974.29083 17.442 0.015 53974.287497 17.444 0.012 53974.28833 17.252 0.017 53974.289997 17.194 0.019 -5.213338 -0.110495
53989.292554 17.685 0.018 53989.29422 17.407 0.016 53989.290887 17.45 0.014 53989.29172 17.285 0.013 53989.293387 17.178 0.022 -5.213338 -0.110495
53997.388237 17.712 0.019 53997.389903 -99.99 0.02 53997.38657 17.49 0.025 53997.387403 -99.99 0.017 53997.38907 -99.99 0.025 -5.213338 -0.110495
54000.268001 17.717 0.022 54000.269668 17.417 0.011 54000.266335 17.439 0.014 54000.267168 17.28 0.017 54000.268835 17.179 0.023 -5.213338 -0.110495
54007.318119 17.711 0.021 54007.319786 17.43 0.013 54007.316452 17.465 0.011 54007.317286 17.283 0.012 54007.318952 17.185 0.018 -5.213338 -0.110495
54009.241915 -99.99 0.022 54009.243581 17.413 0.016 54009.240248 17.445 0.015 54009.241081 17.283 0.012 54009.242748 17.187 0.019 -5.213338 -0.110495
54011.306377 17.632 0.026 54011.308043 17.437 0.013 54011.30471 17.458 0.016 54011.305543 17.302 0.015 54011.30721 17.175 0.024 -5.213338 -0.110495
54019.256585 17.742 0.014 54019.258252 17.43 0.013 54019.254918 17.451 0.013 54019.255752 17.301 0.012 54019.257418 17.174 0.018 -5.213338 -0.110495
54025.305392 17.712 0.029 54025.307058 17.48 0.017 54025.303725 17.432 0.013 54025.304558 17.266 0.019 54025.306225 -99.99 0.025 -5.213338 -0.110495
54029.235747 17.686 0.014 54029.237413 17.429 0.025 54029.23408 17.448 0.011 54029.234913 17.27 0.015 54029.23658 17.193 0.022 -5.213338 -0.110495
54348.303137 17.648 0.018 54348.304803 17.347 0.018 54348.30147 17.349 0.018 54348.302303 17.209 0.017 54348.30397 17.129 0.018 -5.213338 -0.110495
54358.258964 17.613 0.022 54358.260631 -99.99 0.024 54358.257298 17.354 0.01 54358.258131 17.226 0.017 54358.259798 17.106 0.022 -5.213338 -0.110495
54365.292036 17.61 0.023 54365.293703 17.334 0.021 54365.29037 17.36 0.014 54365.291203 17.216 0.029 54365.29287 17.089 0.025 -5.213338 -0.110495
54373.366253 17.645 0.024 54373.36792 17.383 0.014 54373.364586 17.358 0.018 54373.36542 17.226 0.016 54373.367086 17.107 0.015 -5.213338 -0.110495
54381.311619 17.654 0.021 54381.313285 17.378 0.017 54381.309952 17.392 0.013 54381.310785 17.226 0.012 54381.312452 17.122 0.024 -5.213338 -0.110495
54386.303914 17.636 0.017 54386.305581 17.389 0.017 54386.302247 17.376 0.011 54386.303081 17.199 0.015 54386.304747 17.095 0.017 -5.213338 -0.110495
54388.308175 17.662 0.019 54388.309842 17.392 0.016 54388.306508 17.375 0.011 54388.307342 17.217 0.019 54388.309008 17.129 0.022 -5.213338 -0.110495
54403.221968 17.692 0.016 54403.223635 17.381 0.015 54403.220301 17.388 0.012 54403.221135 17.225 0.011 54403.222801 17.091 0.016 -5.213338 -0.110495
54404.279504 17.66 0.02 54404.281171 17.407 0.019 54404.277838 17.376 0.015 54404.278671 17.222 0.017 54404.280338 17.108 0.019 -5.213338 -0.110495
54405.277501 17.693 0.024 54405.279168 17.396 0.017 54405.275835 17.388 0.013 54405.276668 17.246 0.014 54405.278335 17.143 0.016 -5.213338 -0.110495
54406.215781 17.707 0.017 54406.217448 -99.99 0.025 54406.214114 17.39 0.013 54406.214948 17.243 0.017 54406.216614 17.139 0.018 -5.213338 -0.110495
54412.218701 17.685 0.029 54412.220368 17.404 0.019 54412.217035 17.366 0.023 54412.217868 -99.99 0.02 54412.219535 17.085 0.024 -5.213338 -0.110495
