52075.340055 19.666 0.04 52075.341721 19.602 0.015 52075.338388 19.399 0.015 52075.339221 19.109 0.016 52075.340888 19.028 0.046 -43.650839 -0.090172
52197.148699 19.689 0.033 52197.150365 19.542 0.012 52197.147032 19.376 0.014 52197.147865 19.097 0.015 52197.149532 18.912 0.043 -43.650839 -0.090172
52557.18655 19.728 0.039 52557.188216 19.473 0.013 52557.184883 19.31 0.015 52557.185716 19.047 0.018 52557.187383 18.989 0.056 -43.650839 -0.090172
52578.082627 19.773 0.039 52578.084293 19.479 0.013 52578.08096 19.324 0.017 52578.081793 19.054 0.017 52578.08346 18.93 0.053 -43.650839 -0.090172
52929.112854 19.583 0.032 52929.11452 19.326 0.011 52929.111187 19.177 0.012 52929.11202 18.988 0.014 52929.113687 18.866 0.04 -43.650839 -0.090172
52934.09301 19.497 0.033 52934.094676 19.322 0.012 52934.091343 19.156 0.014 52934.092176 18.96 0.016 52934.093843 18.88 0.046 -43.650839 -0.090172
52936.088936 19.481 0.028 52936.090602 19.307 0.011 52936.087269 19.168 0.012 52936.088102 18.971 0.013 52936.089769 18.787 0.038 -43.650839 -0.090172
53243.274147 19.458 0.047 53243.275813 19.38 0.021 53243.27248 19.193 0.017 53243.273313 18.977 0.018 53243.27498 18.829 0.042 -43.650839 -0.090172
53270.153036 -99.99 0.09 53270.154703 19.37 0.02 53270.151369 19.229 0.02 53270.152203 18.959 0.051 53270.153869 18.908 0.051 -43.650839 -0.090172
53272.202947 19.548 0.069 53272.204613 19.403 0.025 53272.20128 19.239 0.023 53272.202113 18.97 0.019 53272.20378 18.876 0.047 -43.650839 -0.090172
53288.130151 19.547 0.038 53288.131817 19.4 0.013 53288.128484 19.233 0.014 53288.129317 18.97 0.016 53288.130984 18.831 0.044 -43.650839 -0.090172
53302.125821 19.664 0.056 53302.127487 19.348 0.02 53302.124154 19.24 0.018 53302.124987 19.004 0.016 53302.126654 18.929 0.046 -43.650839 -0.090172
53312.08135 19.548 0.037 53312.083017 19.414 0.017 53312.079683 19.244 0.017 53312.080517 19.04 0.02 53312.082183 18.88 0.061 -43.650839 -0.090172
53314.082547 19.547 0.034 53314.084213 19.39 0.012 53314.08088 19.233 0.014 53314.081713 18.958 0.016 53314.08338 18.912 0.052 -43.650839 -0.090172
53623.177132 19.467 0.032 53623.178798 19.316 0.012 53623.175465 19.168 0.013 53623.176298 18.966 0.014 53623.177965 18.881 0.04 -43.650839 -0.090172
53626.163344 19.393 0.041 53626.16501 19.315 0.018 53626.161677 19.154 0.017 53626.16251 18.978 0.017 53626.164177 18.878 0.041 -43.650839 -0.090172
53628.148209 19.359 0.067 53628.149875 19.329 0.031 53628.146542 19.143 0.026 53628.147375 18.93 0.025 53628.149042 18.867 0.059 -43.650839 -0.090172
53637.149822 19.568 0.044 53637.151488 19.371 0.014 53637.148155 19.165 0.014 53637.148988 18.962 0.016 53637.150655 18.957 0.065 -43.650839 -0.090172
53644.142264 19.535 0.031 53644.14393 19.336 0.014 53644.140597 19.21 0.011 53644.14143 18.984 0.016 53644.143097 18.898 0.043 -43.650839 -0.090172
53654.176894 19.531 0.044 53654.17856 19.301 0.016 53654.175227 19.193 0.016 53654.17606 18.953 0.017 53654.177727 18.745 0.043 -43.650839 -0.090172
53656.124484 19.557 0.079 53656.12615 19.306 0.029 53656.122817 19.213 0.025 53656.12365 18.988 0.025 53656.125317 18.756 0.063 -43.650839 -0.090172
53665.11576 19.384 0.088 53665.117426 19.229 0.029 53665.114093 19.101 0.041 53665.114926 18.846 0.043 53665.116593 18.599 0.156 -43.650839 -0.090172
53668.127396 19.615 0.04 53668.129062 19.316 0.012 53668.125729 19.228 0.016 53668.126562 18.936 0.018 53668.128229 18.826 0.061 -43.650839 -0.090172
53670.132248 19.478 0.034 53670.133914 19.348 0.012 53670.130581 19.188 0.015 53670.131414 18.997 0.017 53670.133081 18.802 0.048 -43.650839 -0.090172
53673.100229 19.533 0.034 53673.101895 19.336 0.011 53673.098562 19.198 0.013 53673.099395 18.953 0.015 53673.101062 18.896 0.046 -43.650839 -0.090172
53675.097117 19.507 0.033 53675.098783 19.322 0.011 53675.09545 19.18 0.014 53675.096283 18.986 0.016 53675.09795 18.893 0.053 -43.650839 -0.090172
53677.118152 19.536 0.035 53677.119818 19.357 0.012 53677.116485 19.185 0.014 53677.117318 18.99 0.014 53677.118985 18.965 0.049 -43.650839 -0.090172
53680.104815 19.459 0.032 53680.106481 19.366 0.012 53680.103148 19.223 0.013 53680.103981 18.955 0.014 53680.105648 18.891 0.039 -43.650839 -0.090172
53693.106721 19.565 0.056 53693.108387 19.395 0.022 53693.105054 19.207 0.022 53693.105887 18.958 0.021 53693.107554 18.854 0.059 -43.650839 -0.090172
53702.102412 19.589 0.053 53702.104079 19.385 0.016 53702.100746 19.267 0.021 53702.101579 19.047 0.026 53702.103246 18.935 0.081 -43.650839 -0.090172
53703.111534 19.686 0.054 53703.1132 19.386 0.016 53703.109867 19.253 0.027 53703.1107 18.985 0.045 53703.112367 18.95 0.079 -43.650839 -0.090172
53704.090049 19.582 0.043 53704.091715 19.409 0.014 53704.088382 19.253 0.016 53704.089215 19.022 0.017 53704.090882 18.874 0.052 -43.650839 -0.090172
53974.177998 19.553 0.032 53974.179665 19.403 0.015 53974.176331 19.257 0.018 53974.177165 18.98 0.018 53974.178831 18.925 0.038 -43.650839 -0.090172
53989.186087 19.584 0.04 53989.187754 19.447 0.021 53989.184421 19.248 0.023 53989.185254 19.008 0.016 53989.186921 18.841 0.038 -43.650839 -0.090172
53995.175344 19.572 0.031 53995.17701 19.426 0.013 53995.173677 19.243 0.013 53995.17451 18.968 0.015 53995.176177 18.833 0.038 -43.650839 -0.090172
53997.153721 19.608 0.04 53997.155388 19.407 0.014 53997.152054 19.253 0.016 53997.152888 18.96 0.02 53997.154554 18.916 0.05 -43.650839 -0.090172
54005.125563 19.586 0.032 54005.127229 19.395 0.013 54005.123896 19.225 0.014 54005.124729 18.992 0.014 54005.126396 18.884 0.032 -43.650839 -0.090172
54007.138322 19.572 0.035 54007.139989 19.391 0.013 54007.136656 19.232 0.013 54007.137489 18.949 0.013 54007.139156 18.767 0.037 -43.650839 -0.090172
54009.135421 19.554 0.036 54009.137088 19.386 0.016 54009.133754 19.25 0.014 54009.134588 18.975 0.017 54009.136254 18.814 0.034 -43.650839 -0.090172
54011.199921 19.512 0.047 54011.201588 19.407 0.024 54011.198254 19.213 0.018 54011.199088 18.985 0.021 54011.200754 18.854 0.04 -43.650839 -0.090172
54019.150124 19.523 0.035 54019.15179 19.359 0.014 54019.148457 19.193 0.014 54019.14929 18.94 0.014 54019.150957 18.847 0.034 -43.650839 -0.090172
54025.198935 19.473 0.035 54025.200602 19.337 0.016 54025.197268 19.182 0.014 54025.198102 18.95 0.015 54025.199768 18.825 0.046 -43.650839 -0.090172
54029.129266 19.538 0.03 54029.130932 19.364 0.013 54029.127599 19.162 0.014 54029.128432 18.985 0.017 54029.130099 18.935 0.039 -43.650839 -0.090172
54051.105857 19.417 0.043 54051.107523 19.281 0.021 54051.10419 19.145 0.027 54051.105023 18.912 0.025 54051.10669 18.86 0.069 -43.650839 -0.090172
54356.207429 19.677 0.036 54356.209096 19.486 0.017 54356.205763 19.311 0.018 54356.206596 18.996 0.014 54356.208263 18.872 0.043 -43.650839 -0.090172
54358.152492 19.714 0.049 54358.154158 19.515 0.019 54358.150825 19.339 0.021 54358.151658 18.994 0.02 54358.153325 18.952 0.054 -43.650839 -0.090172
54373.184607 19.623 0.051 54373.186273 19.482 0.021 54373.18294 19.285 0.019 54373.183773 19.004 0.018 54373.18544 18.803 0.045 -43.650839 -0.090172
54381.197287 19.597 0.045 54381.198953 19.427 0.017 54381.19562 19.27 0.019 54381.196453 18.985 0.021 54381.19812 18.911 0.071 -43.650839 -0.090172
54382.194701 -99.99 0.069 54382.196368 19.481 0.013 54382.193034 19.298 0.02 54382.193868 19 0.04 54382.195534 18.817 0.07 -43.650839 -0.090172
54383.200427 19.6 0.038 54383.202094 19.474 0.018 54383.19876 19.298 0.015 54383.199594 18.981 0.016 54383.20126 18.893 0.046 -43.650839 -0.090172
54386.197441 19.635 0.035 54386.199107 19.438 0.017 54386.195774 19.273 0.015 54386.196607 18.96 0.014 54386.198274 18.932 0.038 -43.650839 -0.090172
54388.201718 19.628 0.043 54388.203385 19.5 0.014 54388.200052 19.272 0.017 54388.200885 19.009 0.017 54388.202552 18.917 0.047 -43.650839 -0.090172
54403.115483 19.598 0.031 54403.117149 19.456 0.014 54403.113816 19.238 0.015 54403.114649 19.001 0.013 54403.116316 18.889 0.036 -43.650839 -0.090172
54406.109315 19.64 0.035 54406.110982 19.457 0.014 54406.107648 19.256 0.017 54406.108482 18.978 0.017 54406.110148 18.932 0.044 -43.650839 -0.090172
54412.112244 19.626 0.039 54412.113911 19.412 0.016 54412.110577 19.229 0.016 54412.111411 18.971 0.017 54412.113077 18.9 0.045 -43.650839 -0.090172
54415.149801 19.57 0.034 54415.151467 19.44 0.015 54415.148134 19.253 0.013 54415.148967 18.99 0.015 54415.150634 18.866 0.039 -43.650839 -0.090172
