51464.175935 18.602 0.017 51464.177601 18.384 0.007 51464.174268 18.334 0.008 51464.175101 18.138 0.01 51464.176768 17.866 0.022 -40.363002 0.705281
52075.349173 18.486 0.018 52075.350839 18.28 0.007 52075.347506 18.238 0.008 52075.348339 18.053 0.009 52075.350006 17.82 0.018 -40.363002 0.705281
52197.157806 18.477 0.017 52197.159472 18.274 0.007 52197.156139 18.213 0.008 52197.156972 18.051 0.009 52197.158639 17.601 0.016 -40.363002 0.705281
52557.195656 18.442 0.017 52557.197322 18.219 0.007 52557.193989 18.18 0.008 52557.194822 18.02 0.009 52557.196489 17.761 0.02 -40.363002 0.705281
52578.091734 18.433 0.016 52578.0934 18.222 0.007 52578.090067 18.167 0.007 52578.0909 18.013 0.009 52578.092567 17.772 0.018 -40.363002 0.705281
52929.121961 18.436 0.016 52929.123627 18.206 0.007 52929.120294 18.143 0.007 52929.121127 17.981 0.008 52929.122794 17.699 0.017 -40.363002 0.705281
52934.102117 18.415 0.017 52934.103783 18.183 0.007 52934.10045 18.151 0.007 52934.101283 17.976 0.009 52934.10295 17.684 0.018 -40.363002 0.705281
52936.098043 18.414 0.016 52936.099709 18.185 0.007 52936.096376 18.142 0.007 52936.097209 17.967 0.008 52936.098876 17.538 0.016 -40.363002 0.705281
53243.283253 18.239 0.018 53243.284919 18.07 0.008 53243.281586 18.025 0.008 53243.282419 17.891 0.009 53243.284086 17.601 0.016 -40.363002 0.705281
53270.162111 18.267 0.016 53270.163778 18.045 0.013 53270.160445 18.006 0.013 53270.161278 17.903 0.014 53270.162945 17.674 0.019 -40.363002 0.705281
53272.212054 18.275 0.021 53272.21372 18.077 0.009 53272.210387 18.021 0.009 53272.21122 17.886 0.009 53272.212887 17.677 0.018 -40.363002 0.705281
53288.139259 18.257 0.016 53288.140925 18.059 0.006 53288.137592 18.041 0.007 53288.138425 17.886 0.008 53288.140092 17.526 0.016 -40.363002 0.705281
53302.134927 18.284 0.02 53302.136593 18.079 0.009 53302.13326 18.031 0.008 53302.134093 17.88 0.009 53302.13576 17.673 0.017 -40.363002 0.705281
53312.090457 18.327 0.021 53312.092123 18.09 0.01 53312.08879 18.031 0.011 53312.089623 17.888 0.012 53312.09129 17.648 0.023 -40.363002 0.705281
53314.091654 18.281 0.016 53314.09332 18.076 0.006 53314.089987 18.028 0.007 53314.09082 17.902 0.009 53314.092487 17.679 0.021 -40.363002 0.705281
53623.186237 18.394 0.017 53623.187903 18.153 0.007 53623.18457 18.115 0.008 53623.185403 17.958 0.009 53623.18707 17.638 0.016 -40.363002 0.705281
53626.172449 18.393 0.02 53626.174115 18.154 0.008 53626.170782 18.107 0.008 53626.171615 17.953 0.009 53626.173282 17.734 0.018 -40.363002 0.705281
53628.157315 18.369 0.028 53628.158981 18.143 0.012 53628.155648 18.106 0.011 53628.156481 17.954 0.013 53628.158148 17.709 0.022 -40.363002 0.705281
53637.158928 18.353 0.02 53637.160594 18.148 0.007 53637.157261 18.122 0.008 53637.158094 17.957 0.01 53637.159761 17.638 0.021 -40.363002 0.705281
53644.151371 18.385 0.023 53644.153038 18.162 0.013 53644.149704 18.098 0.011 53644.150538 17.955 0.018 53644.152204 17.74 0.021 -40.363002 0.705281
53654.185998 18.35 0.019 53654.187664 18.165 0.011 53654.184331 18.123 0.008 53654.185164 17.966 0.01 53654.186831 17.712 0.02 -40.363002 0.705281
53656.133589 18.356 0.029 53656.135255 18.186 0.013 53656.131922 18.124 0.012 53656.132755 17.962 0.012 53656.134422 17.696 0.025 -40.363002 0.705281
53665.124866 18.413 0.023 53665.126532 18.178 0.009 53665.123199 18.138 0.011 53665.124032 17.952 0.012 53665.125699 17.699 0.025 -40.363002 0.705281
53668.136499 18.358 0.017 53668.138165 18.181 0.007 53668.134832 18.129 0.008 53668.135665 17.961 0.01 53668.137332 17.66 0.021 -40.363002 0.705281
53670.141352 18.447 0.02 53670.143018 18.177 0.007 53670.139685 18.145 0.008 53670.140518 17.977 0.011 53670.142185 17.697 0.025 -40.363002 0.705281
53673.109334 18.404 0.017 53673.111 18.197 0.007 53673.107667 18.131 0.008 53673.1085 17.956 0.009 53673.110167 17.712 0.019 -40.363002 0.705281
53675.106224 18.415 0.017 53675.10789 18.175 0.007 53675.104557 18.14 0.008 53675.10539 17.976 0.009 53675.107057 17.566 0.018 -40.363002 0.705281
53677.127255 18.442 0.018 53677.128921 18.179 0.007 53677.125588 18.141 0.008 53677.126421 17.961 0.009 53677.128088 17.705 0.017 -40.363002 0.705281
53680.113921 18.381 0.017 53680.115587 18.191 0.007 53680.112254 18.132 0.007 53680.113087 17.954 0.009 53680.114754 17.73 0.017 -40.363002 0.705281
53686.180632 18.398 0.053 53686.182298 18.214 0.019 53686.178965 18.15 0.016 53686.179798 17.96 0.015 53686.181465 17.763 0.032 -40.363002 0.705281
53693.115824 18.407 0.021 53693.11749 18.203 0.009 53693.114157 18.152 0.009 53693.11499 17.965 0.009 53693.116657 17.738 0.018 -40.363002 0.705281
53702.111501 18.404 0.023 53702.113168 18.173 0.01 53702.109834 18.13 0.01 53702.110668 17.974 0.012 53702.112334 17.73 0.037 -40.363002 0.705281
53703.120648 18.423 0.025 53703.122315 18.179 0.011 53703.118982 18.121 0.014 53703.119815 17.949 0.017 53703.121482 17.811 0.026 -40.363002 0.705281
53704.099153 18.378 0.018 53704.100819 18.197 0.009 53704.097486 18.132 0.009 53704.098319 17.955 0.011 53704.099986 17.738 0.02 -40.363002 0.705281
53974.187114 18.36 0.018 53974.188781 18.163 0.012 53974.185447 18.106 0.019 53974.186281 17.963 0.014 53974.187947 17.673 0.018 -40.363002 0.705281
53989.195194 18.398 0.021 53989.196861 18.162 0.013 53989.193528 18.118 0.012 53989.194361 17.947 0.013 53989.196028 17.728 0.018 -40.363002 0.705281
53995.184473 18.385 0.017 53995.18614 18.144 0.013 53995.182806 18.122 0.011 53995.18364 17.944 0.013 53995.185306 17.644 0.027 -40.363002 0.705281
53997.162851 18.352 0.023 53997.164518 18.155 0.013 53997.161184 18.098 0.017 53997.162018 17.928 0.018 53997.163684 17.701 0.027 -40.363002 0.705281
54005.134675 18.394 0.017 54005.136341 18.17 0.011 54005.133008 18.095 0.009 54005.133841 17.957 0.011 54005.135508 17.713 0.017 -40.363002 0.705281
54007.14743 18.373 0.017 54007.149097 18.166 0.017 54007.145764 18.109 0.014 54007.146597 17.952 0.013 54007.148264 17.692 0.02 -40.363002 0.705281
54009.144528 18.346 0.02 54009.146195 18.14 0.016 54009.142861 18.091 0.013 54009.143695 17.953 0.013 54009.145361 17.742 0.018 -40.363002 0.705281
54011.209038 18.346 0.023 54011.210705 18.165 0.016 54011.207372 18.095 0.013 54011.208205 17.94 0.018 54011.209872 17.634 0.025 -40.363002 0.705281
54019.15925 18.336 0.02 54019.160917 18.174 0.012 54019.157584 18.103 0.01 54019.158417 17.969 0.012 54019.160084 17.715 0.016 -40.363002 0.705281
54025.208068 18.346 0.027 54025.209735 18.165 0.012 54025.206402 18.095 0.013 54025.207235 17.951 0.017 54025.208902 17.668 0.02 -40.363002 0.705281
54029.138375 18.36 0.019 54029.140042 18.167 0.011 54029.136708 18.094 0.008 54029.137542 17.946 0.012 54029.139208 17.682 0.019 -40.363002 0.705281
54051.114965 18.374 0.071 54051.116632 18.185 0.025 54051.113299 18.142 0.041 54051.114132 17.868 0.027 54051.115799 17.704 0.131 -40.363002 0.705281
54356.21654 18.502 0.024 54356.218207 18.244 0.014 54356.214873 18.188 0.013 54356.215707 17.982 0.014 54356.217373 17.705 0.027 -40.363002 0.705281
54358.161602 18.474 0.022 54358.163268 18.242 0.011 54358.159935 18.173 0.014 54358.160768 17.983 0.013 54358.162435 17.738 0.02 -40.363002 0.705281
54373.19371 18.42 0.032 54373.195376 18.246 0.014 54373.192043 18.17 0.014 54373.192876 18.016 0.017 54373.194543 17.791 0.022 -40.363002 0.705281
54381.206403 18.523 0.023 54381.20807 18.253 0.013 54381.204737 18.174 0.015 54381.20557 17.96 0.014 54381.207237 17.782 0.025 -40.363002 0.705281
54382.203796 18.438 0.024 54382.205463 18.228 0.011 54382.202129 18.147 0.01 54382.202963 18 0.015 54382.204629 17.798 0.026 -40.363002 0.705281
54383.209525 18.42 0.02 54383.211192 18.252 0.016 54383.207859 18.166 0.014 54383.208692 18.006 0.013 54383.210359 17.693 0.023 -40.363002 0.705281
54386.206548 18.512 0.022 54386.208214 18.245 0.013 54386.204881 18.177 0.013 54386.205714 18.021 0.012 54386.207381 17.771 0.018 -40.363002 0.705281
54388.210813 18.502 0.024 54388.21248 18.239 0.013 54388.209146 18.163 0.015 54388.20998 17.994 0.012 54388.211646 17.741 0.024 -40.363002 0.705281
54403.124602 18.404 0.02 54403.126269 18.254 0.012 54403.122936 18.171 0.01 54403.123769 18.005 0.012 54403.125436 17.76 0.019 -40.363002 0.705281
54406.118423 18.429 0.019 54406.120089 18.239 0.012 54406.116756 18.184 0.013 54406.117589 18.034 0.015 54406.119256 17.796 0.019 -40.363002 0.705281
54412.121359 18.471 0.02 54412.123026 18.243 0.013 54412.119693 18.185 0.011 54412.120526 18.03 0.013 54412.122193 17.755 0.022 -40.363002 0.705281
54415.15892 18.432 0.025 54415.160586 18.236 0.013 54415.157253 18.177 0.011 54415.158086 18.001 0.013 54415.159753 17.755 0.022 -40.363002 0.705281
