51819.230708 25.754 0.936 51819.232374 20.796 0.033 51819.229041 20.073 0.023 51819.229874 19.972 0.027 51819.231541 19.735 0.087 -44.77256 -0.811918
52172.246277 25.008 1.197 52172.247943 20.919 0.035 52172.24461 20.158 0.024 52172.245443 20.027 0.026 52172.24711 19.912 0.096 -44.77256 -0.811918
52558.195975 23.83 0.949 52558.197641 20.934 0.041 52558.194308 20.254 0.026 52558.195141 20.068 0.028 52558.196808 19.956 0.106 -44.77256 -0.811918
52576.108232 25.264 1.211 52576.109898 20.976 0.038 52576.106565 20.204 0.03 52576.107398 20.078 0.034 52576.109065 20.104 0.143 -44.77256 -0.811918
52577.083465 25.41 1.119 52577.085131 20.933 0.034 52577.081798 20.286 0.034 52577.082631 20.102 0.036 52577.084298 20.076 0.136 -44.77256 -0.811918
52930.096796 23.456 0.767 52930.098462 20.818 0.03 52930.095129 20.09 0.023 52930.095962 20.033 0.027 52930.097629 20.012 0.097 -44.77256 -0.811918
52931.097626 23.905 0.999 52931.099292 20.789 0.031 52931.095959 20.054 0.024 52931.096792 20.01 0.029 52931.098459 20.063 0.111 -44.77256 -0.811918
52935.094591 25.26 1.302 52935.096257 20.82 0.036 52935.092924 20.099 0.024 52935.093757 19.939 0.027 52935.095424 20.168 0.147 -44.77256 -0.811918
53313.087791 24.75 1.453 53313.089457 20.834 0.044 53313.086124 20.088 0.027 53313.086957 19.947 0.031 53313.088624 -99.99 0.186 -44.77256 -0.811918
53622.197038 26.524 0.556 53622.198704 21.099 0.057 53622.195371 20.224 0.037 53622.196204 20.054 0.043 53622.197871 20.017 0.156 -44.77256 -0.811918
53625.193002 23.201 0.739 53625.194668 20.98 0.049 53625.191335 20.254 0.028 53625.192168 20.058 0.029 53625.193835 20.059 0.096 -44.77256 -0.811918
53634.146507 22.387 1.19 53634.148173 21.098 0.133 53634.14484 20.258 0.062 53634.145673 -99.99 0.073 53634.14734 19.905 0.169 -44.77256 -0.811918
53636.152038 24.435 1.229 53636.153704 20.993 0.035 53636.150371 20.227 0.023 53636.151204 20.065 0.027 53636.152871 19.913 0.086 -44.77256 -0.811918
53645.211707 24.918 0.915 53645.213373 -99.99 0.06 53645.21004 20.253 0.052 53645.210873 -99.99 0.065 53645.21254 -99.99 0.213 -44.77256 -0.811918
53655.124044 21.918 0.452 53655.12571 20.919 0.071 53655.122377 20.303 0.049 53655.12321 20.063 0.04 53655.124877 20.066 0.124 -44.77256 -0.811918
53657.211462 25.468 6.671 53657.213128 21.478 0.528 53657.209795 20.392 0.132 53657.210628 20.131 0.094 53657.212295 -99.99 0.704 -44.77256 -0.811918
53664.149003 23.219 1.244 53664.150669 21.013 0.071 53664.147336 20.375 0.042 53664.148169 20.054 0.036 53664.149836 19.724 0.095 -44.77256 -0.811918
53666.112603 24.757 1.122 53666.114269 21.008 0.032 53666.110936 20.241 0.026 53666.111769 20.047 0.029 53666.113436 19.982 0.112 -44.77256 -0.811918
53669.108242 25.452 0.865 53669.109908 20.985 0.031 53669.106575 20.299 0.027 53669.107408 20.092 0.028 53669.109075 19.751 0.078 -44.77256 -0.811918
53674.092476 25.419 0.912 53674.094142 21.013 0.036 53674.090809 20.262 0.031 53674.091642 20.086 0.032 53674.093309 20.151 0.122 -44.77256 -0.811918
53676.181983 24.297 1.252 53676.183649 20.904 0.033 53676.180316 20.251 0.028 53676.181149 20.025 0.028 53676.182816 19.949 0.095 -44.77256 -0.811918
53681.145372 24.145 0.779 53681.147038 21.036 0.136 53681.143705 20.147 0.153 53681.144538 -99.99 0.25 53681.146205 -99.99 0.394 -44.77256 -0.811918
53685.104416 27.515 0.616 53685.106082 20.758 0.135 53685.102749 20.277 0.077 53685.103582 20.074 0.057 53685.105249 19.822 0.151 -44.77256 -0.811918
53687.142768 22.699 1.46 53687.144434 20.967 0.114 53687.141101 20.247 0.053 53687.141934 19.997 0.04 53687.143601 20.058 0.135 -44.77256 -0.811918
53694.11831 24.382 3.682 53694.119976 20.843 0.073 53694.116643 -99.99 0.067 53694.117476 -99.99 0.087 53694.119143 -99.99 0.314 -44.77256 -0.811918
53700.101359 24.468 1.673 53700.103025 20.86 0.038 53700.099692 20.16 0.034 53700.100525 19.982 0.034 53700.102192 19.971 0.131 -44.77256 -0.811918
53705.088028 25.532 1.249 53705.089694 20.857 0.041 53705.086361 20.153 0.033 53705.087194 19.993 0.036 53705.088861 19.966 0.142 -44.77256 -0.811918
53975.173029 23.523 1.089 53975.174696 20.749 0.03 53975.171362 20.032 0.027 53975.172196 19.929 0.032 53975.173862 19.652 0.098 -44.77256 -0.811918
53996.179739 99.993 99.999 53996.181406 20.79 0.027 53996.178073 20.071 0.023 53996.178906 19.866 0.022 53996.180573 19.835 0.08 -44.77256 -0.811918
53998.148378 24.88 2.782 53998.150045 20.771 0.026 53998.146711 20.064 0.02 53998.147545 19.85 0.022 53998.149211 19.815 0.074 -44.77256 -0.811918
54005.18563 100.001 99.999 54005.187296 20.814 0.025 54005.183963 20.136 0.021 54005.184796 19.878 0.019 54005.186463 19.937 0.078 -44.77256 -0.811918
54010.133852 23.256 1.419 54010.135519 20.747 0.047 54010.132185 20.06 0.027 54010.133019 19.876 0.025 54010.134685 19.794 0.063 -44.77256 -0.811918
54012.126697 99.99 99.999 54012.128363 20.692 0.082 54012.12503 20.083 0.044 54012.125863 19.935 0.04 54012.12753 19.805 0.087 -44.77256 -0.811918
54020.132707 25.665 7.125 54020.134374 20.71 0.028 54020.13104 20.055 0.023 54020.131874 19.867 0.026 54020.13354 19.779 0.094 -44.77256 -0.811918
54022.181967 100.022 99.999 54022.183634 20.769 0.03 54022.1803 -99.99 0.032 54022.181134 -99.99 0.066 54022.1828 20.064 0.128 -44.77256 -0.811918
54028.123094 24.814 4.311 54028.124761 20.76 0.031 54028.121427 20.077 0.029 54028.122261 19.82 0.032 54028.123927 19.887 0.112 -44.77256 -0.811918
54030.126229 99.989 99.999 54030.127896 20.732 0.025 54030.124563 20.062 0.018 54030.125396 19.884 0.022 54030.127063 19.801 0.069 -44.77256 -0.811918
54032.115497 -99.99 0.616 54032.117163 20.733 0.052 54032.11383 20.072 0.032 54032.114663 19.886 0.032 54032.11633 19.941 0.209 -44.77256 -0.811918
54034.185755 -99.99 1.177 54034.187421 20.79 0.045 54034.184088 20.057 0.04 54034.184921 19.913 0.052 54034.186588 19.547 0.137 -44.77256 -0.811918
54037.107486 99.992 99.999 54037.109153 20.715 0.037 54037.10582 20.038 0.023 54037.106653 19.87 0.022 54037.10832 19.978 0.086 -44.77256 -0.811918
54040.121974 24.355 4.759 54040.123641 20.639 0.071 54040.120307 20.087 0.043 54040.121141 19.877 0.034 54040.122807 19.644 0.088 -44.77256 -0.811918
54050.106598 25.076 4.694 54050.108264 20.77 0.034 54050.104931 20.043 0.026 54050.105764 19.848 0.029 54050.107431 19.932 0.121 -44.77256 -0.811918
54053.112744 99.99 99.999 54053.114411 20.697 0.035 54053.111078 19.994 0.026 54053.111911 19.888 0.031 54053.113578 19.738 0.104 -44.77256 -0.811918
54056.114439 100.007 99.999 54056.116106 -99.99 0.056 54056.112772 -99.99 0.068 54056.113606 19.862 0.046 54056.115272 19.852 0.177 -44.77256 -0.811918
54057.083079 23.284 0.917 54057.084746 20.669 0.031 54057.081412 20.074 0.027 54057.082246 19.837 0.029 54057.083912 19.849 0.121 -44.77256 -0.811918
54059.108713 23.779 1.708 54059.11038 20.697 0.041 54059.107047 19.963 0.026 54059.10788 19.85 0.031 54059.109547 19.972 0.119 -44.77256 -0.811918
54061.119751 23.713 2.12 54061.121418 20.721 0.043 54061.118084 20.047 0.035 54061.118918 19.841 0.041 54061.120584 19.698 0.134 -44.77256 -0.811918
54062.113601 99.998 99.999 54062.115268 20.698 0.041 54062.111934 20.014 0.037 54062.112768 19.906 0.047 54062.114434 19.877 0.169 -44.77256 -0.811918
54068.103594 23.67 4.236 54068.105261 20.858 0.114 54068.101927 19.978 0.057 54068.102761 19.853 0.05 54068.104427 19.701 0.131 -44.77256 -0.811918
54357.151896 24.015 1.305 54357.153563 20.699 0.025 54357.150229 19.973 0.019 54357.151063 19.798 0.025 54357.152729 19.761 0.069 -44.77256 -0.811918
54365.14975 24.538 4.918 54365.151417 20.76 0.072 54365.148084 19.944 0.036 54365.148917 19.826 0.035 54365.150584 19.703 0.092 -44.77256 -0.811918
54385.19973 99.996 99.999 54385.201396 20.643 0.031 54385.198063 19.946 0.022 54385.198896 19.821 0.025 54385.200563 19.831 0.078 -44.77256 -0.811918
54387.200229 24.316 3.222 54387.201895 20.642 0.033 54387.198562 19.966 0.028 54387.199395 19.7 0.028 54387.201062 19.735 0.102 -44.77256 -0.811918
54390.203239 99.994 99.999 54390.204905 20.651 0.035 54390.201572 20.001 0.031 54390.202405 19.807 0.037 54390.204072 19.651 0.125 -44.77256 -0.811918
54392.194954 99.989 99.999 54392.196621 20.659 0.061 54392.193288 19.948 0.041 54392.194121 19.762 0.042 54392.195788 19.59 0.108 -44.77256 -0.811918
54402.19342 21.951 0.851 54402.195087 20.694 0.089 54402.191754 19.98 0.042 54402.192587 19.733 0.033 54402.194254 19.827 0.108 -44.77256 -0.811918
