51819.239965 21.933 0.224 51819.241631 19.889 0.02 51819.238298 19.536 0.017 51819.239131 19.387 0.021 51819.240798 19.339 0.076 -41.425029 -1.196202
52172.255539 22.25 0.247 52172.257205 19.869 0.018 52172.253872 19.561 0.016 52172.254705 19.343 0.018 52172.256372 19.339 0.062 -41.425029 -1.196202
52558.205247 22.162 0.449 52558.206913 19.912 0.036 52558.20358 19.568 0.023 52558.204413 19.397 0.028 52558.20608 19.163 0.119 -41.425029 -1.196202
52576.117504 21.827 0.189 52576.11917 19.877 0.019 52576.115837 19.563 0.019 52576.11667 19.37 0.022 52576.118337 19.333 0.073 -41.425029 -1.196202
52577.092737 22.256 0.25 52577.094403 19.898 0.018 52577.09107 19.544 0.019 52577.091903 19.398 0.024 52577.09357 19.212 0.07 -41.425029 -1.196202
52930.106067 21.573 0.123 52930.107733 19.711 0.015 52930.1044 19.402 0.014 52930.105233 19.26 0.016 52930.1069 19.111 0.044 -41.425029 -1.196202
52931.106897 21.6 0.148 52931.108563 19.664 0.016 52931.10523 19.426 0.016 52931.106063 19.258 0.018 52931.10773 19.152 0.05 -41.425029 -1.196202
52935.103863 21.701 0.188 52935.105529 19.685 0.018 52935.102196 19.345 0.017 52935.103029 19.233 0.021 52935.104696 19.139 0.058 -41.425029 -1.196202
53313.097062 21.848 0.289 53313.098728 19.697 0.022 53313.095395 19.368 0.021 53313.096228 19.205 0.031 53313.097895 19.116 0.088 -41.425029 -1.196202
53622.206308 21.793 0.303 53622.207974 19.86 0.024 53622.204641 19.539 0.021 53622.205474 19.363 0.03 53622.207141 19.077 0.074 -41.425029 -1.196202
53625.202274 21.799 0.19 53625.20394 19.847 0.02 53625.200607 19.5 0.016 53625.20144 19.384 0.019 53625.203107 19.241 0.049 -41.425029 -1.196202
53634.155778 22.152 0.997 53634.157444 19.721 0.038 53634.154111 19.553 0.035 53634.154944 19.357 0.038 53634.156611 -99.99 0.119 -41.425029 -1.196202
53636.16131 22.343 0.339 53636.162976 19.798 0.017 53636.159643 19.503 0.015 53636.160476 19.372 0.019 53636.162143 19.191 0.057 -41.425029 -1.196202
53655.133315 21.587 0.249 53655.134981 19.774 0.028 53655.131648 19.514 0.02 53655.132481 19.373 0.023 53655.134148 19.159 0.059 -41.425029 -1.196202
53664.158275 22.366 0.587 53664.159941 19.779 0.029 53664.156608 19.468 0.021 53664.157441 19.336 0.024 53664.159108 19.129 0.062 -41.425029 -1.196202
53666.121875 21.968 0.172 53666.123541 19.777 0.015 53666.120208 19.481 0.015 53666.121041 19.363 0.019 53666.122708 19.229 0.057 -41.425029 -1.196202
53669.117513 21.858 0.17 53669.119179 19.806 0.016 53669.115846 19.504 0.015 53669.116679 19.35 0.019 53669.118346 19.236 0.053 -41.425029 -1.196202
53674.101748 21.719 0.191 53674.103414 -99.99 0.02 53674.100081 19.494 0.016 53674.100914 19.276 0.021 53674.102581 19.243 0.068 -41.425029 -1.196202
53676.191253 21.62 0.156 53676.192919 19.78 0.016 53676.189586 19.484 0.016 53676.190419 19.341 0.018 53676.192086 19.189 0.048 -41.425029 -1.196202
53679.163133 21.725 0.245 53679.164799 19.775 0.021 53679.161466 19.484 0.019 53679.162299 19.3 0.023 53679.163966 19.087 0.062 -41.425029 -1.196202
53681.154643 22.14 0.379 53681.156309 19.779 0.02 53681.152976 -99.99 0.043 53681.153809 19.371 0.035 53681.155476 19.226 0.068 -41.425029 -1.196202
53685.113687 22.024 0.723 53685.115353 19.794 0.05 53685.11202 19.492 0.035 53685.112853 19.418 0.035 53685.11452 19.318 0.104 -41.425029 -1.196202
53687.152038 -99.99 0.432 53687.153704 19.731 0.041 53687.150371 19.472 0.026 53687.151204 19.356 0.027 53687.152871 19.236 0.065 -41.425029 -1.196202
53694.12758 22.196 0.668 53694.129246 19.76 0.042 53694.125913 19.478 0.037 53694.126746 -99.99 0.048 53694.128413 -99.99 0.138 -41.425029 -1.196202
53700.110629 -99.99 1.418 53700.112295 -99.99 0.023 53700.108962 19.468 0.031 53700.109795 -99.99 0.031 53700.111462 -99.99 0.18 -41.425029 -1.196202
53705.097299 21.844 0.218 53705.098965 19.795 0.02 53705.095632 19.499 0.02 53705.096465 19.348 0.023 53705.098132 19.149 0.062 -41.425029 -1.196202
53975.182291 21.539 0.158 53975.183958 19.893 0.022 53975.180625 19.558 0.022 53975.181458 19.422 0.023 53975.183125 19.273 0.068 -41.425029 -1.196202
53996.189032 21.748 0.146 53996.190698 19.832 0.018 53996.187365 19.488 0.016 53996.188198 19.387 0.017 53996.189865 19.158 0.046 -41.425029 -1.196202
53998.157642 21.884 0.153 53998.159309 19.834 0.021 53998.155976 19.541 0.017 53998.156809 19.382 0.019 53998.158476 19.155 0.043 -41.425029 -1.196202
54010.143125 22.142 0.335 54010.144791 19.819 0.025 54010.141458 19.46 0.021 54010.142291 19.345 0.02 54010.143958 19.27 0.048 -41.425029 -1.196202
54012.135984 21.7 0.437 54012.137651 19.823 0.045 54012.134318 19.514 0.031 54012.135151 19.358 0.03 54012.136818 19.314 0.074 -41.425029 -1.196202
54020.141948 21.823 0.16 54020.143614 19.815 0.019 54020.140281 19.478 0.016 54020.141114 19.318 0.018 54020.142781 19.164 0.046 -41.425029 -1.196202
54022.191245 -99.99 0.39 54022.192912 -99.99 0.027 54022.189579 19.487 0.022 54022.190412 19.36 0.028 54022.192079 -99.99 0.232 -41.425029 -1.196202
54028.132331 22.067 0.307 54028.133998 19.843 0.022 54028.130664 19.485 0.021 54028.131498 19.368 0.027 54028.133164 19.188 0.071 -41.425029 -1.196202
54030.135502 21.7 0.143 54030.137169 19.857 0.019 54030.133836 19.474 0.017 54030.134669 19.327 0.017 54030.136336 19.254 0.045 -41.425029 -1.196202
54032.124789 21.985 0.306 54032.126456 19.817 0.025 54032.123123 19.451 0.021 54032.123956 19.355 0.027 54032.125623 19.181 0.077 -41.425029 -1.196202
54034.195289 21.963 0.218 54034.196956 19.824 0.022 54034.193622 19.494 0.023 54034.194456 19.335 0.029 54034.196122 -99.99 0.085 -41.425029 -1.196202
54037.116763 21.811 0.216 54037.118429 19.788 0.023 54037.115096 19.471 0.018 54037.115929 19.376 0.021 54037.117596 19.247 0.055 -41.425029 -1.196202
54040.131235 22.112 0.645 54040.132902 19.796 0.039 54040.129569 19.483 0.027 54040.130402 19.39 0.029 54040.132069 19.182 0.067 -41.425029 -1.196202
54050.115865 21.945 0.254 54050.117532 19.803 0.022 54050.114199 19.49 0.021 54050.115032 19.304 0.024 54050.116699 19.333 0.079 -41.425029 -1.196202
54053.122017 22.079 0.255 54053.123684 19.794 0.02 54053.120351 19.49 0.02 54053.121184 19.319 0.025 54053.122851 19.226 0.07 -41.425029 -1.196202
54056.123715 21.834 0.392 54056.125382 -99.99 0.033 54056.122049 -99.99 0.037 54056.122882 19.323 0.033 54056.124549 19.249 0.098 -41.425029 -1.196202
54057.092355 21.935 0.196 54057.094022 19.838 0.02 54057.090689 19.489 0.019 54057.091522 19.336 0.024 54057.093189 19.087 0.057 -41.425029 -1.196202
54059.117984 21.448 0.148 54059.11965 19.813 0.021 54059.116317 19.444 0.022 54059.11715 19.361 0.021 54059.118817 19.171 0.051 -41.425029 -1.196202
54061.129026 22.11 0.382 54061.130693 19.827 0.039 54061.127359 19.499 0.024 54061.128193 19.322 0.026 54061.129859 19.105 0.072 -41.425029 -1.196202
54062.122872 21.717 1 54062.124539 19.747 0.029 54062.121205 19.434 0.024 54062.122039 19.363 0.034 54062.123705 19.118 0.081 -41.425029 -1.196202
54068.112844 22.324 1.11 54068.114511 19.791 0.062 54068.111178 19.451 0.034 54068.112011 19.361 0.038 54068.113678 19.253 0.102 -41.425029 -1.196202
54357.161222 21.85 0.153 54357.162888 19.853 0.019 54357.159555 19.449 0.018 54357.160388 19.274 0.024 54357.162055 19.11 0.052 -41.425029 -1.196202
54365.159018 25.47 99.999 54365.160685 19.819 0.034 54365.157351 19.466 0.024 54365.158185 19.311 0.026 54365.159851 19.226 0.069 -41.425029 -1.196202
54385.208999 21.86 0.216 54385.210666 19.774 0.02 54385.207332 19.411 0.018 54385.208166 19.245 0.021 54385.209832 19.121 0.044 -41.425029 -1.196202
54387.209498 21.844 0.279 54387.211165 19.711 0.02 54387.207831 19.461 0.019 54387.208665 19.241 0.022 54387.210331 19.077 0.062 -41.425029 -1.196202
54392.204221 21.901 0.49 54392.205888 19.715 0.04 54392.202555 19.458 0.035 54392.203388 19.245 0.027 54392.205055 19.386 0.099 -41.425029 -1.196202
54402.202683 22.263 1.001 54402.20435 19.853 0.046 54402.201017 19.401 0.025 54402.20185 19.238 0.031 54402.203517 19.012 0.057 -41.425029 -1.196202
