51075.436197 21.272 0.11 51075.437863 21.039 0.039 51075.43453 20.654 0.036 51075.435363 20.709 0.059 51075.43703 20.606 0.248 49.220057 -0.116163
51818.405874 21.07 0.097 51818.40754 20.705 0.029 51818.404207 20.306 0.027 51818.40504 20.242 0.037 51818.406707 20.04 0.114 49.220057 -0.116163
52171.393939 21.268 0.106 52171.395605 20.967 0.032 52171.392272 20.503 0.029 52171.393105 20.408 0.037 52171.394772 20.268 0.115 49.220057 -0.116163
52173.370204 21.254 0.12 52173.37187 20.969 0.036 52173.368537 20.521 0.036 52173.36937 20.463 0.05 52173.371037 20.4 0.191 49.220057 -0.116163
52224.350355 21.486 0.119 52224.352021 20.94 0.031 52224.348688 20.491 0.027 52224.349521 20.476 0.037 52224.351188 20.365 0.131 49.220057 -0.116163
52234.306862 21.327 0.13 52234.308528 20.916 0.036 52234.305195 20.491 0.035 52234.306028 20.445 0.045 52234.307695 20.369 0.159 49.220057 -0.116163
52261.270217 21.419 0.121 52261.271883 20.991 0.034 52261.26855 20.664 0.033 52261.269383 20.535 0.039 52261.27105 20.201 0.109 49.220057 -0.116163
52287.150713 21.544 0.126 52287.152379 20.917 0.032 52287.149046 20.553 0.032 52287.149879 20.497 0.041 52287.151546 20.253 0.117 49.220057 -0.116163
52552.469405 21.443 0.122 52552.471071 21.03 0.033 52552.467738 20.587 0.031 52552.468571 20.489 0.043 52552.470238 20.099 0.121 49.220057 -0.116163
52557.443763 21.375 0.117 52557.445429 21.081 0.035 52557.442096 20.553 0.033 52557.442929 20.503 0.047 52557.444596 20.241 0.149 49.220057 -0.116163
52585.345095 21.607 0.118 52585.346761 21.058 0.03 52585.343428 20.66 0.031 52585.344261 20.515 0.039 52585.345928 20.554 0.156 49.220057 -0.116163
52908.418331 21.579 0.137 52908.419997 20.95 0.031 52908.416664 20.557 0.034 52908.417497 20.492 0.049 52908.419164 20.324 0.147 49.220057 -0.116163
52912.397772 21.39 0.127 52912.399438 20.822 0.03 52912.396105 20.414 0.026 52912.396938 20.358 0.035 52912.398605 20.105 0.114 49.220057 -0.116163
52934.35024 21.547 0.145 52934.351906 20.851 0.031 52934.348573 20.388 0.029 52934.349406 20.447 0.046 52934.351073 20.451 0.181 49.220057 -0.116163
52936.346165 21.304 0.104 52936.347831 20.913 0.03 52936.344498 20.43 0.028 52936.345331 20.383 0.038 52936.346998 20.038 0.104 49.220057 -0.116163
53270.410286 21.241 0.084 53270.411953 20.737 0.027 53270.408619 20.415 0.024 53270.409453 20.339 0.031 53270.411119 20.21 0.093 49.220057 -0.116163
53272.460163 21.197 0.11 53272.461829 20.79 0.03 53272.458496 20.292 0.026 53272.459329 20.287 0.034 53272.460996 20.063 0.109 49.220057 -0.116163
53286.428882 21.17 0.124 53286.430548 20.729 0.031 53286.427215 20.307 0.028 53286.428048 20.257 0.035 53286.429715 19.997 0.098 49.220057 -0.116163
53288.387376 21.342 0.121 53288.389042 20.757 0.029 53288.385709 20.298 0.025 53288.386542 20.207 0.033 53288.388209 20.045 0.105 49.220057 -0.116163
53294.435048 21.344 0.174 53294.436714 20.779 0.03 53294.433381 20.326 0.029 53294.434214 20.232 0.045 53294.435881 19.947 0.126 49.220057 -0.116163
53298.431825 20.983 0.094 53298.433491 20.76 0.028 53298.430158 20.337 0.03 53298.430991 20.226 0.039 53298.432658 20.009 0.131 49.220057 -0.116163
53302.383045 -99.99 0.148 53302.384711 20.64 0.042 53302.381378 20.286 0.032 53302.382211 20.204 0.037 53302.383878 20.024 0.104 49.220057 -0.116163
53312.338587 21.196 0.166 53312.340254 20.679 0.045 53312.336921 20.265 0.034 53312.337754 20.295 0.045 53312.339421 20.14 0.137 49.220057 -0.116163
53314.339776 21.076 0.132 53314.341442 20.666 0.036 53314.338109 20.23 0.031 53314.338942 20.231 0.04 53314.340609 20.233 0.145 49.220057 -0.116163
53626.420556 21.06 0.114 53626.422222 20.707 0.039 53626.418889 20.143 0.024 53626.419722 20.128 0.032 53626.421389 20.057 0.155 49.220057 -0.116163
53639.452417 21.232 0.142 53639.454083 20.569 0.031 53639.45075 20.194 0.027 53639.451583 20.128 0.032 53639.45325 20.113 0.108 49.220057 -0.116163
53641.451583 20.829 0.135 53641.453249 20.546 0.033 53641.449916 20.079 0.028 53641.450749 19.985 0.036 53641.452416 19.759 0.116 49.220057 -0.116163
53657.410468 -99.99 0.182 53657.412134 20.623 0.044 53657.408801 20.175 0.043 53657.409634 20.093 0.05 53657.411301 19.755 0.141 49.220057 -0.116163
53663.395015 20.642 0.186 53663.396681 20.616 0.072 53663.393348 20.133 0.05 53663.394181 20.127 0.049 53663.395848 20.116 0.13 49.220057 -0.116163
53665.372987 21.07 0.173 53665.374653 20.587 0.048 53665.37132 20.19 0.031 53665.372153 20.188 0.037 53665.37382 19.958 0.102 49.220057 -0.116163
53666.465097 20.976 0.186 53666.466763 20.576 0.049 53666.46343 20.158 0.032 53666.464263 20.153 0.036 53666.46593 20.055 0.119 49.220057 -0.116163
53668.384616 20.739 0.152 53668.386282 20.526 0.049 53668.382949 20.042 0.037 53668.383782 19.98 0.047 53668.385449 19.708 0.131 49.220057 -0.116163
53670.389468 21.062 0.193 53670.391134 20.644 0.047 53670.387801 20.152 0.037 53670.388634 20 0.049 53670.390301 20.115 0.179 49.220057 -0.116163
53673.357456 21.108 0.097 53673.359122 20.599 0.023 53673.355789 20.239 0.023 53673.356622 20.114 0.027 53673.358289 20.103 0.094 49.220057 -0.116163
53675.354343 21.004 0.106 53675.356009 20.588 0.027 53675.352676 20.171 0.027 53675.353509 20.041 0.034 53675.355176 19.907 0.114 49.220057 -0.116163
53680.362041 20.843 0.082 53680.363707 20.576 0.024 53680.360374 20.218 0.026 53680.361207 20.129 0.03 53680.362874 19.975 0.089 49.220057 -0.116163
53683.42059 21.437 0.404 53683.422256 20.464 0.048 53683.418923 20.067 0.063 53683.419756 19.908 0.079 53683.421423 20.922 0.608 49.220057 -0.116163
53686.361472 20.875 0.186 53686.363138 20.61 0.063 53686.359805 20.221 0.047 53686.360638 20.109 0.046 53686.362305 19.865 0.105 49.220057 -0.116163
53699.384766 20.946 0.138 53699.386432 20.712 0.038 53699.383099 20.242 0.029 53699.383932 20.154 0.034 53699.385599 20.098 0.114 49.220057 -0.116163
53704.347251 20.868 0.127 53704.348917 20.662 0.031 53704.345584 20.182 0.03 53704.346417 20.117 0.043 53704.348084 20.057 0.167 49.220057 -0.116163
53989.443295 21.936 0.424 53989.444962 20.902 0.076 53989.441629 20.405 0.049 53989.442462 20.367 0.051 53989.444129 20.267 0.111 49.220057 -0.116163
53997.46686 21.105 0.078 53997.468527 20.748 0.024 53997.465193 20.287 0.028 53997.466027 20.303 0.033 53997.467693 20.442 0.109 49.220057 -0.116163
54007.468922 21.329 0.109 54007.470589 20.728 0.025 54007.467255 20.265 0.025 54007.468089 20.251 0.034 54007.469755 20.274 0.116 49.220057 -0.116163
54009.392653 21.111 0.077 54009.39432 20.696 0.028 54009.390987 20.339 0.024 54009.39182 20.292 0.036 54009.393487 20.015 0.075 49.220057 -0.116163
54011.457167 21.058 0.072 54011.458834 20.774 0.025 54011.4555 20.284 0.027 54011.456334 20.261 0.03 54011.458 20.231 0.081 49.220057 -0.116163
54012.469958 21.156 0.123 54012.471625 20.752 0.036 54012.468291 20.348 0.034 54012.469125 20.327 0.048 54012.470791 19.991 0.112 49.220057 -0.116163
54348.454002 21.17 0.15 54348.455668 20.816 0.04 54348.452335 20.434 0.034 54348.453168 20.404 0.047 54348.454835 20.332 0.123 49.220057 -0.116163
54358.40971 21.497 0.146 54358.411377 20.96 0.034 54358.408044 20.424 0.031 54358.408877 20.424 0.048 54358.410544 20.392 0.162 49.220057 -0.116163
54365.442777 21.25 0.088 54365.444444 20.809 0.028 54365.441111 20.356 0.023 54365.441944 20.344 0.039 54365.443611 20.055 0.083 49.220057 -0.116163
54381.462343 21.456 0.14 54381.464009 20.851 0.031 54381.460676 20.426 0.03 54381.461509 20.319 0.038 54381.463176 20.331 0.127 49.220057 -0.116163
54386.454686 21.252 0.107 54386.456353 20.892 0.033 54386.453019 20.441 0.027 54386.453853 20.421 0.038 54386.455519 20.325 0.125 49.220057 -0.116163
54388.458911 21.61 0.155 54388.460578 20.902 0.033 54388.457245 20.393 0.028 54388.458078 20.39 0.039 54388.459745 20.091 0.097 49.220057 -0.116163
54404.430265 -99.99 99.999 54404.431931 -99.99 0.805 54404.428598 20.583 0.187 54404.429431 20.142 0.174 54404.431098 -99.99 99.999 49.220057 -0.116163
54406.366593 21.139 0.106 54406.368259 20.879 0.033 54406.364926 20.388 0.027 54406.365759 20.347 0.031 54406.367426 20.307 0.09 49.220057 -0.116163
54409.37143 21.363 0.107 54409.373097 20.856 0.033 54409.369763 20.374 0.026 54409.370597 20.398 0.039 54409.372263 20.161 0.099 49.220057 -0.116163
54412.392319 -99.99 0.196 54412.393986 20.834 0.046 54412.390653 20.432 0.038 54412.391486 20.326 0.051 54412.393153 20.305 0.194 49.220057 -0.116163
