51075.434654 18.966 0.021 51075.43632 18.902 0.01 51075.432987 18.672 0.009 51075.43382 18.742 0.013 51075.435487 18.84 0.05 48.662872 -0.047019
51818.404324 18.98 0.023 51818.40599 18.936 0.01 51818.402657 18.701 0.01 51818.40349 18.794 0.013 51818.405157 18.88 0.045 48.662872 -0.047019
52171.392484 19.476 0.031 52171.39415 19.265 0.011 52171.390817 18.941 0.011 52171.39165 19.037 0.014 52171.393317 19.167 0.049 48.662872 -0.047019
52173.368658 19.491 0.034 52173.370324 19.235 0.011 52173.366991 18.95 0.012 52173.367824 19.009 0.018 52173.369491 19.097 0.062 48.662872 -0.047019
52224.348824 19.391 0.028 52224.35049 19.189 0.011 52224.347157 18.876 0.011 52224.34799 18.996 0.014 52224.349657 19.093 0.044 48.662872 -0.047019
52234.305318 19.384 0.032 52234.306984 19.214 0.011 52234.303651 18.903 0.012 52234.304484 18.978 0.015 52234.306151 19.096 0.052 48.662872 -0.047019
52261.268673 -99.99 0.028 52261.270339 19.171 0.011 52261.267006 18.909 0.011 52261.267839 18.984 0.013 52261.269506 19.015 0.042 48.662872 -0.047019
52283.136048 19.395 0.034 52283.137714 -99.99 0.012 52283.134381 -99.99 0.013 52283.135214 -99.99 0.019 52283.136881 -99.99 0.066 48.662872 -0.047019
52287.14917 19.368 0.027 52287.150836 19.237 0.011 52287.147503 18.918 0.011 52287.148336 19.007 0.014 52287.150003 19.137 0.046 48.662872 -0.047019
52552.467862 19.363 0.028 52552.469528 19.223 0.011 52552.466195 18.939 0.011 52552.467028 19.043 0.014 52552.468695 19.15 0.053 48.662872 -0.047019
52557.442221 19.333 0.029 52557.443887 19.227 0.011 52557.440554 18.94 0.012 52557.441387 19 0.015 52557.443054 19.112 0.057 48.662872 -0.047019
52585.343551 19.411 0.027 52585.345217 19.221 0.01 52585.341884 18.937 0.011 52585.342717 18.996 0.014 52585.344384 18.994 0.043 48.662872 -0.047019
52908.416789 19.165 0.028 52908.418455 19.033 0.01 52908.415122 18.799 0.01 52908.415955 18.876 0.013 52908.417622 19.018 0.052 48.662872 -0.047019
52912.396228 19.148 0.025 52912.397894 19.042 0.01 52912.394561 18.805 0.01 52912.395394 18.865 0.013 52912.397061 18.97 0.042 48.662872 -0.047019
52934.348696 19.077 0.025 52934.350362 18.988 0.009 52934.347029 18.765 0.01 52934.347862 18.82 0.013 52934.349529 18.862 0.047 48.662872 -0.047019
52936.344622 19.115 0.024 52936.346288 18.957 0.009 52936.342955 18.776 0.01 52936.343788 18.815 0.013 52936.345455 18.85 0.041 48.662872 -0.047019
53270.408671 19.076 0.029 53270.410338 18.938 0.012 53270.407004 18.699 0.01 53270.407838 18.777 0.015 53270.409504 18.913 0.031 48.662872 -0.047019
53272.45862 18.968 0.024 53272.460286 18.898 0.009 53272.456953 18.702 0.01 53272.457786 18.799 0.013 53272.459453 18.842 0.039 48.662872 -0.047019
53286.427339 19.003 0.026 53286.429005 18.888 0.01 53286.425672 18.693 0.01 53286.426505 18.758 0.013 53286.428172 18.821 0.038 48.662872 -0.047019
53288.385833 18.957 0.024 53288.387499 18.881 0.009 53288.384166 18.693 0.01 53288.384999 18.766 0.012 53288.386666 18.854 0.039 48.662872 -0.047019
53294.433504 18.933 0.024 53294.43517 18.865 0.012 53294.431837 18.678 0.01 53294.43267 18.772 0.012 53294.434337 18.849 0.051 48.662872 -0.047019
53296.380561 18.93 0.029 53296.382228 18.894 0.016 53296.378895 18.686 0.019 53296.379728 18.749 0.024 53296.381395 18.944 0.049 48.662872 -0.047019
53298.43028 18.957 0.023 53298.431946 18.878 0.009 53298.428613 18.679 0.01 53298.429446 18.79 0.014 53298.431113 18.754 0.043 48.662872 -0.047019
53302.381502 18.948 0.025 53302.383168 18.887 0.012 53302.379835 18.683 0.011 53302.380668 18.787 0.013 53302.382335 18.859 0.038 48.662872 -0.047019
53312.337061 18.908 0.028 53312.338727 18.855 0.016 53312.335394 18.678 0.02 53312.336227 18.754 0.016 53312.337894 18.86 0.046 48.662872 -0.047019
53314.338233 18.947 0.026 53314.339899 18.832 0.01 53314.336566 18.694 0.01 53314.337399 18.769 0.014 53314.339066 18.778 0.043 48.662872 -0.047019
53319.326029 18.965 0.026 53319.327695 18.85 0.01 53319.324362 18.684 0.011 53319.325195 18.748 0.014 53319.326862 18.88 0.053 48.662872 -0.047019
53616.442584 19.024 0.028 53616.44425 19.002 0.01 53616.440917 18.744 0.01 53616.44175 18.862 0.014 53616.443417 19.011 0.055 48.662872 -0.047019
53626.419012 19.099 0.026 53626.420678 19.034 0.01 53626.417345 18.771 0.01 53626.418178 18.836 0.013 53626.419845 19.003 0.042 48.662872 -0.047019
53628.403877 19.101 0.028 53628.405543 18.979 0.011 53628.40221 18.799 0.012 53628.403043 18.846 0.015 53628.40471 18.954 0.059 48.662872 -0.047019
53639.450873 19.032 0.028 53639.452539 19.02 0.011 53639.449206 18.764 0.01 53639.450039 18.846 0.013 53639.451706 18.892 0.04 48.662872 -0.047019
53641.45004 19.062 0.029 53641.451706 19.005 0.012 53641.448373 18.764 0.011 53641.449206 18.862 0.015 53641.450873 -99.99 0.052 48.662872 -0.047019
53657.408924 19.125 0.035 53657.41059 19.041 0.013 53657.407257 18.808 0.014 53657.40809 18.841 0.02 53657.409757 18.89 0.06 48.662872 -0.047019
53663.393472 19.026 0.049 53663.395138 19.025 0.019 53663.391805 18.779 0.016 53663.392638 18.832 0.017 53663.394305 18.909 0.048 48.662872 -0.047019
53665.371444 19.077 0.034 53665.37311 19.024 0.013 53665.369777 18.771 0.012 53665.37061 18.85 0.015 53665.372277 18.894 0.042 48.662872 -0.047019
53666.463555 19.14 0.041 53666.465221 19.022 0.014 53666.461888 18.79 0.012 53666.462721 18.859 0.014 53666.464388 19.075 0.051 48.662872 -0.047019
53668.383073 19.082 0.036 53668.384739 19.019 0.013 53668.381406 18.775 0.013 53668.382239 18.858 0.017 53668.383906 18.905 0.058 48.662872 -0.047019
53669.470681 19.208 0.046 53669.472347 19.04 0.014 53669.469014 18.771 0.013 53669.469847 18.841 0.017 53669.471514 19.014 0.067 48.662872 -0.047019
53670.387925 19.102 0.034 53670.389591 19.052 0.014 53670.386258 18.785 0.016 53670.387091 18.876 0.017 53670.388758 19.011 0.07 48.662872 -0.047019
53673.355912 19.111 0.027 53673.357578 19.026 0.01 53673.354245 18.777 0.01 53673.355078 18.857 0.012 53673.356745 18.973 0.039 48.662872 -0.047019
53675.3528 19.105 0.027 53675.354466 19.044 0.01 53675.351133 18.77 0.011 53675.351966 18.858 0.014 53675.353633 19.006 0.051 48.662872 -0.047019
53680.360498 19.119 0.027 53680.362164 19.036 0.01 53680.358831 18.786 0.01 53680.359664 18.88 0.013 53680.361331 18.97 0.04 48.662872 -0.047019
53683.419046 19.094 0.052 53683.420712 19.12 0.019 53683.417379 -99.99 0.019 53683.418212 18.9 0.028 53683.419879 18.938 0.125 48.662872 -0.047019
53686.35993 19.144 0.045 53686.361596 19.063 0.018 53686.358263 18.775 0.015 53686.359096 18.804 0.016 53686.360763 18.994 0.052 48.662872 -0.047019
53693.362387 19.258 0.07 53693.364053 19.046 0.024 53693.36072 18.859 0.036 53693.361553 18.867 0.021 53693.36322 18.857 0.053 48.662872 -0.047019
53699.383223 19.229 0.035 53699.384889 19.063 0.012 53699.381556 18.798 0.011 53699.382389 18.848 0.013 53699.384056 19.01 0.046 48.662872 -0.047019
53704.345708 19.153 0.032 53704.347374 19.049 0.011 53704.344041 18.778 0.012 53704.344874 18.834 0.016 53704.346541 18.993 0.058 48.662872 -0.047019
53989.441837 19.475 0.05 53989.443504 19.227 0.022 53989.44017 18.928 0.017 53989.441004 19.066 0.018 53989.44267 19.14 0.044 48.662872 -0.047019
53997.465336 -99.99 0.031 53997.467003 19.252 0.016 53997.46367 18.914 0.017 53997.464503 18.993 0.018 53997.46617 19.03 0.034 48.662872 -0.047019
54000.417187 19.392 0.034 54000.418854 -99.99 0.024 54000.41552 18.92 0.019 54000.416354 19.018 0.024 54000.41802 19.116 0.056 48.662872 -0.047019
54007.46738 19.424 0.035 54007.469047 19.237 0.017 54007.465714 18.91 0.015 54007.466547 18.988 0.02 54007.468214 19.118 0.044 48.662872 -0.047019
54009.391104 19.348 0.029 54009.392771 19.206 0.019 54009.389437 18.884 0.016 54009.390271 18.989 0.017 54009.391937 19.096 0.035 48.662872 -0.047019
54011.455591 19.39 0.038 54011.457257 19.251 0.016 54011.453924 18.927 0.014 54011.454757 19.011 0.019 54011.456424 19.099 0.035 48.662872 -0.047019
54012.468392 19.419 0.053 54012.470059 19.189 0.019 54012.466725 18.942 0.02 54012.467559 19.01 0.024 54012.469225 19.096 0.05 48.662872 -0.047019
54019.450682 19.451 0.066 54019.452348 19.194 0.019 54019.449015 18.899 0.017 54019.449848 18.99 0.02 54019.451515 19.069 0.056 48.662872 -0.047019
54025.454594 19.339 0.032 54025.456261 19.222 0.018 54025.452928 18.888 0.014 54025.453761 18.989 0.02 54025.455428 18.981 0.046 48.662872 -0.047019
54346.448362 19.144 0.038 54346.450028 19.055 0.019 54346.446695 18.757 0.019 54346.447528 18.825 0.02 54346.449195 18.856 0.036 48.662872 -0.047019
54348.452394 19.154 0.03 54348.454061 19.073 0.02 54348.450727 18.775 0.016 54348.451561 18.889 0.019 54348.453227 18.957 0.038 48.662872 -0.047019
54358.40824 19.217 0.034 54358.409907 19.043 0.019 54358.406573 18.79 0.017 54358.407407 18.774 0.024 54358.409073 18.979 0.045 48.662872 -0.047019
54365.441236 19.21 0.025 54365.442902 19.087 0.017 54365.439569 18.793 0.016 54365.440402 19.015 0.022 54365.442069 18.938 0.036 48.662872 -0.047019
54381.460793 19.151 0.024 54381.462459 19.085 0.02 54381.459126 18.795 0.018 54381.459959 18.856 0.017 54381.461626 18.954 0.037 48.662872 -0.047019
54386.453145 19.254 0.03 54386.454812 19.129 0.021 54386.451479 18.82 0.012 54386.452312 18.879 0.015 54386.453979 18.986 0.036 48.662872 -0.047019
54388.457368 19.186 0.034 54388.459035 19.112 0.02 54388.455702 18.802 0.017 54388.456535 18.843 0.016 54388.458202 18.905 0.037 48.662872 -0.047019
54392.454933 -99.99 0.056 54392.4566 19.07 0.019 54392.453266 18.823 0.017 54392.4541 18.843 0.019 54392.455766 19.01 0.048 48.662872 -0.047019
54403.371204 19.225 0.061 54403.372871 19.127 0.03 54403.369537 18.794 0.017 54403.370371 18.862 0.024 54403.372037 -99.99 0.09 48.662872 -0.047019
54404.428709 -99.99 0.112 54404.430376 -99.99 0.13 54404.427042 18.835 0.012 54404.427876 18.862 0.021 54404.429542 -99.99 0.118 48.662872 -0.047019
54406.365034 19.279 0.031 54406.366701 19.125 0.013 54406.363368 18.784 0.013 54406.364201 18.879 0.021 54406.365868 18.975 0.031 48.662872 -0.047019
54409.369867 19.339 0.028 54409.371534 19.111 0.014 54409.368201 18.827 0.017 54409.369034 18.91 0.02 54409.370701 18.895 0.036 48.662872 -0.047019
54412.39077 19.35 0.041 54412.392437 19.133 0.023 54412.389104 18.802 0.019 54412.389937 18.882 0.025 54412.391604 18.962 0.056 48.662872 -0.047019
