51081.421334 20.457 0.078 51081.423 20.354 0.027 51081.419667 20.224 0.03 51081.4205 19.989 0.04 51081.422167 19.909 0.116 49.731038 0.932704
51875.236304 20.773 0.079 51875.23797 20.47 0.025 51875.234637 20.345 0.03 51875.23547 20.099 0.038 51875.237137 20.206 0.149 49.731038 0.932704
52171.468727 21.123 0.1 52171.470393 20.821 0.03 52171.46706 20.622 0.033 52171.467893 20.349 0.04 52171.46956 20.398 0.142 49.731038 0.932704
52225.317125 21.018 0.094 52225.318791 20.925 0.033 52225.315458 20.713 0.038 52225.316291 20.408 0.043 52225.317958 20.299 0.13 49.731038 0.932704
52288.151549 21.163 0.11 52288.153215 21.109 0.038 52288.149882 20.831 0.045 52288.150715 20.504 0.048 52288.152382 20.563 0.163 49.731038 0.932704
52551.424833 21.41 0.151 52551.426499 21.238 0.049 52551.423166 20.959 0.052 52551.423999 20.751 0.07 52551.425666 20.485 0.168 49.731038 0.932704
52558.457706 21.344 0.118 52558.459372 21.254 0.039 52558.456039 20.901 0.044 52558.456872 20.524 0.049 52558.458539 20.405 0.157 49.731038 0.932704
52578.329316 21.541 0.131 52578.330982 21.165 0.035 52578.327649 20.932 0.04 52578.328482 20.672 0.047 52578.330149 20.742 0.168 49.731038 0.932704
52585.292296 21.223 0.112 52585.293962 21.272 0.041 52585.290629 20.781 0.041 52585.291462 20.621 0.06 52585.293129 20.553 0.225 49.731038 0.932704
52909.458928 21.421 0.123 52909.460594 21.3 0.04 52909.457261 20.969 0.043 52909.458094 20.733 0.057 52909.459761 20.753 0.2 49.731038 0.932704
52935.356341 21.509 0.152 52935.358007 21.227 0.043 52935.354674 20.99 0.06 52935.355507 20.675 0.072 52935.357174 20.762 0.269 49.731038 0.932704
52963.279421 21.254 0.113 52963.281087 21.223 0.04 52963.277754 20.984 0.046 52963.278587 20.705 0.059 52963.280254 20.801 0.22 49.731038 0.932704
53351.201725 21.877 0.233 53351.203391 21.44 0.062 53351.200058 21.119 0.065 53351.200891 20.606 0.061 53351.202558 21.04 0.372 49.731038 0.932704
53622.458773 21.54 0.129 53622.460439 21.252 0.036 53622.457106 20.914 0.036 53622.457939 20.721 0.045 53622.459606 21.149 0.208 49.731038 0.932704
53627.415872 21.531 0.164 53627.417538 21.262 0.045 53627.414205 20.916 0.048 53627.415038 20.569 0.055 53627.416705 20.604 0.184 49.731038 0.932704
53634.408244 21.048 0.268 53634.40991 21.557 0.244 53634.406577 21.008 0.101 53634.40741 20.936 0.106 53634.409077 20.588 0.267 49.731038 0.932704
53638.449581 21.465 0.308 53638.451247 21.384 0.098 53638.447914 20.944 0.074 53638.448747 20.641 0.086 53638.450414 20.662 0.315 49.731038 0.932704
53640.413617 21.839 0.267 53640.415283 21.231 0.054 53640.41195 20.866 0.053 53640.412783 20.708 0.067 53640.41445 20.744 0.24 49.731038 0.932704
53643.456091 21.763 0.262 53643.457757 21.419 0.062 53643.454424 21.001 0.06 53643.455257 20.677 0.07 53643.456924 20.829 0.274 49.731038 0.932704
53646.475026 21.839 0.262 53646.476692 -99.99 0.086 53646.473359 21.085 0.059 53646.474192 20.867 0.078 53646.475859 21.069 0.312 49.731038 0.932704
53657.458044 21.534 0.203 53657.45971 21.512 0.061 53657.456377 21.055 0.058 53657.45721 20.758 0.066 53657.458877 20.831 0.242 49.731038 0.932704
53663.475439 21.989 0.903 53663.477105 21.448 0.225 53663.473772 21.13 0.14 53663.474605 20.747 0.114 53663.476272 20.881 0.326 49.731038 0.932704
53665.475373 21.811 0.608 53665.477039 21.456 0.141 53665.473706 20.919 0.111 53665.474539 20.619 0.101 53665.476206 20.458 0.295 49.731038 0.932704
53669.369992 21.304 0.202 53669.371658 21.304 0.07 53669.368325 20.981 0.078 53669.369158 20.716 0.089 53669.370825 21.036 0.368 49.731038 0.932704
53670.469959 21.526 0.421 53670.471625 21.35 0.094 53670.468292 20.986 0.113 53670.469125 20.535 0.099 53670.470792 20.763 0.367 49.731038 0.932704
53671.454736 21.669 0.219 53671.456402 21.456 0.057 53671.453069 21.087 0.061 53671.453902 20.813 0.07 53671.455569 20.96 0.245 49.731038 0.932704
53674.35423 21.819 0.282 53674.355896 21.571 0.074 53674.352563 21.026 0.069 53674.353396 20.668 0.084 53674.355063 21.046 0.398 49.731038 0.932704
53676.44368 -99.99 0.293 53676.445346 21.406 0.053 53676.442013 21.033 0.069 53676.442846 20.637 0.066 53676.444513 -99.99 0.274 49.731038 0.932704
53679.415584 21.859 0.29 53679.41725 21.478 0.06 53679.413917 21.119 0.08 53679.41475 20.771 0.094 53679.416417 21.465 0.521 49.731038 0.932704
53684.368596 22.032 0.435 53684.370262 21.521 0.091 53684.366929 21.207 0.104 53684.367762 20.805 0.125 53684.369429 -99.99 0.335 49.731038 0.932704
53694.380057 21.392 0.418 53694.381723 -99.99 0.163 53694.37839 21.008 0.106 53694.379223 20.68 0.096 53694.38089 20.687 0.286 49.731038 0.932704
53700.36308 21.606 0.221 53700.364746 21.512 0.058 53700.361413 21.117 0.066 53700.362246 20.787 0.083 53700.363913 20.544 0.227 49.731038 0.932704
53705.349751 21.69 0.362 53705.351417 21.388 0.064 53705.348084 21.3 0.089 53705.348917 20.786 0.112 53705.350584 20.433 0.243 49.731038 0.932704
53975.434777 21.465 0.212 53975.436444 21.534 0.068 53975.43311 21.081 0.078 53975.433944 20.828 0.083 53975.43561 20.779 0.303 49.731038 0.932704
53994.457803 21.695 0.167 53994.45947 21.541 0.071 53994.456136 20.974 0.049 53994.45697 20.843 0.061 53994.458636 20.589 0.159 49.731038 0.932704
53996.441545 21.525 0.205 53996.443211 21.356 0.052 53996.439878 21.067 0.058 53996.440711 20.596 0.077 53996.442378 21.862 0.636 49.731038 0.932704
54005.454651 21.639 0.156 54005.456318 21.42 0.042 54005.452985 21.006 0.047 54005.453818 20.782 0.059 54005.455485 20.94 0.23 49.731038 0.932704
54009.468482 21.657 0.143 54009.470149 21.413 0.038 54009.466815 21.118 0.046 54009.467649 20.754 0.053 54009.469315 20.762 0.163 49.731038 0.932704
54012.38847 21.765 0.298 54012.390137 21.327 0.079 54012.386804 21.131 0.084 54012.387637 20.771 0.096 54012.389304 20.867 0.298 49.731038 0.932704
54020.42654 21.869 0.437 54020.428206 21.344 0.089 54020.424873 21.172 0.087 54020.425706 20.968 0.098 54020.427373 21.433 0.448 49.731038 0.932704
54024.476053 22.091 0.463 54024.47772 21.418 0.072 54024.474387 21.227 0.093 54024.47522 20.903 0.104 54024.476887 20.886 0.305 49.731038 0.932704
54028.464344 21.617 0.201 54028.46601 21.403 0.056 54028.462677 21.099 0.058 54028.46351 20.828 0.077 54028.465177 21.012 0.3 49.731038 0.932704
54030.419756 21.691 0.162 54030.421422 21.538 0.063 54030.418089 21.129 0.055 54030.418922 20.75 0.069 54030.420589 21.34 0.363 49.731038 0.932704
54035.463765 21.9 0.286 54035.465432 21.564 0.062 54035.462099 21.131 0.07 54035.462932 20.783 0.076 54035.464599 22.117 0.908 49.731038 0.932704
54037.369223 21.644 0.14 54037.37089 21.505 0.041 54037.367556 21.148 0.048 54037.36839 20.896 0.059 54037.370056 20.498 0.131 49.731038 0.932704
54040.383698 22.249 0.248 54040.385365 21.489 0.042 54040.382031 21.041 0.051 54040.382865 20.925 0.078 54040.384531 20.545 0.183 49.731038 0.932704
54041.419236 21.46 0.149 54041.420902 21.443 0.049 54041.417569 20.991 0.054 54041.418402 -99.99 0.073 54041.420069 21.139 0.276 49.731038 0.932704
54047.414268 21.62 0.633 54047.415935 21.61 0.25 54047.412602 20.899 0.112 54047.413435 20.787 0.117 54047.415102 20.889 0.334 49.731038 0.932704
54050.37033 21.139 0.288 54050.371996 -99.99 0.158 54050.368663 21.157 0.111 54050.369496 20.557 0.095 54050.371163 21.907 1.213 49.731038 0.932704
54056.376167 21.613 0.188 54056.377834 21.578 0.059 54056.374501 21.13 0.062 54056.375334 20.943 0.082 54056.377001 20.663 0.216 49.731038 0.932704
54059.370478 21.543 0.233 54059.372145 21.484 0.053 54059.368812 21.076 0.071 54059.369645 20.935 0.112 54059.371312 20.836 0.327 49.731038 0.932704
54062.375325 21.715 0.175 54062.376991 21.5 0.041 54062.373658 -99.99 0.055 54062.374491 20.767 0.071 54062.376158 20.806 0.218 49.731038 0.932704
54357.413729 -99.99 0.135 54357.415396 21.363 0.042 54357.412062 21.135 0.052 54357.412896 20.825 0.056 54357.414562 20.518 0.132 49.731038 0.932704
54362.463445 21.625 0.137 54362.465112 21.391 0.035 54362.461779 21.107 0.044 54362.462612 20.81 0.055 54362.464279 21.077 0.304 49.731038 0.932704
54376.458531 21.886 0.249 54376.460198 21.486 0.061 54376.456865 20.988 0.062 54376.457698 20.774 0.064 54376.459365 21.128 0.277 49.731038 0.932704
54382.443676 21.576 0.242 54382.445343 21.468 0.053 54382.442009 21.165 0.063 54382.442843 20.809 0.076 54382.444509 20.764 0.241 49.731038 0.932704
54385.461503 21.763 0.239 54385.46317 21.432 0.045 54385.459836 21.094 0.055 54385.46067 20.844 0.064 54385.462336 21.233 0.267 49.731038 0.932704
54387.461971 -99.99 0.178 54387.463638 21.387 0.054 54387.460304 21.058 0.057 54387.461138 20.774 0.066 54387.462804 21.565 0.498 49.731038 0.932704
54390.454386 -99.99 3.482 54390.456053 -99.99 0.404 54390.452719 -99.99 0.098 54390.453553 -99.99 0.401 54390.455219 -99.99 99.999 49.731038 0.932704
54391.462785 21.806 0.491 54391.464451 21.547 0.089 54391.461118 21.25 0.129 54391.461951 20.841 0.127 54391.463618 20.346 0.264 49.731038 0.932704
54402.455173 99.967 99.999 54402.45684 -99.99 0.239 54402.453506 21.102 0.131 54402.45434 20.923 0.139 54402.456006 21.301 0.515 49.731038 0.932704
