51081.294641 20.928 0.107 51081.296307 -99.99 0.051 51081.292974 20.255 0.038 51081.293807 20.174 0.052 51081.295474 20.115 0.16 3.995203 -1.162259
51819.365792 20.828 0.093 51819.367458 20.846 0.042 51819.364125 20.254 0.029 51819.364958 20.166 0.04 51819.366625 20.023 0.123 3.995203 -1.162259
52558.331043 -99.99 0.091 52558.332709 20.78 0.036 52558.329376 20.201 0.03 52558.330209 20.003 0.035 52558.331876 19.782 0.087 3.995203 -1.162259
52577.218543 20.824 0.076 52577.220209 20.827 0.041 52577.216876 20.268 0.029 52577.217709 20.044 0.035 52577.219376 19.846 0.125 3.995203 -1.162259
52586.222023 20.787 0.071 52586.223689 20.803 0.034 52586.220356 20.172 0.027 52586.221189 20.005 0.035 52586.222856 19.992 0.137 3.995203 -1.162259
52910.302503 20.707 0.063 52910.304169 20.71 0.032 52910.300836 20.225 0.024 52910.301669 20.042 0.03 52910.303336 19.853 0.084 3.995203 -1.162259
52931.232705 20.881 0.095 52931.234371 20.68 0.036 52931.231038 20.209 0.03 52931.231871 19.983 0.035 52931.233538 19.825 0.095 3.995203 -1.162259
52935.229668 20.736 0.073 52935.231334 20.695 0.031 52935.228001 20.164 0.027 52935.228834 19.986 0.032 52935.230501 19.987 0.108 3.995203 -1.162259
52959.172997 20.74 0.064 52959.174663 20.692 0.03 52959.17133 20.167 0.025 52959.172163 20.019 0.029 52959.17383 19.847 0.081 3.995203 -1.162259
52963.15274 20.696 0.055 52963.154406 20.744 0.029 52963.151073 20.16 0.022 52963.151906 19.985 0.026 52963.153573 19.871 0.072 3.995203 -1.162259
53352.123806 20.827 0.071 53352.125472 21.004 0.038 53352.122139 20.341 0.028 53352.122972 20.201 0.035 53352.124639 19.872 0.096 3.995203 -1.162259
53622.332107 20.69 0.105 53622.333773 20.907 0.051 53622.33044 20.331 0.039 53622.331273 20.239 0.065 53622.33294 19.941 0.159 3.995203 -1.162259
53634.281578 20.734 0.24 53634.283244 20.748 0.107 53634.279911 20.27 0.065 53634.280744 20.13 0.067 53634.282411 19.924 0.141 3.995203 -1.162259
53638.322912 20.973 0.108 53638.324578 20.9 0.044 53638.321245 20.299 0.028 53638.322078 20.159 0.033 53638.323745 20.07 0.146 3.995203 -1.162259
53640.286948 -99.99 0.533 53640.288614 -99.99 0.053 53640.285281 -99.99 0.104 53640.286114 -99.99 0.837 53640.287781 -99.99 0.229 3.995203 -1.162259
53655.259118 -99.99 0.128 53655.260784 20.894 0.081 53655.257451 -99.99 0.051 53655.258284 20.172 0.063 53655.259951 -99.99 0.182 3.995203 -1.162259
53664.284075 20.859 0.185 53664.285741 21.034 0.084 53664.282408 20.28 0.049 53664.283241 20.108 0.05 53664.284908 20.175 0.16 3.995203 -1.162259
53666.247679 20.823 0.098 53666.249345 20.906 0.047 53666.246012 20.25 0.028 53666.246845 20.1 0.034 53666.248512 19.929 0.106 3.995203 -1.162259
53669.243318 20.823 0.078 53669.244984 20.841 0.032 53669.241651 20.248 0.027 53669.242484 20.107 0.036 53669.244151 20.153 0.121 3.995203 -1.162259
53671.32809 20.576 0.102 53671.329756 20.779 0.048 53671.326423 20.228 0.039 53671.327256 20.043 0.045 53671.328923 20.125 0.156 3.995203 -1.162259
53674.227554 20.828 0.084 53674.22922 20.854 0.037 53674.225887 20.265 0.028 53674.22672 20.167 0.036 53674.228387 20.193 0.118 3.995203 -1.162259
53676.317033 20.886 0.102 53676.318699 20.906 0.037 53676.315366 20.266 0.03 53676.316199 20.134 0.034 53676.317866 20.23 0.129 3.995203 -1.162259
53679.288924 20.595 0.092 53679.29059 20.851 0.047 53679.287257 20.276 0.039 53679.28809 20.06 0.047 53679.289757 20.144 0.181 3.995203 -1.162259
53681.280437 20.64 0.086 53681.282103 20.946 0.045 53681.27877 20.236 0.031 53681.279603 20.128 0.036 53681.28127 20.024 0.114 3.995203 -1.162259
53697.23746 20.671 0.088 53697.239126 20.748 0.038 53697.235793 20.216 0.027 53697.236626 20.137 0.033 53697.238293 19.938 0.096 3.995203 -1.162259
53700.236419 20.805 0.098 53700.238085 20.858 0.049 53700.234752 20.215 0.033 53700.235585 20.166 0.042 53700.237252 19.863 0.115 3.995203 -1.162259
53705.223088 -99.99 0.079 53705.224754 20.762 0.037 53705.221421 20.221 0.028 53705.222254 20.112 0.034 53705.223921 19.93 0.094 3.995203 -1.162259
53975.308083 20.788 0.084 53975.309749 21.013 0.045 53975.306416 20.298 0.03 53975.307249 20.247 0.046 53975.308916 20.157 0.127 3.995203 -1.162259
53990.320972 20.956 0.172 53990.322638 21.001 0.084 53990.319305 20.357 0.044 53990.320138 20.221 0.045 53990.321805 20.206 0.138 3.995203 -1.162259
53994.331073 20.809 0.065 53994.332739 21.015 0.039 53994.329406 20.39 0.027 53994.330239 20.24 0.033 53994.331906 20.1 0.106 3.995203 -1.162259
53996.314816 -99.99 0.102 53996.316483 20.912 0.049 53996.31315 20.364 0.035 53996.313983 20.29 0.056 53996.31565 20.209 0.15 3.995203 -1.162259
53998.283463 20.835 0.064 53998.28513 20.98 0.036 53998.281797 20.422 0.028 53998.28263 20.178 0.029 53998.284297 19.934 0.079 3.995203 -1.162259
54005.313685 20.81 0.079 54005.315352 21.104 0.037 54005.312018 20.355 0.025 54005.312852 20.198 0.032 54005.314518 20.192 0.095 3.995203 -1.162259
54010.268962 20.804 0.095 54010.270629 20.974 0.055 54010.267296 20.431 0.035 54010.268129 20.158 0.038 54010.269796 20.152 0.091 3.995203 -1.162259
54012.261771 -99.99 0.23 54012.263437 20.996 0.093 54012.260104 20.416 0.05 54012.260937 20.128 0.049 54012.262604 20.201 0.116 3.995203 -1.162259
54020.267768 20.802 0.148 54020.269434 21.066 0.073 54020.266101 20.172 0.092 54020.266934 20.201 0.064 54020.268601 20.49 0.216 3.995203 -1.162259
54024.349343 21.02 0.132 54024.35101 -99.99 0.061 54024.347677 20.389 0.052 54024.34851 20.176 0.046 54024.350177 19.854 0.136 3.995203 -1.162259
54030.261327 20.961 0.08 54030.262993 21.063 0.046 54030.25966 20.34 0.024 54030.260493 20.19 0.029 54030.26216 20.069 0.095 3.995203 -1.162259
54035.337096 21.21 0.264 54035.338762 21.043 0.07 54035.335429 20.46 0.064 54035.336262 20.3 0.073 54035.337929 20.078 0.177 3.995203 -1.162259
54037.242672 -99.99 0.08 54037.244338 21.071 0.044 54037.241005 20.367 0.031 54037.241838 20.186 0.039 54037.243505 19.901 0.086 3.995203 -1.162259
54040.257036 21.134 0.202 54040.258703 21.107 0.108 54040.255369 20.317 0.049 54040.256203 20.214 0.052 54040.257869 19.937 0.121 3.995203 -1.162259
54047.287706 -99.99 0.665 54047.289373 21.419 0.335 54047.286039 20.295 0.088 54047.286873 -99.99 0.12 54047.288539 19.701 0.197 3.995203 -1.162259
54049.283522 -99.99 0.269 54049.285189 20.968 0.127 54049.281855 20.306 0.058 54049.282689 20.251 0.064 54049.284355 19.953 0.177 3.995203 -1.162259
54053.24794 20.824 0.081 54053.249607 21.16 0.05 54053.246274 20.357 0.032 54053.247107 20.263 0.039 54053.248774 20.068 0.113 3.995203 -1.162259
54056.249491 -99.99 0.134 54056.251157 -99.99 0.06 54056.247824 20.338 0.053 54056.248657 20.182 0.071 54056.250324 20.557 0.322 3.995203 -1.162259
54059.243792 -99.99 0.115 54059.245458 -99.99 0.065 54059.242125 20.323 0.105 54059.242958 20.258 0.081 54059.244625 19.935 0.136 3.995203 -1.162259
54062.248718 -99.99 0.136 54062.250385 21.121 0.077 54062.247051 20.392 0.047 54062.247885 20.249 0.059 54062.249551 20.163 0.192 3.995203 -1.162259
54068.229237 -99.99 0.176 54068.230904 20.958 0.125 54068.227571 20.443 0.068 54068.228404 20.229 0.064 54068.230071 20.457 0.232 3.995203 -1.162259
54357.286971 21.036 0.077 54357.288637 21.169 0.048 54357.285304 20.465 0.031 54357.286137 20.331 0.038 54357.287804 20.298 0.124 3.995203 -1.162259
54362.336823 -99.99 0.097 54362.338489 21.133 0.042 54362.335156 -99.99 99.999 54362.335989 -99.99 0.085 54362.337656 20.36 0.163 3.995203 -1.162259
54382.317043 20.886 0.097 54382.31871 21.12 0.055 54382.315376 20.478 0.043 54382.31621 20.429 0.058 54382.317876 19.894 0.129 3.995203 -1.162259
54385.334847 -99.99 0.099 54385.336513 21.13 0.048 54385.33318 20.49 0.03 54385.334013 20.389 0.04 54385.33568 20.087 0.106 3.995203 -1.162259
54387.335295 21.251 0.145 54387.336962 21.161 0.074 54387.333629 20.409 0.034 54387.334462 20.374 0.045 54387.336129 20.119 0.148 3.995203 -1.162259
54392.330062 20.98 0.124 54392.331728 21.198 0.059 54392.328395 20.502 0.041 54392.329228 20.344 0.05 54392.330895 20.353 0.184 3.995203 -1.162259
