51075.433119 19.105 0.023 51075.434785 18.63 0.008 51075.431452 18.657 0.009 51075.432285 18.551 0.011 51075.433952 18.69 0.042 48.108846 -0.619174
51081.41683 19.108 0.029 51081.418496 18.59 0.008 51081.415163 18.639 0.01 51081.415996 18.509 0.012 51081.417663 18.525 0.034 48.108846 -0.619174
51818.402783 19.393 0.033 51818.404449 18.85 0.01 51818.401116 18.898 0.013 51818.401949 18.745 0.014 51818.403616 18.756 0.039 48.108846 -0.619174
52171.390894 19.956 0.049 52171.39256 19.332 0.012 52171.389227 19.405 0.015 52171.39006 19.138 0.015 52171.391727 19.044 0.044 48.108846 -0.619174
52173.367125 20.006 0.057 52173.368791 19.311 0.012 52173.365458 19.419 0.017 52173.366291 19.096 0.017 52173.367958 19.165 0.067 48.108846 -0.619174
52224.347282 20.042 0.048 52224.348948 19.347 0.012 52224.345615 19.414 0.014 52224.346448 19.155 0.014 52224.348115 19.231 0.049 48.108846 -0.619174
52234.303783 19.984 0.057 52234.305449 19.383 0.013 52234.302116 19.378 0.016 52234.302949 19.185 0.016 52234.304616 19.085 0.048 48.108846 -0.619174
52261.267138 19.846 0.045 52261.268804 19.242 0.011 52261.265471 19.314 0.014 52261.266304 19.112 0.014 52261.267971 19.088 0.041 48.108846 -0.619174
52283.134512 19.742 0.048 52283.136178 19.199 0.013 52283.132845 19.256 0.018 52283.133678 18.996 0.019 52283.135345 18.941 0.061 48.108846 -0.619174
52287.147635 19.827 0.041 52287.149301 19.201 0.011 52287.145968 19.208 0.013 52287.146801 19.054 0.014 52287.148468 19.106 0.045 48.108846 -0.619174
52552.466328 19.901 0.044 52552.467994 19.178 0.01 52552.464661 19.23 0.013 52552.465494 19.001 0.013 52552.467161 19.023 0.045 48.108846 -0.619174
52557.440687 19.867 0.043 52557.442353 19.207 0.011 52557.43902 19.247 0.014 52557.439853 19.033 0.015 52557.44152 19.082 0.054 48.108846 -0.619174
52585.342017 19.804 0.039 52585.343683 19.178 0.01 52585.34035 19.201 0.012 52585.341183 19.033 0.013 52585.34285 19.007 0.042 48.108846 -0.619174
52908.415254 19.445 0.034 52908.41692 18.902 0.009 52908.413587 18.922 0.011 52908.41442 18.796 0.012 52908.416087 18.894 0.04 48.108846 -0.619174
52909.454437 19.32 0.03 52909.456103 18.851 0.009 52909.45277 18.904 0.01 52909.453603 18.791 0.011 52909.45527 18.857 0.034 48.108846 -0.619174
52912.394693 19.361 0.048 52912.396359 18.871 0.009 52912.393026 18.938 0.011 52912.393859 18.764 0.012 52912.395526 18.794 0.036 48.108846 -0.619174
52934.347162 19.549 0.036 52934.348828 18.973 0.01 52934.345495 18.994 0.012 52934.346328 18.82 0.012 52934.347995 18.91 0.044 48.108846 -0.619174
52936.343087 19.535 0.035 52936.344753 18.979 0.009 52936.34142 18.98 0.012 52936.342253 18.846 0.012 52936.34392 18.827 0.038 48.108846 -0.619174
53270.40715 19.647 0.031 53270.408816 19.085 0.017 53270.405483 19.159 0.015 53270.406316 18.998 0.017 53270.407983 19.119 0.038 48.108846 -0.619174
53272.457086 19.659 0.042 53272.458752 19.101 0.01 53272.455419 19.142 0.012 53272.456252 18.975 0.013 53272.457919 18.991 0.045 48.108846 -0.619174
53286.425805 19.838 0.05 53286.427471 19.156 0.012 53286.424138 19.212 0.014 53286.424971 18.993 0.013 53286.426638 19.059 0.046 48.108846 -0.619174
53288.384297 19.822 0.045 53288.385963 19.152 0.011 53288.38263 19.217 0.013 53288.383463 18.993 0.013 53288.38513 19.012 0.041 48.108846 -0.619174
53294.43197 19.861 0.045 53294.433636 19.208 0.011 53294.430303 19.208 0.014 53294.431136 19.011 0.013 53294.432803 19.043 0.046 48.108846 -0.619174
53296.378993 19.843 0.054 53296.38066 19.179 0.03 53296.377326 19.235 0.021 53296.37816 19.016 0.018 53296.379826 19.069 0.047 48.108846 -0.619174
53298.428745 19.839 0.043 53298.430411 19.192 0.011 53298.427078 19.245 0.015 53298.427911 19.041 0.016 53298.429578 19.038 0.052 48.108846 -0.619174
53302.379966 19.867 0.059 53302.381632 19.197 0.015 53302.378299 19.273 0.018 53302.379132 19.022 0.016 53302.380799 19.003 0.042 48.108846 -0.619174
53312.335539 19.868 0.07 53312.337206 19.244 0.023 53312.333873 19.278 0.02 53312.334706 19.075 0.024 53312.336373 19.1 0.056 48.108846 -0.619174
53314.336697 19.963 0.056 53314.338363 19.243 0.014 53314.33503 19.31 0.016 53314.335863 19.077 0.015 53314.33753 19.064 0.053 48.108846 -0.619174
53319.324495 19.805 0.051 53319.326161 19.184 0.013 53319.322828 19.287 0.018 53319.323661 19.052 0.017 53319.325328 19.067 0.055 48.108846 -0.619174
53616.441049 19.929 0.053 53616.442715 19.263 0.013 53616.439382 19.284 0.014 53616.440215 19.065 0.014 53616.441882 19.038 0.047 48.108846 -0.619174
53626.417477 19.957 0.055 53626.419143 19.241 0.012 53626.41581 19.303 0.015 53626.416643 -99.99 0.025 53626.41831 19.065 0.044 48.108846 -0.619174
53628.402342 19.887 0.055 53628.404008 19.245 0.014 53628.400675 19.3 0.017 53628.401508 19.019 0.016 53628.403175 19.174 0.063 48.108846 -0.619174
53639.449338 19.823 0.051 53639.451004 19.223 0.013 53639.447671 19.246 0.014 53639.448504 19.098 0.014 53639.450171 19.072 0.044 48.108846 -0.619174
53641.448504 19.844 0.06 53641.45017 19.181 0.014 53641.446837 19.239 0.016 53641.44767 19.003 0.016 53641.449337 19.037 0.052 48.108846 -0.619174
53657.407389 19.659 0.059 53657.409055 19.165 0.015 53657.405722 19.161 0.02 53657.406555 18.962 0.021 53657.408222 18.892 0.065 48.108846 -0.619174
53663.391936 19.792 0.101 53663.393602 19.131 0.023 53663.390269 19.196 0.021 53663.391102 19.016 0.018 53663.392769 18.993 0.047 48.108846 -0.619174
53665.369908 19.718 0.063 53665.371574 19.097 0.015 53665.368241 19.157 0.016 53665.369074 19.028 0.015 53665.370741 18.957 0.044 48.108846 -0.619174
53666.46202 19.649 0.064 53666.463686 19.134 0.016 53666.460353 19.169 0.016 53666.461186 18.99 0.014 53666.462853 19.02 0.045 48.108846 -0.619174
53668.381537 19.689 0.066 53668.383203 19.165 0.015 53668.37987 19.181 0.017 53668.380703 18.956 0.018 53668.38237 18.969 0.056 48.108846 -0.619174
53669.469147 19.629 0.072 53669.470813 19.12 0.015 53669.46748 19.146 0.017 53669.468313 18.957 0.017 53669.46998 18.952 0.063 48.108846 -0.619174
53670.386389 19.612 0.069 53670.388055 19.078 0.015 53670.384722 19.137 0.031 53670.385555 18.9 0.024 53670.387222 18.941 0.06 48.108846 -0.619174
53673.354377 19.671 0.039 53673.356043 19.113 0.01 53673.35271 19.186 0.012 53673.353543 18.994 0.012 53673.35521 19.1 0.039 48.108846 -0.619174
53675.351264 19.678 0.043 53675.35293 19.126 0.011 53675.349597 19.148 0.014 53675.35043 18.973 0.014 53675.352097 18.976 0.048 48.108846 -0.619174
53680.358962 19.761 0.044 53680.360628 19.146 0.011 53680.357295 19.192 0.014 53680.358128 18.994 0.013 53680.359795 18.985 0.042 48.108846 -0.619174
53683.417512 19.723 0.087 53683.419178 19.153 0.02 53683.415845 19.191 0.028 53683.416678 18.964 0.027 53683.418345 19.139 0.133 48.108846 -0.619174
53686.358393 19.847 0.086 53686.360059 19.158 0.022 53686.356726 19.171 0.021 53686.357559 18.973 0.018 53686.359226 19.004 0.051 48.108846 -0.619174
53693.360853 19.788 0.126 53693.362519 19.13 0.026 53693.359186 19.181 0.024 53693.360019 18.934 0.021 53693.361686 19.077 0.069 48.108846 -0.619174
53694.375564 19.687 0.1 53694.37723 19.085 0.02 53694.373897 19.178 0.022 53694.37473 18.974 0.02 53694.376397 19.012 0.056 48.108846 -0.619174
53699.381688 19.707 0.057 53699.383354 19.146 0.015 53699.380021 19.166 0.018 53699.380854 19.01 0.02 53699.382521 18.951 0.044 48.108846 -0.619174
53704.344172 19.738 0.062 53704.345838 19.177 0.012 53704.342505 19.171 0.015 53704.343338 19.004 0.017 53704.345005 19.081 0.061 48.108846 -0.619174
53989.440296 19.551 0.058 53989.441963 19.141 0.019 53989.438629 19.178 0.022 53989.439463 19.017 0.019 53989.441129 19.125 0.043 48.108846 -0.619174
53997.46379 19.699 0.038 53997.465456 19.133 0.029 53997.462123 19.169 0.017 53997.462956 19.011 0.015 53997.464623 19.005 0.032 48.108846 -0.619174
54000.415645 19.657 0.041 54000.417311 19.138 0.027 54000.413978 19.155 0.02 54000.414811 19.005 0.017 54000.416478 19.013 0.049 48.108846 -0.619174
54007.465812 19.626 0.037 54007.467479 19.089 0.021 54007.464145 19.154 0.019 54007.464979 18.969 0.023 54007.466645 18.962 0.037 48.108846 -0.619174
54009.389579 19.578 0.03 54009.391246 19.081 0.02 54009.387912 19.133 0.019 54009.388746 19.007 0.017 54009.390412 19.034 0.035 48.108846 -0.619174
54011.45405 19.664 0.032 54011.455717 19.126 0.025 54011.452383 19.147 0.016 54011.453217 18.992 0.026 54011.454883 19.015 0.03 48.108846 -0.619174
54012.466862 19.613 0.039 54012.468529 19.075 0.025 54012.465195 19.111 0.021 54012.466029 18.953 0.022 54012.467695 18.987 0.048 48.108846 -0.619174
54019.44907 19.486 0.057 54019.450737 19.078 0.024 54019.447403 19.141 0.023 54019.448237 18.959 0.016 54019.449903 18.991 0.056 48.108846 -0.619174
54025.453075 19.654 0.047 54025.454741 19.077 0.016 54025.451408 19.072 0.016 54025.452241 18.954 0.018 54025.453908 18.93 0.044 48.108846 -0.619174
54346.446858 19.836 0.063 54346.448525 19.245 0.023 54346.445191 19.283 0.019 54346.446025 19.037 0.018 54346.447691 19.151 0.044 48.108846 -0.619174
54348.450826 19.903 0.055 54348.452492 19.271 0.018 54348.449159 19.291 0.017 54348.449992 19.128 0.018 54348.451659 19.036 0.044 48.108846 -0.619174
54358.406671 20.086 0.056 54358.408338 19.304 0.023 54358.405005 19.313 0.02 54358.405838 19.091 0.021 54358.407505 19.151 0.05 48.108846 -0.619174
54365.439729 20.086 0.042 54365.441395 19.324 0.018 54365.438062 19.381 0.016 54365.438895 19.142 0.018 54365.440562 19.089 0.039 48.108846 -0.619174
54381.459268 19.976 0.049 54381.460934 19.304 0.021 54381.457601 19.357 0.017 54381.458434 19.165 0.019 54381.460101 19.151 0.045 48.108846 -0.619174
54386.451595 19.934 0.048 54386.453261 19.312 0.018 54386.449928 19.433 0.033 54386.450761 -99.99 0.021 54386.452428 19.137 0.04 48.108846 -0.619174
54388.455868 -99.99 0.049 54388.457534 19.329 0.021 54388.454201 19.373 0.017 54388.455034 19.108 0.017 54388.456701 19.162 0.044 48.108846 -0.619174
54392.453463 19.951 0.054 54392.45513 19.314 0.025 54392.451797 19.383 0.022 54392.45263 19.126 0.025 54392.454297 19.143 0.051 48.108846 -0.619174
54403.369682 19.957 0.095 54403.371349 19.2 0.032 54403.368015 19.333 0.022 54403.368849 19.089 0.023 54403.370515 19.071 0.073 48.108846 -0.619174
54404.427171 19.975 0.079 54404.428837 -99.99 0.068 54404.425504 19.318 0.028 54404.426337 19.157 0.024 54404.428004 19.124 0.101 48.108846 -0.619174
54406.363484 20.018 0.048 54406.365151 19.258 0.018 54406.361817 19.314 0.017 54406.362651 19.179 0.021 54406.364317 19.181 0.036 48.108846 -0.619174
54409.368321 19.855 0.048 54409.369987 19.278 0.018 54409.366654 19.352 0.017 54409.367487 19.11 0.018 54409.369154 19.181 0.046 48.108846 -0.619174
54412.389229 19.843 0.064 54412.390896 19.271 0.018 54412.387563 19.328 0.022 54412.388396 19.096 0.022 54412.390063 19.083 0.064 48.108846 -0.619174
