51081.421462 21.74 0.211 51081.423128 21.001 0.04 51081.419795 20.634 0.04 51081.420628 20.305 0.047 51081.422295 19.722 0.118 49.7927 0.124202
51875.236429 21.656 0.149 51875.238095 20.82 0.031 51875.234762 20.495 0.032 51875.235595 20.224 0.038 51875.237262 19.867 0.125 49.7927 0.124202
52171.46889 21.059 0.092 52171.470556 20.669 0.025 52171.467223 20.268 0.024 52171.468056 20.09 0.028 52171.469723 19.832 0.098 49.7927 0.124202
52225.317295 21.33 0.117 52225.318961 20.823 0.028 52225.315628 20.33 0.026 52225.316461 20.148 0.03 52225.318128 19.88 0.098 49.7927 0.124202
52288.151719 21.188 0.117 52288.153385 20.718 0.029 52288.150052 20.316 0.029 52288.150885 20.115 0.031 52288.152552 19.631 0.086 49.7927 0.124202
52551.425004 21.63 0.188 52551.42667 20.906 0.038 52551.423337 20.417 0.033 52551.42417 20.242 0.043 52551.425837 19.934 0.127 49.7927 0.124202
52558.457877 21.58 0.147 52558.459543 20.827 0.029 52558.45621 20.379 0.029 52558.457043 20.265 0.037 52558.45871 19.839 0.111 49.7927 0.124202
52578.329486 21.772 0.153 52578.331152 20.906 0.029 52578.327819 20.498 0.028 52578.328652 20.271 0.03 52578.330319 20.119 0.105 49.7927 0.124202
52585.292467 21.639 0.157 52585.294133 20.803 0.031 52585.2908 20.488 0.031 52585.291633 20.271 0.041 52585.2933 20.099 0.155 49.7927 0.124202
52909.4591 21.444 0.126 52909.460766 20.834 0.028 52909.457433 20.489 0.027 52909.458266 20.292 0.032 52909.459933 19.815 0.095 49.7927 0.124202
52910.429342 -99.99 0.344 52910.431008 20.879 0.031 52910.427675 20.474 0.031 52910.428508 20.322 0.036 52910.430175 19.928 0.118 49.7927 0.124202
52935.356512 21.718 0.177 52935.358178 20.95 0.032 52935.354845 20.554 0.036 52935.355678 20.272 0.04 52935.357345 19.931 0.123 49.7927 0.124202
52963.27959 21.55 0.136 52963.281256 20.869 0.029 52963.277923 20.491 0.028 52963.278756 20.36 0.034 52963.280423 20.327 0.181 49.7927 0.124202
53351.201896 21.623 0.195 53351.203562 20.718 0.034 53351.200229 20.466 0.036 53351.201062 20.144 0.037 53351.202729 20.08 0.183 49.7927 0.124202
53622.458942 21.553 0.13 53622.460608 20.944 0.028 53622.457275 20.57 0.027 53622.458108 20.333 0.029 53622.459775 20.257 0.114 49.7927 0.124202
53627.416041 21.794 0.204 53627.417707 20.913 0.032 53627.414374 20.515 0.033 53627.415207 20.322 0.038 53627.416874 19.931 0.115 49.7927 0.124202
53634.408414 -99.99 0.324 53634.41008 20.72 0.114 53634.406747 20.498 0.065 53634.40758 20.284 0.056 53634.409247 19.738 0.149 49.7927 0.124202
53638.44975 -99.99 0.429 53638.451416 20.79 0.054 53638.448083 20.487 0.044 53638.448916 20.272 0.05 53638.450583 20.155 0.225 49.7927 0.124202
53640.413786 21.844 0.249 53640.415452 20.959 0.039 53640.412119 20.628 0.038 53640.412952 20.372 0.04 53640.414619 19.823 0.114 49.7927 0.124202
53643.456261 21.787 0.271 53643.457927 20.951 0.042 53643.454594 20.53 0.04 53643.455427 20.346 0.047 53643.457094 20.391 0.241 49.7927 0.124202
53646.475193 21.471 0.196 53646.476859 -99.99 0.051 53646.473526 20.529 0.037 53646.474359 20.358 0.041 53646.476026 19.878 0.139 49.7927 0.124202
53657.293938 20.835 0.452 53657.295604 20.971 0.17 53657.292271 20.453 0.104 53657.293104 20.154 0.101 53657.294771 19.722 0.209 49.7927 0.124202
53657.458227 21.063 0.145 53657.459893 20.886 0.038 53657.45656 20.523 0.037 53657.457393 20.327 0.041 53657.45906 20.076 0.155 49.7927 0.124202
53664.410915 25.852 1.16 53664.412581 20.847 0.204 53664.409248 -99.99 0.269 53664.410081 -99.99 0.189 53664.411748 19.958 0.32 49.7927 0.124202
53665.475541 22.368 0.877 53665.477207 21.028 0.08 53665.473874 20.484 0.06 53665.474707 20.391 0.06 53665.476374 20.273 0.223 49.7927 0.124202
53668.464158 22.435 0.887 53668.465824 -99.99 0.064 53668.462491 20.48 0.058 53668.463324 20.232 0.067 53668.464991 19.855 0.178 49.7927 0.124202
53669.370161 21.751 0.287 53669.371827 20.773 0.04 53669.368494 20.438 0.044 53669.369327 20.3 0.051 53669.370994 20.046 0.169 49.7927 0.124202
53670.470129 21.63 0.472 53670.471795 20.855 0.059 53670.468462 20.529 0.076 53670.469295 20.104 0.06 53670.470962 19.744 0.176 49.7927 0.124202
53671.454907 21.523 0.196 53671.456573 21.011 0.04 53671.45324 20.581 0.037 53671.454073 20.425 0.041 53671.45574 20.11 0.129 49.7927 0.124202
53674.354399 22.174 0.428 53674.356065 20.991 0.045 53674.352732 20.627 0.047 53674.353565 20.355 0.057 53674.355232 19.95 0.181 49.7927 0.124202
53676.44385 -99.99 0.32 53676.445516 20.899 0.038 53676.442183 20.491 0.044 53676.443016 20.239 0.042 53676.444683 20.067 0.2 49.7927 0.124202
53679.415755 21.514 0.198 53679.417421 20.995 0.037 53679.414088 20.6 0.046 53679.414921 20.402 0.055 53679.416588 19.854 0.142 49.7927 0.124202
53681.407268 22.143 0.426 53681.408934 20.909 0.04 53681.405601 20.531 0.04 53681.406434 20.364 0.042 53681.408101 19.854 0.132 49.7927 0.124202
53684.368767 -99.99 0.305 53684.370433 -99.99 0.056 53684.3671 20.484 0.054 53684.367933 20.345 0.07 53684.3696 20.177 0.38 49.7927 0.124202
53687.310083 22.399 1.727 53687.311749 21.561 0.3 53687.308416 20.491 0.083 53687.309249 20.211 0.068 53687.310916 -99.99 0.298 49.7927 0.124202
53694.380229 21.895 0.68 53694.381895 20.82 0.094 53694.378562 20.31 0.057 53694.379395 20.135 0.055 53694.381062 19.865 0.161 49.7927 0.124202
53696.372987 21.298 0.227 53696.374653 20.911 0.053 53696.37132 20.486 0.042 53696.372153 20.322 0.047 53696.37382 20.006 0.131 49.7927 0.124202
53697.364294 21.61 0.254 53697.36596 20.949 0.049 53697.362627 20.586 0.041 53697.36346 20.356 0.043 53697.365127 20.038 0.13 49.7927 0.124202
53700.36325 21.573 0.203 53700.364916 20.95 0.036 53700.361583 20.569 0.038 53700.362416 20.307 0.046 53700.364083 20.068 0.164 49.7927 0.124202
53705.34992 21.373 0.257 53705.351586 20.984 0.045 53705.348253 20.566 0.051 53705.349086 20.361 0.067 53705.350753 20.004 0.188 49.7927 0.124202
53975.434916 21.375 0.191 53975.436583 20.886 0.051 53975.433249 20.604 0.052 53975.434083 20.421 0.054 53975.435749 20.001 0.187 49.7927 0.124202
53994.457914 21.386 0.135 53994.45958 21.011 0.037 53994.456247 20.621 0.034 53994.45708 20.484 0.037 53994.458747 19.957 0.101 49.7927 0.124202
53996.441668 22.408 0.436 53996.443335 21.028 0.04 53996.440001 20.645 0.04 53996.440835 20.452 0.075 53996.442501 -99.99 0.152 49.7927 0.124202
54005.45492 21.964 0.204 54005.456587 21.118 0.034 54005.453254 20.664 0.032 54005.454087 20.444 0.036 54005.455754 20.146 0.122 49.7927 0.124202
54009.468716 21.971 0.189 54009.470383 21.038 0.027 54009.467049 20.597 0.028 54009.467883 20.499 0.035 54009.469549 20.271 0.113 49.7927 0.124202
54010.395804 21.929 0.159 54010.397471 21.101 0.029 54010.394138 20.737 0.037 54010.394971 20.513 0.036 54010.396638 20.077 0.088 49.7927 0.124202
54012.388618 21.532 0.242 54012.390284 21.01 0.056 54012.386951 20.777 0.06 54012.387784 20.582 0.066 54012.389451 19.877 0.125 49.7927 0.124202
54020.42669 21.806 0.418 54020.428356 21.038 0.067 54020.425023 20.599 0.047 54020.425856 20.564 0.061 54020.427523 20.06 0.142 49.7927 0.124202
54024.476202 22.13 0.49 54024.477869 20.983 0.047 54024.474535 20.712 0.056 54024.475369 20.569 0.07 54024.477035 20.013 0.161 49.7927 0.124202
54028.464492 21.502 0.176 54028.466159 -99.99 0.04 54028.462825 20.74 0.039 54028.463659 20.508 0.055 54028.465325 20.08 0.148 49.7927 0.124202
54030.419989 21.843 0.178 54030.421655 21.097 0.035 54030.418322 20.696 0.034 54030.419155 20.623 0.05 54030.420822 19.82 0.098 49.7927 0.124202
54035.463892 22.1 0.35 54035.465559 21.16 0.039 54035.462225 20.688 0.046 54035.463059 20.473 0.05 54035.464725 19.998 0.145 49.7927 0.124202
54037.369396 21.994 0.179 54037.371063 21.033 0.029 54037.36773 20.735 0.03 54037.368563 20.533 0.035 54037.37023 20.268 0.108 49.7927 0.124202
54040.383873 21.897 0.187 54040.385539 21.145 0.032 54040.382206 20.68 0.033 54040.383039 20.482 0.042 54040.384706 20.293 0.143 49.7927 0.124202
54041.419428 22.056 0.247 54041.421094 21.146 0.037 54041.417761 20.772 0.039 54041.418594 20.481 0.04 54041.420261 20.236 0.126 49.7927 0.124202
54047.414517 -99.99 4.434 54047.416183 21.203 0.162 54047.41285 20.609 0.088 54047.413683 20.39 0.071 54047.41535 20.06 0.172 49.7927 0.124202
54049.410335 21.16 0.249 54049.412002 21.201 0.087 54049.408668 20.824 0.073 54049.409502 20.542 0.061 54049.411168 20.158 0.161 49.7927 0.124202
54050.370527 21.607 0.464 54050.372193 21.279 0.108 54050.36886 20.745 0.073 54050.369693 20.668 0.094 54050.37136 20.481 0.366 49.7927 0.124202
54053.38999 21.486 0.214 54053.391656 -99.99 0.06 54053.388323 -99.99 0.062 54053.389156 -99.99 0.06 54053.390823 -99.99 0.175 49.7927 0.124202
54056.376323 21.758 0.206 54056.37799 -99.99 0.041 54056.374656 20.72 0.043 54056.37549 20.605 0.05 54056.377156 -99.99 0.167 49.7927 0.124202
54059.370623 24.297 2.833 54059.372289 21.149 0.041 54059.368956 20.788 0.05 54059.369789 20.602 0.074 54059.371456 20.998 0.408 49.7927 0.124202
54061.381713 22.316 0.475 54061.383379 21.173 0.051 54061.380046 20.715 0.06 54061.380879 20.577 0.076 54061.382546 19.604 0.114 49.7927 0.124202
54062.375568 21.978 0.218 54062.377235 21.201 0.034 54062.373902 20.729 0.034 54062.374735 20.517 0.042 54062.376402 20.117 0.118 49.7927 0.124202
54068.356099 21.395 0.267 54068.357766 21.153 0.076 54068.354433 20.662 0.059 54068.355266 20.434 0.065 54068.356933 19.838 0.167 49.7927 0.124202
54357.413838 21.972 0.217 54357.415505 21.114 0.036 54357.412171 20.681 0.038 54357.413005 20.587 0.041 54357.414671 20.031 0.103 49.7927 0.124202
54362.463655 21.861 0.17 54362.465322 21.125 0.033 54362.461989 20.75 0.031 54362.462822 20.531 0.038 54362.464489 20.088 0.104 49.7927 0.124202
54376.458742 22.162 0.32 54376.460409 21.145 0.044 54376.457075 20.706 0.043 54376.457909 20.525 0.042 54376.459575 20.323 0.133 49.7927 0.124202
54382.443892 21.953 0.316 54382.445559 21.061 0.039 54382.442226 20.668 0.038 54382.443059 20.477 0.056 54382.444726 19.932 0.129 49.7927 0.124202
54385.461643 21.873 0.267 54385.46331 21.048 0.035 54385.459976 20.632 0.036 54385.46081 20.383 0.043 54385.462476 20.061 0.113 49.7927 0.124202
54387.46212 21.936 0.347 54387.463787 21.058 0.042 54387.460453 20.673 0.04 54387.461287 20.428 0.044 54387.462953 20.251 0.183 49.7927 0.124202
54390.454638 -99.99 1.568 54390.456305 -99.99 0.155 54390.452972 20.632 0.083 54390.453805 -99.99 99.999 54390.455472 -99.99 9.617 49.7927 0.124202
54391.462963 -99.99 1.109 54391.464629 21.075 0.055 54391.461296 20.597 0.071 54391.462129 20.394 0.093 54391.463796 19.958 0.224 49.7927 0.124202
