51075.437869 21.055 0.106 51075.439535 20.66 0.029 51075.436202 20.239 0.03 51075.437035 20.225 0.051 51075.438702 20.175 0.172 49.822383 1.213801
51818.407494 21.345 0.128 51818.40916 21.06 0.037 51818.405827 20.787 0.043 51818.40666 20.617 0.06 51818.408327 20.579 0.199 49.822383 1.213801
52171.39562 20.743 0.082 52171.397286 20.572 0.025 52171.393953 20.242 0.025 52171.394786 20.223 0.036 52171.396453 20.297 0.148 49.822383 1.213801
52173.371938 20.686 0.086 52173.373604 20.558 0.028 52173.370271 20.183 0.027 52173.371104 20.301 0.048 52173.372771 20.361 0.191 49.822383 1.213801
52224.35203 20.971 0.089 52224.353696 20.642 0.025 52224.350363 20.243 0.024 52224.351196 20.343 0.04 52224.352863 20.454 0.16 49.822383 1.213801
52234.308529 21.122 0.127 52234.310195 20.708 0.03 52234.306862 20.254 0.029 52234.307695 20.234 0.044 52234.309362 20.115 0.129 49.822383 1.213801
52261.271884 20.81 0.083 52261.27355 20.642 0.026 52261.270217 20.243 0.025 52261.27105 20.371 0.04 52261.272717 20.25 0.119 49.822383 1.213801
52283.13926 20.602 0.095 52283.140926 20.561 0.03 52283.137593 20.132 0.034 52283.138426 20.196 0.058 52283.140093 20.355 0.238 49.822383 1.213801
52287.152383 20.796 0.078 52287.154049 20.553 0.027 52287.150716 20.152 0.026 52287.151549 20.197 0.038 52287.153216 20.081 0.125 49.822383 1.213801
52552.471074 20.947 0.085 52552.47274 20.549 0.024 52552.469407 20.205 0.026 52552.47024 20.185 0.041 52552.471907 20.12 0.134 49.822383 1.213801
52557.445432 20.847 0.083 52557.447098 20.587 0.025 52557.443765 20.25 0.028 52557.444598 20.282 0.048 52557.446265 20.18 0.158 49.822383 1.213801
52585.346762 20.95 0.076 52585.348428 20.657 0.023 52585.345095 20.314 0.027 52585.345928 20.288 0.042 52585.347595 20.085 0.121 49.822383 1.213801
52908.420001 21.103 0.103 52908.421667 20.928 0.035 52908.418334 20.5 0.033 52908.419167 20.511 0.056 52908.420834 20.219 0.151 49.822383 1.213801
52912.39944 21.246 0.127 52912.401106 20.898 0.034 52912.397773 20.555 0.034 52912.398606 20.545 0.053 52912.400273 20.24 0.15 49.822383 1.213801
52934.351908 21.367 0.136 52934.353574 20.994 0.036 52934.350241 20.573 0.036 52934.351074 20.514 0.057 52934.352741 20.477 0.223 49.822383 1.213801
52936.347834 21.465 0.131 52936.3495 20.994 0.033 52936.346167 20.556 0.035 52936.347 20.617 0.058 52936.348667 20.476 0.19 49.822383 1.213801
53270.411882 21.094 0.078 53270.413548 20.725 0.022 53270.410215 20.35 0.023 53270.411048 20.419 0.038 53270.412715 20.313 0.116 49.822383 1.213801
53272.46183 20.972 0.101 53272.463496 20.754 0.03 53272.460163 20.376 0.03 53272.460996 20.367 0.048 53272.462663 20.22 0.149 49.822383 1.213801
53286.43055 21.075 0.115 53286.432216 20.757 0.034 53286.428883 20.261 0.029 53286.429716 20.378 0.047 53286.431383 20.256 0.147 49.822383 1.213801
53288.389046 21.052 0.111 53288.390712 20.646 0.026 53288.387379 20.317 0.029 53288.388212 20.33 0.046 53288.389879 20.219 0.152 49.822383 1.213801
53296.383724 20.994 0.107 53296.385391 20.677 0.031 53296.382058 20.328 0.037 53296.382891 20.446 0.055 53296.384558 20.631 0.214 49.822383 1.213801
53298.433493 20.821 0.093 53298.435159 20.634 0.027 53298.431826 20.305 0.038 53298.432659 20.296 0.06 53298.434326 20.44 0.235 49.822383 1.213801
53302.384713 21.221 0.14 53302.386379 20.622 0.074 53302.383046 20.251 0.037 53302.383879 20.359 0.055 53302.385546 20.347 0.164 49.822383 1.213801
53312.340266 21.123 0.154 53312.341932 20.806 0.05 53312.338599 20.329 0.039 53312.339432 20.31 0.054 53312.341099 20.29 0.184 49.822383 1.213801
53314.341444 20.985 0.123 53314.34311 20.683 0.036 53314.339777 20.26 0.035 53314.34061 20.325 0.052 53314.342277 20.214 0.171 49.822383 1.213801
53319.329242 20.863 0.116 53319.330908 20.713 0.038 53319.327575 20.353 0.038 53319.328408 20.407 0.062 53319.330075 20.32 0.196 49.822383 1.213801
53616.445797 21.02 0.134 53616.447463 20.637 0.031 53616.44413 20.252 0.032 53616.444963 20.333 0.055 53616.44663 20.315 0.173 49.822383 1.213801
53626.422224 21.058 0.152 53626.42389 -99.99 0.049 53626.420557 20.267 0.03 53626.42139 20.215 0.062 53626.423057 -99.99 0.187 49.822383 1.213801
53628.407089 20.81 0.113 53628.408755 20.683 0.043 53628.405422 20.353 0.037 53628.406255 20.401 0.063 53628.407922 20.244 0.213 49.822383 1.213801
53639.454085 20.945 0.11 53639.455751 20.687 0.034 53639.452418 20.324 0.032 53639.453251 20.413 0.048 53639.454918 20.165 0.13 49.822383 1.213801
53657.412136 21.366 0.255 53657.413802 20.738 0.048 53657.410469 20.196 0.048 53657.411302 20.223 0.074 53657.412969 20.345 0.26 49.822383 1.213801
53663.396683 20.725 0.183 53663.398349 20.787 0.098 53663.395016 20.385 0.06 53663.395849 20.434 0.07 53663.397516 20.263 0.165 49.822383 1.213801
53665.374655 20.77 0.143 53665.376321 20.878 0.067 53665.372988 20.33 0.041 53665.373821 20.362 0.055 53665.375488 20.307 0.174 49.822383 1.213801
53666.466764 21.23 0.244 53666.46843 20.809 0.058 53666.465097 20.414 0.042 53666.46593 20.363 0.051 53666.467597 20.192 0.146 49.822383 1.213801
53668.386285 21.081 0.213 53668.387951 20.753 0.055 53668.384618 20.399 0.046 53668.385451 20.365 0.065 53668.387118 20.393 0.226 49.822383 1.213801
53669.473891 20.695 0.196 53669.475557 20.727 0.058 53669.472224 20.288 0.047 53669.473057 20.42 0.08 53669.474724 19.988 0.19 49.822383 1.213801
53670.391136 21.126 0.223 53670.392802 20.898 0.055 53670.389469 20.4 0.054 53670.390302 20.401 0.072 53670.391969 20.332 0.213 49.822383 1.213801
53673.359124 21.15 0.106 53673.36079 20.775 0.026 53673.357457 20.377 0.029 53673.35829 20.351 0.04 53673.359957 20.232 0.121 49.822383 1.213801
53675.356013 21.09 0.119 53675.357679 20.732 0.03 53675.354346 20.375 0.036 53675.355179 20.347 0.054 53675.356846 20.161 0.145 49.822383 1.213801
53676.475644 -99.99 0.411 53676.47731 20.764 0.086 53676.473977 20.248 0.105 53676.47481 20.47 0.199 53676.476477 19.998 0.343 49.822383 1.213801
53680.363709 21.286 0.119 53680.365375 20.825 0.03 53680.362042 20.441 0.034 53680.362875 -99.99 0.046 53680.364542 20.385 0.14 49.822383 1.213801
53683.422256 21.67 0.39 53683.423922 20.731 0.053 53683.420589 20.393 0.096 53683.421422 20.455 0.125 53683.423089 20.259 0.331 49.822383 1.213801
53686.36314 21.329 0.261 53686.364806 20.811 0.079 53686.361473 20.412 0.057 53686.362306 20.45 0.071 53686.363973 20.175 0.144 49.822383 1.213801
53687.42052 -99.99 0.383 53687.422186 20.419 0.218 53687.418853 -99.99 0.153 53687.419686 -99.99 0.219 53687.421353 -99.99 0.261 49.822383 1.213801
53693.365597 21.977 0.936 53693.367263 20.928 0.147 53693.36393 20.438 0.078 53693.364763 20.48 0.103 53693.36643 20.681 0.317 49.822383 1.213801
53699.386434 20.914 0.142 53699.3881 20.74 0.041 53699.384767 20.408 0.039 53699.3856 20.406 0.053 53699.387267 20.222 0.132 49.822383 1.213801
53704.34892 21.159 0.164 53704.350586 20.819 0.034 53704.347253 20.403 0.041 53704.348086 20.381 0.066 53704.349753 20.131 0.165 49.822383 1.213801
53989.445002 20.884 0.171 53989.446668 20.655 0.069 53989.443335 20.334 0.052 53989.444168 20.323 0.06 53989.445835 20.24 0.144 49.822383 1.213801
53997.46853 21.031 0.083 53997.470197 20.763 0.025 53997.466863 20.286 0.026 53997.467697 20.343 0.038 53997.469363 20.24 0.107 49.822383 1.213801
54000.420394 21.277 0.148 54000.42206 20.726 0.065 54000.418727 20.344 0.032 54000.41956 20.396 0.058 54000.421227 20.279 0.165 49.822383 1.213801
54007.470538 21.109 0.101 54007.472205 20.774 0.026 54007.468872 20.346 0.029 54007.469705 20.341 0.043 54007.471372 20.311 0.14 49.822383 1.213801
54009.394313 20.994 0.074 54009.39598 20.77 0.023 54009.392646 20.341 0.024 54009.39348 20.415 0.039 54009.395146 20.193 0.106 49.822383 1.213801
54011.458798 21.064 0.079 54011.460464 20.78 0.029 54011.457131 20.34 0.023 54011.457964 20.357 0.037 54011.459631 20.225 0.092 49.822383 1.213801
54012.471603 21.096 0.121 54012.47327 20.739 0.034 54012.469937 20.279 0.03 54012.47077 20.409 0.053 54012.472437 20.019 0.113 49.822383 1.213801
54019.453841 21.193 0.214 54019.455508 20.758 0.061 54019.452175 20.354 0.051 54019.453008 20.431 0.065 54019.454675 20.264 0.147 49.822383 1.213801
54025.457823 21.054 0.134 54025.45949 20.867 0.036 54025.456156 20.388 0.035 54025.45699 20.273 0.045 54025.458656 20.272 0.148 49.822383 1.213801
54346.451599 21.335 0.227 54346.453266 20.906 0.068 54346.449933 20.689 0.056 54346.450766 20.652 0.069 54346.452433 20.701 0.184 49.822383 1.213801
54358.411408 21.248 0.145 54358.413074 21.032 0.036 54358.409741 20.63 0.032 54358.410574 20.661 0.058 54358.412241 20.604 0.176 49.822383 1.213801
54365.444459 21.539 0.128 54365.446125 21.089 0.028 54365.442792 20.642 0.03 54365.443625 20.701 0.05 54365.445292 20.627 0.142 49.822383 1.213801
54381.46406 21.395 0.143 54381.465727 21.251 0.039 54381.462394 20.817 0.041 54381.463227 20.85 0.064 54381.464894 20.675 0.183 49.822383 1.213801
54386.456333 21.333 0.145 54386.458 21.193 0.036 54386.454667 20.762 0.04 54386.4555 20.882 0.065 54386.457167 20.564 0.178 49.822383 1.213801
54388.460612 21.581 0.163 54388.462278 21.247 0.039 54388.458945 20.832 0.042 54388.459778 20.705 0.055 54388.461445 20.615 0.162 49.822383 1.213801
54392.458154 22.475 0.384 54392.459821 21.257 0.042 54392.456488 20.737 0.046 54392.457321 21.03 0.083 54392.458988 20.674 0.186 49.822383 1.213801
54406.368225 21.744 0.179 54406.369892 21.325 0.047 54406.366558 20.931 0.043 54406.367392 21.065 0.067 54406.369058 20.944 0.178 49.822383 1.213801
54409.373051 21.689 0.148 54409.374717 21.311 0.037 54409.371384 20.852 0.043 54409.372217 20.978 0.07 54409.373884 20.555 1 49.822383 1.213801
54412.393978 21.727 0.322 54412.395644 21.362 0.063 54412.392311 20.854 0.063 54412.393144 20.946 0.104 54412.394811 20.532 0.285 49.822383 1.213801
