51075.425226 21.224 0.107 51075.426892 21.183 0.041 51075.423559 20.811 0.042 51075.424392 20.804 0.067 51075.426059 20.75 0.283 45.2595 -0.17285
51818.394857 21.416 0.115 51818.396523 21.157 0.038 51818.39319 20.873 0.039 51818.394023 20.844 0.053 51818.39569 20.591 0.168 45.2595 -0.17285
52171.383009 21.17 0.097 52171.384675 21.035 0.034 52171.381342 20.743 0.036 52171.382175 20.629 0.047 52171.383842 20.572 0.155 45.2595 -0.17285
52173.359299 21.104 0.121 52173.360965 21.153 0.042 52173.357632 20.718 0.041 52173.358465 20.687 0.063 52173.360132 21.217 0.468 45.2595 -0.17285
52224.339386 21.163 0.091 52224.341052 21.073 0.033 52224.337719 20.619 0.03 52224.338552 20.601 0.04 52224.340219 20.534 0.154 45.2595 -0.17285
52234.295892 20.999 0.109 52234.297558 21.047 0.04 52234.294225 20.769 0.041 52234.295058 20.646 0.054 52234.296725 20.543 0.175 45.2595 -0.17285
52261.259247 21.216 0.115 52261.260913 20.877 0.03 52261.25758 20.656 0.032 52261.258413 20.564 0.042 52261.26008 20.745 0.189 45.2595 -0.17285
52283.12662 21.27 0.135 52283.128286 20.904 0.044 52283.124953 20.615 0.044 52283.125786 20.532 0.061 52283.127453 21.07 0.417 45.2595 -0.17285
52287.139743 21.002 0.094 52287.141409 20.842 0.039 52287.138076 20.651 0.037 52287.138909 20.555 0.051 52287.140576 20.653 0.227 45.2595 -0.17285
52552.458435 20.9 0.079 52552.460101 20.74 0.028 52552.456768 20.466 0.028 52552.457601 20.51 0.042 52552.459268 20.542 0.166 45.2595 -0.17285
52557.432796 20.612 0.074 52557.434462 20.773 0.029 52557.431129 20.49 0.033 52557.431962 20.444 0.047 52557.433629 20.862 0.277 45.2595 -0.17285
52585.334126 20.929 0.069 52585.335792 20.791 0.025 52585.332459 20.477 0.026 52585.333292 20.456 0.037 52585.334959 20.391 0.141 45.2595 -0.17285
52908.407364 20.975 0.091 52908.40903 21.124 0.037 52908.405697 20.784 0.036 52908.40653 20.786 0.052 52908.408197 20.715 0.212 45.2595 -0.17285
52912.386802 21.122 0.105 52912.388468 21.127 0.038 52912.385135 20.677 0.033 52912.385968 20.58 0.044 52912.387635 21.004 0.249 45.2595 -0.17285
52934.33927 21.162 0.107 52934.340936 21.011 0.034 52934.337603 20.786 0.039 52934.338436 20.667 0.051 52934.340103 20.815 0.227 45.2595 -0.17285
52936.335196 21.087 0.086 52936.336862 21.033 0.032 52936.333529 20.726 0.035 52936.334362 20.621 0.045 52936.336029 20.903 0.218 45.2595 -0.17285
53270.399258 21.015 0.072 53270.400925 21.022 0.031 53270.397591 20.675 0.03 53270.398425 20.657 0.043 53270.400091 20.5 0.111 45.2595 -0.17285
53272.449195 21.092 0.115 53272.450861 20.992 0.035 53272.447528 20.827 0.043 53272.448361 20.593 0.054 53272.450028 21.267 0.347 45.2595 -0.17285
53286.417914 21.047 0.118 53286.41958 20.961 0.042 53286.416247 20.788 0.047 53286.41708 20.602 0.051 53286.418747 20.581 0.178 45.2595 -0.17285
53288.376407 20.964 0.091 53288.378073 20.926 0.03 53288.37474 20.713 0.037 53288.375573 20.591 0.044 53288.37724 20.71 0.182 45.2595 -0.17285
53294.424079 20.978 0.106 53294.425745 20.974 0.057 53294.422412 20.692 0.101 53294.423245 20.417 0.076 53294.424912 20.682 0.258 45.2595 -0.17285
53296.371088 20.875 0.095 53296.372755 20.794 0.036 53296.369421 20.667 0.041 53296.370255 20.499 0.06 53296.371921 20.803 0.244 45.2595 -0.17285
53298.420856 20.899 0.085 53298.422522 20.837 0.029 53298.419189 20.618 0.038 53298.420022 20.448 0.045 53298.421689 20.928 0.29 45.2595 -0.17285
53302.372076 20.91 0.119 53302.373742 20.841 0.054 53302.370409 20.647 0.045 53302.371242 20.502 0.047 53302.372909 20.225 0.128 45.2595 -0.17285
53312.327685 20.916 0.125 53312.329352 20.788 0.051 53312.326019 20.584 0.044 53312.326852 20.604 0.058 53312.328519 20.412 0.185 45.2595 -0.17285
53314.328807 20.887 0.112 53314.330473 20.951 0.048 53314.32714 20.676 0.044 53314.327973 20.512 0.051 53314.32964 20.609 0.215 45.2595 -0.17285
53319.316603 20.734 0.089 53319.318269 20.911 0.041 53319.314936 20.67 0.046 53319.315769 20.576 0.058 53319.317436 20.555 0.218 45.2595 -0.17285
53616.433159 20.877 0.096 53616.434825 21.048 0.038 53616.431492 20.732 0.044 53616.432325 20.569 0.054 53616.433992 20.517 0.193 45.2595 -0.17285
53641.440614 21.241 0.151 53641.44228 21.098 0.053 53641.438947 20.915 0.052 53641.43978 20.746 0.057 53641.441447 21.06 0.312 45.2595 -0.17285
53657.399499 21.065 0.223 53657.401165 21.182 0.108 53657.397832 20.719 0.087 53657.398665 20.563 0.099 53657.400332 21.936 0.949 45.2595 -0.17285
53663.384047 22.596 0.892 53663.385713 21.167 0.155 53663.38238 20.823 0.075 53663.383213 20.669 0.068 53663.38488 20.978 0.267 45.2595 -0.17285
53665.362019 21.188 0.202 53665.363685 -99.99 0.121 53665.360352 20.828 0.059 53665.361185 20.76 0.061 53665.362852 20.811 0.392 45.2595 -0.17285
53668.373647 21.137 0.173 53668.375313 21.101 0.073 53668.37198 20.822 0.062 53668.372813 20.884 0.086 53668.37448 20.872 0.297 45.2595 -0.17285
53669.46126 21.918 0.492 53669.462926 21.164 0.081 53669.459593 20.888 0.074 53669.460426 20.622 0.074 53669.462093 20.457 0.231 45.2595 -0.17285
53670.378499 21.158 0.139 53670.380165 21.148 0.06 53670.376832 20.799 0.05 53670.377665 20.721 0.063 53670.379332 20.854 0.26 45.2595 -0.17285
53673.346486 21.369 0.122 53673.348152 21.223 0.036 53673.344819 20.863 0.039 53673.345652 20.772 0.046 53673.347319 20.863 0.178 45.2595 -0.17285
53675.343374 21.325 0.131 53675.34504 21.323 0.044 53675.341707 20.842 0.048 53675.34254 20.685 0.054 53675.344207 20.82 0.228 45.2595 -0.17285
53680.351072 21.557 0.163 53680.352738 21.231 0.042 53680.349405 20.712 0.041 53680.350238 20.757 0.055 53680.351905 20.8 0.206 45.2595 -0.17285
53686.350504 21.204 0.338 53686.35217 21.165 0.137 53686.348837 20.776 0.089 53686.34967 20.688 0.095 53686.351337 20.811 0.33 45.2595 -0.17285
53699.373799 21.414 0.192 53699.375465 21.313 0.065 53699.372132 20.967 0.055 53699.372965 20.792 0.058 53699.374632 20.753 0.21 45.2595 -0.17285
53704.336283 21.132 0.126 53704.337949 21.182 0.047 53704.334616 20.816 0.042 53704.335449 20.912 0.079 53704.337116 21.192 0.37 45.2595 -0.17285
53989.432341 21.092 0.197 53989.434008 21.297 0.108 53989.430675 20.919 0.072 53989.431508 20.824 0.069 53989.433175 20.605 0.143 45.2595 -0.17285
53997.455896 21.33 0.09 53997.457562 21.303 0.036 53997.454229 20.926 0.034 53997.455062 20.954 0.045 53997.456729 20.976 0.157 45.2595 -0.17285
54000.407782 21.454 0.15 54000.409449 21.381 0.056 54000.406116 21.068 0.052 54000.406949 21.078 0.08 54000.408616 21.259 0.43 45.2595 -0.17285
54007.457905 21.235 0.108 54007.459572 21.379 0.046 54007.456238 20.918 0.037 54007.457072 20.933 0.056 54007.458738 20.935 0.253 45.2595 -0.17285
54009.3817 21.173 0.077 54009.383366 21.303 0.031 54009.380033 20.938 0.034 54009.380866 20.878 0.042 54009.382533 21.032 0.16 45.2595 -0.17285
54011.446179 21.394 0.094 54011.447846 21.284 0.034 54011.444512 20.965 0.034 54011.445346 20.919 0.043 54011.447012 20.908 0.146 45.2595 -0.17285
54012.458976 21.269 0.133 54012.460643 21.335 0.05 54012.45731 21.079 0.058 54012.458143 20.891 0.067 54012.45981 20.462 0.18 45.2595 -0.17285
54019.441231 21.075 0.182 54019.442898 21.247 0.092 54019.439565 20.909 0.065 54019.440398 20.942 0.074 54019.442065 20.576 0.183 45.2595 -0.17285
54025.445286 21.039 0.118 54025.446953 21.372 0.053 54025.44362 20.976 0.054 54025.444453 20.936 0.076 54025.44612 21.015 0.278 45.2595 -0.17285
54346.439006 21.292 0.221 54346.440673 21.209 0.084 54346.437339 -99.99 0.067 54346.438173 20.781 0.067 54346.439839 20.576 0.153 45.2595 -0.17285
54348.442967 -99.99 0.183 54348.444633 21.214 0.053 54348.4413 20.92 0.049 54348.442133 20.875 0.058 54348.4438 20.764 0.178 45.2595 -0.17285
54358.398766 21.232 0.13 54358.400432 21.161 0.044 54358.397099 20.864 0.047 54358.397932 20.806 0.064 54358.399599 20.527 0.18 45.2595 -0.17285
54365.431862 21.116 0.084 54365.433528 21.143 0.034 54365.430195 20.825 0.037 54365.431028 20.761 0.044 54365.432695 20.662 0.151 45.2595 -0.17285
54381.45139 21.115 0.089 54381.453056 21.139 0.034 54381.449723 20.862 0.038 54381.450556 20.847 0.051 54381.452223 20.877 0.196 45.2595 -0.17285
54386.443686 21.339 0.112 54386.445353 21.144 0.033 54386.442019 20.818 0.036 54386.442853 20.814 0.048 54386.444519 20.858 0.172 45.2595 -0.17285
54388.447942 21.145 0.104 54388.449609 21.168 0.033 54388.446275 20.831 0.036 54388.447109 20.759 0.046 54388.448775 20.839 0.18 45.2595 -0.17285
54392.445517 -99.99 0.164 54392.447184 21.141 0.051 54392.44385 20.872 0.054 54392.444684 20.775 0.059 54392.44635 20.884 0.322 45.2595 -0.17285
54403.36183 21.31 0.23 54403.363496 21.134 0.083 54403.360163 20.826 0.051 54403.360996 20.744 0.058 54403.362663 20.859 0.21 45.2595 -0.17285
54406.355573 21.082 0.107 54406.35724 21.17 0.042 54406.353906 20.702 0.033 54406.35474 20.768 0.047 54406.356406 20.586 0.119 45.2595 -0.17285
54409.360413 21.092 0.084 54409.362079 21.126 0.034 54409.358746 20.754 0.03 54409.359579 20.747 0.043 54409.361246 20.466 0.126 45.2595 -0.17285
