51081.408651 19.062 0.024 51081.410317 18.894 0.01 51081.406984 18.688 0.01 51081.407817 18.549 0.012 51081.409484 18.586 0.035 45.149856 -0.259165
51819.479732 18.803 0.023 51819.481398 18.66 0.009 51819.478065 18.5 0.009 51819.478898 18.406 0.01 51819.480565 18.407 0.032 45.149856 -0.259165
51875.223573 18.84 0.02 51875.225239 18.679 0.008 51875.221906 18.542 0.009 51875.222739 18.412 0.01 51875.224406 18.449 0.034 45.149856 -0.259165
52171.455999 18.94 0.022 52171.457665 18.692 0.008 52171.454332 18.542 0.009 52171.455165 18.453 0.01 52171.456832 18.43 0.027 45.149856 -0.259165
52225.304436 18.917 0.021 52225.306102 18.703 0.008 52225.302769 18.547 0.009 52225.303602 18.414 0.01 52225.305269 18.406 0.027 45.149856 -0.259165
52288.138858 19.023 0.024 52288.140524 18.729 0.008 52288.137191 18.564 0.009 52288.138024 18.465 0.01 52288.139691 18.452 0.029 45.149856 -0.259165
52551.412145 18.953 0.022 52551.413811 18.699 0.008 52551.410478 18.561 0.009 52551.411311 18.481 0.01 52551.412978 18.441 0.029 45.149856 -0.259165
52558.445018 18.99 0.023 52558.446684 18.716 0.008 52558.443351 18.542 0.009 52558.444184 18.452 0.011 52558.445851 18.448 0.034 45.149856 -0.259165
52578.316628 18.878 0.021 52578.318294 18.657 0.008 52578.314961 18.522 0.009 52578.315794 18.411 0.01 52578.317461 18.421 0.027 45.149856 -0.259165
52585.279608 18.923 0.022 52585.281274 18.652 0.008 52585.277941 18.533 0.009 52585.278774 18.43 0.011 52585.280441 18.401 0.035 45.149856 -0.259165
52909.446242 18.933 0.022 52909.447908 18.632 0.008 52909.444575 18.506 0.009 52909.445408 18.402 0.01 52909.447075 18.413 0.029 45.149856 -0.259165
52910.416483 19.007 0.027 52910.418149 18.647 0.008 52910.414816 18.502 0.009 52910.415649 18.413 0.01 52910.417316 18.438 0.03 45.149856 -0.259165
52935.343653 18.882 0.021 52935.345319 18.577 0.008 52935.341986 18.473 0.009 52935.342819 18.36 0.01 52935.344486 18.427 0.031 45.149856 -0.259165
52963.266732 18.833 0.019 52963.268398 18.585 0.008 52963.265065 18.447 0.008 52963.265898 18.355 0.01 52963.267565 18.36 0.026 45.149856 -0.259165
52971.257647 18.86 0.023 52971.259313 18.612 0.009 52971.25598 18.475 0.009 52971.256813 18.35 0.01 52971.25848 18.392 0.032 45.149856 -0.259165
53351.189036 18.824 0.022 53351.190702 18.533 0.008 53351.187369 18.416 0.009 53351.188202 18.349 0.011 53351.189869 18.368 0.033 45.149856 -0.259165
53622.446085 18.655 0.019 53622.447751 18.472 0.007 53622.444418 18.361 0.008 53622.445251 18.278 0.009 53622.446918 18.346 0.025 45.149856 -0.259165
53627.403183 18.675 0.019 53627.404849 18.491 0.008 53627.401516 18.372 0.008 53627.402349 18.284 0.009 53627.404016 18.302 0.025 45.149856 -0.259165
53634.395556 18.698 0.032 53634.397222 18.529 0.014 53634.393889 18.365 0.012 53634.394722 18.451 0.013 53634.396389 18.321 0.029 45.149856 -0.259165
53638.436894 18.637 0.022 53638.43856 18.476 0.008 53638.435227 18.364 0.009 53638.43606 18.265 0.01 53638.437727 18.319 0.029 45.149856 -0.259165
53640.400929 18.705 0.022 53640.402595 18.467 0.008 53640.399262 18.358 0.008 53640.400095 18.27 0.01 53640.401762 18.312 0.029 45.149856 -0.259165
53643.443403 18.667 0.023 53643.445069 18.474 0.008 53643.441736 18.365 0.009 53643.442569 18.292 0.01 53643.444236 18.335 0.032 45.149856 -0.259165
53646.462336 18.631 0.023 53646.464002 18.468 0.009 53646.460669 18.364 0.01 53646.461502 18.298 0.01 53646.463169 18.262 0.029 45.149856 -0.259165
53657.281081 18.713 0.067 53657.282747 18.485 0.023 53657.279414 18.344 0.016 53657.280247 18.276 0.019 53657.281914 18.347 0.062 45.149856 -0.259165
53663.462756 18.721 0.044 53663.464422 18.491 0.015 53663.461089 18.346 0.012 53663.461922 18.298 0.012 53663.463589 18.315 0.033 45.149856 -0.259165
53664.398059 18.714 0.03 53664.399725 18.464 0.011 53664.396392 18.371 0.012 53664.397225 18.169 0.013 53664.398892 18.293 0.03 45.149856 -0.259165
53665.462688 18.747 0.033 53665.464354 18.498 0.011 53665.461021 18.357 0.01 53665.461854 18.273 0.011 53665.463521 18.283 0.035 45.149856 -0.259165
53668.451304 18.713 0.032 53668.45297 18.47 0.01 53668.449637 18.365 0.01 53668.45047 18.315 0.012 53668.452137 18.358 0.04 45.149856 -0.259165
53669.357304 18.701 0.023 53669.35897 18.465 0.008 53669.355637 18.366 0.009 53669.35647 18.261 0.01 53669.358137 18.298 0.031 45.149856 -0.259165
53670.457275 18.69 0.036 53670.458941 18.483 0.009 53670.455608 18.346 0.009 53670.456441 18.274 0.011 53670.458108 18.353 0.035 45.149856 -0.259165
53671.442053 18.71 0.028 53671.443719 18.481 0.009 53671.440386 18.364 0.009 53671.441219 18.264 0.01 53671.442886 18.316 0.031 45.149856 -0.259165
53674.341541 18.68 0.022 53674.343207 18.464 0.008 53674.339874 18.348 0.009 53674.340707 18.261 0.01 53674.342374 18.353 0.032 45.149856 -0.259165
53676.430996 18.695 0.025 53676.432662 18.482 0.008 53676.429329 18.36 0.01 53676.430162 18.191 0.01 53676.431829 18.28 0.027 45.149856 -0.259165
53679.402899 18.663 0.023 53679.404565 18.462 0.008 53679.401232 18.357 0.009 53679.402065 18.277 0.011 53679.403732 18.229 0.035 45.149856 -0.259165
53681.394412 18.699 0.023 53681.396078 18.482 0.008 53681.392745 18.345 0.009 53681.393578 18.289 0.01 53681.395245 18.316 0.027 45.149856 -0.259165
53684.35591 18.666 0.048 53684.357576 18.465 0.013 53684.354243 18.378 0.027 53684.355076 18.333 0.03 53684.356743 18.472 0.077 45.149856 -0.259165
53687.297225 18.654 0.051 53687.298891 18.488 0.018 53687.295558 18.352 0.016 53687.296391 18.284 0.016 53687.298058 18.353 0.043 45.149856 -0.259165
53694.367366 18.722 0.04 53694.369032 18.472 0.013 53694.365699 18.345 0.011 53694.366532 18.261 0.011 53694.368199 18.386 0.039 45.149856 -0.259165
53696.360131 18.696 0.029 53696.361797 18.497 0.009 53696.358464 18.371 0.009 53696.359297 18.295 0.01 53696.360964 18.349 0.029 45.149856 -0.259165
53697.351437 18.677 0.027 53697.353103 18.498 0.009 53697.34977 18.354 0.009 53697.350603 18.294 0.01 53697.35227 18.274 0.029 45.149856 -0.259165
53700.350393 18.693 0.023 53700.352059 18.509 0.008 53700.348726 18.368 0.009 53700.349559 18.273 0.01 53700.351226 18.312 0.033 45.149856 -0.259165
53705.337064 18.729 0.025 53705.33873 18.485 0.008 53705.335397 18.371 0.009 53705.33623 18.281 0.012 53705.337897 18.329 0.033 45.149856 -0.259165
53975.422083 18.873 0.048 53975.42375 -99.99 0.019 53975.420416 18.481 0.017 53975.42125 18.387 0.016 53975.422916 18.349 0.038 45.149856 -0.259165
53994.445084 18.906 0.026 53994.446751 18.66 0.016 53994.443417 18.481 0.018 53994.444251 18.393 0.016 53994.445917 18.45 0.029 45.149856 -0.259165
53996.428796 18.933 0.031 53996.430463 18.614 0.033 53996.42713 18.485 0.014 53996.427963 18.4 0.017 53996.42963 18.345 0.044 45.149856 -0.259165
54005.441986 18.817 0.039 54005.443652 18.639 0.019 54005.440319 18.488 0.015 54005.441152 18.392 0.019 54005.442819 18.445 0.032 45.149856 -0.259165
54009.455781 18.923 0.037 54009.457448 18.636 0.019 54009.454114 18.497 0.015 54009.454948 18.489 0.014 54009.456614 18.457 0.027 45.149856 -0.259165
54010.382926 18.87 0.023 54010.384592 18.661 0.018 54010.381259 18.483 0.014 54010.382092 18.394 0.016 54010.383759 18.367 0.024 45.149856 -0.259165
54012.37579 18.9 0.029 54012.377457 18.671 0.016 54012.374123 18.487 0.019 54012.374957 18.412 0.023 54012.376623 18.381 0.028 45.149856 -0.259165
54020.413822 18.846 0.045 54020.415489 18.654 0.018 54020.412155 18.48 0.018 54020.412989 18.383 0.015 54020.414655 18.434 0.033 45.149856 -0.259165
54024.463339 18.906 0.053 54024.465005 18.685 0.018 54024.461672 18.503 0.012 54024.462505 18.387 0.02 54024.464172 18.408 0.034 45.149856 -0.259165
54028.451635 18.875 0.036 54028.453302 18.676 0.02 54028.449969 18.493 0.015 54028.450802 18.382 0.018 54028.452469 18.493 0.034 45.149856 -0.259165
54030.407045 18.892 0.036 54030.408712 18.679 0.017 54030.405379 18.496 0.013 54030.406212 18.344 0.019 54030.407879 18.39 0.032 45.149856 -0.259165
54035.451032 18.892 0.031 54035.452698 18.681 0.024 54035.449365 18.481 0.019 54035.450198 18.373 0.016 54035.451865 18.428 0.041 45.149856 -0.259165
54037.356554 18.912 0.038 54037.358221 18.647 0.02 54037.354887 18.486 0.012 54037.355721 18.375 0.014 54037.357387 18.438 0.025 45.149856 -0.259165
54040.371012 18.947 0.039 54040.372679 18.652 0.018 54040.369345 18.493 0.013 54040.370179 18.4 0.014 54040.371845 18.42 0.028 45.149856 -0.259165
54041.406573 18.901 0.03 54041.408239 18.692 0.019 54041.404906 18.53 0.011 54041.405739 18.387 0.015 54041.407406 18.489 0.03 45.149856 -0.259165
54047.401557 -99.99 0.065 54047.403223 18.682 0.046 54047.39989 -99.99 0.068 54047.400723 18.367 0.02 54047.40239 18.368 0.038 45.149856 -0.259165
54049.397482 18.897 0.036 54049.399149 18.671 0.017 54049.395815 18.499 0.013 54049.396649 18.398 0.02 54049.398315 18.408 0.036 45.149856 -0.259165
54050.357682 18.884 0.035 54050.359349 18.647 0.019 54050.356015 18.505 0.023 54050.356849 18.422 0.022 54050.358515 18.348 0.045 45.149856 -0.259165
54053.377282 18.9 0.028 54053.378949 18.662 0.016 54053.375615 18.491 0.013 54053.376449 -99.99 0.016 54053.378115 -99.99 0.043 45.149856 -0.259165
54056.363481 18.925 0.03 54056.365148 18.697 0.024 54056.361815 18.475 0.015 54056.362648 18.455 0.026 54056.364315 18.396 0.035 45.149856 -0.259165
54059.357782 18.867 0.026 54059.359449 18.675 0.018 54059.356115 18.493 0.017 54059.356949 18.39 0.021 54059.358615 18.438 0.037 45.149856 -0.259165
54061.368856 18.949 0.032 54061.370522 18.639 0.028 54061.367189 18.546 0.021 54061.368022 18.39 0.02 54061.369689 18.344 0.046 45.149856 -0.259165
54062.362654 18.956 0.028 54062.364321 18.668 0.016 54062.360987 18.511 0.014 54062.361821 18.374 0.017 54062.363487 18.453 0.032 45.149856 -0.259165
54064.359091 -99.99 0.027 54064.360757 18.672 0.015 54064.357424 18.509 0.012 54064.358257 18.414 0.012 54064.359924 18.427 0.033 45.149856 -0.259165
54068.343221 18.939 0.031 54068.344888 18.665 0.014 54068.341554 18.526 0.018 54068.342388 18.381 0.016 54068.344054 18.457 0.043 45.149856 -0.259165
54357.400942 18.879 0.048 54357.402608 18.656 0.019 54357.399275 18.536 0.016 54357.400108 18.509 0.024 54357.401775 18.457 0.027 45.149856 -0.259165
54362.450797 18.884 0.026 54362.452463 18.678 0.021 54362.44913 18.53 0.014 54362.449963 18.432 0.026 54362.45163 18.519 0.03 45.149856 -0.259165
54376.445885 18.861 0.041 54376.447551 18.693 0.019 54376.444218 18.575 0.015 54376.445051 18.412 0.026 54376.446718 18.47 0.031 45.149856 -0.259165
54382.430982 18.896 0.034 54382.432649 -99.99 0.035 54382.429315 18.538 0.024 54382.430149 18.415 0.014 54382.431815 18.396 0.059 45.149856 -0.259165
54385.448762 18.91 0.044 54385.450429 18.67 0.014 54385.447096 18.529 0.011 54385.447929 18.408 0.014 54385.449596 18.501 0.028 45.149856 -0.259165
54387.449296 18.882 0.034 54387.450963 18.683 0.013 54387.447629 18.53 0.027 54387.448463 18.438 0.019 54387.450129 18.388 0.043 45.149856 -0.259165
54390.441673 18.884 0.029 54390.44334 18.684 0.013 54390.440006 -99.99 0.018 54390.44084 18.421 0.018 54390.442506 18.45 0.069 45.149856 -0.259165
54391.450109 18.819 0.032 54391.451776 18.701 0.03 54391.448443 18.556 0.016 54391.449276 18.462 0.016 54391.450943 18.444 0.073 45.149856 -0.259165
54402.442463 -99.99 0.055 54402.444129 18.751 0.024 54402.440796 18.579 0.015 54402.441629 18.478 0.024 54402.443296 18.422 0.035 45.149856 -0.259165
