51075.435965 20.472 0.064 51075.437631 20.521 0.027 51075.434298 20.468 0.032 51075.435131 20.212 0.039 51075.436798 19.982 0.142 49.13642 -0.428412
51818.40559 20.636 0.085 51818.407256 20.604 0.028 51818.403923 20.603 0.034 51818.404756 20.346 0.038 51818.406423 20.111 0.12 49.13642 -0.428412
52171.393717 20.443 0.069 52171.395383 20.479 0.024 52171.39205 20.409 0.029 52171.392883 20.226 0.032 52171.39455 20.223 0.108 49.13642 -0.428412
52173.369979 20.561 0.084 52173.371645 20.498 0.026 52173.368312 20.534 0.037 52173.369145 20.277 0.04 52173.370812 20.391 0.179 49.13642 -0.428412
52224.350118 20.451 0.065 52224.351784 20.495 0.023 52224.348451 20.491 0.028 52224.349284 20.224 0.028 52224.350951 20.054 0.096 49.13642 -0.428412
52234.30663 20.475 0.08 52234.308296 20.435 0.026 52234.304963 20.484 0.034 52234.305796 20.251 0.036 52234.307463 20.222 0.13 49.13642 -0.428412
52261.269984 20.481 0.068 52261.27165 20.526 0.025 52261.268317 20.526 0.03 52261.26915 20.269 0.031 52261.270817 20.122 0.1 49.13642 -0.428412
52283.137359 20.508 0.088 52283.139025 20.525 0.032 52283.135692 20.43 0.043 52283.136525 20.253 0.051 52283.138192 20.293 0.202 49.13642 -0.428412
52287.150481 20.4 0.062 52287.152147 20.453 0.023 52287.148814 20.492 0.031 52287.149647 20.195 0.029 52287.151314 20.144 0.097 49.13642 -0.428412
52552.469174 20.65 0.075 52552.47084 20.497 0.023 52552.467507 20.478 0.029 52552.46834 20.204 0.031 52552.470007 20.21 0.129 49.13642 -0.428412
52557.443532 20.507 0.07 52557.445198 20.55 0.024 52557.441865 20.481 0.032 52557.442698 20.176 0.034 52557.444365 20.425 0.165 49.13642 -0.428412
52585.344863 20.617 0.066 52585.346529 20.495 0.021 52585.343196 20.451 0.028 52585.344029 20.176 0.029 52585.345696 20.061 0.101 49.13642 -0.428412
52908.4181 20.446 0.071 52908.419766 20.49 0.024 52908.416433 20.505 0.032 52908.417266 20.303 0.039 52908.418933 20.164 0.121 49.13642 -0.428412
52912.39754 20.451 0.071 52912.399206 20.489 0.024 52912.395873 20.514 0.03 52912.396706 20.251 0.03 52912.398373 20.281 0.127 49.13642 -0.428412
52934.350007 20.489 0.072 52934.351673 20.528 0.024 52934.34834 20.482 0.032 52934.349173 20.258 0.035 52934.35084 20.264 0.139 49.13642 -0.428412
52936.345933 20.495 0.065 52936.347599 20.551 0.023 52936.344266 20.555 0.032 52936.345099 20.256 0.033 52936.346766 20.308 0.128 49.13642 -0.428412
53270.410003 20.702 0.065 53270.41167 20.775 0.025 53270.408336 20.752 0.029 53270.40917 20.407 0.027 53270.410836 20.295 0.089 49.13642 -0.428412
53272.459931 20.743 0.088 53272.461597 20.728 0.029 53272.458264 20.674 0.035 53272.459097 20.496 0.037 53272.460764 20.401 0.138 49.13642 -0.428412
53286.428651 20.638 0.09 53286.430317 20.776 0.033 53286.426984 20.665 0.038 53286.427817 20.371 0.036 53286.429484 20.228 0.112 49.13642 -0.428412
53288.387143 20.648 0.08 53288.388809 20.735 0.03 53288.385476 20.694 0.034 53288.386309 20.479 0.038 53288.387976 20.225 0.114 49.13642 -0.428412
53294.434815 20.715 0.116 53294.436481 20.713 0.034 53294.433148 20.581 0.036 53294.433981 20.404 0.046 53294.435648 20.52 0.242 49.13642 -0.428412
53296.381836 20.511 0.086 53296.383503 -99.99 0.036 53296.38017 20.657 0.041 53296.381003 20.44 0.043 53296.38267 20.164 0.134 49.13642 -0.428412
53298.431593 20.543 0.078 53298.433259 20.703 0.028 53298.429926 20.693 0.042 53298.430759 20.31 0.039 53298.432426 20.502 0.199 49.13642 -0.428412
53302.382813 20.728 0.111 53302.384479 20.721 0.048 53302.381146 20.697 0.046 53302.381979 20.328 0.038 53302.383646 20.029 0.105 49.13642 -0.428412
53312.338345 20.588 0.111 53312.340011 20.627 0.044 53312.336678 20.7 0.051 53312.337511 20.401 0.046 53312.339178 20.509 0.187 49.13642 -0.428412
53314.339543 20.676 0.108 53314.341209 20.664 0.038 53314.337876 20.718 0.046 53314.338709 20.288 0.04 53314.340376 20.433 0.176 49.13642 -0.428412
53319.327341 20.557 0.095 53319.329007 20.606 0.035 53319.325674 20.657 0.049 53319.326507 20.285 0.048 53319.328174 20.351 0.181 49.13642 -0.428412
53616.443895 20.577 0.099 53616.445561 20.481 0.028 53616.442228 20.483 0.035 53616.443061 20.169 0.037 53616.444728 19.935 0.123 49.13642 -0.428412
53626.420323 20.558 0.087 53626.421989 20.533 0.031 53626.418656 20.577 0.034 53626.419489 20.273 0.033 53626.421156 20.133 0.145 49.13642 -0.428412
53628.405187 20.551 0.094 53628.406853 20.531 0.036 53628.40352 20.537 0.046 53628.404353 20.329 0.05 53628.40602 20.154 0.167 49.13642 -0.428412
53639.452184 20.639 0.104 53639.45385 20.553 0.034 53639.450517 20.594 0.039 53639.45135 20.357 0.039 53639.453017 20.15 0.113 49.13642 -0.428412
53641.451349 20.579 0.126 53641.453015 20.512 0.034 53641.449682 20.546 0.042 53641.450515 20.225 0.043 53641.452182 19.923 0.134 49.13642 -0.428412
53663.394782 20.908 0.266 53663.396448 20.548 0.069 53663.393115 20.423 0.066 53663.393948 20.154 0.048 53663.395615 19.994 0.112 49.13642 -0.428412
53665.372754 20.567 0.122 53665.37442 20.564 0.048 53665.371087 20.604 0.045 53665.37192 20.274 0.038 53665.373587 20.241 0.134 49.13642 -0.428412
53666.464865 20.585 0.148 53666.466531 20.619 0.053 53666.463198 20.606 0.047 53666.464031 20.365 0.041 53666.465698 20.59 0.187 49.13642 -0.428412
53668.384383 20.398 0.13 53668.386049 20.405 0.047 53668.382716 20.506 0.055 53668.383549 20.12 0.054 53668.385216 20.347 0.222 49.13642 -0.428412
53669.471992 20.881 0.221 53669.473658 20.685 0.06 53669.470325 20.513 0.054 53669.471158 20.299 0.049 53669.472825 20.164 0.198 49.13642 -0.428412
53670.389235 20.472 0.135 53670.390901 20.64 0.047 53670.387568 20.557 0.053 53670.388401 20.221 0.055 53670.390068 19.988 0.154 49.13642 -0.428412
53673.357223 20.554 0.074 53673.358889 20.569 0.024 53673.355556 20.57 0.03 53673.356389 20.303 0.03 53673.358056 20.325 0.112 49.13642 -0.428412
53675.35411 20.563 0.087 53675.355776 20.584 0.026 53675.352443 20.603 0.037 53675.353276 20.293 0.039 53675.354943 20.277 0.15 49.13642 -0.428412
53680.361808 20.565 0.079 53680.363474 20.608 0.025 53680.360141 20.567 0.036 53680.360974 20.273 0.033 53680.362641 20.323 0.122 49.13642 -0.428412
53683.420358 20.63 0.236 53683.422024 20.639 0.053 53683.418691 20.805 0.11 53683.419524 20.171 0.083 53683.421191 20.38 0.377 49.13642 -0.428412
53687.418621 -99.99 0.51 53687.420287 -99.99 0.268 53687.416954 20.433 0.146 53687.417787 20.489 0.17 53687.419454 -99.99 0.507 49.13642 -0.428412
53693.363697 20.274 0.194 53693.365363 20.568 0.109 53693.36203 20.43 0.074 53693.362863 20.339 0.063 53693.36453 20.275 0.206 49.13642 -0.428412
53699.384533 20.787 0.144 53699.386199 20.627 0.039 53699.382866 20.52 0.037 53699.383699 20.232 0.035 53699.385366 20.43 0.158 49.13642 -0.428412
53704.347019 20.623 0.114 53704.348685 20.694 0.035 53704.345352 20.632 0.044 53704.346185 20.324 0.047 53704.347852 20.433 0.228 49.13642 -0.428412
53989.443086 20.588 0.145 53989.444753 20.506 0.056 53989.44142 20.644 0.054 53989.442253 20.282 0.043 53989.44392 20.192 0.095 49.13642 -0.428412
53997.46663 20.419 0.053 53997.468296 20.529 0.027 53997.464963 20.615 0.03 53997.465796 20.291 0.028 53997.467463 20.282 0.087 49.13642 -0.428412
54000.418544 20.462 0.087 54000.420211 20.526 0.031 54000.416878 20.646 0.037 54000.417711 20.397 0.045 54000.419378 19.877 0.12 49.13642 -0.428412
54007.468656 20.505 0.071 54007.470323 20.596 0.031 54007.466989 20.599 0.031 54007.467823 20.335 0.03 54007.469489 20.15 0.1 49.13642 -0.428412
54009.392421 20.624 0.061 54009.394088 20.584 0.026 54009.390755 20.595 0.028 54009.391588 20.323 0.027 54009.393255 20.229 0.086 49.13642 -0.428412
54011.456898 20.48 0.056 54011.458565 20.59 0.031 54011.455232 20.567 0.03 54011.456065 20.349 0.028 54011.457732 20.111 0.068 49.13642 -0.428412
54012.469719 20.719 0.098 54012.471386 20.588 0.045 54012.468053 20.659 0.04 54012.468886 20.34 0.04 54012.470553 20.163 0.124 49.13642 -0.428412
54019.451926 20.603 0.145 54019.453593 20.416 0.048 54019.450259 20.616 0.077 54019.451093 20.277 0.063 54019.452759 20.049 0.11 49.13642 -0.428412
54025.455926 20.595 0.092 54025.457592 20.612 0.031 54025.454259 20.564 0.039 54025.455092 20.394 0.042 54025.456759 20.022 0.101 49.13642 -0.428412
54346.449687 20.628 0.134 54346.451353 20.985 0.074 54346.44802 20.856 0.059 54346.448853 20.469 0.05 54346.45052 20.688 0.16 49.13642 -0.428412
54348.45367 20.749 0.108 54348.455336 20.953 0.047 54348.452003 20.978 0.052 54348.452836 20.51 0.043 54348.454503 20.585 0.147 49.13642 -0.428412
54358.409477 20.783 0.098 54358.411143 20.898 0.035 54358.40781 20.877 0.04 54358.408643 20.594 0.048 54358.41031 20.134 0.115 49.13642 -0.428412
54365.44259 20.767 0.072 54365.444257 21 0.03 54365.440924 20.89 0.032 54365.441757 20.474 0.031 54365.443424 20.517 0.12 49.13642 -0.428412
54381.462151 20.806 0.094 54381.463818 20.868 0.037 54381.460484 20.854 0.038 54381.461318 20.496 0.038 54381.462984 20.295 0.118 49.13642 -0.428412
54386.454421 20.705 0.08 54386.456087 20.905 0.034 54386.452754 20.82 0.035 54386.453587 20.407 0.032 54386.455254 20.433 0.123 49.13642 -0.428412
54388.458718 20.952 0.112 54388.460384 20.79 0.032 54388.457051 20.79 0.036 54388.457884 20.444 0.033 54388.459551 20.407 0.126 49.13642 -0.428412
54392.456277 20.694 0.097 54392.457944 20.801 0.039 54392.454611 20.786 0.043 54392.455444 20.436 0.038 54392.457111 20.561 0.17 49.13642 -0.428412
54406.36631 20.92 0.1 54406.367977 20.78 0.035 54406.364644 20.706 0.032 54406.365477 20.376 0.028 54406.367144 20.252 0.082 49.13642 -0.428412
54409.371165 20.76 0.077 54409.372831 20.803 0.026 54409.369498 20.868 0.039 54409.370331 20.387 0.033 54409.371998 20.659 0.149 49.13642 -0.428412
54412.392129 20.634 0.111 54412.393795 20.724 0.041 54412.390462 20.771 0.053 54412.391295 20.481 0.052 54412.392962 20.117 0.151 49.13642 -0.428412
