51075.438073 19.693 0.034 51075.439739 19.334 0.012 51075.436406 19.449 0.016 51075.437239 19.541 0.025 51075.438906 19.366 0.096 49.898017 0.404484
51818.407717 19.63 0.035 51818.409383 19.271 0.011 51818.40605 19.346 0.014 51818.406883 19.446 0.02 51818.40855 19.338 0.075 49.898017 0.404484
52171.395815 19.676 0.037 52171.397481 19.295 0.011 52171.394148 19.411 0.014 52171.394981 19.508 0.019 52171.396648 19.586 0.089 49.898017 0.404484
52173.372109 19.711 0.04 52173.373775 19.312 0.011 52173.370442 19.411 0.015 52173.371275 19.474 0.022 52173.372942 19.343 0.087 49.898017 0.404484
52224.352325 19.594 0.033 52224.353991 19.232 0.01 52224.350658 19.335 0.013 52224.351491 19.421 0.017 52224.353158 19.44 0.071 49.898017 0.404484
52234.308739 19.627 0.041 52234.310405 19.227 0.011 52234.307072 19.337 0.014 52234.307905 19.415 0.021 52234.309572 19.385 0.075 49.898017 0.404484
52261.272093 19.639 0.036 52261.273759 19.274 0.011 52261.270426 19.389 0.014 52261.271259 19.482 0.018 52261.272926 19.253 0.057 49.898017 0.404484
52283.139468 19.656 0.044 52283.141134 19.28 0.012 52283.137801 19.378 0.019 52283.138634 19.426 0.028 52283.140301 19.317 0.108 49.898017 0.404484
52287.152591 19.665 0.036 52287.154257 19.239 0.011 52287.150924 19.382 0.014 52287.151757 19.491 0.019 52287.153424 19.394 0.075 49.898017 0.404484
52552.471281 19.563 0.033 52552.472947 19.21 0.01 52552.469614 19.349 0.014 52552.470447 19.474 0.02 52552.472114 19.292 0.065 49.898017 0.404484
52557.445642 19.565 0.035 52557.447308 19.232 0.011 52557.443975 19.387 0.015 52557.444808 19.44 0.02 52557.446475 19.315 0.075 49.898017 0.404484
52585.346971 19.586 0.031 52585.348637 19.264 0.01 52585.345304 19.379 0.013 52585.346137 19.5 0.018 52585.347804 19.285 0.06 49.898017 0.404484
52908.42021 20.243 0.052 52908.421876 19.57 0.013 52908.418543 19.806 0.018 52908.419376 19.876 0.028 52908.421043 19.45 0.085 49.898017 0.404484
52912.399649 20.181 0.056 52912.401315 19.591 0.013 52912.397982 19.804 0.018 52912.398815 19.822 0.025 52912.400482 19.573 0.089 49.898017 0.404484
52934.352118 20.114 0.052 52934.353784 19.617 0.013 52934.350451 19.79 0.019 52934.351284 19.858 0.027 52934.352951 19.803 0.123 49.898017 0.404484
52936.348042 20.168 0.049 52936.349708 19.59 0.013 52936.346375 19.771 0.018 52936.347208 19.809 0.025 52936.348875 19.527 0.082 49.898017 0.404484
53270.412171 19.912 0.034 53270.413837 19.423 0.022 53270.410504 19.588 0.016 53270.411337 19.678 0.019 53270.413004 19.542 0.062 49.898017 0.404484
53272.462039 19.82 0.045 53272.463705 19.42 0.012 53272.460372 19.574 0.016 53272.461205 19.603 0.023 53272.462872 19.535 0.091 49.898017 0.404484
53286.430759 19.828 0.046 53286.432425 19.413 0.013 53286.429092 19.538 0.016 53286.429925 19.633 0.023 53286.431592 19.439 0.076 49.898017 0.404484
53288.389254 19.854 0.045 53288.39092 19.41 0.012 53288.387587 19.564 0.015 53288.38842 19.657 0.023 53288.390087 19.447 0.079 49.898017 0.404484
53294.436925 19.843 0.043 53294.438591 19.43 0.012 53294.435258 19.594 0.024 53294.436091 19.626 0.027 53294.437758 19.457 0.073 49.898017 0.404484
53296.383971 19.867 0.048 53296.385638 19.395 0.015 53296.382305 19.544 0.025 53296.383138 19.675 0.028 53296.384805 19.369 0.079 49.898017 0.404484
53298.433702 19.735 0.041 53298.435368 19.39 0.012 53298.432035 19.541 0.019 53298.432868 19.601 0.026 53298.434535 19.566 0.102 49.898017 0.404484
53302.384922 -99.99 0.052 53302.386588 -99.99 0.025 53302.383255 19.56 0.019 53302.384088 19.616 0.024 53302.385755 19.406 0.078 49.898017 0.404484
53312.340461 19.737 0.055 53312.342127 19.365 0.019 53312.338794 19.501 0.019 53312.339627 19.611 0.026 53312.341294 19.606 0.1 49.898017 0.404484
53314.341654 19.671 0.046 53314.34332 19.354 0.013 53314.339987 19.547 0.019 53314.34082 19.634 0.024 53314.342487 19.405 0.087 49.898017 0.404484
53319.329451 19.722 0.049 53319.331117 19.318 0.014 53319.327784 19.447 0.018 53319.328617 19.577 0.026 53319.330284 19.503 0.109 49.898017 0.404484
53616.446004 20.009 0.06 53616.44767 19.556 0.014 53616.444337 19.724 0.021 53616.44517 19.75 0.029 53616.446837 19.539 0.101 49.898017 0.404484
53626.422433 20.002 0.065 53626.424099 -99.99 0.028 53626.420766 19.685 0.022 53626.421599 19.741 0.031 53626.423266 -99.99 0.138 49.898017 0.404484
53628.407298 19.956 0.058 53628.408964 19.554 0.017 53628.405631 19.718 0.022 53628.406464 19.76 0.034 53628.408131 19.396 0.115 49.898017 0.404484
53639.454293 19.99 0.055 53639.455959 19.516 0.014 53639.452626 19.659 0.018 53639.453459 19.729 0.026 53639.455126 19.541 0.086 49.898017 0.404484
53641.453459 19.815 0.058 53641.455125 19.502 0.015 53641.451792 19.696 0.022 53641.452625 19.756 0.031 53641.454292 19.622 0.105 49.898017 0.404484
53657.412344 19.874 0.065 53657.41401 19.52 0.016 53657.410677 19.632 0.026 53657.41151 19.696 0.038 53657.413177 19.662 0.138 49.898017 0.404484
53663.396891 19.928 0.101 53663.398557 19.455 0.029 53663.395224 19.596 0.027 53663.396057 19.743 0.032 53663.397724 19.52 0.094 49.898017 0.404484
53665.374864 19.887 0.07 53665.37653 19.428 0.019 53665.373197 19.611 0.021 53665.37403 19.678 0.025 53665.375697 19.58 0.095 49.898017 0.404484
53666.466973 -99.99 0.094 53666.468639 19.475 0.02 53666.465306 19.644 0.022 53666.466139 19.689 0.026 53666.467806 19.571 0.093 49.898017 0.404484
53668.386493 19.932 0.081 53668.388159 19.479 0.019 53668.384826 19.638 0.024 53668.385659 19.672 0.033 53668.387326 19.388 0.111 49.898017 0.404484
53669.474099 19.924 0.103 53669.475765 19.494 0.02 53669.472432 19.638 0.026 53669.473265 19.63 0.036 53669.474932 19.604 0.154 49.898017 0.404484
53670.391344 20.024 0.088 53670.39301 19.512 0.018 53670.389677 19.602 0.026 53670.39051 19.686 0.035 53670.392177 19.439 0.105 49.898017 0.404484
53673.359333 19.871 0.043 53673.360999 19.471 0.012 53673.357666 19.643 0.017 53673.358499 19.688 0.021 53673.360166 19.57 0.07 49.898017 0.404484
53675.35622 19.871 0.048 53675.357886 19.479 0.012 53675.354553 19.621 0.019 53675.355386 19.652 0.027 53675.357053 19.497 0.088 49.898017 0.404484
53680.363917 19.934 0.046 53680.365583 19.482 0.012 53680.36225 19.645 0.018 53680.363083 19.716 0.022 53680.36475 19.538 0.072 49.898017 0.404484
53683.422466 19.826 0.09 53683.424132 -99.99 0.021 53683.420799 19.588 0.043 53683.421632 19.7 0.051 53683.423299 -99.99 0.177 49.898017 0.404484
53686.363348 20.016 0.084 53686.365014 19.473 0.024 53686.361681 19.545 0.025 53686.362514 19.673 0.031 53686.364181 19.479 0.088 49.898017 0.404484
53693.365806 19.887 0.145 53693.367472 19.402 0.038 53693.364139 19.57 0.035 53693.364972 19.625 0.045 53693.366639 19.254 0.104 49.898017 0.404484
53699.386642 19.949 0.063 53699.388308 19.456 0.015 53699.384975 19.577 0.019 53699.385808 19.672 0.025 53699.387475 19.508 0.079 49.898017 0.404484
53704.349128 19.801 0.054 53704.350794 19.428 0.013 53704.347461 19.528 0.02 53704.348294 19.6 0.029 53704.349961 19.462 0.1 49.898017 0.404484
53989.445293 -99.99 0.045 53989.446959 19.14 0.019 53989.443626 19.307 0.022 53989.444459 19.388 0.021 53989.446126 19.285 0.056 49.898017 0.404484
53997.468765 19.49 0.031 53997.470432 19.172 0.013 53997.467098 19.274 0.017 53997.467932 19.426 0.02 53997.469598 19.349 0.05 49.898017 0.404484
54000.42063 19.495 0.037 54000.422296 19.101 0.021 54000.418963 19.334 0.023 54000.419796 19.362 0.025 54000.421463 19.299 0.082 49.898017 0.404484
54007.470814 19.511 0.039 54007.47248 19.187 0.014 54007.469147 19.314 0.017 54007.46998 19.439 0.019 54007.471647 19.498 0.071 49.898017 0.404484
54009.394668 19.503 0.029 54009.396335 19.202 0.016 54009.393001 19.348 0.015 54009.393835 19.428 0.017 54009.395501 19.289 0.049 49.898017 0.404484
54011.459092 -99.99 0.029 54011.460759 19.211 0.018 54011.457426 19.341 0.015 54011.458259 19.451 0.016 54011.459926 19.348 0.049 49.898017 0.404484
54012.471821 19.504 0.039 54012.473488 19.227 0.018 54012.470154 19.334 0.017 54012.470988 19.39 0.023 54012.472654 19.315 0.071 49.898017 0.404484
54019.454015 19.361 0.049 54019.455682 19.156 0.02 54019.452348 19.279 0.021 54019.453182 19.372 0.022 54019.454848 19.232 0.062 49.898017 0.404484
54025.458092 19.489 0.039 54025.459759 19.223 0.013 54025.456426 19.382 0.017 54025.457259 19.404 0.022 54025.458926 19.288 0.068 49.898017 0.404484
54346.451818 19.52 0.052 54346.453485 19.196 0.018 54346.450152 19.315 0.021 54346.450985 19.472 0.025 54346.452652 19.337 0.062 49.898017 0.404484
54348.455809 19.523 0.043 54348.457476 19.19 0.019 54348.454142 19.331 0.02 54348.454976 19.424 0.022 54348.456642 19.346 0.07 49.898017 0.404484
54358.411655 19.558 0.046 54358.413321 19.211 0.019 54358.409988 19.346 0.019 54358.410821 19.363 0.021 54358.412488 19.314 0.073 49.898017 0.404484
54365.444674 19.464 0.03 54365.446341 19.192 0.019 54365.443008 19.345 0.02 54365.443841 19.439 0.024 54365.445508 19.334 0.054 49.898017 0.404484
54381.464235 19.616 0.038 54381.465902 19.201 0.016 54381.462568 19.377 0.026 54381.463402 19.486 0.025 54381.465068 19.538 0.071 49.898017 0.404484
54386.456554 19.587 0.053 54386.45822 19.267 0.017 54386.454887 19.393 0.017 54386.45572 19.499 0.023 54386.457387 19.36 0.07 49.898017 0.404484
54388.460788 -99.99 0.04 54388.462454 19.288 0.02 54388.459121 19.431 0.016 54388.459954 19.544 0.021 54388.461621 19.388 0.059 49.898017 0.404484
54392.45836 19.602 0.043 54392.460027 19.287 0.02 54392.456694 19.424 0.022 54392.457527 19.52 0.031 54392.459194 19.379 0.067 49.898017 0.404484
54403.374604 19.507 0.091 54403.37627 19.431 0.055 54403.372937 19.594 0.043 54403.37377 19.565 0.053 54403.375437 18.962 0.146 49.898017 0.404484
54404.432414 -99.99 1.211 54404.434081 19.039 0.075 54404.430748 -99.99 0.207 54404.431581 -99.99 2.431 54404.433248 -99.99 0.429 49.898017 0.404484
54406.36847 19.692 0.038 54406.370137 19.324 0.019 54406.366803 19.487 0.016 54406.367637 19.617 0.018 54406.369303 19.485 0.055 49.898017 0.404484
54409.373324 19.67 0.036 54409.374991 19.34 0.016 54409.371657 19.503 0.017 54409.372491 19.591 0.02 54409.374157 19.418 0.059 49.898017 0.404484
54412.394213 19.641 0.057 54412.395879 19.356 0.021 54412.392546 19.486 0.023 54412.393379 19.626 0.03 54412.395046 19.392 0.096 49.898017 0.404484
