51081.412514 25.446 0.922 51081.41418 20.871 0.039 51081.410847 20.449 0.034 51081.41168 20.178 0.04 51081.413347 20.159 0.129 46.560068 0.551853
51875.227487 25.04 0.925 51875.229153 20.954 0.037 51875.22582 20.484 0.036 51875.226653 20.232 0.042 51875.22832 20.018 0.116 46.560068 0.551853
52171.459908 23.332 0.51 52171.461574 21.039 0.034 52171.458241 20.604 0.036 52171.459074 20.32 0.038 52171.460741 20.071 0.093 46.560068 0.551853
52225.308342 24.445 0.894 52225.310008 20.974 0.033 52225.306675 20.585 0.031 52225.307508 20.215 0.033 52225.309175 20.071 0.096 46.560068 0.551853
52288.142764 24.78 0.965 52288.14443 20.979 0.035 52288.141097 20.559 0.034 52288.14193 20.27 0.039 52288.143597 19.898 0.087 46.560068 0.551853
52551.416052 23.444 0.658 52551.417718 20.822 0.032 52551.414385 20.533 0.034 52551.415218 20.189 0.041 52551.416885 19.981 0.102 46.560068 0.551853
52558.448923 23.049 0.395 52558.450589 20.885 0.03 52558.447256 20.474 0.03 52558.448089 20.209 0.037 52558.449756 20.076 0.1 46.560068 0.551853
52578.320532 24.329 0.83 52578.322198 20.871 0.029 52578.318865 20.421 0.027 52578.319698 20.179 0.032 52578.321365 19.944 0.08 46.560068 0.551853
52585.283514 24.195 0.89 52585.28518 20.938 0.033 52585.281847 20.449 0.033 52585.28268 20.203 0.045 52585.284347 20.11 0.133 46.560068 0.551853
52909.450146 23.276 0.502 52909.451812 20.737 0.03 52909.448479 20.369 0.026 52909.449312 20.065 0.033 52909.450979 19.923 0.083 46.560068 0.551853
52910.420389 23.744 0.784 52910.422055 20.809 0.041 52910.418722 20.279 0.029 52910.419555 20.072 0.034 52910.421222 19.909 0.09 46.560068 0.551853
52935.34756 23.166 0.511 52935.349226 20.733 0.029 52935.345893 20.384 0.031 52935.346726 20.026 0.036 52935.348393 19.98 0.114 46.560068 0.551853
52963.270638 23.691 0.64 52963.272304 20.747 0.029 52963.268971 20.372 0.026 52963.269804 20.056 0.033 52963.271471 19.852 0.083 46.560068 0.551853
53351.192943 22.963 0.478 53351.194609 20.875 0.034 53351.191276 20.447 0.033 53351.192109 20.234 0.046 53351.193776 19.965 0.11 46.560068 0.551853
53622.44999 23.357 0.431 53622.451656 20.885 0.028 53622.448323 20.467 0.027 53622.449156 20.162 0.031 53622.450823 20.075 0.08 46.560068 0.551853
53627.407089 22.615 0.385 53627.408755 20.918 0.036 53627.405422 20.536 0.033 53627.406255 20.303 0.046 53627.407922 20.01 0.097 46.560068 0.551853
53634.399462 -99.99 0.81 53634.401128 21.022 0.132 53634.397795 20.449 0.064 53634.398628 20.194 0.057 53634.400295 20.107 0.132 46.560068 0.551853
53638.440798 22.741 0.518 53638.442464 20.954 0.049 53638.439131 20.578 0.039 53638.439964 20.262 0.043 53638.441631 20.061 0.11 46.560068 0.551853
53640.404834 23.371 0.836 53640.4065 20.947 0.045 53640.403167 20.466 0.036 53640.404 20.084 0.036 53640.405667 20.071 0.119 46.560068 0.551853
53643.447309 24.622 1.407 53643.448975 20.886 0.044 53643.445642 20.526 0.039 53643.446475 20.152 0.043 53643.448142 19.881 0.114 46.560068 0.551853
53646.46624 23.412 0.685 53646.467906 20.829 0.035 53646.464573 20.51 0.037 53646.465406 20.148 0.041 53646.467073 20.077 0.11 46.560068 0.551853
53663.466658 25.679 2.91 53663.468324 20.979 0.141 53663.464991 20.413 0.073 53663.465824 20.194 0.06 53663.467491 19.848 0.113 46.560068 0.551853
53664.401964 22.812 1 53664.40363 20.952 0.086 53664.400297 20.544 0.055 53664.40113 20.236 0.054 53664.402797 20.001 0.129 46.560068 0.551853
53665.46659 25.024 2.645 53665.468256 20.943 0.081 53665.464923 20.572 0.054 53665.465756 20.256 0.056 53665.467423 20.061 0.145 46.560068 0.551853
53668.455207 25.977 1.546 53668.456873 20.848 0.066 53668.45354 20.587 0.064 53668.454373 20.118 0.06 53668.45604 20.302 0.217 46.560068 0.551853
53669.361209 23.404 1.094 53669.362875 20.871 0.048 53669.359542 20.499 0.043 53669.360375 20.221 0.059 53669.362042 19.873 0.119 46.560068 0.551853
53670.461179 22.865 0.964 53670.462845 20.976 0.074 53670.459512 20.46 0.046 53670.460345 20.157 0.052 53670.462012 19.944 0.152 46.560068 0.551853
53671.445956 24.562 1.492 53671.447622 20.792 0.043 53671.444289 20.448 0.041 53671.445122 20.175 0.043 53671.446789 20.323 0.166 46.560068 0.551853
53674.345447 22.914 0.587 53674.347113 20.881 0.041 53674.34378 20.485 0.04 53674.344613 20.173 0.046 53674.34628 20.034 0.142 46.560068 0.551853
53676.434899 22.556 0.398 53676.436565 20.85 0.04 53676.433232 20.424 0.041 53676.434065 20.175 0.038 53676.435732 20.069 0.141 46.560068 0.551853
53679.406803 24.346 1.557 53679.408469 20.944 0.044 53679.405136 20.492 0.048 53679.405969 20.243 0.057 53679.407636 -99.99 0.134 46.560068 0.551853
53681.398315 23.377 0.863 53681.399981 20.851 0.036 53681.396648 20.403 0.036 53681.397481 20.175 0.041 53681.399148 19.792 0.084 46.560068 0.551853
53684.359814 22.88 1.253 53684.36148 20.634 0.078 53684.358147 20.371 0.084 53684.35898 19.829 0.092 53684.360647 19.664 0.292 46.560068 0.551853
53687.301129 21.674 0.79 53687.302795 20.709 0.121 53687.299462 20.335 0.085 53687.300295 20.088 0.077 53687.301962 20.025 0.173 46.560068 0.551853
53694.371271 -99.99 2.509 53694.372937 -99.99 0.091 53694.369604 -99.99 0.072 53694.370437 -99.99 0.055 53694.372104 -99.99 0.116 46.560068 0.551853
53696.364035 23.655 1.439 53696.365701 20.958 0.054 53696.362368 20.477 0.039 53696.363201 20.225 0.043 53696.364868 20.009 0.1 46.560068 0.551853
53697.355342 23.45 1.16 53697.357008 20.885 0.052 53697.353675 20.472 0.041 53697.354508 20.191 0.044 53697.356175 20.037 0.109 46.560068 0.551853
53700.354298 23.59 1.038 53700.355964 20.839 0.038 53700.352631 20.476 0.042 53700.353464 20.121 0.046 53700.355131 20.197 0.158 46.560068 0.551853
53705.340969 25.327 1.241 53705.342635 20.854 0.04 53705.339302 20.461 0.038 53705.340135 20.052 0.041 53705.341802 19.98 0.122 46.560068 0.551853
53975.425965 23.302 0.786 53975.427631 20.765 0.039 53975.424298 20.369 0.036 53975.425131 20.074 0.046 53975.426798 19.981 0.129 46.560068 0.551853
53994.44896 22.628 0.362 53994.450627 20.756 0.033 53994.447294 20.308 0.029 53994.448127 20.076 0.033 53994.449794 19.773 0.077 46.560068 0.551853
53996.432727 22.841 0.491 53996.434394 20.749 0.048 53996.431061 20.42 0.068 53996.431894 -99.99 0.058 53996.433561 19.922 0.107 46.560068 0.551853
54005.445909 23.869 0.992 54005.447575 20.807 0.035 54005.444242 20.337 0.026 54005.445075 20.051 0.03 54005.446742 19.813 0.075 46.560068 0.551853
54009.459742 27.19 99.999 54009.461409 20.759 0.03 54009.458076 20.378 0.025 54009.458909 20.122 0.032 54009.460576 19.895 0.071 46.560068 0.551853
54010.386848 22.585 0.259 54010.388515 20.815 0.034 54010.385181 20.364 0.022 54010.386015 20.111 0.03 54010.387681 19.949 0.068 46.560068 0.551853
54012.379655 22.484 0.421 54012.381322 -99.99 0.051 54012.377989 20.316 0.033 54012.378822 20.084 0.038 54012.380489 19.698 0.069 46.560068 0.551853
54020.417878 22.391 0.577 54020.419545 20.765 0.062 54020.416211 20.319 0.042 54020.417045 20.05 0.045 54020.418711 19.918 0.1 46.560068 0.551853
54024.467324 25.477 8.012 54024.468991 20.833 0.051 54024.465657 20.406 0.039 54024.466491 20.038 0.039 54024.468157 20.004 0.111 46.560068 0.551853
54028.455601 23.756 1.046 54028.457268 20.789 0.052 54028.453935 20.371 0.035 54028.454768 20.084 0.038 54028.456435 19.859 0.095 46.560068 0.551853
54030.411024 23.139 0.464 54030.412691 20.786 0.026 54030.409357 20.419 0.029 54030.410191 20.05 0.032 54030.411857 19.912 0.102 46.560068 0.551853
54035.454956 22.929 0.761 54035.456623 20.871 0.036 54035.453289 20.407 0.04 54035.454123 20.073 0.048 54035.455789 19.89 0.107 46.560068 0.551853
54037.360511 23.399 0.558 54037.362177 20.766 0.025 54037.358844 20.401 0.027 54037.359677 20.057 0.027 54037.361344 19.885 0.066 46.560068 0.551853
54040.37493 22.854 0.362 54040.376597 20.829 0.03 54040.373263 20.439 0.03 54040.374097 20.082 0.037 54040.375763 19.926 0.084 46.560068 0.551853
54041.410453 22.648 0.405 54041.41212 20.861 0.039 54041.408786 20.386 0.035 54041.40962 20.033 0.035 54041.411286 19.918 0.079 46.560068 0.551853
54047.405715 99.98 99.999 54047.407382 20.991 0.164 54047.404049 20.514 0.083 54047.404882 20.172 0.076 54047.406549 19.944 0.126 46.560068 0.551853
54049.401384 21.452 0.344 54049.403051 20.729 0.065 54049.399717 20.39 0.049 54049.400551 20.18 0.053 54049.402217 20.055 0.134 46.560068 0.551853
54050.361568 99.955 99.999 54050.363234 20.899 0.076 54050.359901 20.422 0.052 54050.360734 20.078 0.054 54050.362401 19.778 0.13 46.560068 0.551853
54053.38106 22.484 0.429 54053.382727 -99.99 0.042 54053.379393 -99.99 0.042 54053.380227 20.088 0.053 54053.381893 20.008 0.129 46.560068 0.551853
54056.367399 22.289 0.319 54056.369066 20.81 0.037 54056.365732 20.429 0.034 54056.366566 20.082 0.044 54056.368232 19.747 0.087 46.560068 0.551853
54059.361651 24.089 1.771 54059.363318 20.807 0.036 54059.359985 20.391 0.037 54059.360818 20.083 0.046 54059.362485 19.956 0.13 46.560068 0.551853
54061.372821 23.783 2.125 54061.374488 20.748 0.043 54061.371155 20.397 0.058 54061.371988 20.159 0.064 54061.373655 19.91 0.134 46.560068 0.551853
54062.366573 23.638 0.873 54062.36824 20.817 0.031 54062.364907 20.404 0.032 54062.36574 20.188 0.04 54062.367407 19.934 0.09 46.560068 0.551853
54064.362984 23.366 0.78 54064.364651 20.855 0.034 54064.361317 20.447 0.034 54064.362151 20.055 0.038 54064.363817 19.829 0.094 46.560068 0.551853
54068.347139 22.85 0.79 54068.348805 -99.99 0.054 54068.345472 20.461 0.044 54068.346305 20.098 0.053 54068.347972 -99.99 0.132 46.560068 0.551853
54357.404852 23.029 0.392 54357.406518 20.83 0.031 54357.403185 20.554 0.027 54357.404018 20.192 0.04 54357.405685 20.036 0.084 46.560068 0.551853
54362.454682 23.802 0.877 54362.456349 20.887 0.03 54362.453015 20.45 0.029 54362.453849 20.172 0.037 54362.455515 20.11 0.093 46.560068 0.551853
54376.449767 -99.99 9.59 54376.451433 20.837 0.036 54376.4481 20.473 0.032 54376.448933 20.19 0.038 54376.4506 19.846 0.073 46.560068 0.551853
54382.434886 22.696 0.436 54382.436553 20.845 0.034 54382.43322 20.441 0.039 54382.434053 20.161 0.047 54382.43572 19.881 0.095 46.560068 0.551853
54385.452678 -99.99 1.158 54385.454344 20.796 0.029 54385.451011 20.437 0.031 54385.451844 20.179 0.033 54385.453511 19.892 0.083 46.560068 0.551853
54387.453177 23.939 1.756 54387.454844 -99.99 0.038 54387.45151 20.381 0.037 54387.452344 20.118 0.043 54387.45401 20.015 0.117 46.560068 0.551853
54390.445573 23.737 1.837 54390.44724 -99.99 0.071 54390.443906 20.431 0.055 54390.44474 20.148 0.069 54390.446406 20.09 0.209 46.560068 0.551853
54391.454013 22.744 0.792 54391.45568 20.912 0.056 54391.452346 20.517 0.075 54391.45318 20.143 0.069 54391.454846 19.959 0.175 46.560068 0.551853
54402.446514 23.165 2.596 54402.448181 20.894 0.12 54402.444848 20.365 0.069 54402.445681 20.356 0.075 54402.447348 19.767 0.099 46.560068 0.551853
