51075.436769 21.446 0.153 51075.438435 21.194 0.043 51075.435102 20.694 0.042 51075.435935 20.36 0.054 51075.437602 20.556 0.252 49.425309 1.065767
51081.420462 21.518 0.189 51081.422128 21.229 0.051 51081.418795 20.742 0.047 51081.419628 20.41 0.054 51081.421295 20.031 0.145 49.425309 1.065767
51818.406392 21.566 0.156 51818.408058 21.049 0.037 51818.404725 20.557 0.034 51818.405558 20.303 0.044 51818.407225 20.051 0.123 49.425309 1.065767
52171.394528 21.913 0.187 52171.396194 21.324 0.047 52171.392861 20.693 0.035 52171.393694 20.454 0.044 52171.395361 20.303 0.133 49.425309 1.065767
52173.370802 21.95 0.255 52173.372468 21.312 0.049 52173.369135 20.703 0.043 52173.369968 20.397 0.055 52173.371635 20.436 0.212 49.425309 1.065767
52224.350954 21.82 0.172 52224.35262 21.314 0.04 52224.349287 20.719 0.035 52224.35012 20.416 0.041 52224.351787 20.503 0.154 49.425309 1.065767
52234.307429 21.565 0.175 52234.309095 21.405 0.055 52234.305762 20.805 0.049 52234.306595 20.398 0.047 52234.308262 20.403 0.159 49.425309 1.065767
52261.270784 21.535 0.157 52261.27245 21.303 0.041 52261.269117 20.732 0.037 52261.26995 20.463 0.04 52261.271617 20.309 0.127 49.425309 1.065767
52283.13816 21.547 0.21 52283.139826 21.226 0.054 52283.136493 20.752 0.057 52283.137326 20.352 0.065 52283.138993 20.102 0.204 49.425309 1.065767
52287.151283 21.646 0.149 52287.152949 21.255 0.045 52287.149616 20.751 0.039 52287.150449 20.46 0.044 52287.152116 20.357 0.134 49.425309 1.065767
52552.469974 21.575 0.151 52552.47164 21.142 0.035 52552.468307 20.614 0.034 52552.46914 20.345 0.045 52552.470807 20.303 0.151 49.425309 1.065767
52557.444333 21.264 0.115 52557.445999 21.161 0.036 52557.442666 20.72 0.041 52557.443499 20.38 0.048 52557.445166 20.155 0.144 49.425309 1.065767
52585.345664 21.452 0.115 52585.34733 21.173 0.033 52585.343997 20.693 0.035 52585.34483 20.332 0.041 52585.346497 20.092 0.113 49.425309 1.065767
52908.418901 22.571 0.356 52908.420567 21.509 0.048 52908.417234 20.814 0.043 52908.418067 20.466 0.05 52908.419734 20.402 0.162 49.425309 1.065767
52912.398341 22.057 0.24 52912.400007 21.48 0.051 52912.396674 20.805 0.036 52912.397507 20.496 0.045 52912.399174 20.212 0.138 49.425309 1.065767
52934.35081 21.696 0.174 52934.352476 21.48 0.049 52934.349143 20.834 0.043 52934.349976 20.579 0.055 52934.351643 20.667 0.235 49.425309 1.065767
52936.346735 21.459 0.123 52936.348401 21.4 0.042 52936.345068 20.796 0.04 52936.345901 20.456 0.047 52936.347568 -99.99 0.156 49.425309 1.065767
53270.410801 21.469 0.108 53270.412468 21.515 0.038 53270.409134 20.84 0.03 53270.409968 20.537 0.038 53270.411634 20.377 0.116 49.425309 1.065767
53272.460731 22.13 0.271 53272.462397 21.488 0.05 53272.459064 20.857 0.04 53272.459897 20.422 0.046 53272.461564 20.231 0.14 49.425309 1.065767
53286.42945 21.723 0.199 53286.431116 21.465 0.059 53286.427783 20.904 0.049 53286.428616 20.495 0.049 53286.430283 20.531 0.169 49.425309 1.065767
53288.387946 21.734 0.181 53288.389612 21.5 0.051 53288.386279 20.823 0.041 53288.387112 20.474 0.049 53288.388779 20.612 0.208 49.425309 1.065767
53294.435616 22.387 0.468 53294.437282 21.474 0.049 53294.433949 20.765 0.048 53294.434782 20.532 0.074 53294.436449 20.49 0.166 49.425309 1.065767
53296.382656 21.836 0.246 53296.384323 21.453 0.053 53296.38099 20.893 0.053 53296.381823 20.478 0.057 53296.38349 20.915 0.25 49.425309 1.065767
53298.432393 22.259 0.301 53298.434059 21.412 0.049 53298.430726 20.764 0.049 53298.431559 20.589 0.072 53298.433226 20.495 0.228 49.425309 1.065767
53302.383613 21.34 0.162 53302.385279 21.548 0.088 53302.381946 20.869 0.058 53302.382779 20.587 0.063 53302.384446 20.43 0.166 49.425309 1.065767
53312.339174 21.834 0.306 53312.340841 21.485 0.093 53312.337507 20.943 0.063 53312.338341 20.578 0.065 53312.340007 20.455 0.193 49.425309 1.065767
53314.340344 21.59 0.231 53314.34201 21.36 0.069 53314.338677 20.693 0.051 53314.33951 20.421 0.061 53314.341177 20.306 0.186 49.425309 1.065767
53319.328142 21.569 0.214 53319.329808 21.395 0.067 53319.326475 20.779 0.059 53319.327308 20.577 0.07 53319.328975 20.459 0.208 49.425309 1.065767
53616.444696 21.883 0.285 53616.446362 21.237 0.047 53616.443029 20.733 0.041 53616.443862 20.311 0.049 53616.445529 20.4 0.181 49.425309 1.065767
53626.421125 21.72 0.315 53626.422791 -99.99 0.053 53626.419458 20.739 0.04 53626.420291 20.446 0.046 53626.421958 20.212 0.152 49.425309 1.065767
53628.405989 21.926 0.291 53628.407655 21.144 0.061 53628.404322 20.699 0.049 53628.405155 20.27 0.055 53628.406822 20.036 0.161 49.425309 1.065767
53639.452985 21.665 0.217 53639.454651 21.218 0.056 53639.451318 20.703 0.043 53639.452151 20.423 0.048 53639.453818 20.138 0.119 49.425309 1.065767
53641.452152 21.484 0.239 53641.453818 21.277 0.059 53641.450485 20.769 0.049 53641.451318 20.439 0.061 53641.452985 20.114 0.126 49.425309 1.065767
53665.373556 21.775 0.322 53665.375222 21.256 0.083 53665.371889 20.715 0.053 53665.372722 20.489 0.056 53665.374389 19.937 0.113 49.425309 1.065767
53666.465664 25.539 2.049 53666.46733 21.094 0.078 53666.463997 20.6 0.05 53666.46483 20.322 0.05 53666.466497 20.076 0.131 49.425309 1.065767
53668.385185 21.926 0.389 53668.386851 21.274 0.081 53668.383518 20.65 0.06 53668.384351 20.374 0.061 53668.386018 20.424 0.221 49.425309 1.065767
53669.472792 21.676 0.442 53669.474458 21.265 0.095 53669.471125 20.56 0.054 53669.471958 20.368 0.068 53669.473625 20.18 0.218 49.425309 1.065767
53670.390037 21.394 0.25 53670.391703 21.135 0.074 53670.38837 20.679 0.071 53670.389203 20.407 0.08 53670.39087 20.341 0.219 49.425309 1.065767
53673.358025 21.395 0.131 53673.359691 21.236 0.037 53673.356358 20.682 0.034 53673.357191 20.441 0.041 53673.358858 20.302 0.118 49.425309 1.065767
53675.354912 21.554 0.183 53675.356578 21.243 0.043 53675.353245 20.684 0.042 53675.354078 20.406 0.052 53675.355745 20.117 0.127 49.425309 1.065767
53680.36261 21.554 0.152 53680.364276 21.267 0.038 53680.360943 20.69 0.039 53680.361776 20.357 0.042 53680.363443 20.301 0.123 49.425309 1.065767
53683.421157 21.743 0.496 53683.422823 21.331 0.084 53683.41949 20.697 0.111 53683.420323 20.377 0.138 53683.42199 19.78 0.22 49.425309 1.065767
53686.362041 21.609 0.331 53686.363707 21.406 0.119 53686.360374 20.703 0.077 53686.361207 20.349 0.06 53686.362874 19.948 0.111 49.425309 1.065767
53687.41942 -99.99 0.421 53687.421086 -99.99 0.569 53687.417753 -99.99 0.412 53687.418586 -99.99 0.149 53687.420253 20.067 0.304 49.425309 1.065767
53699.385333 22.037 0.359 53699.386999 21.228 0.054 53699.383666 20.681 0.042 53699.384499 20.33 0.044 53699.386166 20.129 0.112 49.425309 1.065767
53704.34782 21.406 0.223 53704.349486 21.193 0.046 53704.346153 20.703 0.046 53704.346986 20.391 0.055 53704.348653 20.183 0.16 49.425309 1.065767
53989.443924 21.678 0.339 53989.445591 21.195 0.103 53989.442258 20.555 0.06 53989.443091 20.446 0.06 53989.444758 -99.99 0.14 49.425309 1.065767
53997.467432 21.267 0.102 53997.469099 21.12 0.031 53997.465765 20.555 0.033 53997.466599 20.298 0.034 53997.468265 20.169 0.094 49.425309 1.065767
54000.419297 21.307 0.184 54000.420964 21.133 0.042 54000.41763 20.599 0.041 54000.418464 20.33 0.049 54000.42013 20.369 0.173 49.425309 1.065767
54007.469459 21.368 0.122 54007.471125 21.072 0.032 54007.467792 20.623 0.033 54007.468625 20.313 0.041 54007.470292 20.152 0.11 49.425309 1.065767
54009.393217 21.631 0.127 54009.394884 21.102 0.029 54009.391551 20.56 0.027 54009.392384 20.345 0.033 54009.394051 -99.99 0.11 49.425309 1.065767
54011.457722 21.511 0.11 54011.459389 21.116 0.03 54011.456055 20.576 0.026 54011.456889 20.286 0.03 54011.458555 20.233 0.083 49.425309 1.065767
54012.470506 21.224 0.137 54012.472172 21.083 0.042 54012.468839 20.534 0.041 54012.469672 20.281 0.046 54012.471339 20.198 0.136 49.425309 1.065767
54019.452721 21.807 0.413 54019.454387 21.105 0.075 54019.451054 20.507 0.083 54019.451887 20.387 0.064 54019.453554 20.057 0.117 49.425309 1.065767
54025.456721 21.551 0.184 54025.458387 21.132 0.046 54025.455054 20.584 0.044 54025.455887 20.294 0.043 54025.457554 20.016 0.114 49.425309 1.065767
54346.450482 21.327 0.238 54346.452148 20.869 0.066 54346.448815 20.574 0.051 54346.449648 20.135 0.04 54346.451315 20.026 0.099 49.425309 1.065767
54348.454491 20.895 0.122 54348.456158 20.99 0.047 54348.452824 20.447 0.035 54348.453658 20.189 0.04 54348.455324 20.015 0.106 49.425309 1.065767
54358.410271 21.002 0.11 54358.411937 20.922 0.035 54358.408604 20.526 0.032 54358.409437 20.203 0.036 54358.411104 20.277 0.163 49.425309 1.065767
54365.443357 21.226 0.095 54365.445024 21.012 0.03 54365.441691 20.488 0.031 54365.442524 20.273 0.032 54365.444191 19.964 0.076 49.425309 1.065767
54381.462945 21.408 0.148 54381.464611 20.916 0.03 54381.461278 20.476 0.032 54381.462111 20.154 0.035 54381.463778 20.35 0.131 49.425309 1.065767
54386.455224 21.113 0.113 54386.45689 20.858 0.03 54386.453557 20.454 0.028 54386.45439 20.089 0.03 54386.456057 19.871 0.082 49.425309 1.065767
54388.459537 21.167 0.114 54388.461204 20.86 0.032 54388.457871 20.504 0.03 54388.458704 20.167 0.033 54388.460371 19.96 0.085 49.425309 1.065767
54392.457072 20.994 0.111 54392.458739 20.919 0.03 54392.455405 20.398 0.033 54392.456239 20.155 0.04 54392.457905 19.997 0.099 49.425309 1.065767
54403.373317 21.794 0.576 54403.374984 20.703 0.165 54403.37165 20.4 0.108 54403.372484 20.093 0.099 54403.37415 20.202 0.29 49.425309 1.065767
54406.367116 21.165 0.108 54406.368783 20.855 0.031 54406.365449 20.419 0.028 54406.366283 20.189 0.03 54406.367949 20.027 0.087 49.425309 1.065767
54409.371969 21.201 0.104 54409.373635 20.886 0.028 54409.370302 20.454 0.027 54409.371135 20.096 0.031 54409.372802 20.074 0.093 49.425309 1.065767
54412.392881 21.161 0.17 54412.394548 20.879 0.044 54412.391215 20.383 0.04 54412.392048 20.14 0.048 54412.393715 19.851 0.138 49.425309 1.065767
