51081.413132 24.783 1.447 51081.414798 20.655 0.032 51081.411465 20.24 0.03 51081.412298 20.117 0.038 51081.413965 20.037 0.124 46.779596 -0.8171
51875.228108 25.77 0.848 51875.229774 20.85 0.034 51875.226441 20.289 0.034 51875.227274 20.15 0.033 51875.228941 20.417 0.168 46.779596 -0.8171
52171.460549 23.52 0.755 52171.462215 20.917 0.032 52171.458882 20.373 0.028 52171.459715 20.278 0.031 52171.461382 20.32 0.115 46.779596 -0.8171
52225.308949 25.448 0.944 52225.310615 21.003 0.034 52225.307282 20.466 0.028 52225.308115 20.356 0.032 52225.309782 20.367 0.12 46.779596 -0.8171
52288.143371 24.839 1.381 52288.145037 20.963 0.037 52288.141704 20.457 0.033 52288.142537 20.311 0.035 52288.144204 20.208 0.112 46.779596 -0.8171
52551.41666 25.266 1.152 52551.418326 21.134 0.04 52551.414993 20.683 0.043 52551.415826 20.47 0.042 52551.417493 20.332 0.139 46.779596 -0.8171
52558.449532 25.651 0.804 52558.451198 21.076 0.036 52558.447865 20.634 0.035 52558.448698 20.455 0.037 52558.450365 20.39 0.14 46.779596 -0.8171
52578.321142 24.132 0.933 52578.322808 21.037 0.032 52578.319475 20.488 0.028 52578.320308 20.374 0.033 52578.321975 20.286 0.104 46.779596 -0.8171
52585.284121 25.04 1.15 52585.285787 21.001 0.035 52585.282454 20.532 0.037 52585.283287 20.372 0.043 52585.284954 20.197 0.143 46.779596 -0.8171
52909.450754 24.903 1.164 52909.45242 21.042 0.034 52909.449087 20.519 0.032 52909.44992 20.387 0.036 52909.451587 20.56 0.144 46.779596 -0.8171
52910.420996 24.202 1.3 52910.422662 21.053 0.043 52910.419329 20.521 0.034 52910.420162 20.384 0.037 52910.421829 20.792 0.233 46.779596 -0.8171
52935.348167 24.56 1.34 52935.349833 21.084 0.037 52935.3465 20.57 0.036 52935.347333 20.364 0.04 52935.349 20.559 0.19 46.779596 -0.8171
52963.271245 25.661 0.741 52963.272911 21.125 0.035 52963.269578 20.601 0.031 52963.270411 20.444 0.036 52963.272078 20.675 0.155 46.779596 -0.8171
53351.19355 23.924 1.121 53351.195216 21.101 0.041 53351.191883 20.631 0.041 53351.192716 20.441 0.047 53351.194383 20.516 0.189 46.779596 -0.8171
53627.407695 22.66 0.486 53627.409361 21.437 0.056 53627.406028 20.86 0.047 53627.406861 20.592 0.05 53627.408528 20.462 0.146 46.779596 -0.8171
53638.441405 25.634 1.266 53638.443071 21.247 0.059 53638.439738 20.843 0.05 53638.440571 20.617 0.049 53638.442238 20.931 0.252 46.779596 -0.8171
53640.40544 24.486 1.62 53640.407106 21.31 0.055 53640.403773 20.898 0.046 53640.404606 20.53 0.047 53640.406273 20.667 0.185 46.779596 -0.8171
53643.447916 25.639 1.242 53643.449582 21.269 0.054 53643.446249 20.728 0.045 53643.447082 20.47 0.053 53643.448749 22.292 0.824 46.779596 -0.8171
53646.466849 25.796 0.644 53646.468515 21.378 0.046 53646.465182 20.884 0.045 53646.466015 20.623 0.045 53646.467682 20.576 0.163 46.779596 -0.8171
53663.467267 25.932 3.17 53663.468933 21.409 0.228 53663.4656 20.634 0.08 53663.466433 20.45 0.066 53663.4681 20.907 0.32 46.779596 -0.8171
53668.455815 23.09 1.612 53668.457481 -99.99 0.107 53668.454148 20.817 0.074 53668.454981 20.569 0.076 53668.456648 19.854 0.141 46.779596 -0.8171
53669.361815 24.17 2.059 53669.363481 21.272 0.067 53669.360148 20.858 0.063 53669.360981 20.449 0.06 53669.362648 20.575 0.213 46.779596 -0.8171
53670.461788 26.296 0.923 53670.463454 21.234 0.088 53670.460121 20.894 0.062 53670.460954 20.571 0.06 53670.462621 21.301 0.486 46.779596 -0.8171
53671.446565 25.922 1.137 53671.448231 21.3 0.061 53671.444898 20.758 0.05 53671.445731 20.62 0.053 53671.447398 20.813 0.267 46.779596 -0.8171
53674.346054 23.716 1.488 53674.34772 21.241 0.058 53674.344387 20.619 0.048 53674.34522 20.614 0.062 53674.346887 20.808 0.322 46.779596 -0.8171
53676.435507 26.656 0.502 53676.437173 21.255 0.051 53676.43384 20.687 0.044 53676.434673 20.608 0.049 53676.43634 20.353 0.197 46.779596 -0.8171
53679.407411 24.744 2.026 53679.409077 21.242 0.056 53679.405744 20.771 0.059 53679.406577 20.612 0.068 53679.408244 20.894 0.347 46.779596 -0.8171
53681.398924 25.552 1.03 53681.40059 21.272 0.049 53681.397257 20.721 0.047 53681.39809 20.532 0.05 53681.399757 20.584 0.168 46.779596 -0.8171
53684.360422 22.588 1.142 53684.362088 21.61 0.146 53684.358755 20.758 0.116 53684.359588 20.69 0.147 53684.361255 20.649 0.52 46.779596 -0.8171
53696.364642 22.992 1.058 53696.366308 21.139 0.068 53696.362975 20.651 0.044 53696.363808 20.483 0.045 53696.365475 20.59 0.18 46.779596 -0.8171
53700.354906 22.819 0.731 53700.356572 21.22 0.051 53700.353239 20.742 0.054 53700.354072 20.555 0.059 53700.355739 20.148 0.177 46.779596 -0.8171
53705.341576 26.567 0.652 53705.343242 21.26 0.06 53705.339909 20.753 0.048 53705.340742 20.6 0.058 53705.342409 20.364 0.194 46.779596 -0.8171
53975.42659 23.65 5.25 53975.428257 21.091 0.053 53975.424923 20.492 0.045 53975.425757 20.499 0.063 53975.427423 20.306 0.175 46.779596 -0.8171
53994.449593 99.999 99.999 53994.45126 21.06 0.038 53994.447926 20.58 0.032 53994.44876 20.365 0.036 53994.450426 20.305 0.115 46.779596 -0.8171
53996.43331 99.978 99.999 53996.434976 21.005 0.05 53996.431643 20.582 0.043 53996.432476 20.311 0.039 53996.434143 20.392 0.161 46.779596 -0.8171
54005.44647 99.988 99.999 54005.448137 21.041 0.034 54005.444803 20.517 0.028 54005.445637 20.393 0.032 54005.447303 20.625 0.156 46.779596 -0.8171
54009.460314 23.262 0.766 54009.461981 20.998 0.035 54009.458647 20.552 0.029 54009.459481 20.434 0.03 54009.461147 20.4 0.114 46.779596 -0.8171
54010.387428 25.563 4.61 54010.389094 21.041 0.035 54010.385761 20.575 0.026 54010.386594 20.43 0.03 54010.388261 20.538 0.107 46.779596 -0.8171
54012.380292 99.983 99.999 54012.381959 21.051 0.059 54012.378625 20.597 0.038 54012.379459 20.454 0.038 54012.381125 20.52 0.134 46.779596 -0.8171
54020.418333 22.488 1.288 54020.42 21.108 0.084 54020.416666 20.538 0.044 54020.4175 20.321 0.041 54020.419166 20.476 0.172 46.779596 -0.8171
54024.467845 -99.99 99.999 54024.469512 21.126 0.061 54024.466178 20.532 0.048 54024.467012 20.331 0.04 54024.468678 20.507 0.211 46.779596 -0.8171
54028.456137 99.996 99.999 54028.457804 21.075 0.044 54028.45447 20.541 0.034 54028.455304 20.446 0.038 54028.45697 20.624 0.227 46.779596 -0.8171
54030.411557 23.027 0.519 54030.413223 21.132 0.038 54030.40989 20.636 0.035 54030.410723 20.492 0.037 54030.41239 20.533 0.148 46.779596 -0.8171
54035.455552 24.554 3.921 54035.457219 21.035 0.048 54035.453885 20.557 0.049 54035.454719 20.507 0.057 54035.456385 20.619 0.238 46.779596 -0.8171
54037.361056 24.451 1.861 54037.362723 21.148 0.035 54037.359389 20.552 0.027 54037.360223 20.389 0.029 54037.361889 20.459 0.113 46.779596 -0.8171
54040.375563 99.993 99.999 54040.37723 21.099 0.034 54040.373897 20.599 0.031 54040.37473 20.458 0.036 54040.376397 20.452 0.142 46.779596 -0.8171
54041.411121 25.416 6.079 54041.412788 21.036 0.048 54041.409454 20.57 0.035 54041.410288 20.468 0.036 54041.411954 20.386 0.124 46.779596 -0.8171
54047.406079 22.176 1.193 54047.407745 20.981 0.141 54047.404412 20.442 0.084 54047.405245 20.53 0.088 54047.406912 20.57 0.258 46.779596 -0.8171
54049.402014 25.814 99.999 54049.40368 21.101 0.097 54049.400347 20.58 0.058 54049.40118 20.324 0.05 54049.402847 20.29 0.177 46.779596 -0.8171
54050.362213 99.998 99.999 54050.36388 20.978 0.089 54050.360547 20.569 0.053 54050.36138 20.338 0.065 54050.363047 20.311 0.216 46.779596 -0.8171
54053.381644 100 99.999 54053.383311 21.149 0.051 54053.379978 20.664 0.052 54053.380811 20.451 0.051 54053.382478 20.243 0.174 46.779596 -0.8171
54056.367981 23.986 1.623 54056.369648 21.079 0.039 54056.366314 20.52 0.038 54056.367148 20.427 0.046 54056.368814 20.742 0.212 46.779596 -0.8171
54059.362261 100.004 99.999 54059.363928 21.118 0.045 54059.360595 20.554 0.042 54059.361428 20.53 0.053 54059.363095 20.425 0.225 46.779596 -0.8171
54061.373387 99.985 99.999 54061.375054 20.859 0.047 54061.37172 20.618 0.051 54061.372554 20.355 0.06 54061.37422 20.064 0.16 46.779596 -0.8171
54062.367178 100.004 99.999 54062.368845 21.056 0.04 54062.365511 20.572 0.031 54062.366345 20.412 0.035 54062.368011 20.545 0.173 46.779596 -0.8171
54064.363623 99.99 99.999 54064.36529 21.097 0.04 54064.361956 20.646 0.041 54064.36279 20.51 0.043 54064.364456 20.458 0.186 46.779596 -0.8171
54068.347732 100.005 99.999 54068.349399 20.962 0.051 54068.346066 20.596 0.048 54068.346899 20.464 0.061 54068.348566 19.965 0.166 46.779596 -0.8171
54357.405487 24.608 2.332 54357.407153 20.968 0.032 54357.40382 20.536 0.031 54357.404653 20.272 0.027 54357.40632 20.342 0.102 46.779596 -0.8171
54362.455262 24.131 1.548 54362.456928 20.989 0.034 54362.453595 20.496 0.028 54362.454428 20.331 0.032 54362.456095 20.221 0.108 46.779596 -0.8171
54376.450351 99.99 99.999 54376.452017 20.902 0.041 54376.448684 20.4 0.032 54376.449517 20.33 0.034 54376.451184 20.513 0.139 46.779596 -0.8171
54382.435491 99.99 99.999 54382.437158 20.915 0.033 54382.433825 20.453 0.038 54382.434658 20.301 0.041 54382.436325 20.125 0.117 46.779596 -0.8171
54385.45328 -99.99 0.57 54385.454947 20.867 0.036 54385.451614 20.405 0.028 54385.452447 20.339 0.032 54385.454114 20.214 0.099 46.779596 -0.8171
54387.453797 23.99 2.302 54387.455463 20.862 0.039 54387.45213 20.441 0.044 54387.452963 20.139 0.041 54387.45463 20.313 0.16 46.779596 -0.8171
54390.446202 99.992 99.999 54390.447869 20.935 0.054 54390.444536 20.317 0.051 54390.445369 20.286 0.071 54390.447036 -99.99 0.499 46.779596 -0.8171
54391.454595 23.588 2.11 54391.456261 20.844 0.052 54391.452928 20.37 0.062 54391.453761 20.306 0.067 54391.455428 20.604 0.357 46.779596 -0.8171
