51075.425028 19.152 0.024 51075.426694 18.929 0.009 51075.423361 18.793 0.01 51075.424194 18.477 0.012 51075.425861 18.397 0.044 45.188562 0.282433
51818.39468 19.399 0.029 51818.396346 19.149 0.011 51818.393013 19.004 0.011 51818.393846 18.647 0.011 51818.395513 18.55 0.038 45.188562 0.282433
52171.382805 19.568 0.035 52171.384471 19.312 0.012 52171.381138 19.142 0.012 52171.381971 18.768 0.013 52171.383638 18.748 0.042 45.188562 0.282433
52173.359037 19.552 0.04 52173.360703 19.285 0.012 52173.35737 19.151 0.013 52173.358203 18.796 0.015 52173.35987 18.616 0.055 45.188562 0.282433
52224.33925 19.56 0.033 52224.340916 19.336 0.011 52224.337583 19.158 0.012 52224.338416 18.797 0.012 52224.340083 18.71 0.038 45.188562 0.282433
52234.295696 19.723 0.041 52234.297362 19.341 0.012 52234.294029 19.168 0.013 52234.294862 18.816 0.014 52234.296529 18.717 0.042 45.188562 0.282433
52261.259051 19.705 0.039 52261.260717 19.365 0.012 52261.257384 19.141 0.012 52261.258217 18.81 0.012 52261.259884 18.74 0.042 45.188562 0.282433
52283.126424 19.646 0.042 52283.12809 19.342 0.013 52283.124757 19.199 0.015 52283.12559 18.788 0.015 52283.127257 18.708 0.059 45.188562 0.282433
52287.139547 19.583 0.036 52287.141213 19.341 0.013 52287.13788 19.157 0.013 52287.138713 18.782 0.013 52287.14038 18.657 0.05 45.188562 0.282433
52552.458241 19.484 0.033 52552.459907 19.268 0.011 52552.456574 19.071 0.011 52552.457407 18.761 0.012 52552.459074 18.716 0.042 45.188562 0.282433
52557.432599 19.601 0.038 52557.434265 19.26 0.011 52557.430932 19.08 0.013 52557.431765 18.781 0.014 52557.433432 18.706 0.048 45.188562 0.282433
52585.333929 19.479 0.029 52585.335595 19.233 0.01 52585.332262 19.056 0.011 52585.333095 18.738 0.012 52585.334762 18.654 0.038 45.188562 0.282433
52908.407168 19.454 0.033 52908.408834 19.136 0.01 52908.405501 19.023 0.011 52908.406334 18.697 0.012 52908.408001 18.558 0.04 45.188562 0.282433
52912.386607 19.411 0.033 52912.388273 19.115 0.011 52912.38494 19.011 0.011 52912.385773 18.706 0.012 52912.38744 18.586 0.04 45.188562 0.282433
52934.339074 19.477 0.034 52934.34074 19.164 0.01 52934.337407 19.018 0.012 52934.33824 18.7 0.012 52934.339907 18.562 0.038 45.188562 0.282433
52936.335 19.456 0.031 52936.336666 19.173 0.01 52936.333333 19.036 0.011 52936.334166 18.707 0.012 52936.335833 18.602 0.036 45.188562 0.282433
53270.399086 19.597 0.032 53270.400752 19.297 0.014 53270.397419 19.091 0.015 53270.398252 18.771 0.018 53270.399919 18.647 0.032 45.188562 0.282433
53272.448998 19.67 0.042 53272.450664 19.26 0.011 53272.447331 19.082 0.013 53272.448164 18.742 0.013 53272.449831 18.518 0.041 45.188562 0.282433
53286.417717 19.536 0.039 53286.419383 19.269 0.012 53286.41605 19.054 0.013 53286.416883 18.726 0.013 53286.41855 18.611 0.04 45.188562 0.282433
53288.376211 19.571 0.036 53288.377877 19.254 0.011 53288.374544 19.092 0.012 53288.375377 18.728 0.012 53288.377044 18.627 0.038 45.188562 0.282433
53294.423882 19.626 0.042 53294.425548 19.289 0.016 53294.422215 19.015 0.028 53294.423048 18.711 0.019 53294.424715 18.673 0.051 45.188562 0.282433
53296.370902 -99.99 0.036 53296.372569 19.24 0.015 53296.369235 19.09 0.018 53296.370069 18.731 0.02 53296.371735 18.701 0.048 45.188562 0.282433
53298.420659 19.532 0.034 53298.422325 19.207 0.011 53298.418992 19.041 0.012 53298.419825 18.704 0.013 53298.421492 18.593 0.043 45.188562 0.282433
53302.37188 19.487 0.041 53302.373546 19.256 0.015 53302.370213 19.068 0.014 53302.371046 18.738 0.013 53302.372713 18.615 0.038 45.188562 0.282433
53312.327449 -99.99 0.043 53312.329116 19.231 0.019 53312.325782 19.041 0.017 53312.326616 18.726 0.016 53312.328282 18.594 0.042 45.188562 0.282433
53314.32861 19.496 0.041 53314.330276 19.236 0.013 53314.326943 19.048 0.013 53314.327776 19.338 0.02 53314.329443 18.655 0.045 45.188562 0.282433
53319.316406 19.502 0.039 53319.318072 19.206 0.011 53319.314739 19.056 0.014 53319.315572 18.737 0.014 53319.317239 18.671 0.049 45.188562 0.282433
53616.432962 19.544 0.039 53616.434628 19.143 0.01 53616.431295 19.01 0.012 53616.432128 18.672 0.013 53616.433795 18.52 0.039 45.188562 0.282433
53626.40939 -99.99 0.05 53626.411056 -99.99 0.335 53626.407723 18.963 0.013 53626.408556 -99.99 0.015 53626.410223 -99.99 0.101 45.188562 0.282433
53628.394255 19.416 0.04 53628.395921 19.144 0.013 53628.392588 18.975 0.014 53628.393421 18.667 0.014 53628.395088 18.495 0.042 45.188562 0.282433
53639.441251 19.477 0.04 53639.442917 19.147 0.012 53639.439584 18.991 0.012 53639.440417 18.639 0.011 53639.442084 18.658 0.038 45.188562 0.282433
53641.440417 19.404 0.036 53641.442083 19.127 0.012 53641.43875 18.987 0.012 53641.439583 18.684 0.012 53641.44125 18.599 0.043 45.188562 0.282433
53657.399301 19.466 0.054 53657.400967 19.163 0.017 53657.397634 19.032 0.019 53657.398467 18.682 0.019 53657.400134 18.541 0.059 45.188562 0.282433
53663.383849 19.435 0.059 53663.385515 -99.99 0.024 53663.382182 19.014 0.017 53663.383015 18.649 0.014 53663.384682 18.544 0.036 45.188562 0.282433
53665.361821 19.456 0.048 53665.363487 19.144 0.025 53665.360154 18.999 0.015 53665.360987 18.639 0.013 53665.362654 18.511 0.052 45.188562 0.282433
53666.453932 19.524 0.06 53666.455598 19.18 0.015 53666.452265 18.954 0.014 53666.453098 18.667 0.013 53666.454765 18.59 0.037 45.188562 0.282433
53668.37345 19.46 0.048 53668.375116 19.144 0.014 53668.371783 18.968 0.014 53668.372616 18.661 0.014 53668.374283 18.532 0.046 45.188562 0.282433
53669.461061 19.502 0.061 53669.462727 -99.99 0.015 53669.459394 18.989 0.015 53669.460227 -99.99 0.015 53669.461894 -99.99 0.052 45.188562 0.282433
53670.378302 19.458 0.041 53670.379968 19.168 0.013 53670.376635 19.025 0.014 53670.377468 18.657 0.012 53670.379135 18.62 0.042 45.188562 0.282433
53673.346289 19.419 0.032 53673.347955 19.129 0.01 53673.344622 19.007 0.011 53673.345455 18.672 0.011 53673.347122 18.526 0.031 45.188562 0.282433
53675.343177 -99.99 0.035 53675.344843 19.146 0.01 53675.34151 19.01 0.013 53675.342343 18.619 0.012 53675.34401 18.535 0.039 45.188562 0.282433
53680.350874 19.487 0.036 53680.35254 19.145 0.011 53680.349207 18.997 0.012 53680.35004 18.643 0.012 53680.351707 18.542 0.036 45.188562 0.282433
53683.409425 19.532 0.099 53683.411091 19.211 0.029 53683.407758 18.9 0.056 53683.408591 18.626 0.037 53683.410258 18.486 0.121 45.188562 0.282433
53686.350305 19.386 0.064 53686.351971 19.096 0.02 53686.348638 18.971 0.018 53686.349471 18.644 0.015 53686.351138 18.466 0.043 45.188562 0.282433
53687.407689 19.299 0.127 53687.409355 19.177 0.037 53687.406022 18.952 0.037 53687.406855 18.592 0.024 53687.408522 18.484 0.058 45.188562 0.282433
53693.352765 19.526 0.084 53693.354431 19.173 0.022 53693.351098 19.007 0.02 53693.351931 18.676 0.017 53693.353598 18.534 0.045 45.188562 0.282433
53699.373601 19.484 0.045 53699.375267 19.211 0.013 53699.371934 18.992 0.013 53699.372767 18.668 0.012 53699.374434 18.535 0.037 45.188562 0.282433
53704.336085 19.507 0.04 53704.337751 19.178 0.011 53704.334418 18.997 0.011 53704.335251 18.641 0.013 53704.336918 18.545 0.042 45.188562 0.282433
53989.432141 19.519 0.052 53989.433808 19.255 0.021 53989.430474 19.076 0.018 53989.431308 18.767 0.019 53989.432974 18.656 0.039 45.188562 0.282433
53997.455721 19.43 0.031 53997.457388 19.253 0.014 53997.454055 19.092 0.021 53997.454888 18.72 0.016 53997.456555 18.64 0.029 45.188562 0.282433
54000.407568 19.46 0.037 54000.409234 19.223 0.018 54000.405901 19.089 0.018 54000.406734 18.716 0.021 54000.408401 18.617 0.052 45.188562 0.282433
54007.45776 19.489 0.032 54007.459427 19.248 0.018 54007.456094 19.08 0.016 54007.456927 18.756 0.018 54007.458594 18.603 0.04 45.188562 0.282433
54009.381496 19.456 0.037 54009.383163 19.252 0.015 54009.379829 19.099 0.013 54009.380663 18.753 0.013 54009.382329 18.608 0.032 45.188562 0.282433
54011.446008 19.589 0.033 54011.447675 19.27 0.017 54011.444342 19.078 0.015 54011.445175 18.771 0.016 54011.446842 18.704 0.033 45.188562 0.282433
54012.458787 19.515 0.039 54012.460453 19.274 0.019 54012.45712 19.078 0.022 54012.457953 18.717 0.019 54012.45962 18.638 0.044 45.188562 0.282433
54019.440984 19.553 0.061 54019.44265 19.242 0.019 54019.439317 19.101 0.019 54019.44015 18.73 0.018 54019.441817 18.628 0.037 45.188562 0.282433
54025.445022 19.409 0.036 54025.446689 19.231 0.018 54025.443355 19.054 0.014 54025.444189 18.739 0.015 54025.445855 18.601 0.04 45.188562 0.282433
54346.438746 -99.99 0.064 54346.440413 19.441 0.025 54346.43708 19.247 0.022 54346.437913 18.872 0.017 54346.43958 18.769 0.043 45.188562 0.282433
54348.442735 -99.99 0.045 54348.444402 19.453 0.017 54348.441068 19.251 0.026 54348.441902 18.853 0.02 54348.443568 18.711 0.043 45.188562 0.282433
54358.398547 -99.99 0.044 54358.400214 19.452 0.022 54358.39688 19.244 0.023 54358.397714 18.85 0.019 54358.39938 18.724 0.047 45.188562 0.282433
54365.431619 19.762 0.039 54365.433286 19.466 0.019 54365.429952 19.248 0.02 54365.430786 18.843 0.021 54365.432452 18.775 0.039 45.188562 0.282433
54381.451184 19.748 0.038 54381.452851 19.513 0.019 54381.449517 19.269 0.014 54381.450351 18.859 0.015 54381.452017 18.718 0.036 45.188562 0.282433
54386.443525 19.734 0.039 54386.445192 19.481 0.015 54386.441859 19.234 0.016 54386.442692 18.868 0.013 54386.444359 18.802 0.04 45.188562 0.282433
54388.447758 -99.99 0.044 54388.449425 19.472 0.022 54388.446092 19.239 0.015 54388.446925 18.88 0.014 54388.448592 18.807 0.038 45.188562 0.282433
54392.445311 19.682 0.046 54392.446978 19.448 0.018 54392.443644 19.277 0.036 54392.444478 18.904 0.019 54392.446144 18.661 0.068 45.188562 0.282433
54403.361542 19.697 0.061 54403.363209 19.397 0.02 54403.359876 19.24 0.017 54403.360709 18.88 0.021 54403.362376 18.838 0.043 45.188562 0.282433
54404.419216 -99.99 0.19 54404.420883 -99.99 0.307 54404.417549 -99.99 0.074 54404.418383 18.752 0.07 54404.420049 -99.99 0.734 45.188562 0.282433
54406.355414 19.767 0.042 54406.35708 19.457 0.017 54406.353747 19.231 0.016 54406.35458 18.87 0.021 54406.356247 18.775 0.035 45.188562 0.282433
54409.360235 -99.99 0.032 54409.361901 19.444 0.017 54409.358568 19.232 0.017 54409.359401 18.862 0.017 54409.361068 18.801 0.04 45.188562 0.282433
54412.381146 19.736 0.057 54412.382813 19.48 0.016 54412.379479 19.244 0.019 54412.380313 18.832 0.02 54412.381979 18.783 0.059 45.188562 0.282433
