51075.432826 20.773 0.07 51075.434492 20.598 0.027 51075.431159 20.244 0.029 51075.431992 20.244 0.046 51075.433659 20.407 0.19 48.001841 0.851617
51081.416502 20.881 0.103 51081.418168 20.726 0.031 51081.414835 20.393 0.035 51081.415668 20.238 0.044 51081.417335 20.316 0.162 48.001841 0.851617
51875.231473 20.87 0.091 51875.233139 20.623 0.028 51875.229806 20.252 0.03 51875.230639 20.179 0.043 51875.232306 20.397 0.18 48.001841 0.851617
52171.463896 20.728 0.074 52171.465562 20.568 0.025 52171.462229 20.15 0.025 52171.463062 20.224 0.036 52171.464729 20.23 0.119 48.001841 0.851617
52225.312336 20.826 0.084 52225.314002 20.657 0.026 52225.310669 20.342 0.027 52225.311502 20.27 0.036 52225.313169 20.227 0.117 48.001841 0.851617
52288.14676 20.653 0.071 52288.148426 20.602 0.026 52288.145093 20.212 0.027 52288.145926 20.167 0.035 52288.147593 20.152 0.104 48.001841 0.851617
52551.420045 20.81 0.089 52551.421711 20.55 0.027 52551.418378 20.304 0.029 52551.419211 20.207 0.041 52551.420878 20.015 0.122 48.001841 0.851617
52558.452917 20.665 0.068 52558.454583 20.655 0.025 52558.45125 20.313 0.026 52558.452083 20.196 0.036 52558.45375 20.003 0.106 48.001841 0.851617
52578.324526 20.741 0.071 52578.326192 20.513 0.022 52578.322859 20.289 0.024 52578.323692 20.217 0.033 52578.325359 20.054 0.099 48.001841 0.851617
52585.287507 20.66 0.076 52585.289173 20.52 0.023 52585.28584 20.219 0.028 52585.286673 20.153 0.042 52585.28834 20.164 0.155 48.001841 0.851617
52909.454139 20.798 0.073 52909.455805 20.67 0.026 52909.452472 20.42 0.028 52909.453305 20.327 0.038 52909.454972 20.411 0.134 48.001841 0.851617
52910.424382 20.954 0.11 52910.426048 20.706 0.032 52910.422715 20.305 0.03 52910.423548 20.255 0.039 52910.425215 20.274 0.155 48.001841 0.851617
52935.351552 20.838 0.087 52935.353218 20.642 0.028 52935.349885 20.295 0.03 52935.350718 20.275 0.047 52935.352385 20.198 0.158 48.001841 0.851617
52963.274631 20.852 0.075 52963.276297 20.769 0.029 52963.272964 20.319 0.028 52963.273797 20.3 0.039 52963.275464 20.391 0.143 48.001841 0.851617
53351.196935 -99.99 0.167 53351.198601 21.414 0.05 53351.195268 20.799 0.051 53351.196101 20.755 0.069 53351.197768 20.482 0.203 48.001841 0.851617
53622.453984 21.097 0.094 53622.45565 20.786 0.026 53622.452317 20.434 0.025 53622.45315 20.384 0.036 53622.454817 20.251 0.097 48.001841 0.851617
53627.411083 20.733 0.086 53627.412749 20.814 0.032 53627.409416 20.446 0.035 53627.410249 20.4 0.047 53627.411916 20.401 0.153 48.001841 0.851617
53634.403456 21.109 0.284 53634.405122 20.869 0.096 53634.401789 20.471 0.068 53634.402622 20.516 0.08 53634.404289 20.488 0.176 48.001841 0.851617
53638.444792 20.849 0.124 53638.446458 20.754 0.046 53638.443125 20.391 0.035 53638.443958 20.371 0.049 53638.445625 20.212 0.161 48.001841 0.851617
53640.408828 20.7 0.108 53640.410494 20.777 0.037 53640.407161 20.372 0.032 53640.407994 20.343 0.045 53640.409661 20.076 0.121 48.001841 0.851617
53643.451289 20.812 0.113 53643.452955 20.749 0.036 53643.449622 20.466 0.035 53643.450455 20.332 0.05 53643.452122 20.488 0.191 48.001841 0.851617
53646.470235 -99.99 0.108 53646.471901 20.793 0.033 53646.468568 20.415 0.031 53646.469401 20.415 0.046 53646.471068 20.23 0.139 48.001841 0.851617
53657.453255 21.083 0.139 53657.454921 20.783 0.033 53657.451588 20.386 0.036 53657.452421 20.317 0.049 53657.454088 20.382 0.172 48.001841 0.851617
53663.470652 21.447 0.574 53663.472318 20.637 0.101 53663.468985 20.326 0.072 53663.469818 20.352 0.079 53663.471485 20.714 0.275 48.001841 0.851617
53664.405957 20.769 0.255 53664.407623 20.733 0.183 53664.40429 20.436 0.065 53664.405123 20.442 0.104 53664.40679 19.867 0.338 48.001841 0.851617
53665.470585 21.154 0.292 53665.472251 20.757 0.077 53665.468918 20.457 0.054 53665.469751 20.529 0.076 53665.471418 20.361 0.224 48.001841 0.851617
53668.459199 -99.99 0.247 53668.460865 20.679 0.058 53668.457532 20.304 0.05 53668.458365 20.418 0.076 53668.460032 20.423 0.258 48.001841 0.851617
53669.365203 20.587 0.103 53669.366869 20.785 0.045 53669.363536 20.484 0.041 53669.364369 20.347 0.051 53669.366036 20.379 0.189 48.001841 0.851617
53670.465174 21.227 0.296 53670.46684 20.774 0.056 53670.463507 20.516 0.063 53670.46434 20.451 0.076 53670.466007 20.247 0.203 48.001841 0.851617
53671.449949 21.007 0.137 53671.451615 20.746 0.035 53671.448282 20.407 0.039 53671.449115 20.37 0.052 53671.450782 20.586 0.199 48.001841 0.851617
53674.349441 20.857 0.133 53674.351107 20.783 0.034 53674.347774 20.326 0.039 53674.348607 20.308 0.063 53674.350274 20.176 0.17 48.001841 0.851617
53676.438892 -99.99 0.135 53676.440558 20.728 0.032 53676.437225 20.414 0.037 53676.438058 20.287 0.049 53676.439725 20.246 0.145 48.001841 0.851617
53679.410796 20.874 0.128 53679.412462 20.652 0.032 53679.409129 20.3 0.043 53679.409962 20.4 0.073 53679.411629 20.185 0.181 48.001841 0.851617
53681.402309 20.874 0.121 53681.403975 20.772 0.035 53681.400642 20.405 0.035 53681.401475 20.386 0.047 53681.403142 20.389 0.159 48.001841 0.851617
53684.363807 21.03 0.229 53684.365473 20.72 0.047 53684.36214 20.287 0.096 53684.362973 20.367 0.137 53684.36464 20.418 0.33 48.001841 0.851617
53694.375267 21.283 0.381 53694.376933 20.64 0.069 53694.3736 20.323 0.055 53694.374433 20.248 0.064 53694.3761 20.179 0.163 48.001841 0.851617
53696.36803 20.967 0.16 53696.369696 20.722 0.046 53696.366363 20.389 0.037 53696.367196 20.321 0.047 53696.368863 20.309 0.145 48.001841 0.851617
53697.359335 21.11 0.173 53697.361001 20.711 0.044 53697.357668 20.34 0.039 53697.358501 20.298 0.051 53697.360168 20.066 0.126 48.001841 0.851617
53700.358291 20.518 0.108 53700.359957 20.696 0.031 53700.356624 20.41 0.042 53700.357457 20.313 0.062 53700.359124 -99.99 0.199 48.001841 0.851617
53705.344962 20.753 0.137 53705.346628 20.597 0.038 53705.343295 20.257 0.038 53705.344128 20.217 0.054 53705.345795 20.169 0.18 48.001841 0.851617
53994.45304 20.816 0.094 53994.454707 20.678 0.034 53994.451373 20.296 0.029 53994.452207 20.269 0.049 53994.453873 20.177 0.113 48.001841 0.851617
53996.436714 20.84 0.13 53996.438381 -99.99 0.035 53996.435048 20.258 0.044 53996.435881 20.336 0.06 53996.437548 -99.99 0.158 48.001841 0.851617
54005.449862 20.899 0.087 54005.451529 20.745 0.032 54005.448196 20.372 0.03 54005.449029 20.304 0.038 54005.450696 20.309 0.12 48.001841 0.851617
54009.463705 -99.99 0.083 54009.465372 20.739 0.029 54009.462038 20.315 0.03 54009.462872 20.323 0.037 54009.464538 20.379 0.117 48.001841 0.851617
54010.390841 20.897 0.076 54010.392508 20.716 0.034 54010.389174 20.357 0.025 54010.390008 20.268 0.035 54010.391674 20.306 0.11 48.001841 0.851617
54012.383715 20.829 0.104 54012.385382 20.775 0.049 54012.382048 20.24 0.034 54012.382882 20.303 0.046 54012.384548 -99.99 0.213 48.001841 0.851617
54020.421702 20.905 0.176 54020.423368 20.721 0.056 54020.420035 20.377 0.048 54020.420868 20.302 0.058 54020.422535 20.295 0.152 48.001841 0.851617
54024.471216 20.61 0.144 54024.472883 20.599 0.053 54024.469549 20.282 0.04 54024.470383 20.299 0.059 54024.472049 20.059 0.161 48.001841 0.851617
54028.459554 20.928 0.11 54028.461221 20.729 0.04 54028.457888 20.343 0.035 54028.458721 20.351 0.049 54028.460388 20.646 0.201 48.001841 0.851617
54030.414978 20.633 0.069 54030.416644 20.697 0.024 54030.413311 20.308 0.03 54030.414144 20.375 0.05 54030.415811 20.124 0.113 48.001841 0.851617
54037.364476 21.039 0.086 54037.366143 20.699 0.027 54037.362809 20.316 0.028 54037.363643 20.253 0.037 54037.365309 20.284 0.109 48.001841 0.851617
54040.378917 20.744 0.074 54040.380583 20.655 0.028 54040.37725 20.337 0.028 54040.378083 20.225 0.04 54040.37975 20.285 0.131 48.001841 0.851617
54041.414434 -99.99 0.092 54041.416101 20.646 0.032 54041.412767 20.323 0.037 54041.413601 -99.99 0.043 54041.415267 20.196 0.112 48.001841 0.851617
54047.409465 21.717 0.783 54047.411131 20.63 0.088 54047.407798 20.388 0.073 54047.408631 20.291 0.077 54047.410298 20.623 0.227 48.001841 0.851617
54049.405404 20.597 0.178 54049.407071 20.703 0.07 54049.403737 20.278 0.047 54049.404571 20.233 0.062 54049.406237 20.631 0.264 48.001841 0.851617
54050.365548 -99.99 0.189 54050.367215 20.556 0.064 54050.363881 20.251 0.051 54050.364715 20.267 0.068 54050.366381 20.16 0.23 48.001841 0.851617
54053.385045 20.446 0.084 54053.386712 20.604 0.033 54053.383379 20.295 0.035 54053.384212 -99.99 0.053 54053.385879 -99.99 0.306 48.001841 0.851617
54056.37139 20.781 0.098 54056.373056 20.627 0.031 54056.369723 20.282 0.032 54056.370556 20.179 0.047 54056.372223 20.447 0.18 48.001841 0.851617
54059.365733 -99.99 0.099 54059.367399 20.597 0.034 54059.364066 20.254 0.035 54059.364899 20.187 0.051 54059.366566 20.509 0.208 48.001841 0.851617
54062.370545 20.714 0.082 54062.372212 20.589 0.027 54062.368878 -99.99 0.028 54062.369712 20.21 0.041 54062.371378 20.205 0.123 48.001841 0.851617
54064.367017 20.976 0.125 54064.368684 20.606 0.03 54064.365351 20.239 0.031 54064.366184 20.275 0.052 54064.367851 20.347 0.183 48.001841 0.851617
54068.35117 20.43 0.123 54068.352837 20.599 0.04 54068.349503 20.232 0.041 54068.350337 20.154 0.065 54068.352003 -99.99 0.273 48.001841 0.851617
54357.408862 -99.99 0.096 54357.410528 20.74 0.036 54357.407195 20.312 0.027 54357.408028 20.305 0.044 54357.409695 20.281 0.107 48.001841 0.851617
54362.458665 -99.99 0.096 54362.460332 20.613 0.026 54362.456998 20.334 0.032 54362.457832 20.244 0.036 54362.459498 20.273 0.119 48.001841 0.851617
54376.453776 20.744 0.099 54376.455443 20.714 0.04 54376.45211 20.404 0.034 54376.452943 20.317 0.039 54376.45461 20.274 0.126 48.001841 0.851617
54385.45671 20.754 0.078 54385.458377 20.654 0.028 54385.455044 20.324 0.034 54385.455877 20.285 0.036 54385.457544 20.363 0.11 48.001841 0.851617
54387.457217 20.92 0.104 54387.458884 20.651 0.037 54387.455551 20.413 0.036 54387.456384 20.232 0.047 54387.458051 20.185 0.155 48.001841 0.851617
54391.458033 -99.99 0.123 54391.4597 20.654 0.053 54391.456366 20.243 0.052 54391.4572 20.321 0.074 54391.458866 19.912 0.162 48.001841 0.851617
54402.450337 -99.99 0.389 54402.452004 20.39 0.085 54402.44867 20.292 0.065 54402.449504 20.279 0.073 54402.45117 20.691 0.258 48.001841 0.851617
