51075.431205 18.772 0.018 51075.432871 18.491 0.007 51075.429538 18.319 0.008 51075.430371 18.016 0.008 51075.432038 17.945 0.029 47.418361 0.378692
51818.400847 18.724 0.02 51818.402513 18.464 0.007 51818.39918 18.269 0.008 51818.400013 18.053 0.008 51818.40168 17.87 0.023 47.418361 0.378692
52171.38896 18.758 0.02 52171.390626 18.512 0.007 52171.387293 18.288 0.008 52171.388126 18.018 0.008 52171.389793 17.916 0.023 47.418361 0.378692
52173.365217 18.717 0.022 52173.366883 18.491 0.008 52173.36355 18.317 0.008 52173.364383 17.99 0.009 52173.36605 17.925 0.029 47.418361 0.378692
52224.345359 18.768 0.02 52224.347025 18.514 0.008 52224.343692 18.309 0.008 52224.344525 17.994 0.008 52224.346192 17.901 0.022 47.418361 0.378692
52234.301871 18.734 0.022 52234.303537 18.524 0.008 52234.300204 18.321 0.008 52234.301037 17.982 0.008 52234.302704 17.939 0.023 47.418361 0.378692
52261.265226 18.717 0.021 52261.266892 18.483 0.007 52261.263559 18.307 0.008 52261.264392 17.999 0.008 52261.266059 17.907 0.022 47.418361 0.378692
52287.145723 18.746 0.02 52287.147389 18.526 0.007 52287.144056 18.324 0.008 52287.144889 18.011 0.008 52287.146556 17.902 0.022 47.418361 0.378692
52552.464415 18.704 0.02 52552.466081 18.409 0.007 52552.462748 18.247 0.007 52552.463581 18.144 0.009 52552.465248 17.888 0.022 47.418361 0.378692
52557.438774 18.622 0.019 52557.44044 18.444 0.007 52557.437107 18.269 0.008 52557.43794 17.928 0.008 52557.439607 17.912 0.025 47.418361 0.378692
52585.340105 18.696 0.019 52585.341771 18.385 0.007 52585.338438 18.24 0.008 52585.339271 18.122 0.009 52585.340938 17.887 0.021 47.418361 0.378692
52908.413342 18.622 0.02 52908.415008 18.366 0.007 52908.411675 18.156 0.007 52908.412508 17.935 0.008 52908.414175 17.859 0.023 47.418361 0.378692
52912.392782 18.609 0.02 52912.394448 18.384 0.007 52912.391115 18.208 0.008 52912.391948 18.123 0.009 52912.393615 17.829 0.021 47.418361 0.378692
52934.34525 18.682 0.02 52934.346916 18.403 0.007 52934.343583 18.225 0.008 52934.344416 17.935 0.008 52934.346083 17.803 0.022 47.418361 0.378692
52936.341176 18.698 0.019 52936.342842 18.43 0.007 52936.339509 18.224 0.008 52936.340342 17.983 0.008 52936.342009 17.844 0.022 47.418361 0.378692
53270.405233 18.733 0.019 53270.4069 18.495 0.02 53270.403567 18.457 0.014 53270.4044 18.035 0.013 53270.406067 17.851 0.021 47.418361 0.378692
53272.455173 18.752 0.022 53272.456839 18.477 0.007 53272.453506 18.261 0.008 53272.454339 17.953 0.008 53272.456006 17.916 0.025 47.418361 0.378692
53286.423892 18.697 0.022 53286.425558 18.447 0.007 53286.422225 18.265 0.008 53286.423058 18.01 0.008 53286.424725 17.917 0.022 47.418361 0.378692
53288.382387 18.735 0.021 53288.384053 18.483 0.007 53288.38072 18.338 0.008 53288.381553 18.029 0.008 53288.38322 17.893 0.021 47.418361 0.378692
53294.430057 18.725 0.022 53294.431723 18.45 0.007 53294.42839 18.268 0.008 53294.429223 18.144 0.009 53294.43089 17.859 0.022 47.418361 0.378692
53296.377115 18.767 0.028 53296.378782 18.429 0.018 53296.375448 18.281 0.015 53296.376282 17.991 0.014 53296.377948 17.836 0.025 47.418361 0.378692
53298.426833 18.755 0.022 53298.428499 18.459 0.007 53298.425166 18.239 0.008 53298.425999 18.021 0.009 53298.427666 17.875 0.025 47.418361 0.378692
53302.378055 18.683 0.025 53302.379721 18.455 0.009 53302.376388 18.284 0.009 53302.377221 18.075 0.009 53302.378888 17.893 0.023 47.418361 0.378692
53312.333612 18.717 0.024 53312.335279 18.455 0.022 53312.331945 18.256 0.015 53312.332779 18.035 0.015 53312.334445 17.893 0.029 47.418361 0.378692
53314.334786 18.753 0.023 53314.336452 18.461 0.008 53314.333119 18.279 0.008 53314.333952 17.991 0.008 53314.335619 17.905 0.024 47.418361 0.378692
53319.322583 18.666 0.022 53319.324249 18.456 0.008 53319.320916 18.251 0.008 53319.321749 17.971 0.008 53319.323416 17.883 0.027 47.418361 0.378692
53616.439137 18.666 0.022 53616.440803 18.309 0.007 53616.43747 18.183 0.007 53616.438303 17.933 0.008 53616.43997 17.826 0.022 47.418361 0.378692
53626.415566 18.576 0.022 53626.417232 18.392 0.007 53626.413899 -99.99 0.017 53626.414732 -99.99 0.016 53626.416399 -99.99 0.033 47.418361 0.378692
53628.400431 18.631 0.022 53628.402097 18.359 0.008 53628.398764 18.195 0.008 53628.399597 17.892 0.008 53628.401264 17.782 0.023 47.418361 0.378692
53639.447426 18.59 0.021 53639.449092 18.364 0.007 53639.445759 18.127 0.007 53639.446592 17.873 0.007 53639.448259 17.787 0.02 47.418361 0.378692
53641.446591 18.574 0.022 53641.448257 18.321 0.007 53641.444924 18.178 0.007 53641.445757 17.897 0.008 53641.447424 17.772 0.023 47.418361 0.378692
53663.390025 18.625 0.034 53663.391691 18.385 0.012 53663.388358 18.206 0.01 53663.389191 17.901 0.009 53663.390858 17.821 0.024 47.418361 0.378692
53665.367996 18.667 0.025 53665.369662 18.38 0.009 53665.366329 18.205 0.009 53665.367162 17.899 0.008 53665.368829 17.784 0.021 47.418361 0.378692
53666.460107 18.724 0.031 53666.461773 18.41 0.009 53666.45844 18.196 0.009 53666.459273 17.887 0.008 53666.46094 17.8 0.022 47.418361 0.378692
53668.379626 18.614 0.025 53668.381292 18.344 0.008 53668.377959 18.152 0.008 53668.378792 17.905 0.009 53668.380459 17.787 0.027 47.418361 0.378692
53669.467234 18.661 0.032 53669.4689 18.395 0.009 53669.465567 18.218 0.009 53669.4664 17.923 0.009 53669.468067 17.848 0.028 47.418361 0.378692
53670.384477 18.651 0.042 53670.386143 18.355 0.009 53670.38281 18.169 0.01 53670.383643 17.865 0.011 53670.38531 17.757 0.036 47.418361 0.378692
53673.352465 18.615 0.02 53673.354131 18.363 0.007 53673.350798 18.252 0.008 53673.351631 18.118 0.009 53673.353298 17.78 0.019 47.418361 0.378692
53675.349352 18.648 0.021 53675.351018 18.393 0.007 53675.347685 18.184 0.008 53675.348518 17.973 0.008 53675.350185 17.808 0.022 47.418361 0.378692
53680.35705 18.702 0.021 53680.358716 18.383 0.007 53680.355383 18.244 0.008 53680.356216 18.006 0.008 53680.357883 17.869 0.021 47.418361 0.378692
53683.4156 18.698 0.042 53683.417266 18.381 0.011 53683.413933 18.218 0.019 53683.414766 17.913 0.017 53683.416433 17.846 0.046 47.418361 0.378692
53686.356481 18.62 0.032 53686.358147 18.444 0.011 53686.354814 18.192 0.01 53686.355647 17.89 0.009 53686.357314 17.821 0.024 47.418361 0.378692
53687.413864 18.629 0.053 53687.41553 18.457 0.024 53687.412197 18.193 0.013 53687.41303 -99.99 0.011 53687.414697 17.794 0.038 47.418361 0.378692
53693.358939 18.571 0.038 53693.360605 18.385 0.013 53693.357272 18.191 0.011 53693.358105 17.881 0.009 53693.359772 17.81 0.026 47.418361 0.378692
53699.379776 18.643 0.026 53699.381442 18.4 0.008 53699.378109 18.192 0.008 53699.378942 17.932 0.008 53699.380609 17.798 0.021 47.418361 0.378692
53989.438337 18.81 0.03 53989.440003 18.548 0.014 53989.43667 18.332 0.013 53989.437503 17.988 0.016 53989.43917 17.915 0.021 47.418361 0.378692
53997.461929 18.807 0.02 53997.463596 18.543 0.013 53997.460262 18.322 0.011 53997.461096 18.005 0.014 53997.462762 17.923 0.022 47.418361 0.378692
54000.413731 18.889 0.028 54000.415398 18.521 0.021 54000.412065 18.339 0.019 54000.412898 18.015 0.015 54000.414565 17.937 0.028 47.418361 0.378692
54007.463873 18.827 0.025 54007.46554 18.558 0.017 54007.462206 18.36 0.016 54007.46304 18.062 0.013 54007.464706 17.911 0.024 47.418361 0.378692
54009.387656 18.861 0.023 54009.389322 18.594 0.017 54009.385989 18.368 0.017 54009.386822 18.032 0.016 54009.388489 17.92 0.021 47.418361 0.378692
54011.452166 18.824 0.021 54011.453832 18.567 0.02 54011.450499 18.279 0.012 54011.451332 18.02 0.019 54011.452999 17.909 0.017 47.418361 0.378692
54012.464991 18.785 0.047 54012.466658 18.547 0.02 54012.463324 18.331 0.016 54012.464158 18.062 0.016 54012.465824 17.909 0.031 47.418361 0.378692
54019.447168 18.843 0.034 54019.448835 18.548 0.012 54019.445501 18.329 0.014 54019.446335 17.98 0.012 54019.448001 17.921 0.025 47.418361 0.378692
54025.451176 18.816 0.027 54025.452843 -99.99 0.014 54025.44951 18.315 0.015 54025.450343 18.034 0.011 54025.45201 17.938 0.027 47.418361 0.378692
54346.444927 18.93 0.034 54346.446594 18.71 0.017 54346.44326 18.444 0.018 54346.444094 18.132 0.016 54346.44576 18.027 0.025 47.418361 0.378692
54348.448892 -99.99 0.03 54348.450558 18.735 0.023 54348.447225 18.514 0.019 54348.448058 18.156 0.018 54348.449725 18.091 0.034 47.418361 0.378692
54358.404737 18.933 0.027 54358.406404 18.672 0.018 54358.403071 18.489 0.022 54358.403904 18.124 0.02 54358.405571 18.023 0.029 47.418361 0.378692
54365.437826 18.973 0.023 54365.439493 18.658 0.014 54365.436159 18.458 0.013 54365.436993 18.174 0.021 54365.438659 18.05 0.024 47.418361 0.378692
54381.457363 19.015 0.026 54381.45903 18.693 0.012 54381.455696 18.481 0.015 54381.45653 18.131 0.015 54381.458196 18.01 0.031 47.418361 0.378692
54386.449697 18.893 0.036 54386.451363 18.746 0.02 54386.44803 18.5 0.011 54386.448863 18.101 0.014 54386.45053 -99.99 0.035 47.418361 0.378692
54388.453944 18.999 0.028 54388.455611 18.699 0.017 54388.452278 18.483 0.014 54388.453111 18.248 0.019 54388.454778 18.047 0.024 47.418361 0.378692
54392.451489 18.914 0.03 54392.453156 18.699 0.024 54392.449823 18.479 0.018 54392.450656 18.237 0.014 54392.452323 18.11 0.029 47.418361 0.378692
54403.367756 18.969 0.035 54403.369423 18.682 0.017 54403.36609 -99.99 0.025 54403.366923 18.135 0.014 54403.36859 18.146 0.031 47.418361 0.378692
54404.425275 19.007 0.051 54404.426942 18.708 0.018 54404.423609 18.515 0.023 54404.424442 18.138 0.019 54404.426109 18.024 0.035 47.418361 0.378692
54406.361578 18.929 0.026 54406.363245 18.707 0.013 54406.359912 18.464 0.013 54406.360745 18.148 0.016 54406.362412 18.066 0.023 47.418361 0.378692
54409.366477 18.98 0.026 54409.368143 18.711 0.024 54409.36481 18.466 0.015 54409.365643 18.171 0.014 54409.36731 18.056 0.024 47.418361 0.378692
54412.387308 19.015 0.033 54412.388975 18.731 0.016 54412.385642 18.481 0.014 54412.386475 18.149 0.017 54412.388142 18.06 0.035 47.418361 0.378692
