51075.279399 20.174 0.05 51075.281065 20.082 0.023 51075.277732 19.804 0.024 51075.278565 19.863 0.038 51075.280232 19.657 0.132 -7.384105 -0.984914
51464.267303 -99.99 0.067 51464.268969 20.43 0.04 51464.265636 19.988 0.028 51464.266469 20.034 0.049 51464.268136 19.768 0.122 -7.384105 -0.984914
52196.279933 20.483 0.062 52196.281599 20.257 0.025 52196.278266 19.902 0.022 52196.279099 19.996 0.036 52196.280766 20.009 0.133 -7.384105 -0.984914
52197.293043 20.403 0.065 52197.294709 20.288 0.022 52197.291376 19.936 0.019 52197.292209 20.009 0.028 52197.293876 19.999 0.11 -7.384105 -0.984914
52225.14321 20.453 0.052 52225.144876 20.199 0.021 52225.141543 19.915 0.021 52225.142376 19.941 0.03 52225.144043 19.941 0.108 -7.384105 -0.984914
52231.178994 20.505 0.057 52231.18066 20.229 0.021 52231.177327 19.908 0.019 52231.17816 19.941 0.028 52231.179827 19.862 0.087 -7.384105 -0.984914
52253.165168 20.465 0.09 52253.166834 20.134 0.031 52253.163501 19.822 0.026 52253.164334 19.863 0.036 52253.166001 19.983 0.137 -7.384105 -0.984914
52557.286998 20.391 0.063 52557.288664 20.236 0.024 52557.285331 19.911 0.022 52557.286164 19.883 0.032 52557.287831 19.875 0.111 -7.384105 -0.984914
52578.18308 20.397 0.05 52578.184746 20.212 0.022 52578.181413 19.859 0.022 52578.182246 19.887 0.03 52578.183913 19.939 0.108 -7.384105 -0.984914
52908.261563 20.23 0.051 52908.263229 20.099 0.022 52908.259896 19.831 0.02 52908.260729 19.875 0.03 52908.262396 19.718 0.092 -7.384105 -0.984914
52911.275349 20.157 0.05 52911.277015 20.058 0.021 52911.273682 19.782 0.02 52911.274515 19.869 0.031 52911.276182 19.703 0.089 -7.384105 -0.984914
52930.152722 20.145 0.048 52930.154388 20.016 0.02 52930.151055 19.757 0.018 52930.151888 19.754 0.025 52930.153555 19.844 0.092 -7.384105 -0.984914
52934.193463 20.043 0.049 52934.195129 19.993 0.024 52934.191796 19.737 0.022 52934.192629 19.756 0.033 52934.194296 19.803 0.101 -7.384105 -0.984914
52936.189389 20.167 0.045 52936.191055 19.982 0.018 52936.187722 19.743 0.018 52936.188555 19.769 0.025 52936.190222 19.769 0.08 -7.384105 -0.984914
52962.11491 20.21 0.051 52962.116576 20.001 0.021 52962.113243 19.809 0.022 52962.114076 19.734 0.03 52962.115743 19.72 0.094 -7.384105 -0.984914
53270.253459 20.206 0.052 53270.255126 20.021 0.026 53270.251792 19.787 0.022 53270.252626 19.775 0.034 53270.254292 19.694 0.072 -7.384105 -0.984914
53272.303394 20.186 0.075 53272.30506 19.997 0.034 53272.301727 19.737 0.029 53272.30256 19.731 0.034 53272.304227 19.827 0.105 -7.384105 -0.984914
53286.272113 20.387 0.078 53286.273779 20.142 0.027 53286.270446 19.81 0.027 53286.271279 19.807 0.033 53286.272946 20.053 0.148 -7.384105 -0.984914
53288.230602 20.249 0.05 53288.232268 20.106 0.02 53288.228935 19.809 0.018 53288.229768 19.797 0.024 53288.231435 19.907 0.085 -7.384105 -0.984914
53294.257916 20.378 0.059 53294.259583 20.11 0.028 53294.25625 19.797 0.027 53294.257083 19.83 0.033 53294.25875 19.877 0.107 -7.384105 -0.984914
53302.226271 20.287 0.122 53302.227937 20.18 0.056 53302.224604 19.823 0.04 53302.225437 19.785 0.046 53302.227104 19.954 0.133 -7.384105 -0.984914
53312.181832 20.47 0.06 53312.183498 20.228 0.033 53312.180165 19.892 0.025 53312.180998 19.855 0.033 53312.182665 19.952 0.127 -7.384105 -0.984914
53314.182998 20.475 0.061 53314.184664 20.26 0.024 53314.181331 19.915 0.023 53314.182164 19.945 0.034 53314.183831 19.886 0.108 -7.384105 -0.984914
53616.287365 20.435 0.087 53616.289031 20.196 0.029 53616.285698 19.877 0.053 53616.286531 19.985 0.044 53616.288198 19.905 0.138 -7.384105 -0.984914
53623.277575 20.402 0.063 53623.279241 20.27 0.026 53623.275908 19.915 0.022 53623.276741 19.893 0.03 53623.278408 19.768 0.092 -7.384105 -0.984914
53626.263789 20.492 0.083 53626.265455 20.207 0.033 53626.262122 19.896 0.026 53626.262955 19.969 0.036 53626.264622 20.054 0.118 -7.384105 -0.984914
53628.248653 20.312 0.137 53628.250319 20.213 0.06 53628.246986 19.838 0.037 53628.247819 19.994 0.05 53628.249486 19.961 0.14 -7.384105 -0.984914
53637.25027 20.412 0.105 53637.251936 20.163 0.039 53637.248603 19.924 0.031 53637.249436 19.933 0.048 53637.251103 20.219 0.218 -7.384105 -0.984914
53639.295646 20.398 0.061 53639.297312 20.169 0.024 53639.293979 19.864 0.021 53639.294812 19.877 0.029 53639.296479 19.841 0.086 -7.384105 -0.984914
53644.242713 20.418 0.05 53644.24438 20.227 0.024 53644.241047 19.907 0.019 53644.24188 19.955 0.026 53644.243547 19.952 0.076 -7.384105 -0.984914
53654.277339 20.479 0.095 53654.279005 20.239 0.023 53654.275672 19.928 0.021 53654.276505 19.876 0.029 53654.278172 19.948 0.115 -7.384105 -0.984914
53656.224932 20.123 0.159 53656.226598 20.003 0.068 53656.223265 19.858 0.058 53656.224098 -99.99 0.059 53656.225765 -99.99 0.158 -7.384105 -0.984914
53663.238242 20.556 0.119 53663.239908 20.236 0.039 53663.236575 19.911 0.027 53663.237408 19.926 0.032 53663.239075 19.998 0.101 -7.384105 -0.984914
53668.227842 20.453 0.084 53668.229508 20.203 0.03 53668.226175 19.889 0.027 53668.227008 19.871 0.041 53668.228675 19.734 0.137 -7.384105 -0.984914
53670.232695 20.411 0.059 53670.234361 20.283 0.025 53670.231028 19.938 0.024 53670.231861 19.958 0.034 53670.233528 19.947 0.11 -7.384105 -0.984914
53673.200679 20.584 0.081 53673.202345 20.176 0.025 53673.199012 19.859 0.025 53673.199845 19.851 0.037 53673.201512 19.996 0.123 -7.384105 -0.984914
53675.197567 20.446 0.071 53675.199233 20.266 0.028 53675.1959 19.905 0.027 53675.196733 19.979 0.043 53675.1984 20.107 0.162 -7.384105 -0.984914
53677.218598 20.547 0.06 53677.220264 20.317 0.023 53677.216931 19.929 0.02 53677.217764 19.96 0.028 53677.219431 19.881 0.082 -7.384105 -0.984914
53680.205264 20.534 0.065 53680.20693 20.33 0.026 53680.203597 19.953 0.021 53680.20443 20.026 0.031 53680.206097 20.051 0.106 -7.384105 -0.984914
53693.207164 20.273 0.12 53693.20883 20.367 0.058 53693.205497 20.102 0.037 53693.20633 19.984 0.037 53693.207997 20.001 0.115 -7.384105 -0.984914
53704.190488 20.626 0.076 53704.192154 20.295 0.026 53704.188821 19.998 0.023 53704.189654 20.046 0.035 53704.191321 19.948 0.111 -7.384105 -0.984914
53974.283191 20.887 0.068 53974.284858 20.624 0.033 53974.281524 20.196 0.023 53974.282358 20.139 0.031 53974.284024 20.298 0.104 -7.384105 -0.984914
53989.286589 20.788 0.149 53989.288256 20.669 0.066 53989.284922 20.182 0.038 53989.285756 20.217 0.044 53989.287422 20.328 0.145 -7.384105 -0.984914
53997.382193 20.678 0.086 53997.38386 20.542 0.033 53997.380526 20.138 0.032 53997.38136 20.293 0.045 53997.383026 -99.99 0.125 -7.384105 -0.984914
54000.261965 20.803 0.087 54000.263632 20.56 0.037 54000.260299 20.168 0.032 54000.261132 20.242 0.046 54000.262799 20.074 0.138 -7.384105 -0.984914
54007.312135 20.891 0.098 54007.313802 20.571 0.034 54007.310469 20.182 0.027 54007.311302 20.158 0.039 54007.312969 20.417 0.168 -7.384105 -0.984914
54009.235879 21.027 0.105 54009.237545 20.59 0.038 54009.234212 20.197 0.027 54009.235045 20.275 0.038 54009.236712 20.126 0.113 -7.384105 -0.984914
54011.300386 20.941 0.134 54011.302053 20.648 0.052 54011.29872 20.26 0.034 54011.299553 20.225 0.039 54011.30122 20.158 0.103 -7.384105 -0.984914
54019.250599 21.04 0.234 54019.252266 20.569 0.047 54019.248932 20.128 0.037 54019.249766 20.282 0.064 54019.251432 20.393 0.169 -7.384105 -0.984914
54025.299403 20.87 0.115 54025.30107 20.546 0.042 54025.297737 20.17 0.038 54025.29857 20.264 0.053 54025.300237 20.354 0.216 -7.384105 -0.984914
54029.229734 21.028 0.094 54029.231401 20.644 0.029 54029.228068 20.17 0.031 54029.228901 20.239 0.04 54029.230568 20.243 0.141 -7.384105 -0.984914
54348.297115 21.047 0.105 54348.298782 20.642 0.037 54348.295448 20.276 0.033 54348.296282 20.328 0.05 54348.297948 20.309 0.166 -7.384105 -0.984914
54358.252961 21.038 0.118 54358.254627 20.755 0.045 54358.251294 20.195 0.031 54358.252127 20.251 0.048 54358.253794 20.182 0.16 -7.384105 -0.984914
54365.286061 -99.99 0.141 54365.287728 20.673 0.087 54365.284394 20.166 0.051 54365.285228 20.29 0.08 54365.286894 -99.99 0.222 -7.384105 -0.984914
54373.360329 20.899 0.325 54373.361995 20.676 0.114 54373.358662 20.151 0.047 54373.359495 20.178 0.061 54373.361162 20.531 0.259 -7.384105 -0.984914
54381.305584 20.783 0.078 54381.307251 20.627 0.032 54381.303918 20.266 0.029 54381.304751 20.263 0.043 54381.306418 20.169 0.125 -7.384105 -0.984914
54386.297905 20.751 0.082 54386.299571 20.616 0.033 54386.296238 20.178 0.027 54386.297071 20.249 0.039 54386.298738 20.239 0.126 -7.384105 -0.984914
54388.302174 20.871 0.093 54388.303841 20.64 0.033 54388.300508 20.21 0.027 54388.301341 20.279 0.038 54388.303008 20.275 0.133 -7.384105 -0.984914
54403.215981 20.793 0.133 54403.217647 20.484 0.047 54403.214314 20.256 0.052 54403.215147 20.257 0.049 54403.216814 20.398 0.168 -7.384105 -0.984914
54404.273518 20.872 0.142 54404.275184 20.614 0.053 54404.271851 20.288 0.032 54404.272684 20.315 0.039 54404.274351 20.272 0.123 -7.384105 -0.984914
54405.271538 -99.99 0.135 54405.273204 20.637 0.046 54405.269871 20.189 0.029 54405.270704 20.311 0.05 54405.272371 20.318 0.148 -7.384105 -0.984914
54406.20977 20.765 0.085 54406.211437 20.579 0.038 54406.208103 20.24 0.028 54406.208937 20.195 0.044 54406.210603 20.124 0.124 -7.384105 -0.984914
54412.212713 20.77 0.09 54412.21438 20.627 0.033 54412.211047 20.237 0.026 54412.21188 20.231 0.038 54412.213547 20.144 0.12 -7.384105 -0.984914
