51081.417825 20.768 0.085 51081.419491 20.253 0.025 51081.416158 20.135 0.028 51081.416991 20.21 0.044 51081.418658 20.053 0.125 48.466518 0.56702
51875.23275 20.288 0.051 51875.234416 20.036 0.019 51875.231083 19.954 0.025 51875.231916 20.034 0.035 51875.233583 19.656 0.086 48.466518 0.56702
52171.465174 20.336 0.051 52171.46684 19.996 0.017 52171.463507 19.949 0.02 52171.46434 20.024 0.03 52171.466007 19.703 0.067 48.466518 0.56702
52225.313622 20.329 0.05 52225.315288 19.938 0.017 52225.311955 19.911 0.02 52225.312788 19.994 0.03 52225.314455 19.751 0.071 48.466518 0.56702
52288.148045 20.691 0.069 52288.149711 20.239 0.023 52288.146378 20.158 0.024 52288.147211 20.206 0.036 52288.148878 19.936 0.084 48.466518 0.56702
52551.421331 21.304 0.114 52551.422997 20.537 0.029 52551.419664 20.398 0.03 52551.420497 20.394 0.044 52551.422164 20.031 0.105 48.466518 0.56702
52558.454204 21.099 0.09 52558.45587 20.499 0.023 52558.452537 20.376 0.028 52558.45337 20.388 0.042 52558.455037 20.055 0.111 48.466518 0.56702
52578.325813 20.702 0.063 52578.327479 20.274 0.02 52578.324146 20.184 0.022 52578.324979 20.299 0.035 52578.326646 19.944 0.082 48.466518 0.56702
52585.288793 20.443 0.054 52585.290459 20.098 0.019 52585.287126 20.073 0.024 52585.287959 20.048 0.038 52585.289626 19.9 0.11 48.466518 0.56702
52909.455426 20.445 0.053 52909.457092 20.02 0.017 52909.453759 19.942 0.019 52909.454592 20.003 0.029 52909.456259 19.757 0.072 48.466518 0.56702
52910.425669 20.504 0.072 52910.427335 20.021 0.02 52910.424002 19.947 0.02 52910.424835 19.99 0.034 52910.426502 19.832 0.088 48.466518 0.56702
52935.35284 20.313 0.054 52935.354506 19.967 0.019 52935.351173 19.886 0.022 52935.352006 20.007 0.036 52935.353673 19.891 0.11 48.466518 0.56702
52963.275918 20.225 0.044 52963.277584 19.918 0.016 52963.274251 19.833 0.018 52963.275084 19.891 0.027 52963.276751 19.703 0.072 48.466518 0.56702
53351.198222 20.533 0.065 53351.199888 20.105 0.021 53351.196555 20.03 0.024 53351.197388 20.081 0.038 53351.199055 19.692 0.093 48.466518 0.56702
53622.455271 20.652 0.06 53622.456937 20.098 0.018 53622.453604 20.02 0.019 53622.454437 20.097 0.027 53622.456104 19.898 0.066 48.466518 0.56702
53627.412368 20.698 0.073 53627.414034 20.138 0.02 53627.410701 20.102 0.024 53627.411534 20.13 0.035 53627.413201 19.821 0.08 48.466518 0.56702
53634.404741 20.616 0.182 53634.406407 20.027 0.049 53634.403074 19.996 0.041 53634.403907 20.271 0.056 53634.405574 19.905 0.107 48.466518 0.56702
53638.446077 20.635 0.103 53638.447743 20.195 0.03 53638.44441 20.141 0.029 53638.445243 20.21 0.048 53638.44691 19.814 0.114 48.466518 0.56702
53640.410113 20.711 0.095 53640.411779 20.163 0.026 53640.408446 20.095 0.027 53640.409279 20.126 0.04 53640.410946 19.815 0.094 48.466518 0.56702
53643.452588 20.783 0.107 53643.454254 20.199 0.024 53643.450921 20.119 0.028 53643.451754 20.15 0.044 53643.453421 19.846 0.123 48.466518 0.56702
53646.471521 20.596 0.075 53646.473187 20.267 0.023 53646.469854 20.153 0.025 53646.470687 20.378 0.047 53646.472354 19.877 0.088 48.466518 0.56702
53657.290266 20.675 0.414 53657.291932 20.304 0.102 53657.288599 20.128 0.081 53657.289432 20.174 0.124 53657.291099 19.82 0.215 48.466518 0.56702
53657.454554 20.906 0.121 53657.45622 20.309 0.026 53657.452887 20.164 0.029 53657.45372 20.296 0.049 53657.455387 19.833 0.1 48.466518 0.56702
53663.471936 20.894 0.348 53663.473602 20.273 0.072 53663.470269 20.24 0.062 53663.471102 20.217 0.07 53663.472769 20.019 0.136 48.466518 0.56702
53664.407243 21.334 0.611 53664.408909 20.289 0.135 53664.405576 20.168 0.065 53664.406409 20.056 0.122 53664.408076 20.164 0.506 48.466518 0.56702
53665.471868 20.867 0.23 53665.473534 20.332 0.058 53665.470201 20.246 0.046 53665.471034 20.265 0.066 53665.472701 20.648 0.302 48.466518 0.56702
53668.460485 20.862 0.195 53668.462151 20.267 0.041 53668.458818 20.268 0.046 53668.459651 20.236 0.064 53668.461318 20.039 0.174 48.466518 0.56702
53669.366488 21.049 0.141 53669.368154 20.323 0.031 53669.364821 20.231 0.032 53669.365654 20.218 0.051 53669.367321 19.768 0.106 48.466518 0.56702
53670.466457 20.905 0.202 53670.468123 20.242 0.042 53670.46479 20.224 0.052 53670.465623 20.238 0.072 53670.46729 19.918 0.172 48.466518 0.56702
53671.451235 20.946 0.126 53671.452901 20.224 0.025 53671.449568 20.192 0.031 53671.450401 20.237 0.045 53671.452068 19.779 0.087 48.466518 0.56702
53674.350726 20.653 0.091 53674.352392 20.221 0.025 53674.349059 20.198 0.035 53674.349892 20.256 0.059 53674.351559 19.858 0.121 48.466518 0.56702
53676.440177 20.673 0.085 53676.441843 20.304 0.025 53676.43851 20.192 0.032 53676.439343 20.324 0.053 53676.44101 19.949 0.109 48.466518 0.56702
53679.412082 20.744 0.11 53679.413748 20.178 0.025 53679.410415 20.042 0.035 53679.411248 20.122 0.053 53679.412915 19.79 0.125 48.466518 0.56702
53681.403595 20.671 0.101 53681.405261 20.238 0.023 53681.401928 20.14 0.03 53681.402761 20.234 0.044 53681.404428 19.83 0.091 48.466518 0.56702
53687.306409 21.495 0.561 53687.308075 20.24 0.076 53687.304742 20.05 0.056 53687.305575 20.224 0.074 53687.307242 20.045 0.168 48.466518 0.56702
53694.376554 20.301 0.137 53694.37822 20.266 0.051 53694.374887 20.279 0.056 53694.37572 20.176 0.058 53694.377387 19.937 0.112 48.466518 0.56702
53696.369314 20.658 0.124 53696.37098 20.275 0.035 53696.367647 20.103 0.031 53696.36848 20.179 0.045 53696.370147 20.068 0.13 48.466518 0.56702
53697.360622 20.851 0.131 53697.362288 20.23 0.03 53697.358955 20.153 0.031 53697.359788 20.278 0.047 53697.361455 19.96 0.101 48.466518 0.56702
53700.359578 20.619 0.085 53700.361244 20.296 0.022 53700.357911 20.123 0.033 53700.358744 20.158 0.053 53700.360411 20.037 0.129 48.466518 0.56702
53705.346249 20.5 0.097 53705.347915 20.166 0.025 53705.344582 20.134 0.032 53705.345415 20.404 0.067 53705.347082 19.67 0.114 48.466518 0.56702
53975.431305 20.28 0.076 53975.432972 19.818 0.027 53975.429639 19.785 0.034 53975.430472 19.929 0.046 53975.432139 -99.99 0.199 48.466518 0.56702
53994.454307 20.153 0.049 53994.455974 19.855 0.024 53994.452641 19.779 0.02 53994.453474 19.856 0.031 53994.455141 19.488 0.06 48.466518 0.56702
53996.437982 20.175 0.056 53996.439649 19.824 0.033 53996.436315 19.719 0.027 53996.437149 19.8 0.057 53996.438815 19.582 0.078 48.466518 0.56702
54005.451203 20.223 0.048 54005.45287 19.873 0.022 54005.449536 19.787 0.021 54005.45037 19.843 0.028 54005.452036 19.573 0.061 48.466518 0.56702
54009.465046 20.175 0.042 54009.466713 19.843 0.021 54009.463379 19.759 0.02 54009.464213 19.951 0.031 54009.465879 19.663 0.056 48.466518 0.56702
54010.392098 20.118 0.04 54010.393764 19.835 0.025 54010.390431 19.786 0.021 54010.391264 19.861 0.024 54010.392931 19.693 0.056 48.466518 0.56702
54012.384956 20.243 0.065 54012.386622 19.848 0.028 54012.383289 19.735 0.025 54012.384122 19.877 0.032 54012.385789 19.851 0.088 48.466518 0.56702
54020.422983 -99.99 0.077 54020.42465 19.9 0.028 54020.421317 19.767 0.027 54020.42215 19.907 0.039 54020.423817 19.632 0.083 48.466518 0.56702
54024.472497 20.288 0.099 54024.474163 19.829 0.027 54024.47083 19.786 0.031 54024.471663 19.885 0.048 54024.47333 19.65 0.105 48.466518 0.56702
54028.460795 20.063 0.054 54028.462462 19.843 0.025 54028.459128 19.775 0.023 54028.459962 19.861 0.034 54028.461628 19.695 0.085 48.466518 0.56702
54030.416299 20.139 0.042 54030.417966 19.809 0.019 54030.414633 19.76 0.028 54030.415466 19.878 0.031 54030.417133 19.684 0.067 48.466518 0.56702
54035.460216 20.115 0.063 54035.461883 -99.99 0.027 54035.45855 19.75 0.024 54035.459383 19.744 0.033 54035.46105 19.627 0.08 48.466518 0.56702
54037.365718 20.096 0.04 54037.367385 19.833 0.022 54037.364051 19.794 0.021 54037.364885 19.83 0.026 54037.366551 19.599 0.052 48.466518 0.56702
54040.380212 20.248 0.046 54040.381879 19.851 0.025 54040.378546 19.756 0.018 54040.379379 19.811 0.029 54040.381046 19.831 0.082 48.466518 0.56702
54041.415725 20.211 0.051 54041.417391 19.814 0.022 54041.414058 19.756 0.021 54041.414891 19.813 0.03 54041.416558 19.77 0.069 48.466518 0.56702
54047.410805 20.189 0.165 54047.412472 19.74 0.046 54047.409139 19.739 0.045 54047.409972 19.912 0.054 54047.411639 19.579 0.083 48.466518 0.56702
54049.406644 20.238 0.125 54049.408311 19.88 0.045 54049.404977 19.678 0.031 54049.405811 19.93 0.047 54049.407477 19.78 0.113 48.466518 0.56702
54050.366855 20.149 0.119 54050.368522 19.861 0.041 54050.365189 19.779 0.033 54050.366022 19.791 0.049 54050.367689 19.639 0.131 48.466518 0.56702
54053.386313 20.204 0.065 54053.38798 -99.99 0.021 54053.384646 -99.99 0.024 54053.38548 19.828 0.036 54053.387146 -99.99 0.1 48.466518 0.56702
54056.372652 20.184 0.054 54056.374318 19.841 0.026 54056.370985 19.728 0.022 54056.371818 19.786 0.033 54056.373485 19.695 0.083 48.466518 0.56702
54059.366938 20.146 0.059 54059.368605 19.815 0.025 54059.365272 19.735 0.023 54059.366105 19.794 0.04 54059.367772 19.453 0.085 48.466518 0.56702
54061.378019 19.909 0.089 54061.379686 19.797 0.031 54061.376353 19.729 0.041 54061.377186 19.904 0.054 54061.378853 19.683 0.117 48.466518 0.56702
54062.371864 20.1 0.045 54062.373531 19.806 0.026 54062.370197 19.747 0.019 54062.371031 19.877 0.03 54062.372697 19.729 0.071 48.466518 0.56702
54064.368254 20.172 0.062 54064.369921 19.823 0.027 54064.366588 19.738 0.022 54064.367421 19.829 0.036 54064.369088 19.483 0.079 48.466518 0.56702
54068.352409 20.191 0.085 54068.354076 19.764 0.034 54068.350742 19.713 0.037 54068.351576 19.814 0.062 54068.353242 19.836 0.148 48.466518 0.56702
54357.410165 19.855 0.052 54357.411831 19.63 0.032 54357.408498 19.548 0.026 54357.409331 19.723 0.033 54357.410998 19.571 0.057 48.466518 0.56702
54362.459954 19.851 0.038 54362.461621 19.599 0.018 54362.458288 19.555 0.022 54362.459121 19.626 0.023 54362.460788 19.437 0.049 48.466518 0.56702
54376.455039 -99.99 0.048 54376.456705 19.547 0.023 54376.453372 19.554 0.019 54376.454205 19.717 0.026 54376.455872 19.594 0.08 48.466518 0.56702
54382.440205 19.818 0.041 54382.441872 19.609 0.028 54382.438539 19.54 0.026 54382.439372 19.64 0.03 54382.441039 19.484 0.067 48.466518 0.56702
54385.457972 19.83 0.037 54385.459639 19.575 0.022 54385.456305 19.571 0.022 54385.457139 19.665 0.025 54385.458805 19.565 0.057 48.466518 0.56702
54387.458459 -99.99 0.057 54387.460126 19.598 0.023 54387.456792 19.543 0.025 54387.457626 19.59 0.032 54387.459292 19.464 0.062 48.466518 0.56702
54390.450915 20.004 0.068 54390.452582 19.635 0.022 54390.449248 19.572 0.036 54390.450082 19.584 0.048 54390.451748 -99.99 0.318 48.466518 0.56702
54391.459272 19.819 0.058 54391.460938 19.634 0.027 54391.457605 19.563 0.029 54391.458438 19.654 0.039 54391.460105 19.716 0.17 48.466518 0.56702
54402.451602 -99.99 0.14 54402.453269 19.656 0.049 54402.449935 19.583 0.037 54402.450769 19.733 0.042 54402.452435 19.665 0.096 48.466518 0.56702
