51081.411848 -99.99 0.086 51081.413514 19.932 0.02 51081.410181 19.853 0.023 51081.411014 19.91 0.033 51081.412681 19.422 0.081 46.314991 -0.270623
52171.459218 20.784 0.071 52171.460884 19.959 0.016 52171.457551 19.988 0.022 52171.458384 19.818 0.024 52171.460051 19.542 0.064 46.314991 -0.270623
52225.307663 20.756 0.067 52225.309329 19.953 0.016 52225.305996 19.934 0.02 52225.306829 19.813 0.022 52225.308496 19.533 0.062 46.314991 -0.270623
52288.142085 20.566 0.065 52288.143751 19.871 0.016 52288.140418 19.887 0.02 52288.141251 19.8 0.024 52288.142918 19.454 0.061 46.314991 -0.270623
52551.415372 20.796 0.082 52551.417038 20.005 0.017 52551.413705 19.954 0.022 52551.414538 19.788 0.027 52551.416205 19.694 0.083 46.314991 -0.270623
52558.448245 20.718 0.068 52558.449911 20.056 0.017 52558.446578 19.961 0.02 52558.447411 19.82 0.025 52558.449078 19.736 0.083 46.314991 -0.270623
52578.319855 20.69 0.067 52578.321521 19.994 0.016 52578.318188 19.981 0.02 52578.319021 19.776 0.021 52578.320688 19.554 0.062 46.314991 -0.270623
52585.282835 20.723 0.075 52585.284501 19.94 0.016 52585.281168 19.906 0.022 52585.282001 19.739 0.029 52585.283668 19.711 0.108 46.314991 -0.270623
52909.449467 20.586 0.064 52909.451133 19.849 0.015 52909.4478 19.808 0.018 52909.448633 19.708 0.021 52909.4503 19.459 0.06 46.314991 -0.270623
52910.41971 20.503 0.065 52910.421376 -99.99 0.017 52910.418043 19.851 0.02 52910.418876 19.653 0.024 52910.420543 19.476 0.061 46.314991 -0.270623
52935.346881 20.429 0.059 52935.348547 19.844 0.016 52935.345214 19.811 0.02 52935.346047 19.648 0.023 52935.347714 19.409 0.069 46.314991 -0.270623
52963.269959 20.484 0.055 52963.271625 19.835 0.015 52963.268292 19.812 0.017 52963.269125 19.684 0.021 52963.270792 19.487 0.064 46.314991 -0.270623
53351.192263 20.508 0.071 53351.193929 19.775 0.015 53351.190596 19.837 0.02 53351.191429 19.709 0.028 53351.193096 19.363 0.071 46.314991 -0.270623
53622.449312 20.434 0.054 53622.450978 19.862 0.015 53622.447645 19.879 0.018 53622.448478 19.67 0.02 53622.450145 19.474 0.053 46.314991 -0.270623
53627.40641 20.547 0.075 53627.408076 19.817 0.016 53627.404743 19.838 0.019 53627.405576 19.626 0.022 53627.407243 19.451 0.067 46.314991 -0.270623
53634.398783 -99.99 0.166 53634.400449 19.851 0.044 53634.397116 19.852 0.038 53634.397949 19.589 0.032 53634.399616 19.413 0.085 46.314991 -0.270623
53638.44012 20.409 0.075 53638.441786 19.848 0.019 53638.438453 19.808 0.021 53638.439286 19.716 0.025 53638.440953 19.324 0.063 46.314991 -0.270623
53640.404155 20.44 0.077 53640.405821 19.782 0.019 53640.402488 19.671 0.02 53640.403321 19.651 0.026 53640.404988 19.243 0.064 46.314991 -0.270623
53643.44663 20.467 0.082 53643.448296 19.824 0.018 53643.444963 19.752 0.022 53643.445796 19.661 0.027 53643.447463 19.512 0.091 46.314991 -0.270623
53646.465563 20.486 0.074 53646.467229 19.835 0.016 53646.463896 19.854 0.022 53646.464729 19.662 0.024 53646.466396 19.482 0.07 46.314991 -0.270623
53663.46598 20.593 0.229 53663.467646 19.807 0.047 53663.464313 19.757 0.037 53663.465146 19.628 0.036 53663.466813 19.391 0.082 46.314991 -0.270623
53664.401286 20.349 0.118 53664.402952 19.871 0.033 53664.399619 19.782 0.028 53664.400452 19.69 0.029 53664.402119 19.413 0.074 46.314991 -0.270623
53665.465912 20.347 0.126 53665.467578 19.828 0.031 53665.464245 19.769 0.027 53665.465078 19.672 0.031 53665.466745 19.523 0.1 46.314991 -0.270623
53668.454531 20.327 0.132 53668.456197 19.711 0.026 53668.452864 19.661 0.03 53668.453697 19.456 0.033 53668.455364 19.342 0.119 46.314991 -0.270623
53670.460502 20.334 0.099 53670.462168 19.842 0.025 53670.458835 19.815 0.025 53670.459668 19.664 0.03 53670.461335 19.55 0.104 46.314991 -0.270623
53671.445279 20.474 0.09 53671.446945 19.84 0.02 53671.443612 19.84 0.026 53671.444445 19.659 0.026 53671.446112 19.364 0.074 46.314991 -0.270623
53674.344768 20.524 0.081 53674.346434 19.746 0.017 53674.343101 19.742 0.022 53674.343934 19.602 0.028 53674.345601 19.379 0.084 46.314991 -0.270623
53676.434222 20.48 0.077 53676.435888 -99.99 0.019 53676.432555 19.759 0.022 53676.433388 19.676 0.024 53676.435055 19.394 0.066 46.314991 -0.270623
53679.406125 20.366 0.08 53679.407791 19.771 0.017 53679.404458 19.75 0.025 53679.405291 19.635 0.032 53679.406958 19.439 0.101 46.314991 -0.270623
53681.397638 20.324 0.073 53681.399304 19.798 0.017 53681.395971 19.75 0.021 53681.396804 19.611 0.023 53681.398471 19.377 0.068 46.314991 -0.270623
53684.359136 20.323 0.156 53684.360802 19.814 0.036 53684.357469 19.764 0.043 53684.358302 19.621 0.057 53684.359969 19.383 0.19 46.314991 -0.270623
53694.370594 20.154 0.136 53694.37226 19.762 0.038 53694.368927 19.77 0.034 53694.36976 19.586 0.033 53694.371427 -99.99 0.148 46.314991 -0.270623
53696.363358 20.326 0.093 53696.365024 19.811 0.022 53696.361691 19.761 0.022 53696.362524 19.603 0.024 53696.364191 19.35 0.064 46.314991 -0.270623
53697.354664 20.327 0.087 53697.35633 19.806 0.022 53697.352997 19.794 0.023 53697.35383 19.657 0.025 53697.355497 19.463 0.07 46.314991 -0.270623
53700.35362 20.257 0.073 53700.355286 19.74 0.017 53700.351953 19.698 0.022 53700.352786 19.534 0.03 53700.354453 19.385 0.101 46.314991 -0.270623
53705.340291 20.457 0.082 53705.341957 19.782 0.017 53705.338624 19.792 0.021 53705.339457 19.68 0.029 53705.341124 19.423 0.09 46.314991 -0.270623
53994.448293 20.405 0.056 53994.449959 19.799 0.023 53994.446626 19.758 0.024 53994.447459 19.641 0.023 53994.449126 19.381 0.057 46.314991 -0.270623
53996.432061 20.505 0.07 53996.433728 19.794 0.025 53996.430394 19.833 0.035 53996.431228 19.769 0.045 53996.432894 19.439 0.069 46.314991 -0.270623
54005.44526 20.495 0.058 54005.446926 19.82 0.026 54005.443593 19.807 0.024 54005.444426 19.658 0.02 54005.446093 19.557 0.059 46.314991 -0.270623
54009.459102 20.536 0.054 54009.460769 19.806 0.023 54009.457436 19.809 0.019 54009.458269 19.647 0.021 54009.459936 19.391 0.052 46.314991 -0.270623
54010.386137 20.537 0.049 54010.387804 19.828 0.018 54010.38447 19.825 0.018 54010.385304 19.686 0.028 54010.38697 19.447 0.046 46.314991 -0.270623
54012.378985 20.588 0.079 54012.380651 19.833 0.023 54012.377318 19.807 0.022 54012.378151 19.694 0.025 54012.379818 19.485 0.056 46.314991 -0.270623
54020.417054 20.63 0.126 54020.41872 19.785 0.027 54020.415387 19.8 0.026 54020.41622 19.635 0.027 54020.417887 19.393 0.068 46.314991 -0.270623
54024.466569 20.46 0.083 54024.468236 19.842 0.024 54024.464902 19.74 0.025 54024.465736 19.653 0.027 54024.467402 19.459 0.076 46.314991 -0.270623
54028.45507 20.583 0.07 54028.456737 19.817 0.025 54028.453403 19.819 0.024 54028.454237 19.677 0.026 54028.455903 19.314 0.06 46.314991 -0.270623
54030.410376 -99.99 0.055 54030.412043 19.842 0.02 54030.408709 19.808 0.019 54030.409543 19.656 0.023 54030.411209 19.53 0.06 46.314991 -0.270623
54035.454274 20.534 0.087 54035.455941 19.82 0.021 54035.452607 19.783 0.024 54035.453441 19.616 0.03 54035.455107 19.535 0.097 46.314991 -0.270623
54037.359835 20.445 0.054 54037.361501 19.841 0.024 54037.358168 19.789 0.019 54037.359001 19.669 0.021 54037.360668 19.47 0.048 46.314991 -0.270623
54040.374252 20.495 0.057 54040.375918 19.862 0.017 54040.372585 19.778 0.019 54040.373418 19.673 0.022 54040.375085 19.539 0.062 46.314991 -0.270623
54041.409805 20.482 0.065 54041.411472 19.911 0.024 54041.408138 19.786 0.023 54041.408972 19.672 0.024 54041.410638 19.421 0.053 46.314991 -0.270623
54047.404824 20.017 0.175 54047.40649 19.796 0.067 54047.403157 19.781 0.044 54047.40399 19.627 0.041 54047.405657 19.393 0.089 46.314991 -0.270623
54049.400704 20.607 0.162 54049.402371 19.873 0.034 54049.399038 19.777 0.032 54049.399871 19.61 0.031 54049.401538 19.517 0.094 46.314991 -0.270623
54053.380346 -99.99 0.093 54053.382013 -99.99 0.029 54053.37868 19.789 0.021 54053.379513 -99.99 0.079 54053.38118 -99.99 0.088 46.314991 -0.270623
54056.36669 20.421 0.073 54056.368356 19.904 0.021 54056.365023 19.827 0.027 54056.365856 19.661 0.029 54056.367523 19.562 0.088 46.314991 -0.270623
54059.361011 20.603 0.085 54059.362678 19.796 0.032 54059.359345 19.836 0.025 54059.360178 19.705 0.029 54059.361845 19.427 0.086 46.314991 -0.270623
54061.372054 20.428 0.111 54061.373721 19.81 0.03 54061.370387 19.772 0.044 54061.371221 19.545 0.039 54061.372887 19.412 0.106 46.314991 -0.270623
54062.365925 20.555 0.065 54062.367592 19.884 0.023 54062.364258 19.829 0.019 54062.365092 19.716 0.028 54062.366758 19.493 0.069 46.314991 -0.270623
54064.362314 20.463 0.066 54064.363981 19.88 0.021 54064.360647 19.799 0.024 54064.361481 19.673 0.027 54064.363147 19.391 0.069 46.314991 -0.270623
54357.404176 20.495 0.055 54357.405843 19.864 0.028 54357.40251 19.831 0.019 54357.403343 19.706 0.024 54357.40501 19.476 0.049 46.314991 -0.270623
54362.454037 20.538 0.058 54362.455704 19.861 0.02 54362.452371 19.86 0.024 54362.453204 19.734 0.027 54362.454871 19.571 0.064 46.314991 -0.270623
54376.449124 20.419 0.074 54376.450791 19.868 0.021 54376.447458 19.828 0.02 54376.448291 19.708 0.025 54376.449958 19.517 0.06 46.314991 -0.270623
54382.434191 20.592 0.078 54382.435858 19.845 0.021 54382.432524 19.775 0.025 54382.433358 19.687 0.03 54382.435024 19.432 0.072 46.314991 -0.270623
54385.45199 20.483 0.063 54385.453656 19.825 0.025 54385.450323 19.836 0.022 54385.451156 19.688 0.024 54385.452823 19.41 0.058 46.314991 -0.270623
54387.45249 20.438 0.077 54387.454157 19.812 0.022 54387.450824 19.833 0.028 54387.451657 19.666 0.031 54387.453324 19.453 0.085 46.314991 -0.270623
54390.444899 20.436 0.105 54390.446565 19.81 0.023 54390.443232 19.793 0.038 54390.444065 19.609 0.038 54390.445732 19.451 0.123 46.314991 -0.270623
54402.445714 20.686 0.275 54402.44738 19.865 0.047 54402.444047 19.9 0.043 54402.44488 19.684 0.041 54402.446547 19.615 0.101 46.314991 -0.270623
