51081.410751 19.689 0.035 51081.412417 19.233 0.012 51081.409084 18.81 0.011 51081.409917 18.645 0.012 51081.411584 18.571 0.036 45.915299 -0.296123
51819.48187 19.503 0.035 51819.483536 19.087 0.011 51819.480203 18.689 0.01 51819.481036 18.584 0.012 51819.482703 18.526 0.034 45.915299 -0.296123
51875.225721 19.359 0.028 51875.227387 19.047 0.01 51875.224054 18.707 0.009 51875.224887 18.54 0.012 51875.226554 18.494 0.035 45.915299 -0.296123
52171.458144 19.678 0.036 52171.45981 19.273 0.011 52171.456477 18.808 0.01 52171.45731 18.68 0.012 52171.458977 18.585 0.032 45.915299 -0.296123
52225.306557 19.638 0.033 52225.308223 19.271 0.011 52225.30489 18.804 0.01 52225.305723 18.642 0.011 52225.30739 18.618 0.03 45.915299 -0.296123
52288.140978 19.56 0.032 52288.142644 19.166 0.01 52288.139311 18.766 0.01 52288.140144 18.61 0.011 52288.141811 18.558 0.031 45.915299 -0.296123
52551.414266 19.45 0.031 52551.415932 19.123 0.01 52551.412599 18.711 0.01 52551.413432 18.577 0.011 52551.415099 18.523 0.033 45.915299 -0.296123
52558.447139 19.51 0.031 52558.448805 19.124 0.01 52558.445472 18.714 0.01 52558.446305 18.582 0.011 52558.447972 18.499 0.031 45.915299 -0.296123
52578.318748 19.53 0.03 52578.320414 19.127 0.01 52578.317081 18.711 0.01 52578.317914 18.569 0.011 52578.319581 18.507 0.028 45.915299 -0.296123
52585.281728 19.472 0.03 52585.283394 19.073 0.01 52585.280061 18.699 0.01 52585.280894 18.547 0.012 52585.282561 18.54 0.04 45.915299 -0.296123
52909.448361 19.55 0.032 52909.450027 19.192 0.011 52909.446694 18.785 0.01 52909.447527 18.618 0.011 52909.449194 18.638 0.033 45.915299 -0.296123
52910.418602 19.473 0.035 52910.420268 19.19 0.011 52910.416935 18.766 0.01 52910.417768 18.645 0.012 52910.419435 18.635 0.033 45.915299 -0.296123
52935.345773 19.549 0.032 52935.347439 19.157 0.011 52935.344106 18.778 0.01 52935.344939 18.619 0.012 52935.346606 18.511 0.035 45.915299 -0.296123
52963.268852 19.548 0.029 52963.270518 19.167 0.011 52963.267185 18.753 0.01 52963.268018 18.594 0.011 52963.269685 18.626 0.031 45.915299 -0.296123
53351.191156 19.242 0.028 53351.192822 18.971 0.009 53351.189489 18.584 0.009 53351.190322 18.476 0.011 53351.191989 18.501 0.038 45.915299 -0.296123
53622.448205 19.283 0.027 53622.449871 18.961 0.009 53622.446538 18.572 0.009 53622.447371 18.452 0.01 53622.449038 18.359 0.025 45.915299 -0.296123
53627.405303 19.308 0.029 53627.406969 18.956 0.01 53627.403636 18.588 0.009 53627.404469 18.407 0.01 53627.406136 18.455 0.031 45.915299 -0.296123
53634.397676 19.327 0.058 53634.399342 19.012 0.022 53634.396009 18.576 0.013 53634.396842 18.469 0.014 53634.398509 18.461 0.032 45.915299 -0.296123
53638.439013 19.291 0.033 53638.440679 18.972 0.011 53638.437346 18.584 0.01 53638.438179 18.462 0.011 53638.439846 18.423 0.032 45.915299 -0.296123
53640.403049 19.311 0.035 53640.404715 18.964 0.011 53640.401382 18.603 0.01 53640.402215 18.456 0.011 53640.403882 18.415 0.03 45.915299 -0.296123
53643.445523 19.259 0.033 53643.447189 18.983 0.011 53643.443856 18.589 0.01 53643.444689 18.457 0.011 53643.446356 18.394 0.033 45.915299 -0.296123
53646.464456 19.334 0.035 53646.466122 18.968 0.01 53646.462789 18.588 0.01 53646.463622 18.451 0.011 53646.465289 18.405 0.031 45.915299 -0.296123
53657.283202 19.275 0.134 53657.284868 18.915 0.03 53657.281535 18.563 0.021 53657.282368 18.457 0.02 53657.284035 -99.99 0.081 45.915299 -0.296123
53663.464873 19.363 0.083 53663.466539 18.949 0.021 53663.463206 18.579 0.014 53663.464039 18.443 0.013 53663.465706 18.398 0.034 45.915299 -0.296123
53664.400179 19.251 0.044 53664.401845 18.932 0.015 53664.398512 18.58 0.012 53664.399345 18.433 0.012 53664.401012 18.408 0.034 45.915299 -0.296123
53665.464806 19.217 0.05 53665.466472 18.958 0.016 53665.463139 18.563 0.012 53665.463972 18.441 0.012 53665.465639 18.4 0.038 45.915299 -0.296123
53668.453424 19.283 0.051 53668.45509 18.927 0.014 53668.451757 18.571 0.012 53668.45259 18.419 0.013 53668.454257 18.384 0.043 45.915299 -0.296123
53669.359424 19.2 0.033 53669.36109 18.927 0.012 53669.357757 18.559 0.01 53669.35859 18.441 0.011 53669.360257 18.379 0.036 45.915299 -0.296123
53670.459395 19.221 0.041 53670.461061 18.963 0.013 53670.457728 18.563 0.011 53670.458561 18.455 0.012 53670.460228 18.4 0.036 45.915299 -0.296123
53671.444173 19.253 0.038 53671.445839 18.944 0.012 53671.442506 18.566 0.011 53671.443339 18.423 0.012 53671.445006 18.447 0.033 45.915299 -0.296123
53674.343661 19.27 0.033 53674.345327 18.917 0.01 53674.341994 18.579 0.01 53674.342827 18.431 0.011 53674.344494 18.38 0.034 45.915299 -0.296123
53676.433115 19.268 0.036 53676.434781 18.925 0.011 53676.431448 18.576 0.01 53676.432281 18.437 0.011 53676.433948 18.358 0.029 45.915299 -0.296123
53679.405018 19.211 0.035 53679.406684 18.936 0.011 53679.403351 18.579 0.01 53679.404184 18.43 0.012 53679.405851 18.4 0.04 45.915299 -0.296123
53681.396531 19.249 0.034 53681.398197 18.927 0.011 53681.394864 18.571 0.01 53681.395697 18.444 0.011 53681.397364 18.374 0.029 45.915299 -0.296123
53684.358029 19.339 0.058 53684.359695 18.961 0.019 53684.356362 18.653 0.025 53684.357195 18.432 0.019 53684.358862 18.418 0.078 45.915299 -0.296123
53687.299346 -99.99 0.073 53687.301012 18.884 0.026 53687.297679 18.553 0.019 53687.298512 18.417 0.018 53687.300179 18.416 0.04 45.915299 -0.296123
53694.369486 19.336 0.072 53694.371152 -99.99 0.02 53694.367819 18.549 0.014 53694.368652 18.41 0.013 53694.370319 18.396 0.036 45.915299 -0.296123
53696.362251 19.33 0.042 53696.363917 18.926 0.012 53696.360584 18.558 0.01 53696.361417 18.429 0.011 53696.363084 18.387 0.03 45.915299 -0.296123
53697.353558 19.224 0.038 53697.355224 18.928 0.012 53697.351891 18.559 0.01 53697.352724 18.426 0.011 53697.354391 18.382 0.032 45.915299 -0.296123
53700.352513 19.133 0.032 53700.354179 18.922 0.01 53700.350846 18.578 0.01 53700.351679 18.405 0.011 53700.353346 18.349 0.039 45.915299 -0.296123
53705.339184 -99.99 0.036 53705.34085 18.897 0.01 53705.337517 18.575 0.01 53705.33835 18.409 0.011 53705.340017 18.354 0.036 45.915299 -0.296123
53975.424209 19.341 0.033 53975.425875 -99.99 0.035 53975.422542 18.602 0.019 53975.423375 18.484 0.027 53975.425042 18.338 0.035 45.915299 -0.296123
53994.447193 19.327 0.039 53994.448859 19.003 0.019 53994.445526 18.63 0.024 53994.446359 18.492 0.017 53994.448026 18.429 0.03 45.915299 -0.296123
53996.430966 19.414 0.034 53996.432633 18.997 0.017 53996.429299 18.625 0.016 53996.430133 18.462 0.031 53996.431799 18.31 0.044 45.915299 -0.296123
54005.444075 19.318 0.039 54005.445742 19.03 0.018 54005.442409 18.636 0.016 54005.443242 18.491 0.023 54005.444909 18.501 0.033 45.915299 -0.296123
54009.457912 19.33 0.025 54009.459579 19.016 0.024 54009.456246 18.657 0.015 54009.457079 18.514 0.017 54009.458746 18.482 0.031 45.915299 -0.296123
54010.38504 19.333 0.027 54010.386707 19.037 0.018 54010.383374 18.622 0.016 54010.384207 18.486 0.017 54010.385874 18.456 0.026 45.915299 -0.296123
54012.377891 19.296 0.031 54012.379557 19.026 0.016 54012.376224 18.628 0.014 54012.377057 18.49 0.018 54012.378724 18.433 0.029 45.915299 -0.296123
54020.415942 19.348 0.043 54020.417608 19.045 0.02 54020.414275 18.64 0.016 54020.415108 18.497 0.016 54020.416775 18.491 0.034 45.915299 -0.296123
54024.465456 19.407 0.04 54024.467123 19.034 0.019 54024.46379 18.608 0.015 54024.464623 18.503 0.019 54024.46629 18.454 0.033 45.915299 -0.296123
54028.453735 19.37 0.033 54028.455402 19.031 0.022 54028.452068 18.607 0.015 54028.452902 18.504 0.017 54028.454568 18.511 0.043 45.915299 -0.296123
54030.409186 19.373 0.029 54030.410853 19.048 0.02 54030.407519 18.634 0.015 54030.408353 18.49 0.016 54030.410019 18.497 0.028 45.915299 -0.296123
54035.453193 19.348 0.038 54035.45486 19.071 0.02 54035.451526 18.672 0.027 54035.45236 18.508 0.019 54035.454026 18.534 0.043 45.915299 -0.296123
54037.358654 19.331 0.03 54037.360321 19.051 0.018 54037.356988 18.63 0.015 54037.357821 18.501 0.017 54037.359488 18.459 0.026 45.915299 -0.296123
54040.373136 19.335 0.028 54040.374802 19.037 0.014 54040.371469 18.644 0.014 54040.372302 18.506 0.016 54040.373969 18.498 0.03 45.915299 -0.296123
54041.408696 19.388 0.032 54041.410363 19.038 0.025 54041.407029 18.622 0.012 54041.407863 18.486 0.014 54041.409529 18.423 0.027 45.915299 -0.296123
54047.403723 19.267 0.077 54047.40539 19.071 0.032 54047.402056 18.645 0.023 54047.40289 18.563 0.02 54047.404556 18.429 0.046 45.915299 -0.296123
54049.399648 19.379 0.056 54049.401314 18.992 0.022 54049.397981 18.639 0.017 54049.398814 18.501 0.017 54049.400481 18.44 0.038 45.915299 -0.296123
54050.359787 19.3 0.05 54050.361454 19.063 0.023 54050.358121 18.653 0.019 54050.358954 18.478 0.018 54050.360621 18.456 0.043 45.915299 -0.296123
54053.37924 -99.99 0.042 54053.380907 -99.99 0.016 54053.377574 18.664 0.014 54053.378407 -99.99 0.017 54053.380074 -99.99 0.048 45.915299 -0.296123
54056.365611 19.328 0.03 54056.367277 19.026 0.02 54056.363944 18.645 0.02 54056.364777 18.489 0.026 54056.366444 18.411 0.039 45.915299 -0.296123
54059.359868 19.315 0.037 54059.361535 19.052 0.019 54059.358202 18.664 0.015 54059.359035 18.499 0.015 54059.360702 18.485 0.04 45.915299 -0.296123
54061.370955 19.436 0.059 54061.372622 19.043 0.033 54061.369288 18.65 0.026 54061.370122 18.495 0.018 54061.371788 18.354 0.05 45.915299 -0.296123
54062.364777 19.331 0.03 54062.366444 19.077 0.025 54062.363111 18.654 0.019 54062.363944 18.504 0.015 54062.365611 18.454 0.033 45.915299 -0.296123
54064.361196 19.359 0.034 54064.362863 19.039 0.02 54064.35953 18.633 0.013 54064.360363 18.516 0.016 54064.36203 18.45 0.033 45.915299 -0.296123
54068.34535 19.409 0.042 54068.347017 19.044 0.018 54068.343684 18.652 0.015 54068.344517 18.486 0.019 54068.346184 18.498 0.047 45.915299 -0.296123
54357.403064 19.409 0.028 54357.404731 19.081 0.019 54357.401398 18.709 0.018 54357.402231 18.544 0.018 54357.403898 18.535 0.03 45.915299 -0.296123
54362.452921 19.381 0.029 54362.454588 19.079 0.017 54362.451255 18.689 0.018 54362.452088 18.537 0.02 54362.453755 18.459 0.032 45.915299 -0.296123
54376.448008 19.409 0.033 54376.449675 19.125 0.019 54376.446342 18.732 0.018 54376.447175 18.604 0.02 54376.448842 18.526 0.036 45.915299 -0.296123
54382.433092 19.533 0.044 54382.434759 19.124 0.018 54382.431425 -99.99 0.03 54382.432259 18.561 0.018 54382.433925 18.52 0.042 45.915299 -0.296123
54385.450895 19.52 0.032 54385.452561 19.141 0.023 54385.449228 18.708 0.015 54385.450061 18.568 0.02 54385.451728 18.482 0.032 45.915299 -0.296123
54387.451395 19.473 0.039 54387.453062 19.122 0.019 54387.449729 18.719 0.019 54387.450562 18.561 0.019 54387.452229 18.499 0.037 45.915299 -0.296123
54390.443841 19.541 0.048 54390.445508 19.154 0.021 54390.442175 18.731 0.025 54390.443008 18.577 0.018 54390.444675 18.556 0.058 45.915299 -0.296123
54391.452276 19.485 0.054 54391.453943 19.147 0.018 54391.45061 18.736 0.025 54391.451443 18.549 0.027 54391.45311 18.588 0.061 45.915299 -0.296123
54402.444579 19.343 0.08 54402.446246 19.196 0.027 54402.442912 18.741 0.018 54402.443746 18.594 0.02 54402.445412 18.533 0.042 45.915299 -0.296123
