51075.430046 20.456 0.058 51075.431712 20.324 0.021 51075.428379 20.116 0.024 51075.429212 19.928 0.031 51075.430879 19.528 0.114 47.000263 0.266291
51818.399678 20.461 0.061 51818.401344 20.24 0.02 51818.398011 20.12 0.023 51818.398844 19.937 0.027 51818.400511 19.659 0.097 47.000263 0.266291
52171.387835 20.566 0.066 52171.389501 20.26 0.019 52171.386168 20.079 0.021 52171.387001 19.935 0.025 52171.388668 19.629 0.079 47.000263 0.266291
52173.364071 20.413 0.071 52173.365737 20.25 0.021 52173.362404 20.067 0.026 52173.363237 19.864 0.033 52173.364904 19.726 0.135 47.000263 0.266291
52224.344206 20.441 0.058 52224.345872 20.231 0.019 52224.342539 20.073 0.021 52224.343372 19.845 0.024 52224.345039 19.702 0.086 47.000263 0.266291
52234.300714 20.416 0.073 52234.30238 20.245 0.022 52234.299047 20.089 0.026 52234.29988 19.908 0.028 52234.301547 19.61 0.084 47.000263 0.266291
52261.264068 20.414 0.062 52261.265734 20.233 0.019 52261.262401 20.027 0.02 52261.263234 19.886 0.025 52261.264901 19.72 0.086 47.000263 0.266291
52283.131443 20.358 0.078 52283.133109 20.149 0.022 52283.129776 20.043 0.032 52283.130609 19.97 0.047 52283.132276 -99.99 0.174 47.000263 0.266291
52287.144565 20.242 0.055 52287.146231 20.165 0.018 52287.142898 20.024 0.023 52287.143731 19.821 0.026 52287.145398 19.532 0.085 47.000263 0.266291
52552.463259 20.289 0.055 52552.464925 19.907 0.015 52552.461592 19.845 0.018 52552.462425 19.704 0.022 52552.464092 19.463 0.079 47.000263 0.266291
52557.437616 20.284 0.057 52557.439282 19.922 0.015 52557.435949 19.85 0.02 52557.436782 19.751 0.027 52557.438449 19.588 0.097 47.000263 0.266291
52585.338947 20.224 0.046 52585.340613 19.833 0.014 52585.33728 19.814 0.017 52585.338113 19.674 0.021 52585.33978 19.49 0.07 47.000263 0.266291
52908.412185 20.131 0.053 52908.413851 19.93 0.016 52908.410518 19.841 0.019 52908.411351 19.705 0.023 52908.413018 19.596 0.094 47.000263 0.266291
52912.391624 20.172 0.054 52912.39329 19.933 0.016 52912.389957 19.865 0.02 52912.39079 19.709 0.022 52912.392457 19.501 0.079 47.000263 0.266291
52934.344092 20.208 0.054 52934.345758 19.934 0.016 52934.342425 19.888 0.02 52934.343258 19.776 0.025 52934.344925 19.623 0.094 47.000263 0.266291
52936.340018 20.211 0.05 52936.341684 19.995 0.016 52936.338351 19.881 0.019 52936.339184 19.71 0.022 52936.340851 19.471 0.076 47.000263 0.266291
53270.404081 20.192 0.041 53270.405748 19.948 0.021 53270.402415 19.854 0.019 53270.403248 19.698 0.02 53270.404915 19.437 0.059 47.000263 0.266291
53272.454015 20.318 0.065 53272.455681 19.964 0.017 53272.452348 19.857 0.019 53272.453181 19.811 0.027 53272.454848 19.581 0.096 47.000263 0.266291
53286.422734 20.124 0.059 53286.4244 19.901 0.017 53286.421067 19.81 0.021 53286.4219 19.661 0.026 53286.423567 19.526 0.081 47.000263 0.266291
53288.381229 20.131 0.054 53288.382895 19.873 0.015 53288.379562 19.786 0.018 53288.380395 19.651 0.023 53288.382062 19.464 0.077 47.000263 0.266291
53294.428899 20.083 0.054 53294.430565 19.85 0.016 53294.427232 19.707 0.037 53294.428065 19.524 0.026 53294.429732 19.396 0.081 47.000263 0.266291
53296.375945 20.252 0.062 53296.377612 19.918 0.027 53296.374278 19.769 0.026 53296.375112 19.723 0.031 53296.376778 19.437 0.099 47.000263 0.266291
53298.425676 20.168 0.056 53298.427342 19.896 0.015 53298.424009 19.768 0.02 53298.424842 19.713 0.028 53298.426509 19.526 0.097 47.000263 0.266291
53302.376897 20.199 0.072 53302.378563 19.933 0.025 53302.37523 19.771 0.022 53302.376063 19.699 0.025 53302.37773 19.505 0.087 47.000263 0.266291
53312.33248 20.049 0.065 53312.334147 19.828 0.022 53312.330813 19.744 0.024 53312.331647 19.63 0.028 53312.333313 19.515 0.093 47.000263 0.266291
53314.333628 20.067 0.061 53314.335294 19.88 0.019 53314.331961 19.789 0.022 53314.332794 19.693 0.027 53314.334461 19.536 0.091 47.000263 0.266291
53319.321425 19.995 0.056 53319.323091 19.825 0.019 53319.319758 19.75 0.023 53319.320591 19.637 0.027 53319.322258 19.354 0.085 47.000263 0.266291
53616.43798 20.004 0.049 53616.439646 19.742 0.014 53616.436313 19.665 0.017 53616.437146 19.573 0.021 53616.438813 19.416 0.077 47.000263 0.266291
53626.414408 19.791 0.144 53626.416074 -99.99 0.02 53626.412741 -99.99 0.029 53626.413574 -99.99 0.094 53626.415241 19.327 0.084 47.000263 0.266291
53628.399273 19.953 0.055 53628.400939 19.788 0.019 53628.397606 19.682 0.023 53628.398439 19.605 0.027 53628.400106 19.535 0.109 47.000263 0.266291
53639.446268 20.003 0.052 53639.447934 19.711 0.016 53639.444601 19.653 0.018 53639.445434 19.561 0.02 53639.447101 19.37 0.066 47.000263 0.266291
53641.445434 19.893 0.057 53641.4471 19.725 0.017 53641.443767 19.631 0.018 53641.4446 19.55 0.022 53641.446267 19.449 0.088 47.000263 0.266291
53657.404318 -99.99 0.076 53657.405984 19.618 0.025 53657.402651 19.508 0.029 53657.403484 19.352 0.032 53657.405151 19.223 0.117 47.000263 0.266291
53663.388866 20.023 0.108 53663.390532 19.695 0.033 53663.387199 19.611 0.027 53663.388032 19.583 0.027 53663.389699 19.505 0.091 47.000263 0.266291
53665.366839 19.918 0.07 53665.368505 19.726 0.021 53665.365172 19.642 0.029 53665.366005 19.482 0.033 53665.367672 19.49 0.079 47.000263 0.266291
53666.45895 19.851 0.075 53666.460616 19.761 0.023 53666.457283 19.649 0.022 53666.458116 19.535 0.023 53666.459783 19.437 0.078 47.000263 0.266291
53668.378468 19.929 0.074 53668.380134 19.707 0.021 53668.376801 19.653 0.023 53668.377634 19.573 0.028 53668.379301 19.563 0.108 47.000263 0.266291
53669.466076 19.956 0.083 53669.467742 19.733 0.022 53669.464409 19.653 0.024 53669.465242 19.576 0.027 53669.466909 19.415 0.092 47.000263 0.266291
53670.383319 19.97 0.098 53670.384985 19.697 0.03 53670.381652 19.664 0.025 53670.382485 19.552 0.032 53670.384152 19.555 0.191 47.000263 0.266291
53673.351308 19.894 0.044 53673.352974 19.723 0.013 53673.349641 19.619 0.016 53673.350474 19.562 0.019 53673.352141 19.41 0.059 47.000263 0.266291
53675.348196 20.032 0.051 53675.349862 19.697 0.014 53675.346529 19.619 0.019 53675.347362 19.534 0.022 53675.349029 19.366 0.08 47.000263 0.266291
53680.355892 20.075 0.053 53680.357558 19.74 0.014 53680.354225 19.662 0.017 53680.355058 19.592 0.021 53680.356725 19.398 0.073 47.000263 0.266291
53683.414442 20.052 0.15 53683.416108 19.687 0.026 53683.412775 19.525 0.051 53683.413608 19.479 0.071 53683.415275 19.712 0.29 47.000263 0.266291
53686.355323 19.989 0.1 53686.356989 19.695 0.033 53686.353656 19.61 0.03 53686.354489 19.606 0.033 53686.356156 19.441 0.097 47.000263 0.266291
53687.412706 20.012 0.162 53687.414372 19.602 0.06 53687.411039 19.553 0.043 53687.411872 19.655 0.045 53687.413539 19.481 0.132 47.000263 0.266291
53693.357782 19.977 0.14 53693.359448 19.799 0.042 53693.356115 19.668 0.034 53693.356948 19.521 0.033 53693.358615 19.501 0.105 47.000263 0.266291
53699.378618 19.993 0.069 53699.380284 19.77 0.018 53699.376951 19.645 0.019 53699.377784 19.567 0.022 53699.379451 19.462 0.08 47.000263 0.266291
53704.341103 20.137 0.066 53704.342769 19.729 0.017 53704.339436 19.682 0.021 53704.340269 19.605 0.025 53704.341936 19.423 0.099 47.000263 0.266291
53989.437176 20.278 0.092 53989.438842 19.883 0.03 53989.435509 19.696 0.025 53989.436342 19.602 0.026 53989.438009 19.526 0.066 47.000263 0.266291
53997.460724 20.076 0.041 53997.462391 19.884 0.015 53997.459057 19.727 0.018 53997.459891 19.644 0.021 53997.461557 19.342 0.047 47.000263 0.266291
54000.412624 20.14 0.054 54000.41429 19.88 0.028 54000.410957 19.727 0.023 54000.41179 19.613 0.027 54000.413457 19.516 0.089 47.000263 0.266291
54007.462715 20.175 0.053 54007.464382 19.87 0.018 54007.461048 19.741 0.021 54007.461882 19.618 0.023 54007.463548 19.431 0.069 47.000263 0.266291
54009.386545 20.15 0.042 54009.388212 19.823 0.023 54009.384878 19.756 0.021 54009.385712 19.608 0.022 54009.387378 19.493 0.058 47.000263 0.266291
54011.451004 20.169 0.043 54011.452671 19.883 0.018 54011.449337 19.764 0.016 54011.450171 19.622 0.017 54011.451837 19.49 0.054 47.000263 0.266291
54012.463867 20.161 0.06 54012.465534 19.872 0.023 54012.462201 19.784 0.024 54012.463034 19.639 0.027 54012.464701 19.428 0.082 47.000263 0.266291
54019.446014 20.246 0.103 54019.447681 19.857 0.029 54019.444348 19.749 0.029 54019.445181 19.664 0.032 54019.446848 19.563 0.101 47.000263 0.266291
54025.450003 20.119 0.063 54025.451669 19.883 0.026 54025.448336 19.711 0.022 54025.449169 19.608 0.024 54025.450836 19.473 0.075 47.000263 0.266291
54346.443782 20.188 0.085 54346.445449 19.78 0.026 54346.442115 19.642 0.024 54346.442949 19.615 0.024 54346.444615 19.384 0.065 47.000263 0.266291
54348.447733 19.897 0.054 54348.449399 19.795 0.022 54348.446066 19.687 0.02 54348.446899 19.6 0.022 54348.448566 19.444 0.072 47.000263 0.266291
54358.403572 20.004 0.051 54358.405238 19.747 0.021 54358.401905 19.687 0.02 54358.402738 19.6 0.032 54358.404405 19.429 0.087 47.000263 0.266291
54365.43667 20.08 0.042 54365.438337 19.774 0.024 54365.435003 19.662 0.02 54365.435837 19.561 0.021 54365.437503 19.375 0.056 47.000263 0.266291
54381.456233 19.965 0.045 54381.4579 19.773 0.019 54381.454567 19.631 0.021 54381.4554 19.551 0.029 54381.457067 19.433 0.062 47.000263 0.266291
54386.448528 20.074 0.064 54386.450195 -99.99 0.024 54386.446861 19.647 0.02 54386.447695 19.528 0.02 54386.449361 19.432 0.094 47.000263 0.266291
54388.452786 19.966 0.046 54388.454453 19.723 0.014 54388.451119 19.635 0.017 54388.451953 19.542 0.019 54388.453619 19.293 0.056 47.000263 0.266291
54392.45036 19.936 0.066 54392.452027 19.711 0.026 54392.448693 -99.99 0.021 54392.449527 19.527 0.026 54392.451193 19.428 0.084 47.000263 0.266291
54403.366646 19.97 0.087 54403.368312 19.719 0.029 54403.364979 19.568 0.032 54403.365812 19.458 0.033 54403.367479 19.419 0.08 47.000263 0.266291
54406.360416 -99.99 0.042 54406.362083 19.73 0.023 54406.35875 19.617 0.022 54406.359583 19.529 0.02 54406.36125 19.394 0.054 47.000263 0.266291
54409.365271 19.973 0.04 54409.366937 19.726 0.024 54409.363604 19.603 0.016 54409.364437 19.564 0.021 54409.366104 19.44 0.057 47.000263 0.266291
54412.386207 19.838 0.077 54412.387873 19.715 0.021 54412.38454 19.631 0.027 54412.385373 19.487 0.033 54412.38704 19.378 0.093 47.000263 0.266291
