51075.434801 22.348 0.267 51075.436467 20.117 0.02 51075.433134 19.516 0.016 51075.433967 19.139 0.018 51075.435634 19.018 0.072 48.71694 0.229552
51818.40445 23.599 0.787 51818.406116 20.145 0.02 51818.402783 19.545 0.016 51818.403616 19.194 0.017 51818.405283 18.99 0.058 48.71694 0.229552
52171.392579 22.616 0.35 52171.394245 20.134 0.018 52171.390912 19.528 0.016 52171.391745 19.114 0.015 52171.393412 18.992 0.049 48.71694 0.229552
52173.368898 22.745 0.468 52173.370564 20.101 0.019 52173.367231 19.505 0.017 52173.368064 19.12 0.018 52173.369731 18.934 0.064 48.71694 0.229552
52224.349002 22.778 0.355 52224.350668 20.152 0.018 52224.347335 19.498 0.015 52224.348168 19.132 0.015 52224.349835 19.086 0.051 48.71694 0.229552
52234.305468 22.443 0.381 52234.307134 20.102 0.019 52234.303801 19.528 0.017 52234.304634 19.168 0.017 52234.306301 18.972 0.054 48.71694 0.229552
52261.268823 23.894 0.953 52261.270489 20.168 0.019 52261.267156 19.486 0.015 52261.267989 19.122 0.014 52261.269656 18.961 0.046 48.71694 0.229552
52283.136198 23.223 0.904 52283.137864 20.149 0.023 52283.134531 19.54 0.02 52283.135364 19.141 0.021 52283.137031 18.932 0.074 48.71694 0.229552
52287.14932 23.013 0.471 52287.150986 20.156 0.018 52287.147653 19.534 0.016 52287.148486 19.142 0.015 52287.150153 18.968 0.047 48.71694 0.229552
52552.468012 22.411 0.284 52552.469678 20.146 0.018 52552.466345 19.5 0.015 52552.467178 19.157 0.016 52552.468845 18.98 0.053 48.71694 0.229552
52557.44237 22.9 0.439 52557.444036 20.13 0.017 52557.440703 19.5 0.015 52557.441536 19.136 0.016 52557.443203 18.988 0.057 48.71694 0.229552
52585.343701 -99.99 0.452 52585.345367 20.114 0.016 52585.342034 19.487 0.014 52585.342867 19.104 0.015 52585.344534 18.925 0.046 48.71694 0.229552
52908.416939 22.534 0.366 52908.418605 20.134 0.017 52908.415272 19.468 0.015 52908.416105 19.009 0.014 52908.417772 18.888 0.056 48.71694 0.229552
52912.396379 22.442 0.3 52912.398045 20.118 0.018 52912.394712 19.463 0.014 52912.395545 19.111 0.015 52912.397212 18.876 0.046 48.71694 0.229552
52934.348846 22.587 0.353 52934.350512 20.178 0.018 52934.347179 19.476 0.016 52934.348012 19.099 0.016 52934.349679 18.915 0.054 48.71694 0.229552
52936.344772 23.289 0.552 52936.346438 20.118 0.018 52936.343105 19.461 0.015 52936.343938 19.087 0.015 52936.345605 18.826 0.045 48.71694 0.229552
53270.408849 23.848 0.811 53270.410516 20.125 0.019 53270.407182 19.49 0.019 53270.408016 19.3 0.021 53270.409682 18.923 0.039 48.71694 0.229552
53272.458769 24.151 1.102 53272.460435 20.123 0.018 53272.457102 19.49 0.016 53272.457935 19.096 0.015 53272.459602 18.981 0.052 48.71694 0.229552
53286.427488 23.005 0.626 53286.429154 20.144 0.02 53286.425821 19.483 0.016 53286.426654 19.119 0.016 53286.428321 18.946 0.049 48.71694 0.229552
53288.385983 22.56 0.336 53288.387649 20.151 0.018 53288.384316 19.478 0.014 53288.385149 19.116 0.015 53288.386816 18.897 0.046 48.71694 0.229552
53294.433654 22.439 0.37 53294.43532 20.195 0.027 53294.431987 19.45 0.015 53294.43282 19.109 0.016 53294.434487 18.888 0.064 48.71694 0.229552
53296.380686 22.908 0.552 53296.382352 20.133 0.023 53296.379019 19.518 0.021 53296.379852 19.156 0.025 53296.381519 18.923 0.057 48.71694 0.229552
53298.43043 23.08 0.515 53298.432096 20.115 0.018 53298.428763 19.49 0.017 53298.429596 19.035 0.017 53298.431263 18.872 0.053 48.71694 0.229552
53302.381651 22.755 0.514 53302.383317 20.118 0.027 53302.379984 19.503 0.02 53302.380817 19.115 0.016 53302.382484 19.036 0.051 48.71694 0.229552
53312.337188 22.882 0.806 53312.338854 20.095 0.026 53312.335521 19.528 0.023 53312.336354 19.119 0.02 53312.338021 18.853 0.052 48.71694 0.229552
53314.338383 22.784 0.609 53314.340049 20.136 0.024 53314.336716 19.518 0.018 53314.337549 19.112 0.017 53314.339216 18.942 0.056 48.71694 0.229552
53319.326179 23.255 0.907 53319.327845 20.142 0.022 53319.324512 19.48 0.019 53319.325345 19.111 0.018 53319.327012 18.865 0.06 48.71694 0.229552
53616.442733 22.507 0.43 53616.444399 20.166 0.022 53616.441066 19.515 0.016 53616.441899 19.086 0.016 53616.443566 18.875 0.058 48.71694 0.229552
53626.419163 -99.99 0.639 53626.420829 20.114 0.022 53626.417496 19.528 0.019 53626.418329 19.153 0.019 53626.419996 19.004 0.054 48.71694 0.229552
53628.404027 22.674 0.512 53628.405693 20.207 0.025 53628.40236 19.537 0.02 53628.403193 19.154 0.019 53628.40486 19.045 0.072 48.71694 0.229552
53639.451022 22.615 0.525 53639.452688 20.138 0.023 53639.449355 19.529 0.016 53639.450188 19.084 0.015 53639.451855 18.939 0.048 48.71694 0.229552
53641.450188 23.311 0.936 53641.451854 20.179 0.026 53641.448521 19.549 0.019 53641.449354 19.131 0.018 53641.451021 18.859 0.063 48.71694 0.229552
53657.409072 25.352 1.707 53657.410738 20.144 0.03 53657.407405 19.493 0.024 53657.408238 19.159 0.036 53657.409905 18.938 0.077 48.71694 0.229552
53663.393621 21.811 0.575 53663.395287 20.143 0.044 53663.391954 -99.99 0.029 53663.392787 19.152 0.021 53663.394454 19.059 0.062 48.71694 0.229552
53665.371594 24.423 1.994 53665.37326 20.15 0.03 53665.369927 19.548 0.02 53665.37076 19.141 0.017 53665.372427 18.96 0.05 48.71694 0.229552
53666.463703 22.516 0.737 53666.465369 20.178 0.031 53666.462036 19.534 0.019 53666.462869 19.138 0.017 53666.464536 19.056 0.055 48.71694 0.229552
53668.383222 22.896 1.011 53668.384888 20.178 0.029 53668.381555 19.54 0.022 53668.382388 19.155 0.02 53668.384055 19.039 0.074 48.71694 0.229552
53669.47083 24.625 2.624 53669.472496 20.147 0.033 53669.469163 19.513 0.022 53669.469996 19.148 0.021 53669.471663 19.021 0.076 48.71694 0.229552
53670.388074 22.281 0.55 53670.38974 20.102 0.029 53670.386407 19.541 0.026 53670.38724 19.15 0.02 53670.388907 18.974 0.08 48.71694 0.229552
53673.356061 23.273 0.551 53673.357727 20.141 0.017 53673.354394 19.517 0.015 53673.355227 19.414 0.017 53673.356894 18.951 0.043 48.71694 0.229552
53675.352949 23.702 0.932 53675.354615 20.14 0.019 53675.351282 19.487 0.017 53675.352115 19.122 0.016 53675.353782 19.055 0.063 48.71694 0.229552
53680.360646 23.339 0.695 53680.362312 20.143 0.018 53680.358979 19.503 0.016 53680.359812 19.156 0.016 53680.361479 18.952 0.046 48.71694 0.229552
53683.419195 24.073 1.219 53683.420861 20.186 0.038 53683.417528 19.473 0.032 53683.418361 19.135 0.034 53683.420028 18.955 0.145 48.71694 0.229552
53686.360078 24.008 2.64 53686.361744 20.134 0.04 53686.358411 19.494 0.026 53686.359244 19.105 0.02 53686.360911 18.994 0.057 48.71694 0.229552
53687.417459 -99.99 2.996 53687.419125 -99.99 0.118 53687.415792 19.438 0.057 53687.416625 19.137 0.05 53687.418292 18.839 0.136 48.71694 0.229552
53693.362536 -99.99 0.712 53693.364202 20.204 0.067 53693.360869 19.542 0.033 53693.361702 19.172 0.026 53693.363369 18.893 0.062 48.71694 0.229552
53699.383372 22.715 0.626 53699.385038 20.234 0.026 53699.381705 19.533 0.018 53699.382538 19.125 0.015 53699.384205 19.01 0.055 48.71694 0.229552
53704.345857 22.185 0.392 53704.347523 20.149 0.023 53704.34419 19.513 0.022 53704.345023 19.136 0.019 53704.34669 18.945 0.065 48.71694 0.229552
53989.441933 23.706 2.138 53989.4436 20.22 0.043 53989.440266 19.556 0.027 53989.4411 19.179 0.02 53989.442766 19.006 0.045 48.71694 0.229552
53997.465464 22.92 0.402 53997.46713 20.139 0.022 53997.463797 19.552 0.017 53997.46463 19.177 0.019 53997.466297 18.962 0.039 48.71694 0.229552
54000.41739 25.477 6.86 54000.419057 20.16 0.027 54000.415723 19.543 0.02 54000.416557 19.176 0.019 54000.418223 19.069 0.068 48.71694 0.229552
54007.467504 22.79 0.427 54007.46917 20.199 0.02 54007.465837 19.531 0.023 54007.46667 19.164 0.018 54007.468337 19.098 0.049 48.71694 0.229552
54009.391256 23.854 0.857 54009.392923 20.148 0.017 54009.38959 19.565 0.017 54009.390423 19.172 0.016 54009.39209 19.025 0.038 48.71694 0.229552
54011.455771 23.747 0.756 54011.457437 20.164 0.021 54011.454104 19.536 0.014 54011.454937 19.022 0.017 54011.456604 19.002 0.036 48.71694 0.229552
54012.468541 25.666 7.593 54012.470207 20.192 0.029 54012.466874 19.57 0.027 54012.467707 19.184 0.019 54012.469374 18.972 0.055 48.71694 0.229552
54019.450884 22.412 0.982 54019.452551 -99.99 0.035 54019.449218 19.581 0.024 54019.450051 19.161 0.023 54019.451718 19.071 0.061 48.71694 0.229552
54025.454771 23.165 0.845 54025.456438 20.19 0.023 54025.453104 19.534 0.023 54025.453938 19.163 0.021 54025.455604 18.943 0.052 48.71694 0.229552
54346.448606 22.498 0.695 54346.450273 20.141 0.036 54346.44694 19.507 0.026 54346.447773 19.138 0.02 54346.44944 19.065 0.052 48.71694 0.229552
54348.45252 25.374 6.64 54348.454187 20.123 0.023 54348.450853 19.503 0.018 54348.451687 19.16 0.022 54348.453353 19.044 0.052 48.71694 0.229552
54358.408366 23.867 1.377 54358.410032 20.143 0.024 54358.406699 19.518 0.022 54358.407532 19.146 0.019 54358.409199 19.052 0.056 48.71694 0.229552
54365.441414 23.58 0.7 54365.443081 20.154 0.023 54365.439747 19.496 0.021 54365.440581 19.134 0.023 54365.442247 19.033 0.048 48.71694 0.229552
54381.460996 23.685 1.094 54381.462663 20.15 0.025 54381.45933 19.485 0.018 54381.460163 19.171 0.021 54381.46183 18.868 0.043 48.71694 0.229552
54386.453267 23.686 0.969 54386.454934 20.124 0.02 54386.451601 19.564 0.018 54386.452434 19.128 0.017 54386.454101 19.022 0.043 48.71694 0.229552
54388.457548 -99.99 0.673 54388.459215 20.151 0.024 54388.455881 19.475 0.018 54388.456715 19.162 0.019 54388.458381 19.022 0.048 48.71694 0.229552
54392.455122 22.862 0.502 54392.456788 20.179 0.027 54392.453455 19.511 0.023 54392.454288 19.158 0.021 54392.455955 19.052 0.055 48.71694 0.229552
54403.371319 22.522 1.154 54403.372986 20.156 0.058 54403.369652 19.57 0.026 54403.370486 19.146 0.032 54403.372152 18.78 0.086 48.71694 0.229552
54404.429056 -99.99 1.986 54404.430722 -99.99 0.813 54404.427389 19.514 0.02 54404.428222 -99.99 0.032 54404.429889 -99.99 0.227 48.71694 0.229552
54406.365157 22.65 0.422 54406.366824 20.142 0.025 54406.363491 19.534 0.017 54406.364324 19.197 0.017 54406.365991 18.942 0.036 48.71694 0.229552
54409.370011 23.584 0.771 54409.371678 20.174 0.021 54409.368345 19.524 0.021 54409.369178 19.178 0.02 54409.370845 19.017 0.042 48.71694 0.229552
54412.390973 99.997 99.999 54412.39264 20.167 0.026 54412.389306 19.532 0.027 54412.39014 19.132 0.028 54412.391806 18.932 0.066 48.71694 0.229552
