51075.28245 19.192 0.026 51075.284116 19.133 0.011 51075.280783 19.051 0.014 51075.281616 18.966 0.02 51075.283283 18.935 0.063 -6.284393 0.72756
52196.28301 19.667 0.036 52196.284676 19.528 0.014 52196.281343 19.297 0.014 52196.282176 19.167 0.018 52196.283843 19.227 0.056 -6.284393 0.72756
52197.296119 19.626 0.035 52197.297785 19.504 0.012 52197.294452 19.296 0.014 52197.295285 19.19 0.018 52197.296952 19.262 0.052 -6.284393 0.72756
52225.146258 19.788 0.033 52225.147924 19.559 0.013 52225.144591 19.329 0.014 52225.145424 19.209 0.017 52225.147091 19.23 0.051 -6.284393 0.72756
52231.18204 19.774 0.038 52231.183706 19.581 0.013 52231.180373 19.316 0.013 52231.181206 19.197 0.017 52231.182873 19.276 0.049 -6.284393 0.72756
52253.168213 19.803 0.054 52253.169879 19.624 0.019 52253.166546 19.353 0.018 52253.167379 19.223 0.022 52253.169046 19.383 0.077 -6.284393 0.72756
52557.290045 19.681 0.037 52557.291711 19.525 0.014 52557.288378 19.281 0.014 52557.289211 19.207 0.019 52557.290878 19.337 0.061 -6.284393 0.72756
52578.186126 19.752 0.034 52578.187792 19.575 0.013 52578.184459 19.307 0.013 52578.185292 19.228 0.019 52578.186959 19.362 0.06 -6.284393 0.72756
52908.26461 19.443 0.031 52908.266276 19.342 0.012 52908.262943 19.221 0.013 52908.263776 19.155 0.018 52908.265443 19.289 0.063 -6.284393 0.72756
52911.278395 19.478 0.033 52911.280061 19.39 0.013 52911.276728 19.184 0.013 52911.277561 19.16 0.019 52911.279228 19.199 0.057 -6.284393 0.72756
52930.155768 19.518 0.033 52930.157434 19.396 0.013 52930.154101 19.215 0.012 52930.154934 19.158 0.017 52930.156601 19.268 0.061 -6.284393 0.72756
52934.19651 19.443 0.033 52934.198176 19.387 0.012 52934.194843 19.214 0.014 52934.195676 19.123 0.019 52934.197343 19.198 0.055 -6.284393 0.72756
52936.192436 19.465 0.029 52936.194102 19.378 0.012 52936.190769 19.201 0.012 52936.191602 19.155 0.016 52936.193269 19.206 0.049 -6.284393 0.72756
52962.117958 19.44 0.032 52962.119624 19.374 0.012 52962.116291 19.195 0.013 52962.117124 19.088 0.018 52962.118791 19.184 0.055 -6.284393 0.72756
53270.256493 19.334 0.027 53270.25816 19.28 0.018 53270.254826 19.123 0.017 53270.25566 19.067 0.019 53270.257326 19.18 0.046 -6.284393 0.72756
53272.306442 19.341 0.041 53272.308108 19.266 0.02 53272.304775 19.117 0.015 53272.305608 19.065 0.02 53272.307275 19.153 0.052 -6.284393 0.72756
53286.275161 19.359 0.035 53286.276827 19.257 0.015 53286.273494 19.11 0.015 53286.274327 19.059 0.02 53286.275994 19.177 0.062 -6.284393 0.72756
53288.233651 19.386 0.029 53288.235317 19.297 0.011 53288.231984 19.148 0.012 53288.232817 19.063 0.015 53288.234484 19.099 0.04 -6.284393 0.72756
53294.260972 19.499 0.034 53294.262639 19.302 0.021 53294.259305 19.129 0.019 53294.260139 19.061 0.024 53294.261805 19.14 0.054 -6.284393 0.72756
53302.229317 19.54 0.058 53302.230983 19.372 0.025 53302.22765 19.135 0.021 53302.228483 19.1 0.024 53302.23015 19.207 0.06 -6.284393 0.72756
53312.184859 19.499 0.031 53312.186525 19.366 0.022 53312.183192 19.153 0.016 53312.184025 19.113 0.028 53312.185692 19.159 0.064 -6.284393 0.72756
53314.186046 19.523 0.033 53314.187712 19.352 0.012 53314.184379 19.177 0.014 53314.185212 19.137 0.02 53314.186879 19.234 0.065 -6.284393 0.72756
53616.290412 19.546 0.041 53616.292078 19.453 0.015 53616.288745 19.242 0.016 53616.289578 19.122 0.022 53616.291245 19.202 0.071 -6.284393 0.72756
53623.280624 19.631 0.038 53623.28229 19.463 0.018 53623.278957 19.207 0.013 53623.27979 19.147 0.017 53623.281457 -99.99 0.061 -6.284393 0.72756
53626.266836 19.596 0.04 53626.268502 19.46 0.017 53626.265169 19.225 0.016 53626.266002 19.124 0.019 53626.267669 19.217 0.055 -6.284393 0.72756
53628.251701 19.552 0.069 53628.253367 19.477 0.028 53628.250034 19.215 0.022 53628.250867 19.123 0.024 53628.252534 19.135 0.064 -6.284393 0.72756
53637.253317 19.639 0.054 53637.254983 19.427 0.02 53637.25165 19.244 0.021 53637.252483 19.123 0.026 53637.25415 -99.99 0.089 -6.284393 0.72756
53639.298693 19.607 0.035 53639.300359 19.457 0.014 53639.297026 19.215 0.013 53639.297859 19.15 0.017 53639.299526 19.165 0.048 -6.284393 0.72756
53644.245798 19.593 0.03 53644.247465 19.463 0.02 53644.244131 19.231 0.02 53644.244965 19.181 0.025 53644.246631 19.165 0.04 -6.284393 0.72756
53654.280386 19.552 0.033 53654.282052 19.413 0.013 53654.278719 19.21 0.013 53654.279552 19.09 0.017 53654.281219 19.149 0.05 -6.284393 0.72756
53656.22798 19.408 0.078 53656.229646 19.456 0.03 53656.226313 19.211 0.029 53656.227146 19.18 0.037 53656.228813 19.246 0.079 -6.284393 0.72756
53663.241288 19.428 0.046 53663.242954 19.424 0.02 53663.239621 19.174 0.015 53663.240454 19.139 0.019 53663.242121 19.219 0.048 -6.284393 0.72756
53668.230889 19.528 0.042 53668.232555 19.406 0.015 53668.229222 19.222 0.017 53668.230055 19.16 0.026 53668.231722 19.219 0.084 -6.284393 0.72756
53670.235742 19.573 0.032 53670.237408 19.418 0.012 53670.234075 19.217 0.014 53670.234908 19.119 0.017 53670.236575 19.152 0.049 -6.284393 0.72756
53673.203726 19.602 0.033 53673.205392 19.406 0.013 53673.202059 19.198 0.014 53673.202892 19.115 0.018 53673.204559 19.227 0.054 -6.284393 0.72756
53675.200614 19.59 0.04 53675.20228 19.394 0.013 53675.198947 19.213 0.017 53675.19978 19.154 0.024 53675.201447 19.158 0.064 -6.284393 0.72756
53677.221645 19.579 0.031 53677.223311 19.394 0.012 53677.219978 19.217 0.013 53677.220811 19.102 0.016 53677.222478 19.142 0.039 -6.284393 0.72756
53680.208311 19.549 0.032 53680.209977 19.417 0.013 53680.206644 19.206 0.013 53680.207477 19.143 0.018 53680.209144 19.145 0.043 -6.284393 0.72756
53693.21021 19.613 0.07 53693.211876 19.425 0.026 53693.208543 19.216 0.019 53693.209376 19.135 0.02 53693.211043 19.148 0.055 -6.284393 0.72756
53704.193534 19.539 0.035 53704.1952 19.404 0.012 53704.191867 19.204 0.013 53704.1927 19.123 0.018 53704.194367 19.206 0.055 -6.284393 0.72756
53974.28619 19.535 0.033 53974.287857 19.437 0.017 53974.284523 19.222 0.018 53974.285357 19.161 0.018 53974.287023 19.173 0.042 -6.284393 0.72756
53989.289578 19.517 0.055 53989.291245 19.445 0.023 53989.287912 19.248 0.023 53989.288745 19.178 0.026 53989.290412 19.206 0.051 -6.284393 0.72756
53997.385225 19.557 0.038 53997.386892 -99.99 0.022 53997.383559 -99.99 0.025 53997.384392 19.156 0.027 53997.386059 -99.99 0.079 -6.284393 0.72756
54000.264996 19.642 0.048 54000.266663 19.453 0.025 54000.26333 19.263 0.021 54000.264163 19.16 0.026 54000.26583 19.269 0.061 -6.284393 0.72756
54007.315168 19.572 0.034 54007.316835 19.444 0.019 54007.313501 19.263 0.024 54007.314335 19.195 0.026 54007.316001 19.215 0.05 -6.284393 0.72756
54009.238929 19.593 0.037 54009.240596 19.462 0.017 54009.237262 19.209 0.018 54009.238096 19.181 0.021 54009.239762 19.177 0.051 -6.284393 0.72756
54011.303435 19.568 0.039 54011.305102 19.484 0.025 54011.301769 19.23 0.02 54011.302602 19.162 0.02 54011.304269 19.327 0.048 -6.284393 0.72756
54019.253631 -99.99 0.061 54019.255298 19.496 0.021 54019.251964 19.278 0.02 54019.252798 19.161 0.022 54019.254464 19.341 0.055 -6.284393 0.72756
54025.302434 19.686 0.043 54025.3041 19.512 0.019 54025.300767 19.253 0.021 54025.3016 19.181 0.025 54025.303267 19.312 0.071 -6.284393 0.72756
54029.23278 19.7 0.034 54029.234446 19.469 0.021 54029.231113 19.243 0.016 54029.231946 19.181 0.02 54029.233613 19.35 0.061 -6.284393 0.72756
54348.300199 19.381 0.03 54348.301866 19.232 0.017 54348.298533 19.078 0.022 54348.299366 19.033 0.022 54348.301033 19.074 0.047 -6.284393 0.72756
54358.255992 19.45 0.04 54358.257659 19.263 0.019 54358.254326 19.125 0.016 54358.255159 19.055 0.022 54358.256826 19.082 0.056 -6.284393 0.72756
54365.289063 19.321 0.045 54365.29073 19.273 0.023 54365.287396 19.125 0.038 54365.28823 19.009 0.025 54365.289896 19.208 0.071 -6.284393 0.72756
54373.363249 19.476 0.085 54373.364916 19.209 0.026 54373.361582 19.113 0.029 54373.362416 19.008 0.054 54373.364082 19.026 0.051 -6.284393 0.72756
54381.308632 19.339 0.029 54381.310299 19.25 0.015 54381.306966 19.079 0.017 54381.307799 19.005 0.021 54381.309466 19.078 0.043 -6.284393 0.72756
54386.300947 19.365 0.029 54386.302614 19.254 0.02 54386.29928 19.105 0.017 54386.300114 19.029 0.02 54386.30178 19.088 0.046 -6.284393 0.72756
54388.305203 19.32 0.036 54388.30687 19.267 0.02 54388.303536 19.096 0.014 54388.30437 19.026 0.017 54388.306036 19.135 0.047 -6.284393 0.72756
54403.219005 19.384 0.042 54403.220672 19.244 0.021 54403.217338 19.073 0.018 54403.218172 18.98 0.023 54403.219838 19.089 0.053 -6.284393 0.72756
54404.276593 19.265 0.039 54404.278259 19.228 0.021 54404.274926 19.049 0.017 54404.275759 19.006 0.021 54404.277426 19.077 0.041 -6.284393 0.72756
54405.274525 19.324 0.032 54405.276192 19.254 0.017 54405.272859 19.08 0.015 54405.273692 18.993 0.021 54405.275359 19.098 0.048 -6.284393 0.72756
54406.212815 19.321 0.036 54406.214482 19.233 0.019 54406.211149 19.109 0.016 54406.211982 19.031 0.024 54406.213649 19.143 0.051 -6.284393 0.72756
54412.215737 -99.99 0.097 54412.217404 19.232 0.028 54412.214071 19.065 0.02 54412.214904 18.994 0.021 54412.216571 19.054 0.065 -6.284393 0.72756
