51075.28048 20.302 0.058 51075.282146 20.116 0.024 51075.278813 19.695 0.02 51075.279646 19.797 0.036 51075.281313 19.71 0.123 -6.994048 -0.948665
51464.268357 20.26 0.062 51464.270023 19.992 0.028 51464.26669 19.646 0.024 51464.267523 19.595 0.032 51464.26919 19.784 0.145 -6.994048 -0.948665
52196.281019 20.444 0.061 52196.282685 20.125 0.021 52196.279352 19.796 0.02 52196.280185 19.745 0.028 52196.281852 19.683 0.1 -6.994048 -0.948665
52197.294242 20.552 0.064 52197.295908 20.118 0.021 52197.292575 19.708 0.017 52197.293408 19.738 0.025 52197.295075 19.592 0.075 -6.994048 -0.948665
52225.14429 20.453 0.053 52225.145956 20.166 0.02 52225.142623 19.802 0.019 52225.143456 19.886 0.029 52225.145123 19.738 0.084 -6.994048 -0.948665
52231.180075 20.414 0.054 52231.181741 20.2 0.021 52231.178408 19.795 0.018 52231.179241 19.859 0.026 52231.180908 19.648 0.071 -6.994048 -0.948665
52253.166248 20.532 0.093 52253.167914 20.178 0.031 52253.164581 19.799 0.027 52253.165414 19.978 0.041 52253.167081 19.857 0.128 -6.994048 -0.948665
52557.288078 -99.99 0.063 52557.289744 20.159 0.023 52557.286411 19.725 0.02 52557.287244 19.771 0.029 52557.288911 19.603 0.084 -6.994048 -0.948665
52578.18416 20.346 0.052 52578.185826 20.068 0.02 52578.182493 19.809 0.018 52578.183326 19.698 0.024 52578.184993 19.585 0.08 -6.994048 -0.948665
52908.262643 20.102 0.049 52908.264309 19.951 0.02 52908.260976 19.664 0.018 52908.261809 19.652 0.025 52908.263476 19.456 0.073 -6.994048 -0.948665
52911.27643 20.225 0.051 52911.278096 19.922 0.02 52911.274763 19.679 0.018 52911.275596 19.728 0.027 52911.277263 19.677 0.089 -6.994048 -0.948665
52930.153803 20.179 0.05 52930.155469 20.028 0.021 52930.152136 19.652 0.017 52930.152969 19.592 0.023 52930.154636 19.658 0.083 -6.994048 -0.948665
52934.194542 20.175 0.052 52934.196208 20.072 0.023 52934.192875 19.689 0.021 52934.193708 19.731 0.027 52934.195375 19.76 0.098 -6.994048 -0.948665
52936.19047 20.154 0.044 52936.192136 19.906 0.017 52936.188803 19.62 0.016 52936.189636 19.625 0.022 52936.191303 19.674 0.068 -6.994048 -0.948665
52962.115991 20.265 0.052 52962.117657 19.995 0.022 52962.114324 19.716 0.02 52962.115157 19.699 0.029 52962.116824 19.553 0.083 -6.994048 -0.948665
53270.254523 20.31 0.05 53270.25619 -99.99 0.033 53270.252857 19.774 0.034 53270.25369 19.758 0.067 53270.255357 19.847 0.093 -6.994048 -0.948665
53272.304474 -99.99 0.076 53272.30614 19.984 0.035 53272.302807 19.729 0.024 53272.30364 19.729 0.03 53272.305307 19.732 0.094 -6.994048 -0.948665
53286.273193 20.198 0.075 53286.274859 20.084 0.026 53286.271526 19.76 0.023 53286.272359 19.823 0.034 53286.274026 19.776 0.098 -6.994048 -0.948665
53288.231683 20.212 0.05 53288.233349 20.011 0.019 53288.230016 19.662 0.016 53288.230849 19.654 0.022 53288.232516 19.648 0.07 -6.994048 -0.948665
53294.259004 20.226 0.053 53294.26067 20.014 0.034 53294.257337 19.738 0.042 53294.25817 19.685 0.048 53294.259837 19.607 0.104 -6.994048 -0.948665
53302.227351 20.209 0.116 53302.229017 -99.99 0.045 53302.225684 19.593 0.034 53302.226517 19.675 0.038 53302.228184 19.55 0.096 -6.994048 -0.948665
53312.182886 20.363 0.06 53312.184552 20.061 0.027 53312.181219 19.748 0.031 53312.182052 19.779 0.048 53312.183719 19.669 0.103 -6.994048 -0.948665
53314.184079 -99.99 0.052 53314.185745 20.087 0.022 53314.182412 19.746 0.021 53314.183245 19.688 0.027 53314.184912 19.663 0.096 -6.994048 -0.948665
53616.288445 20.18 0.07 53616.290111 19.927 0.024 53616.286778 19.73 0.023 53616.287611 19.735 0.034 53616.289278 19.972 0.14 -6.994048 -0.948665
53623.278656 20.068 0.049 53623.280322 19.885 0.021 53623.276989 19.573 0.017 53623.277822 19.579 0.023 53623.279489 19.575 0.08 -6.994048 -0.948665
53626.264869 19.997 0.053 53626.266535 19.839 0.024 53626.263202 19.61 0.02 53626.264035 19.622 0.027 53626.265702 19.459 0.069 -6.994048 -0.948665
53628.249734 19.987 0.104 53628.2514 19.838 0.044 53628.248067 19.622 0.032 53628.2489 19.604 0.038 53628.250567 19.712 0.118 -6.994048 -0.948665
53637.25135 20.179 0.088 53637.253016 19.917 0.03 53637.249683 19.758 0.029 53637.250516 19.668 0.039 53637.252183 19.624 0.125 -6.994048 -0.948665
53639.296726 19.999 0.044 53639.298392 19.846 0.019 53639.295059 19.565 0.017 53639.295892 19.649 0.024 53639.297559 19.653 0.076 -6.994048 -0.948665
53644.243824 20.026 0.037 53644.245491 19.867 0.026 53644.242158 19.536 0.018 53644.242991 19.566 0.034 53644.244658 19.575 0.061 -6.994048 -0.948665
53654.27842 20.078 0.05 53654.280086 19.858 0.017 53654.276753 19.582 0.017 53654.277586 19.643 0.025 53654.279253 19.509 0.081 -6.994048 -0.948665
53656.226013 20.101 0.156 53656.227679 19.942 0.066 53656.224346 19.625 0.043 53656.225179 19.675 0.061 53656.226846 19.886 0.201 -6.994048 -0.948665
53663.239322 19.98 0.074 53663.240988 19.842 0.03 53663.237655 19.522 0.02 53663.238488 19.552 0.024 53663.240155 19.502 0.069 -6.994048 -0.948665
53668.228922 19.961 0.057 53668.230588 -99.99 0.022 53668.227255 19.573 0.021 53668.228088 19.646 0.035 53668.229755 19.799 0.158 -6.994048 -0.948665
53670.233776 19.989 0.044 53670.235442 19.798 0.016 53670.232109 19.529 0.016 53670.232942 19.524 0.022 53670.234609 19.495 0.071 -6.994048 -0.948665
53673.20176 20.018 0.048 53673.203426 19.749 0.016 53673.200093 19.498 0.019 53673.200926 19.601 0.027 53673.202593 19.438 0.072 -6.994048 -0.948665
53675.198647 20.003 0.051 53675.200313 19.805 0.021 53675.19698 19.637 0.022 53675.197813 19.566 0.03 53675.19948 19.746 0.117 -6.994048 -0.948665
53677.219679 19.962 0.041 53677.221345 19.751 0.016 53677.218012 19.53 0.015 53677.218845 19.513 0.02 53677.220512 19.41 0.055 -6.994048 -0.948665
53680.206344 19.963 0.044 53680.20801 19.852 0.018 53680.204677 19.545 0.016 53680.20551 19.595 0.023 53680.207177 19.517 0.071 -6.994048 -0.948665
53693.208245 19.961 0.091 53693.209911 19.726 0.033 53693.206578 19.506 0.022 53693.207411 19.495 0.026 53693.209078 19.476 0.076 -6.994048 -0.948665
53704.191568 19.934 0.045 53704.193234 19.782 0.018 53704.189901 19.514 0.017 53704.190734 19.508 0.023 53704.192401 19.45 0.075 -6.994048 -0.948665
53974.284226 20.2 0.043 53974.285893 20.031 0.025 53974.282559 19.703 0.02 53974.283393 19.793 0.039 53974.285059 19.593 0.063 -6.994048 -0.948665
53989.287654 20.526 0.126 53989.289321 20.061 0.044 53989.285988 19.623 0.026 53989.286821 19.646 0.036 53989.288488 19.661 0.089 -6.994048 -0.948665
53997.383304 -99.99 0.071 53997.384971 20.18 0.037 53997.381637 19.722 0.028 53997.382471 19.719 0.04 53997.384137 -99.99 0.116 -6.994048 -0.948665
54000.263052 20.274 0.062 54000.264719 20.064 0.044 54000.261385 19.696 0.031 54000.262219 19.719 0.05 54000.263885 19.876 0.129 -6.994048 -0.948665
54007.313227 20.243 0.057 54007.314894 20.075 0.026 54007.311561 19.744 0.034 54007.312394 19.685 0.036 54007.314061 19.929 0.112 -6.994048 -0.948665
54009.236961 20.345 0.06 54009.238628 20.002 0.034 54009.235294 19.711 0.032 54009.236128 19.701 0.039 54009.237794 19.793 0.096 -6.994048 -0.948665
54011.301452 20.342 0.091 54011.303119 20.094 0.041 54011.299785 19.698 0.024 54011.300619 19.763 0.032 54011.302285 19.486 0.06 -6.994048 -0.948665
54019.251685 -99.99 0.082 54019.253351 20.056 0.043 54019.250018 19.809 0.045 54019.250851 -99.99 0.093 54019.252518 19.622 0.083 -6.994048 -0.948665
54025.300468 -99.99 0.086 54025.302134 20.093 0.043 54025.298801 19.787 0.039 54025.299634 19.768 0.063 54025.301301 19.619 0.114 -6.994048 -0.948665
54029.230827 20.217 0.056 54029.232493 20.027 0.023 54029.22916 19.633 0.025 54029.229993 19.684 0.034 54029.23166 19.542 0.075 -6.994048 -0.948665
54348.298262 19.978 0.051 54348.299929 19.76 0.024 54348.296596 19.518 0.032 54348.297429 19.526 0.035 54348.299096 19.774 0.107 -6.994048 -0.948665
54358.254107 19.895 0.054 54358.255774 19.765 0.036 54358.25244 19.49 0.036 54358.253274 19.556 0.055 54358.25494 19.485 0.1 -6.994048 -0.948665
54365.287106 20.144 0.106 54365.288773 19.734 0.031 54365.285439 -99.99 0.049 54365.286273 19.407 0.042 54365.287939 19.483 0.125 -6.994048 -0.948665
54373.361303 20.113 0.185 54373.36297 -99.99 0.093 54373.359636 19.607 0.041 54373.36047 19.657 0.048 54373.362136 19.586 0.123 -6.994048 -0.948665
54381.306666 20.145 0.047 54381.308332 19.829 0.02 54381.304999 19.552 0.027 54381.305832 19.559 0.031 54381.307499 19.547 0.074 -6.994048 -0.948665
54386.298997 20.161 0.051 54386.300663 19.854 0.026 54386.29733 19.553 0.025 54386.298163 19.49 0.034 54386.29983 19.517 0.076 -6.994048 -0.948665
54388.303266 20.12 0.051 54388.304932 19.897 0.023 54388.301599 19.539 0.022 54388.302432 19.503 0.024 54388.304099 19.353 0.064 -6.994048 -0.948665
54403.217034 20.134 0.073 54403.2187 19.921 0.034 54403.215367 19.561 0.028 54403.2162 19.587 0.034 54403.217867 19.47 0.081 -6.994048 -0.948665
54404.274717 20.172 0.083 54404.276384 19.907 0.029 54404.27305 19.546 0.024 54404.273884 19.6 0.039 54404.27555 19.533 0.074 -6.994048 -0.948665
54405.27256 -99.99 0.066 54405.274226 19.914 0.032 54405.270893 19.568 0.024 54405.271726 19.639 0.033 54405.273393 19.476 0.082 -6.994048 -0.948665
54406.210862 20.17 0.049 54406.212528 19.898 0.024 54406.209195 19.595 0.029 54406.210028 19.553 0.03 54406.211695 19.605 0.079 -6.994048 -0.948665
54412.213787 20.239 0.058 54412.215454 -99.99 0.033 54412.212121 19.653 0.027 54412.212954 19.604 0.029 54412.214621 19.637 0.085 -6.994048 -0.948665
