51075.437781 21.129 0.101 51075.439447 20.662 0.028 51075.436114 20.594 0.037 51075.436947 20.539 0.058 51075.438614 20.251 0.212 49.792541 0.283967
51818.40741 21.41 0.131 51818.409076 20.795 0.03 51818.405743 20.683 0.036 51818.406576 20.699 0.052 51818.408243 20.277 0.172 49.792541 0.283967
52171.395528 21.166 0.109 52171.397194 20.531 0.024 52171.393861 20.467 0.029 52171.394694 20.432 0.038 52171.396361 20.362 0.182 49.792541 0.283967
52173.371822 21.076 0.113 52173.373488 20.576 0.027 52173.370155 20.443 0.031 52173.370988 20.472 0.048 52173.372655 20.251 0.19 49.792541 0.283967
52224.351947 21.042 0.094 52224.353613 20.529 0.023 52224.35028 20.408 0.026 52224.351113 20.434 0.036 52224.35278 20.437 0.162 49.792541 0.283967
52234.308447 21.066 0.121 52234.310113 20.551 0.027 52234.30678 20.432 0.032 52234.307613 20.396 0.043 52234.30928 20.277 0.168 49.792541 0.283967
52261.271801 20.952 0.093 52261.273467 20.527 0.023 52261.270134 20.415 0.026 52261.270967 20.447 0.037 52261.272634 20.452 0.154 49.792541 0.283967
52283.139177 21.236 0.168 52283.140843 -99.99 0.027 52283.13751 20.378 0.04 52283.138343 20.423 0.061 52283.14001 19.865 0.173 49.792541 0.283967
52287.152299 21.223 0.107 52287.153965 20.502 0.025 52287.150632 20.412 0.029 52287.151465 20.348 0.036 52287.153132 20.309 0.17 49.792541 0.283967
52552.47099 21.06 0.095 52552.472656 20.499 0.022 52552.469323 20.462 0.029 52552.470156 20.45 0.042 52552.471823 20.144 0.133 49.792541 0.283967
52557.44535 20.862 0.087 52557.447016 20.516 0.025 52557.443683 20.487 0.034 52557.444516 20.401 0.045 52557.446183 20.325 0.179 49.792541 0.283967
52585.34668 21.065 0.083 52585.348346 20.462 0.02 52585.345013 20.352 0.025 52585.345846 20.483 0.039 52585.347513 20.235 0.135 49.792541 0.283967
52908.419918 21.079 0.103 52908.421584 20.506 0.024 52908.418251 20.442 0.029 52908.419084 20.52 0.045 52908.420751 20.336 0.173 49.792541 0.283967
52912.399357 21.005 0.103 52912.401023 20.538 0.025 52912.39769 20.45 0.028 52912.398523 20.474 0.039 52912.40019 20.33 0.168 49.792541 0.283967
52934.351826 21.297 0.126 52934.353492 20.523 0.024 52934.350159 20.435 0.03 52934.350992 20.55 0.047 52934.352659 20.468 0.206 49.792541 0.283967
52936.347751 21.206 0.105 52936.349417 20.522 0.022 52936.346084 20.468 0.029 52936.346917 20.467 0.038 52936.348584 20.317 0.155 49.792541 0.283967
53270.411844 21.332 0.093 53270.413511 20.639 0.021 53270.410178 20.559 0.025 53270.411011 20.582 0.034 53270.412678 20.228 0.108 49.792541 0.283967
53272.461748 21.214 0.13 53272.463414 20.594 0.026 53272.460081 20.55 0.031 53272.460914 20.592 0.047 53272.462581 20.263 0.168 49.792541 0.283967
53286.430467 21.185 0.131 53286.432133 20.57 0.029 53286.4288 20.504 0.033 53286.429633 20.478 0.042 53286.4313 20.325 0.168 49.792541 0.283967
53288.388962 21.134 0.118 53288.390628 20.552 0.023 53288.387295 20.564 0.032 53288.388128 20.532 0.042 53288.389795 20.53 0.204 49.792541 0.283967
53294.436633 21.217 0.13 53294.438299 20.569 0.027 53294.434966 20.486 0.047 53294.435799 20.67 0.075 53294.437466 20.068 0.13 49.792541 0.283967
53296.383679 21.12 0.12 53296.385346 20.559 0.026 53296.382013 20.496 0.042 53296.382846 20.462 0.052 53296.384513 20.623 0.235 49.792541 0.283967
53298.43341 21.156 0.116 53298.435076 20.626 0.025 53298.431743 20.642 0.042 53298.432576 20.585 0.057 53298.434243 20.163 0.173 49.792541 0.283967
53312.340174 20.834 0.122 53312.341841 20.496 0.039 53312.338507 20.578 0.043 53312.339341 20.579 0.055 53312.341007 20.592 0.251 49.792541 0.283967
53314.341362 20.96 0.125 53314.343028 20.563 0.032 53314.339695 20.453 0.037 53314.340528 20.471 0.049 53314.342195 20.385 0.201 49.792541 0.283967
53616.445713 21.111 0.15 53616.447379 20.481 0.026 53616.444046 20.426 0.035 53616.444879 20.499 0.056 53616.446546 20.185 0.18 49.792541 0.283967
53626.422141 21.029 0.141 53626.423807 -99.99 0.036 53626.420474 20.338 0.03 53626.421307 20.458 0.065 53626.422974 -99.99 0.276 49.792541 0.283967
53628.407005 20.919 0.127 53628.408671 20.492 0.036 53628.405338 20.421 0.039 53628.406171 20.384 0.059 53628.407838 20.3 0.253 49.792541 0.283967
53639.454001 21.142 0.14 53639.455667 20.56 0.031 53639.452334 20.412 0.031 53639.453167 20.501 0.043 53639.454834 20.096 0.14 49.792541 0.283967
53641.453166 21.282 0.179 53641.454832 20.545 0.03 53641.451499 20.457 0.04 53641.452332 20.467 0.059 53641.453999 20.333 0.2 49.792541 0.283967
53657.412052 21.556 0.283 53657.413718 20.507 0.035 53657.410385 20.373 0.05 53657.411218 20.351 0.067 53657.412885 20.511 0.299 49.792541 0.283967
53663.3966 21.377 0.33 53663.398266 20.756 0.094 53663.394933 20.474 0.059 53663.395766 20.481 0.059 53663.397433 20.294 0.17 49.792541 0.283967
53665.374572 21.173 0.198 53665.376238 20.527 0.046 53665.372905 20.431 0.038 53665.373738 20.427 0.045 53665.375405 20.327 0.176 49.792541 0.283967
53666.466681 21.428 0.321 53666.468347 20.581 0.047 53666.465014 20.342 0.038 53666.465847 20.454 0.049 53666.467514 20.726 0.263 49.792541 0.283967
53668.386201 20.962 0.196 53668.387867 20.482 0.043 53668.384534 20.5 0.049 53668.385367 20.456 0.06 53668.387034 20.585 0.307 49.792541 0.283967
53669.473808 20.748 0.212 53669.475474 20.571 0.05 53669.472141 20.552 0.056 53669.472974 20.433 0.07 53669.474641 20.381 0.291 49.792541 0.283967
53670.391052 21.333 0.264 53670.392718 20.547 0.039 53670.389385 20.341 0.05 53670.390218 20.412 0.065 53670.391885 20.024 0.188 49.792541 0.283967
53673.359041 20.942 0.09 53673.360707 20.517 0.021 53673.357374 20.428 0.027 53673.358207 20.472 0.036 53673.359874 20.314 0.132 49.792541 0.283967
53675.355929 21.037 0.116 53675.357595 20.489 0.024 53675.354262 20.478 0.036 53675.355095 20.404 0.047 53675.356762 20.135 0.155 49.792541 0.283967
53676.475574 20.854 0.406 53676.47724 20.613 0.074 53676.473907 20.401 0.119 53676.47474 20.461 0.176 53676.476407 20.396 0.49 49.792541 0.283967
53680.363625 21.249 0.116 53680.365291 20.541 0.022 53680.361958 20.491 0.03 53680.362791 20.442 0.036 53680.364458 20.066 0.108 49.792541 0.283967
53683.422174 21.462 0.34 53683.42384 -99.99 0.045 53683.420507 20.614 0.105 53683.42134 20.502 0.107 53683.423007 -99.99 0.936 49.792541 0.283967
53686.363056 21.446 0.293 53686.364722 20.524 0.057 53686.361389 20.522 0.056 53686.362222 20.467 0.057 53686.363889 20.255 0.16 49.792541 0.283967
53693.365515 22.49 1.584 53693.367181 20.506 0.096 53693.363848 20.435 0.07 53693.364681 20.538 0.092 53693.366348 21.041 0.476 49.792541 0.283967
53699.38635 21.064 0.161 53699.388016 20.569 0.033 53699.384683 20.477 0.036 53699.385516 20.538 0.048 53699.387183 20.281 0.157 49.792541 0.283967
53704.348835 20.963 0.141 53704.350501 20.561 0.027 53704.347168 20.521 0.039 53704.348001 20.628 0.072 53704.349668 20.104 0.175 49.792541 0.283967
53989.444961 21.739 0.353 53989.446628 20.872 0.072 53989.443295 20.795 0.062 53989.444128 20.656 0.057 53989.445795 20.442 0.144 49.792541 0.283967
53997.468473 21.401 0.108 53997.47014 20.778 0.023 53997.466806 20.788 0.03 53997.46764 20.719 0.039 53997.469306 20.432 0.12 49.792541 0.283967
54000.420334 21.405 0.167 54000.422001 20.764 0.043 54000.418668 20.862 0.05 54000.419501 20.727 0.073 54000.421168 20.273 0.19 49.792541 0.283967
54007.470522 21.615 0.165 54007.472188 20.813 0.025 54007.468855 20.735 0.033 54007.469688 20.716 0.043 54007.471355 20.451 0.152 49.792541 0.283967
54009.394292 21.553 0.112 54009.395958 20.798 0.025 54009.392625 20.711 0.031 54009.393458 20.631 0.033 54009.395125 20.54 0.13 49.792541 0.283967
54011.458715 21.223 0.088 54011.460382 20.819 0.028 54011.457048 20.677 0.027 54011.457882 20.697 0.034 54011.459548 20.501 0.117 49.792541 0.283967
54012.471529 21.267 0.145 54012.473196 20.808 0.03 54012.469862 20.758 0.042 54012.470696 20.63 0.052 54012.472362 20.372 0.167 49.792541 0.283967
54019.453734 -99.99 0.278 54019.4554 20.681 0.054 54019.452067 20.594 0.053 54019.4529 20.714 0.065 54019.454567 20.461 0.172 49.792541 0.283967
54025.457766 21.401 0.185 54025.459433 20.783 0.035 54025.456099 20.639 0.043 54025.456933 20.65 0.05 54025.458599 20.262 0.165 49.792541 0.283967
54346.45153 -99.99 0.237 54346.453196 20.656 0.053 54346.449863 20.688 0.052 54346.450696 20.507 0.053 54346.452363 20.349 0.153 49.792541 0.283967
54348.455514 21.484 0.194 54348.457181 20.763 0.037 54348.453848 20.593 0.039 54348.454681 20.589 0.048 54348.456348 20.577 0.207 49.792541 0.283967
54358.411289 21.35 0.153 54358.412956 20.706 0.031 54358.409622 20.643 0.033 54358.410456 20.69 0.052 54358.412122 20.702 0.227 49.792541 0.283967
54365.444382 21.203 0.095 54365.446049 20.704 0.026 54365.442715 20.68 0.03 54365.443549 20.562 0.039 54365.445215 20.315 0.116 49.792541 0.283967
54381.46403 21.436 0.154 54381.465696 20.754 0.032 54381.462363 20.664 0.033 54381.463196 20.536 0.042 54381.464863 20.527 0.168 49.792541 0.283967
54386.456262 21.585 0.183 54386.457928 20.694 0.026 54386.454595 20.552 0.03 54386.455428 20.586 0.043 54386.457095 20.438 0.175 49.792541 0.283967
54388.460582 21.153 0.118 54388.462249 20.754 0.028 54388.458916 20.623 0.033 54388.459749 20.587 0.039 54388.461416 20.458 0.157 49.792541 0.283967
54392.458067 21.187 0.128 54392.459734 20.698 0.032 54392.4564 20.562 0.038 54392.457234 20.563 0.053 54392.4589 20.173 0.13 49.792541 0.283967
54403.374312 21.761 0.616 54403.375978 21.112 0.246 54403.372645 20.567 0.097 54403.373478 20.612 0.126 54403.375145 21.996 2.092 49.792541 0.283967
54406.368178 21.571 0.153 54406.369845 20.729 0.03 54406.366511 20.655 0.03 54406.367345 20.609 0.035 54406.369011 20.348 0.11 49.792541 0.283967
54409.373032 21.501 0.124 54409.374699 20.744 0.025 54409.371365 20.648 0.031 54409.372199 20.527 0.036 54409.373865 20.077 0.101 49.792541 0.283967
54412.393918 21.09 0.182 54412.395585 20.707 0.041 54412.392252 20.611 0.047 54412.393085 20.669 0.07 54412.394752 20.118 0.188 49.792541 0.283967
