51075.428096 21.126 0.09 51075.429762 20.799 0.031 51075.426429 20.602 0.037 51075.427262 20.092 0.037 51075.428929 19.939 0.122 46.294336 0.672561
51818.397775 20.966 0.081 51818.399441 20.765 0.03 51818.396108 20.552 0.03 51818.396941 20.078 0.033 51818.398608 19.849 0.091 46.294336 0.672561
52171.385851 21.098 0.088 52171.387517 20.777 0.029 52171.384184 20.603 0.031 52171.385017 20.088 0.03 52171.386684 20.064 0.094 46.294336 0.672561
52173.362105 20.955 0.095 52173.363771 20.763 0.032 52173.360438 20.516 0.038 52173.361271 20.051 0.041 52173.362938 20.091 0.156 46.294336 0.672561
52224.342247 21.047 0.081 52224.343913 20.909 0.029 52224.34058 20.653 0.032 52224.341413 20.087 0.03 52224.34308 20.031 0.093 46.294336 0.672561
52234.298759 21.142 0.12 52234.300425 20.876 0.038 52234.297092 20.598 0.037 52234.297925 20.108 0.035 52234.299592 20.018 0.101 46.294336 0.672561
52261.262113 20.982 0.08 52261.263779 20.862 0.032 52261.260446 20.652 0.033 52261.261279 20.116 0.032 52261.262946 20.144 0.101 46.294336 0.672561
52283.129487 21.125 0.136 52283.131153 -99.99 0.043 52283.12782 20.65 0.053 52283.128653 20.09 0.054 52283.13032 20.328 0.231 46.294336 0.672561
52287.14261 21.09 0.097 52287.144276 20.921 0.033 52287.140943 20.606 0.045 52287.141776 20.109 0.04 52287.143443 19.958 0.097 46.294336 0.672561
52552.461303 21.296 0.104 52552.462969 20.954 0.032 52552.459636 20.698 0.034 52552.460469 20.167 0.037 52552.462136 19.896 0.094 46.294336 0.672561
52557.435661 21.267 0.106 52557.437327 21.021 0.035 52557.433994 20.78 0.042 52557.434827 20.198 0.042 52557.436494 20.013 0.122 46.294336 0.672561
52585.336992 21.28 0.086 52585.338658 21.053 0.031 52585.335325 20.803 0.034 52585.336158 20.25 0.035 52585.337825 20.124 0.104 46.294336 0.672561
52908.41023 21.384 0.134 52908.411896 21.293 0.046 52908.408563 20.916 0.049 52908.409396 20.194 0.043 52908.411063 20.118 0.13 46.294336 0.672561
52912.389668 21.366 0.129 52912.391334 21.357 0.046 52912.388001 20.971 0.043 52912.388834 20.286 0.039 52912.390501 20 0.103 46.294336 0.672561
52934.342136 21.28 0.109 52934.343802 21.33 0.043 52934.340469 20.999 0.046 52934.341302 20.409 0.045 52934.342969 20.382 0.152 46.294336 0.672561
52936.338062 21.5 0.11 52936.339728 21.367 0.042 52936.336395 21.046 0.046 52936.337228 20.319 0.039 52936.338895 20.279 0.121 46.294336 0.672561
53270.402118 21.589 0.1 53270.403785 21.362 0.037 53270.400451 21.046 0.033 53270.401285 20.395 0.033 53270.402951 20.25 0.094 46.294336 0.672561
53272.452061 21.535 0.147 53272.453727 21.277 0.046 53272.450394 21.003 0.052 53272.451227 20.328 0.046 53272.452894 20.3 0.143 46.294336 0.672561
53286.420779 21.364 0.168 53286.422445 21.276 0.057 53286.419112 21.008 0.059 53286.419945 20.276 0.047 53286.421612 20.184 0.143 46.294336 0.672561
53288.379274 21.752 0.157 53288.38094 21.326 0.042 53288.377607 21.076 0.045 53288.37844 20.375 0.041 53288.380107 20.451 0.147 46.294336 0.672561
53294.426944 21.134 0.174 53294.42861 21.298 0.046 53294.425277 21.121 0.088 53294.42611 20.41 0.071 53294.427777 20.175 0.165 46.294336 0.672561
53296.37396 21.69 0.19 53296.375627 21.437 0.054 53296.372293 21.048 0.064 53296.373127 20.35 0.048 53296.374793 20.422 0.16 46.294336 0.672561
53298.423721 21.343 0.118 53298.425387 21.305 0.046 53298.422054 20.957 0.056 53298.422887 20.36 0.055 53298.424554 20.32 0.174 46.294336 0.672561
53302.374942 21.309 0.151 53302.376608 21.154 0.074 53302.373275 21.006 0.064 53302.374108 20.388 0.049 53302.375775 20.019 0.098 46.294336 0.672561
53312.330493 21.744 0.267 53312.33216 21.189 0.072 53312.328827 21.016 0.07 53312.32966 20.365 0.055 53312.331327 20.173 0.13 46.294336 0.672561
53314.331673 21.296 0.168 53314.333339 21.267 0.068 53314.330006 20.891 0.062 53314.330839 20.26 0.053 53314.332506 20.057 0.144 46.294336 0.672561
53319.31947 21.481 0.18 53319.321136 21.322 0.059 53319.317803 20.947 0.06 53319.318636 20.229 0.051 53319.320303 20.248 0.15 46.294336 0.672561
53616.436025 21.346 0.122 53616.437691 21.169 0.039 53616.434358 20.878 0.043 53616.435191 20.241 0.042 53616.436858 20.158 0.11 46.294336 0.672561
53628.397317 21.408 0.18 53628.398983 21.181 0.071 53628.39565 20.701 0.053 53628.396483 20.344 0.065 53628.39815 20.187 0.158 46.294336 0.672561
53639.444314 21.266 0.136 53639.44598 21.157 0.048 53639.442647 20.848 0.045 53639.44348 20.271 0.038 53639.445147 20.21 0.106 46.294336 0.672561
53641.443479 21.561 0.197 53641.445145 21.035 0.048 53641.441812 20.793 0.055 53641.442645 20.217 0.048 53641.444312 20.1 0.118 46.294336 0.672561
53657.402363 21.102 0.201 53657.404029 21.037 0.083 53657.400696 20.89 0.092 53657.401529 20.14 0.072 53657.403196 20.073 0.18 46.294336 0.672561
53663.386911 22.241 0.741 53663.388577 -99.99 0.118 53663.385244 21.034 0.111 53663.386077 20.25 0.06 53663.387744 20.048 0.108 46.294336 0.672561
53665.364884 21.241 0.218 53665.36655 21.201 0.087 53665.363217 20.836 0.119 53665.36405 20.321 0.071 53665.365717 20.156 0.177 46.294336 0.672561
53666.456994 21.182 0.221 53666.45866 21.078 0.073 53666.455327 20.859 0.059 53666.45616 20.232 0.045 53666.457827 20.018 0.106 46.294336 0.672561
53669.464122 21.277 0.265 53669.465788 21.183 0.075 53669.462455 20.929 0.077 53669.463288 20.255 0.064 53669.464955 20.295 0.173 46.294336 0.672561
53670.381365 21.331 0.187 53670.383031 21.003 0.079 53670.379698 20.65 0.049 53670.380531 20.163 0.049 53670.382198 20.077 0.15 46.294336 0.672561
53673.349353 21.386 0.118 53673.351019 21.193 0.036 53673.347686 20.931 0.041 53673.348519 20.299 0.036 53673.350186 20.138 0.088 46.294336 0.672561
53675.34624 21.275 0.134 53675.347906 21.128 0.039 53675.344573 20.76 0.043 53675.345406 20.22 0.045 53675.347073 20.077 0.119 46.294336 0.672561
53680.353937 21.277 0.115 53680.355603 21.194 0.043 53680.35227 20.809 0.045 53680.353103 20.209 0.04 53680.35477 20.196 0.113 46.294336 0.672561
53693.355827 21.831 0.639 53693.357493 20.988 0.133 53693.35416 20.745 0.083 53693.354993 20.203 0.063 53693.35666 20.043 0.141 46.294336 0.672561
53699.376663 21.147 0.155 53699.378329 21.257 0.064 53699.374996 20.757 0.048 53699.375829 20.232 0.041 53699.377496 20.001 0.094 46.294336 0.672561
53704.339147 21.608 0.213 53704.340813 21.081 0.044 53704.33748 20.816 0.053 53704.338313 20.17 0.05 53704.33998 19.872 0.123 46.294336 0.672561
53989.435241 21.664 0.308 53989.436908 21.073 0.088 53989.433575 20.833 0.066 53989.434408 20.308 0.049 53989.436075 20.377 0.118 46.294336 0.672561
53997.458769 21.561 0.107 53997.460436 21.175 0.031 53997.457103 20.878 0.032 53997.457936 20.263 0.031 53997.459603 20.228 0.079 46.294336 0.672561
54000.410693 21.231 0.108 54000.41236 21.271 0.047 54000.409026 20.96 0.052 54000.40986 20.287 0.043 54000.411526 20.258 0.125 46.294336 0.672561
54007.460775 21.369 0.118 54007.462442 21.234 0.038 54007.459109 20.789 0.037 54007.459942 20.268 0.038 54007.461609 20.19 0.101 46.294336 0.672561
54009.384556 21.486 0.098 54009.386223 21.255 0.034 54009.38289 20.885 0.03 54009.383723 20.285 0.029 54009.38539 20.345 0.091 46.294336 0.672561
54011.449042 21.588 0.1 54011.450709 21.176 0.034 54011.447376 20.854 0.031 54011.448209 20.276 0.03 54011.449876 20.21 0.068 46.294336 0.672561
54012.46188 21.447 0.149 54012.463546 21.165 0.044 54012.460213 20.911 0.049 54012.461046 20.324 0.05 54012.462713 20.4 0.145 46.294336 0.672561
54019.444052 21.393 0.273 54019.445718 21.222 0.106 54019.442385 20.878 0.063 54019.443218 20.34 0.05 54019.444885 20.175 0.128 46.294336 0.672561
54025.448048 21.557 0.171 54025.449715 21.199 0.042 54025.446381 20.889 0.051 54025.447215 20.19 0.04 54025.448881 20.272 0.119 46.294336 0.672561
54346.441805 22.094 0.47 54346.443472 20.985 0.071 54346.440139 20.797 0.059 54346.440972 20.192 0.042 54346.442639 20.108 0.091 46.294336 0.672561
54348.445794 21.225 0.128 54348.44746 21.1 0.052 54348.444127 20.785 0.045 54348.44496 20.201 0.035 54348.446627 20.023 0.089 46.294336 0.672561
54358.401641 21.396 0.137 54358.403307 20.999 0.039 54358.399974 20.675 0.041 54358.400807 20.167 0.039 54358.402474 19.85 0.1 46.294336 0.672561
54365.434676 21.278 0.105 54365.436342 21.049 0.032 54365.433009 20.675 0.032 54365.433842 20.138 0.03 54365.435509 20.039 0.077 46.294336 0.672561
54381.454245 21.473 0.122 54381.455911 20.994 0.036 54381.452578 20.669 0.031 54381.453411 20.163 0.033 54381.455078 20.032 0.083 46.294336 0.672561
54386.446574 -99.99 0.108 54386.448241 -99.99 0.042 54386.444908 20.673 0.032 54386.445741 20.117 0.03 54386.447408 19.936 0.068 46.294336 0.672561
54388.450862 21.352 0.113 54388.452529 20.93 0.031 54388.449195 20.654 0.033 54388.450029 20.143 0.032 54388.451695 20.019 0.075 46.294336 0.672561
54392.448374 21.19 0.101 54392.450041 20.913 0.034 54392.446707 20.607 0.045 54392.447541 20.137 0.038 54392.449207 20.089 0.112 46.294336 0.672561
54403.364627 -99.99 0.262 54403.366293 -99.99 0.071 54403.36296 20.731 0.054 54403.363793 20.048 0.046 54403.36546 19.829 0.113 46.294336 0.672561
54404.422147 20.957 0.461 54404.423814 21.01 0.22 54404.42048 -99.99 0.936 54404.421314 -99.99 0.177 54404.42298 20.187 0.346 46.294336 0.672561
54406.358464 20.961 0.084 54406.36013 20.944 0.034 54406.356797 20.72 0.035 54406.35763 20.133 0.033 54406.359297 20.033 0.068 46.294336 0.672561
54409.363288 21.157 0.082 54409.364955 20.908 0.027 54409.361621 20.675 0.032 54409.362455 20.117 0.034 54409.364121 20.218 0.091 46.294336 0.672561
54412.384282 21.217 0.167 54412.385949 20.889 0.045 54412.382615 20.567 0.051 54412.383449 20.125 0.051 54412.385115 19.996 0.143 46.294336 0.672561
