51075.430591 21.272 0.109 51075.432257 21.025 0.044 51075.428924 20.922 0.048 51075.429757 20.774 0.073 51075.431424 21.165 0.411 47.19586 -1.030816
51081.414282 21.209 0.126 51081.415948 20.976 0.049 51081.412615 20.998 0.056 51081.413448 20.605 0.065 51081.415115 20.393 0.185 47.19586 -1.030816
51818.400237 20.996 0.085 51818.401903 20.705 0.034 51818.39857 20.602 0.034 51818.399403 20.43 0.047 51818.40107 20.294 0.148 47.19586 -1.030816
52171.388348 20.595 0.061 52171.390014 20.393 0.025 52171.386681 20.383 0.031 52171.387514 20.292 0.039 52171.389181 20.301 0.127 47.19586 -1.030816
52173.364594 20.632 0.074 52173.36626 20.469 0.029 52173.362927 20.394 0.035 52173.36376 20.144 0.044 52173.365427 20.312 0.189 47.19586 -1.030816
52224.344765 20.799 0.068 52224.346431 20.531 0.026 52224.343098 20.475 0.029 52224.343931 20.213 0.036 52224.345598 20.13 0.115 47.19586 -1.030816
52234.301255 20.825 0.086 52234.302921 20.473 0.03 52234.299588 20.473 0.034 52234.300421 20.305 0.045 52234.302088 20.473 0.166 47.19586 -1.030816
52261.264609 20.719 0.068 52261.266275 20.545 0.028 52261.262942 20.534 0.031 52261.263775 20.26 0.035 52261.265442 20.146 0.108 47.19586 -1.030816
52283.131983 20.535 0.081 52283.133649 20.318 0.033 52283.130316 20.409 0.046 52283.131149 20.212 0.057 52283.132816 19.911 0.176 47.19586 -1.030816
52287.145105 20.622 0.064 52287.146771 20.467 0.028 52287.143438 20.476 0.032 52287.144271 20.239 0.037 52287.145938 20.206 0.121 47.19586 -1.030816
52552.463799 20.768 0.069 52552.465465 20.44 0.026 52552.462132 20.469 0.03 52552.462965 20.277 0.04 52552.464632 20.119 0.131 47.19586 -1.030816
52557.438158 20.736 0.075 52557.439824 20.462 0.028 52557.436491 20.46 0.032 52557.437324 20.252 0.045 52557.438991 20.151 0.149 47.19586 -1.030816
52585.339488 20.726 0.059 52585.341154 20.464 0.024 52585.337821 20.492 0.028 52585.338654 20.326 0.037 52585.340321 20.301 0.134 47.19586 -1.030816
52908.412726 21.234 0.111 52908.414392 20.895 0.037 52908.411059 20.813 0.04 52908.411892 20.403 0.045 52908.413559 20.396 0.161 47.19586 -1.030816
52912.392164 21.319 0.124 52912.39383 20.769 0.035 52912.390497 20.782 0.041 52912.39133 20.431 0.045 52912.392997 20.222 0.126 47.19586 -1.030816
52934.344632 21.022 0.095 52934.346298 20.727 0.033 52934.342965 20.659 0.04 52934.343798 20.344 0.047 52934.345465 20.496 0.193 47.19586 -1.030816
52936.340558 20.885 0.078 52936.342224 20.756 0.032 52936.338891 20.756 0.039 52936.339724 20.399 0.044 52936.341391 20.559 0.186 47.19586 -1.030816
53270.40461 20.83 0.06 53270.406277 20.672 0.026 53270.402944 20.697 0.028 53270.403777 20.401 0.033 53270.405444 20.451 0.117 47.19586 -1.030816
53272.454555 20.859 0.086 53272.456221 20.623 0.032 53272.452888 20.638 0.036 53272.453721 20.361 0.044 53272.455388 20.458 0.165 47.19586 -1.030816
53286.423275 20.931 0.101 53286.424941 20.616 0.034 53286.421608 20.608 0.041 53286.422441 20.366 0.044 53286.424108 20.603 0.18 47.19586 -1.030816
53288.381768 20.956 0.087 53288.383434 20.621 0.029 53288.380101 20.677 0.036 53288.380934 20.34 0.04 53288.382601 20.642 0.183 47.19586 -1.030816
53294.42944 20.831 0.079 53294.431106 20.584 0.032 53294.427773 -99.99 0.058 53294.428606 20.435 0.045 53294.430273 20.247 0.132 47.19586 -1.030816
53296.376465 20.82 0.095 53296.378131 20.634 0.038 53296.374798 20.507 0.039 53296.375631 20.387 0.051 53296.377298 20.625 0.208 47.19586 -1.030816
53298.426217 20.806 0.082 53298.427883 20.533 0.03 53298.42455 20.583 0.042 53298.425383 20.247 0.049 53298.42705 20.696 0.251 47.19586 -1.030816
53302.377438 20.894 0.125 53302.379104 20.56 0.047 53302.375771 20.547 0.045 53302.376604 20.369 0.051 53302.378271 20.528 0.194 47.19586 -1.030816
53312.333007 21.033 0.139 53312.334674 20.454 0.045 53312.33134 20.614 0.045 53312.332174 20.281 0.048 53312.33384 20.303 0.163 47.19586 -1.030816
53314.334168 20.619 0.082 53314.335834 20.548 0.035 53314.332501 20.503 0.041 53314.333334 20.351 0.05 53314.335001 20.451 0.184 47.19586 -1.030816
53319.321966 20.62 0.085 53319.323632 20.46 0.037 53319.320299 20.508 0.044 53319.321132 20.278 0.053 53319.322799 20.114 0.166 47.19586 -1.030816
53616.43852 21.015 0.103 53616.440186 20.917 0.043 53616.436853 20.828 0.043 53616.437686 20.497 0.05 53616.439353 20.981 0.265 47.19586 -1.030816
53628.399812 21.344 0.157 53628.401478 20.928 0.054 53628.398145 20.906 0.064 53628.398978 20.623 0.072 53628.400645 20.456 0.195 47.19586 -1.030816
53639.446809 -99.99 0.131 53639.448475 20.89 0.05 53639.445142 20.873 0.049 53639.445975 20.49 0.05 53639.447642 20.325 0.139 47.19586 -1.030816
53641.445975 21.302 0.161 53641.447641 21.007 0.058 53641.444308 20.82 0.044 53641.445141 20.524 0.059 53641.446808 20.299 0.141 47.19586 -1.030816
53657.40486 21.227 0.202 53657.406526 20.875 0.075 53657.403193 20.927 0.088 53657.404026 20.582 0.085 53657.405693 20.732 0.325 47.19586 -1.030816
53663.389407 20.904 0.246 53663.391073 20.894 0.11 53663.38774 20.893 0.076 53663.388573 20.549 0.071 53663.39024 20.652 0.221 47.19586 -1.030816
53666.459491 21.56 0.314 53666.461157 21.099 0.076 53666.457824 20.821 0.056 53666.458657 20.589 0.058 53666.460324 20.48 0.165 47.19586 -1.030816
53668.379009 21.281 0.217 53668.380675 20.927 0.071 53668.377342 20.895 0.062 53668.378175 20.59 0.074 53668.379842 20.364 0.202 47.19586 -1.030816
53669.466619 21.194 0.227 53669.468285 20.895 0.068 53669.464952 20.933 0.069 53669.465785 20.579 0.067 53669.467452 22.375 0.84 47.19586 -1.030816
53670.383861 20.926 0.196 53670.385527 20.963 0.093 53670.382194 20.926 0.078 53670.383027 20.376 0.088 53670.384694 20.465 0.389 47.19586 -1.030816
53673.351848 21.123 0.095 53673.353514 20.963 0.037 53673.350181 20.855 0.039 53673.351014 20.602 0.045 53673.352681 20.63 0.148 47.19586 -1.030816
53675.348735 21.39 0.142 53675.350401 20.918 0.04 53675.347068 20.906 0.05 53675.347901 20.644 0.055 53675.349568 20.719 0.229 47.19586 -1.030816
53680.356433 21.214 0.117 53680.358099 21.075 0.045 53680.354766 20.89 0.044 53680.355599 20.617 0.054 53680.357266 20.692 0.202 47.19586 -1.030816
53683.414985 20.907 0.299 53683.416651 20.753 0.084 53683.413318 20.388 0.177 53683.414151 20.334 0.197 53683.415818 21.802 1.144 47.19586 -1.030816
53686.355864 21.353 0.343 53686.35753 20.785 0.101 53686.354197 20.768 0.093 53686.35503 20.475 0.08 53686.356697 20.613 0.255 47.19586 -1.030816
53693.358324 21.542 0.542 53693.35999 20.811 0.119 53693.356657 20.925 0.106 53693.35749 20.441 0.08 53693.359157 20.65 0.262 47.19586 -1.030816
53704.341645 20.813 0.11 53704.343311 20.809 0.051 53704.339978 20.741 0.051 53704.340811 20.551 0.063 53704.342478 20.519 0.255 47.19586 -1.030816
53989.437733 20.932 0.177 53989.439399 20.763 0.071 53989.436066 20.927 0.075 53989.436899 20.586 0.061 53989.438566 20.72 0.175 47.19586 -1.030816
53997.461298 20.94 0.064 53997.462965 20.901 0.032 53997.459632 20.909 0.033 53997.460465 20.577 0.036 53997.462132 20.499 0.11 47.19586 -1.030816
54000.413132 21.089 0.101 54000.414798 20.815 0.038 54000.411465 20.863 0.044 54000.412298 20.629 0.055 54000.413965 20.343 0.147 47.19586 -1.030816
54007.463287 21.006 0.095 54007.464953 20.866 0.037 54007.46162 20.878 0.04 54007.462453 20.621 0.046 54007.46412 20.408 0.148 47.19586 -1.030816
54009.387074 21.047 0.075 54009.38874 20.888 0.03 54009.385407 20.832 0.032 54009.38624 20.561 0.036 54009.387907 20.566 0.124 47.19586 -1.030816
54011.451534 21.023 0.072 54011.453201 20.898 0.032 54011.449867 20.851 0.03 54011.450701 20.606 0.035 54011.452367 20.659 0.118 47.19586 -1.030816
54012.464396 20.993 0.105 54012.466063 20.954 0.043 54012.46273 20.858 0.046 54012.463563 20.524 0.057 54012.46523 20.52 0.16 47.19586 -1.030816
54025.450537 21.001 0.113 54025.452204 20.893 0.045 54025.44887 20.797 0.046 54025.449704 20.597 0.053 54025.45137 20.451 0.164 47.19586 -1.030816
54346.444318 21.25 0.198 54346.445985 20.936 0.068 54346.442651 20.845 0.065 54346.443485 20.483 0.059 54346.445151 20.649 0.172 47.19586 -1.030816
54348.448297 21.146 0.135 54348.449964 20.882 0.051 54348.446631 20.817 0.046 54348.447464 20.501 0.05 54348.449131 20.447 0.155 47.19586 -1.030816
54358.404097 21.149 0.161 54358.405764 20.846 0.038 54358.402431 20.857 0.048 54358.403264 20.596 0.058 54358.404931 20.414 0.169 47.19586 -1.030816
54365.437182 -99.99 0.083 54365.438849 20.896 0.032 54365.435515 20.87 0.032 54365.436349 20.582 0.04 54365.438015 20.426 0.13 47.19586 -1.030816
54381.45673 21.039 0.095 54381.458397 20.871 0.037 54381.455063 20.886 0.038 54381.455897 20.548 0.044 54381.457563 20.649 0.161 47.19586 -1.030816
54386.44905 21.126 0.112 54386.450717 -99.99 0.047 54386.447383 20.897 0.039 54386.448217 20.572 0.054 54386.449883 -99.99 0.362 47.19586 -1.030816
54388.453352 20.992 0.097 54388.455019 20.927 0.035 54388.451685 20.937 0.04 54388.452519 20.554 0.042 54388.454185 20.531 0.156 47.19586 -1.030816
54406.360939 21.162 0.104 54406.362606 20.87 0.039 54406.359272 20.876 0.038 54406.360106 20.557 0.037 54406.361772 20.777 0.154 47.19586 -1.030816
54409.365793 -99.99 0.091 54409.36746 -99.99 0.037 54409.364127 20.92 0.037 54409.36496 20.584 0.044 54409.366627 -99.99 0.162 47.19586 -1.030816
54412.386717 20.961 0.181 54412.388383 20.842 0.05 54412.38505 20.848 0.069 54412.385883 20.638 0.078 54412.38755 20.784 0.331 47.19586 -1.030816
