51081.408234 20.486 0.066 51081.4099 20.162 0.022 51081.406567 19.924 0.024 51081.4074 19.575 0.025 51081.409067 19.648 0.084 45.011276 -0.205349
51818.39417 20.646 0.063 51818.395836 20.148 0.019 51818.392503 19.839 0.019 51818.393336 19.566 0.021 51818.395003 19.484 0.071 45.011276 -0.205349
52171.382294 20.27 0.053 52171.38396 19.903 0.016 52171.380627 19.635 0.016 52171.38146 19.358 0.018 52171.383127 19.253 0.052 45.011276 -0.205349
52171.455629 20.185 0.049 52171.457295 19.869 0.017 52171.453962 19.666 0.018 52171.454795 19.375 0.017 52171.456462 19.267 0.05 45.011276 -0.205349
52173.358562 20.21 0.055 52173.360228 19.887 0.018 52173.356895 19.64 0.018 52173.357728 19.399 0.022 52173.359395 19.427 0.089 45.011276 -0.205349
52224.338691 20.149 0.045 52224.340357 19.816 0.015 52224.337024 19.619 0.016 52224.337857 19.306 0.017 52224.339524 19.266 0.053 45.011276 -0.205349
52225.304053 20.101 0.045 52225.305719 19.824 0.015 52225.302386 19.623 0.016 52225.303219 19.311 0.017 52225.304886 19.14 0.045 45.011276 -0.205349
52234.295204 20.401 0.067 52234.29687 19.834 0.017 52234.293537 19.601 0.017 52234.29437 19.338 0.018 52234.296037 19.254 0.059 45.011276 -0.205349
52261.25856 20.314 0.056 52261.260226 19.884 0.017 52261.256893 19.68 0.017 52261.257726 19.32 0.017 52261.259393 19.184 0.054 45.011276 -0.205349
52283.125932 20.273 0.059 52283.127598 19.905 0.019 52283.124265 19.683 0.021 52283.125098 19.333 0.022 52283.126765 19.243 0.079 45.011276 -0.205349
52287.139056 20.306 0.057 52287.140722 19.916 0.019 52287.137389 19.684 0.018 52287.138222 19.381 0.019 52287.139889 19.21 0.062 45.011276 -0.205349
52288.138474 20.371 0.058 52288.14014 19.931 0.017 52288.136807 19.708 0.018 52288.13764 19.356 0.018 52288.139307 19.257 0.052 45.011276 -0.205349
52551.411762 20.35 0.054 52551.413428 20.075 0.018 52551.410095 19.823 0.02 52551.410928 19.456 0.02 52551.412595 19.281 0.059 45.011276 -0.205349
52552.457748 20.499 0.059 52552.459414 20.056 0.017 52552.456081 19.825 0.019 52552.456914 19.438 0.019 52552.458581 19.234 0.057 45.011276 -0.205349
52557.432108 20.425 0.064 52557.433774 20.049 0.018 52557.430441 19.833 0.021 52557.431274 19.461 0.022 52557.432941 19.453 0.089 45.011276 -0.205349
52578.316244 20.393 0.051 52578.31791 20.086 0.017 52578.314577 19.853 0.018 52578.31541 19.478 0.018 52578.317077 19.399 0.056 45.011276 -0.205349
52585.333437 20.445 0.05 52585.335103 20.101 0.017 52585.33177 19.863 0.018 52585.332603 19.496 0.018 52585.33427 19.273 0.053 45.011276 -0.205349
52908.406677 20.349 0.056 52908.408343 19.99 0.018 52908.40501 19.852 0.02 52908.405843 19.505 0.021 52908.40751 19.502 0.077 45.011276 -0.205349
52909.445857 20.35 0.053 52909.447523 20.054 0.018 52909.44419 19.856 0.019 52909.445023 19.53 0.019 52909.44669 19.413 0.058 45.011276 -0.205349
52910.416099 20.414 0.073 52910.417765 20.081 0.02 52910.414432 19.839 0.02 52910.415265 19.516 0.022 52910.416932 19.524 0.073 45.011276 -0.205349
52912.386115 20.464 0.061 52912.387781 20.077 0.019 52912.384448 19.879 0.019 52912.385281 19.507 0.019 52912.386948 19.403 0.062 45.011276 -0.205349
52934.338582 20.403 0.057 52934.340248 20.033 0.018 52934.336915 19.858 0.02 52934.337748 19.489 0.021 52934.339415 19.408 0.069 45.011276 -0.205349
52936.334508 20.31 0.05 52936.336174 20.02 0.017 52936.332841 19.875 0.019 52936.333674 19.489 0.02 52936.335341 19.399 0.06 45.011276 -0.205349
52971.257263 20.371 0.067 52971.258929 20.066 0.023 52971.255596 19.813 0.022 52971.256429 19.512 0.022 52971.258096 19.323 0.068 45.011276 -0.205349
53270.39856 20.646 0.055 53270.400227 20.277 0.02 53270.396893 19.937 0.022 53270.397727 19.615 0.021 53270.399393 19.438 0.048 45.011276 -0.205349
53272.448508 20.622 0.082 53272.450174 20.238 0.022 53272.446841 20.013 0.023 53272.447674 19.614 0.025 53272.449341 19.478 0.08 45.011276 -0.205349
53286.417227 20.578 0.082 53286.418893 20.232 0.024 53286.41556 19.992 0.026 53286.416393 19.61 0.024 53286.41806 19.505 0.069 45.011276 -0.205349
53288.37572 20.62 0.068 53288.377386 20.243 0.02 53288.374053 19.959 0.022 53288.374886 19.575 0.022 53288.376553 19.482 0.066 45.011276 -0.205349
53294.423391 20.405 0.104 53294.425057 20.143 0.027 53294.421724 19.866 0.076 53294.422557 19.472 0.04 53294.424224 19.406 0.08 45.011276 -0.205349
53296.370397 20.516 0.063 53296.372064 20.239 0.028 53296.36873 20 0.024 53296.369564 19.539 0.024 53296.37123 19.452 0.073 45.011276 -0.205349
53298.420168 20.505 0.06 53298.421834 20.189 0.02 53298.418501 19.944 0.023 53298.419334 19.558 0.024 53298.421001 19.464 0.078 45.011276 -0.205349
53302.371388 20.524 0.085 53302.373054 20.189 0.032 53302.369721 19.938 0.027 53302.370554 19.546 0.023 53302.372221 19.437 0.067 45.011276 -0.205349
53312.326939 20.427 0.08 53312.328606 20.205 0.033 53312.325273 19.902 0.027 53312.326106 19.596 0.027 53312.327773 19.456 0.075 45.011276 -0.205349
53314.32812 20.521 0.081 53314.329786 20.085 0.025 53314.326453 19.891 0.028 53314.327286 19.559 0.025 53314.328953 19.528 0.087 45.011276 -0.205349
53319.315916 20.51 0.077 53319.317582 20.199 0.024 53319.314249 19.935 0.028 53319.315082 19.57 0.025 53319.316749 19.471 0.086 45.011276 -0.205349
53616.432472 20.615 0.081 53616.434138 20.276 0.023 53616.430805 19.945 0.024 53616.431638 19.606 0.026 53616.433305 19.481 0.074 45.011276 -0.205349
53622.445701 20.787 0.07 53622.447367 20.326 0.02 53622.444034 19.968 0.019 53622.444867 19.628 0.019 53622.446534 19.55 0.058 45.011276 -0.205349
53626.4089 20.691 0.106 53626.410566 -99.99 0.055 53626.407233 20.017 0.028 53626.408066 19.643 0.032 53626.409733 -99.99 0.167 45.011276 -0.205349
53627.402799 20.579 0.067 53627.404465 20.209 0.021 53627.401132 20.015 0.022 53627.401965 19.604 0.021 53627.403632 19.492 0.062 45.011276 -0.205349
53628.393764 20.665 0.099 53628.39543 20.248 0.032 53628.392097 19.971 0.031 53628.39293 19.622 0.03 53628.394597 19.428 0.083 45.011276 -0.205349
53639.440762 20.931 0.114 53639.442428 20.307 0.028 53639.439095 20.053 0.026 53639.439928 19.649 0.026 53639.441595 19.547 0.07 45.011276 -0.205349
53641.439927 20.859 0.104 53641.441593 20.351 0.03 53641.43826 20.076 0.025 53641.439093 19.653 0.026 53641.44076 19.547 0.08 45.011276 -0.205349
53643.443019 20.577 0.09 53643.444685 20.362 0.027 53643.441352 20.019 0.026 53643.442185 19.646 0.027 53643.443852 19.449 0.083 45.011276 -0.205349
53646.461952 20.695 0.087 53646.463618 20.353 0.024 53646.460285 20.093 0.03 53646.461118 19.65 0.027 53646.462785 19.494 0.074 45.011276 -0.205349
53657.280698 20.77 0.38 53657.282364 20.341 0.102 53657.279031 19.964 0.07 53657.279864 19.652 0.057 53657.281531 -99.99 0.181 45.011276 -0.205349
53657.398812 20.675 0.146 53657.400478 20.238 0.046 53657.397145 19.983 0.041 53657.397978 19.577 0.041 53657.399645 19.347 0.114 45.011276 -0.205349
53663.38336 20.592 0.165 53663.385026 20.311 0.058 53663.381693 19.975 0.038 53663.382526 19.617 0.03 53663.384193 19.463 0.069 45.011276 -0.205349
53665.361331 -99.99 0.133 53665.362997 20.33 0.067 53665.359664 20.11 0.032 53665.360497 19.715 0.028 53665.362164 19.514 0.089 45.011276 -0.205349
53666.453443 20.66 0.163 53666.455109 20.376 0.041 53666.451776 20.017 0.031 53666.452609 19.647 0.029 53666.454276 19.423 0.074 45.011276 -0.205349
53668.372959 20.716 0.135 53668.374625 20.45 0.038 53668.371292 20.054 0.033 53668.372125 19.699 0.032 53668.373792 19.619 0.099 45.011276 -0.205349
53669.35692 20.6 0.09 53669.358586 20.411 0.032 53669.355253 20.111 0.027 53669.356086 19.643 0.026 53669.357753 19.757 0.096 45.011276 -0.205349
53669.460572 20.993 0.204 53669.462238 20.328 0.038 53669.458905 20.059 0.032 53669.459738 19.666 0.035 53669.461405 19.57 0.114 45.011276 -0.205349
53670.377812 20.74 0.101 53670.379478 20.398 0.031 53670.376145 20.067 0.031 53670.376978 19.653 0.026 53670.378645 19.521 0.073 45.011276 -0.205349
53673.345799 20.771 0.074 53673.347465 20.401 0.021 53673.344132 20.06 0.021 53673.344965 19.665 0.021 53673.346632 19.508 0.058 45.011276 -0.205349
53674.341157 20.761 0.099 53674.342823 20.38 0.024 53674.33949 20.027 0.027 53674.340323 19.699 0.028 53674.34199 19.72 0.104 45.011276 -0.205349
53675.342687 20.645 0.072 53675.344353 20.359 0.022 53675.34102 20.094 0.025 53675.341853 19.691 0.025 53675.34352 19.612 0.081 45.011276 -0.205349
53680.350385 20.736 0.083 53680.352051 20.347 0.022 53680.348718 20.093 0.024 53680.349551 19.707 0.024 53680.351218 19.699 0.08 45.011276 -0.205349
53683.408935 20.678 0.243 53683.410601 20.309 0.06 53683.407268 20.133 0.142 53683.408101 -99.99 0.09 53683.409768 19.92 0.387 45.011276 -0.205349
53686.349816 20.593 0.166 53686.351482 20.33 0.063 53686.348149 20.073 0.042 53686.348982 19.667 0.032 53686.350649 19.726 0.11 45.011276 -0.205349
53687.296842 20.571 0.302 53687.298508 20.27 0.092 53687.295175 19.979 0.074 53687.296008 -99.99 0.047 53687.297675 -99.99 0.126 45.011276 -0.205349
53687.407201 -99.99 0.847 53687.408867 20.33 0.128 53687.405534 19.974 0.104 53687.406367 19.562 0.074 53687.408034 19.389 0.15 45.011276 -0.205349
53693.352275 21.036 0.317 53693.353941 20.271 0.062 53693.350608 19.923 0.047 53693.351441 19.595 0.035 53693.353108 19.438 0.087 45.011276 -0.205349
53694.366982 20.718 0.203 53694.368648 20.444 0.066 53694.365315 20.094 0.044 53694.366148 19.66 0.033 53694.367815 19.645 0.11 45.011276 -0.205349
53697.351054 20.774 0.127 53697.35272 20.374 0.034 53697.349387 20.03 0.027 53697.35022 19.683 0.026 53697.351887 19.732 0.093 45.011276 -0.205349
53699.373112 20.745 0.109 53699.374778 20.38 0.031 53699.371445 20.017 0.026 53699.372278 19.65 0.024 53699.373945 19.553 0.071 45.011276 -0.205349
53704.335596 20.691 0.097 53704.337262 20.299 0.025 53704.333929 20.075 0.025 53704.334762 19.694 0.028 53704.336429 19.565 0.082 45.011276 -0.205349
53975.421715 20.424 0.069 53975.423382 20.27 0.027 53975.420048 20.014 0.024 53975.420882 19.592 0.022 53975.422548 19.448 0.068 45.011276 -0.205349
53989.431683 20.533 0.124 53989.43335 20.149 0.052 53989.430017 19.978 0.031 53989.43085 19.619 0.027 53989.432517 19.515 0.058 45.011276 -0.205349
53996.428448 20.841 0.094 53996.430115 -99.99 0.035 53996.426781 20.004 0.027 53996.427615 19.658 0.026 53996.429281 19.564 0.084 45.011276 -0.205349
53997.455236 20.67 0.057 53997.456903 20.285 0.022 53997.453569 19.964 0.019 53997.454403 19.587 0.023 53997.456069 19.5 0.047 45.011276 -0.205349
54000.407113 20.674 0.068 54000.40878 20.3 0.026 54000.405446 20.034 0.025 54000.40628 19.676 0.025 54000.407946 19.641 0.085 45.011276 -0.205349
54005.441578 20.684 0.067 54005.443244 20.387 0.027 54005.439911 20.027 0.022 54005.440744 19.61 0.026 54005.442411 19.503 0.059 45.011276 -0.205349
54007.457214 20.775 0.07 54007.458881 20.337 0.024 54007.455547 20.009 0.022 54007.456381 19.642 0.021 54007.458047 19.642 0.071 45.011276 -0.205349
54009.381036 20.656 0.056 54009.382703 20.292 0.02 54009.37937 20.025 0.018 54009.380203 19.656 0.021 54009.38187 19.557 0.048 45.011276 -0.205349
54009.455413 20.777 0.063 54009.457079 20.359 0.027 54009.453746 20.045 0.02 54009.454579 19.675 0.02 54009.456246 19.554 0.051 45.011276 -0.205349
54011.445469 20.759 0.059 54011.447136 20.346 0.024 54011.443802 20.041 0.021 54011.444636 19.664 0.022 54011.446302 19.452 0.048 45.011276 -0.205349
54012.458329 20.616 0.078 54012.459995 20.4 0.025 54012.456662 20.077 0.027 54012.457495 19.639 0.027 54012.459162 19.436 0.077 45.011276 -0.205349
54019.440483 20.721 0.139 54019.44215 20.407 0.044 54019.438817 20.045 0.033 54019.43965 19.644 0.025 54019.441317 19.494 0.068 45.011276 -0.205349
54020.413446 20.829 0.151 54020.415113 20.351 0.044 54020.411779 20.059 0.032 54020.412613 19.689 0.038 54020.414279 19.55 0.08 45.011276 -0.205349
54024.462964 20.649 0.098 54024.46463 20.305 0.035 54024.461297 20.081 0.029 54024.46213 19.672 0.026 54024.463797 19.601 0.093 45.011276 -0.205349
54025.444482 20.844 0.103 54025.446149 20.368 0.026 54025.442815 20.091 0.026 54025.443649 19.733 0.026 54025.445315 19.503 0.069 45.011276 -0.205349
54035.450677 99.974 99.999 54035.452344 99.99 99.999 54035.449011 20.018 0.032 54035.449844 19.675 0.029 54035.451511 19.566 0.088 45.011276 -0.205349
54040.37063 99.983 99.999 54040.372297 99.991 99.999 54040.368963 20.054 0.023 54040.369797 19.615 0.021 54040.371463 19.435 0.058 45.011276 -0.205349
54050.357279 20.552 0.131 54050.358945 20.369 0.05 54050.355612 20.091 0.039 54050.356445 19.73 0.036 54050.358112 19.499 0.115 45.011276 -0.205349
54059.357441 -99.99 0.077 54059.359107 20.35 0.025 54059.355774 20.172 0.032 54059.356607 19.686 0.028 54059.358274 19.548 0.089 45.011276 -0.205349
54061.368447 20.771 0.141 54061.370113 20.306 0.031 54061.36678 -99.99 0.107 54061.367613 19.662 0.041 54061.36928 19.407 0.11 45.011276 -0.205349
54062.362327 20.762 0.078 54062.363994 20.424 0.025 54062.36066 20.105 0.024 54062.361494 19.703 0.025 54062.36316 19.785 0.09 45.011276 -0.205349
54064.358725 21.047 0.112 54064.360391 20.392 0.023 54064.357058 20.117 0.028 54064.357891 19.681 0.027 54064.359558 19.651 0.089 45.011276 -0.205349
54068.34288 99.977 99.999 54068.344546 20.467 0.041 54068.341213 20.188 0.034 54068.342046 19.663 0.03 54068.343713 19.816 0.123 45.011276 -0.205349
54346.438277 21.127 0.181 54346.439944 20.669 0.056 54346.43661 20.517 0.054 54346.437444 19.884 0.032 54346.43911 19.906 0.083 45.011276 -0.205349
54348.44223 21.091 0.118 54348.443896 20.637 0.034 54348.440563 20.377 0.031 54348.441396 19.888 0.029 54348.443063 19.767 0.082 45.011276 -0.205349
54357.400567 21.157 0.088 54357.402233 20.66 0.029 54357.3989 20.405 0.027 54357.399733 19.923 0.029 54357.4014 19.793 0.061 45.011276 -0.205349
54358.398059 20.913 0.1 54358.399725 20.672 0.03 54358.396392 20.358 0.032 54358.397225 19.916 0.035 54358.398892 19.857 0.107 45.011276 -0.205349
54362.450378 21.2 0.091 54362.452044 20.758 0.026 54362.448711 20.343 0.023 54362.449544 19.949 0.03 54362.451211 19.831 0.071 45.011276 -0.205349
54365.431128 21.007 0.076 54365.432795 20.702 0.025 54365.429461 20.342 0.026 54365.430295 19.958 0.03 54365.431961 19.719 0.068 45.011276 -0.205349
54381.450721 21.045 0.087 54381.452387 20.677 0.035 54381.449054 20.31 0.024 54381.449887 19.951 0.024 54381.451554 19.841 0.074 45.011276 -0.205349
54382.4306 20.915 0.118 54382.432267 20.584 0.066 54382.428933 20.253 0.036 54382.429767 19.869 0.037 54382.431433 19.727 0.11 45.011276 -0.205349
54386.442994 20.87 0.077 54386.444661 20.68 0.027 54386.441328 20.291 0.025 54386.442161 19.912 0.027 54386.443828 19.728 0.066 45.011276 -0.205349
54387.448879 20.778 0.115 54387.450545 20.615 0.032 54387.447212 -99.99 0.048 54387.448045 19.842 0.042 54387.449712 19.662 0.106 45.011276 -0.205349
54388.447279 20.987 0.086 54388.448946 20.657 0.028 54388.445612 20.321 0.024 54388.446446 19.923 0.023 54388.448112 19.782 0.072 45.011276 -0.205349
54390.441312 20.739 0.126 54390.442979 20.698 0.038 54390.439645 -99.99 0.184 54390.440479 19.907 0.05 54390.442145 20.073 0.301 45.011276 -0.205349
54392.444848 20.965 0.098 54392.446515 -99.99 0.038 54392.443181 -99.99 0.04 54392.444015 19.896 0.035 54392.445681 -99.99 0.138 45.011276 -0.205349
54402.442087 21.963 0.786 54402.443753 20.825 0.106 54402.44042 20.476 0.07 54402.441253 19.912 0.047 54402.44292 19.6 0.089 45.011276 -0.205349
54403.361084 20.727 0.136 54403.362751 20.656 0.052 54403.359417 20.391 0.038 54403.360251 19.927 0.032 54403.361917 19.842 0.086 45.011276 -0.205349
54406.354925 21.051 0.103 54406.356592 20.713 0.031 54406.353258 20.327 0.027 54406.354092 19.889 0.024 54406.355758 19.813 0.067 45.011276 -0.205349
54409.359721 21.01 0.08 54409.361388 20.707 0.032 54409.358055 20.309 0.024 54409.358888 19.912 0.026 54409.360555 19.85 0.075 45.011276 -0.205349
54412.380698 21.006 0.145 54412.382364 20.645 0.038 54412.379031 20.345 0.039 54412.379864 19.93 0.041 54412.381531 19.695 0.117 45.011276 -0.205349
