51081.416756 20.702 0.088 51081.418422 20.331 0.026 51081.415089 20.174 0.03 51081.415922 20.06 0.037 51081.417589 19.655 0.091 48.082077 -0.802239
51875.231739 21.072 0.115 51875.233405 20.665 0.03 51875.230072 20.439 0.035 51875.230905 20.192 0.038 51875.232572 19.87 0.101 48.082077 -0.802239
52171.464129 20.659 0.076 52171.465795 20.365 0.022 52171.462462 20.209 0.025 52171.463295 20.074 0.027 52171.464962 19.93 0.083 48.082077 -0.802239
52225.312557 20.648 0.078 52225.314223 20.338 0.021 52225.31089 20.197 0.026 52225.311723 20.223 0.031 52225.31339 19.804 0.075 48.082077 -0.802239
52288.146979 20.54 0.072 52288.148645 20.245 0.021 52288.145312 20.08 0.024 52288.146145 20.057 0.027 52288.147812 19.885 0.081 48.082077 -0.802239
52551.420266 20.656 0.079 52551.421932 20.326 0.023 52551.418599 20.174 0.027 52551.419432 20.055 0.03 52551.421099 19.92 0.1 48.082077 -0.802239
52558.45314 20.634 0.071 52558.454806 20.339 0.021 52558.451473 20.162 0.024 52558.452306 20.075 0.027 52558.453973 19.825 0.087 48.082077 -0.802239
52578.324748 20.744 0.077 52578.326414 20.307 0.02 52578.323081 20.146 0.022 52578.323914 20.075 0.026 52578.325581 19.772 0.07 48.082077 -0.802239
52585.287728 20.796 0.084 52585.289394 20.32 0.021 52585.286061 20.182 0.027 52585.286894 20.059 0.033 52585.288561 19.925 0.106 48.082077 -0.802239
52909.454363 20.721 0.077 52909.456029 20.344 0.02 52909.452696 20.189 0.023 52909.453529 20.063 0.025 52909.455196 19.753 0.07 48.082077 -0.802239
52910.424604 20.671 0.096 52910.42627 20.361 0.025 52910.422937 20.155 0.028 52910.42377 20.029 0.027 52910.425437 19.789 0.087 48.082077 -0.802239
52935.351774 20.625 0.081 52935.35344 20.308 0.022 52935.350107 20.142 0.026 52935.35094 20.017 0.031 52935.352607 19.707 0.088 48.082077 -0.802239
52963.274853 20.553 0.065 52963.276519 20.267 0.02 52963.273186 20.166 0.023 52963.274019 20.016 0.024 52963.275686 19.735 0.068 48.082077 -0.802239
53351.197158 20.91 0.11 53351.198824 20.527 0.027 53351.195491 20.316 0.034 53351.196324 20.103 0.034 53351.197991 19.699 0.09 48.082077 -0.802239
53622.454204 21.089 0.098 53622.45587 20.445 0.022 53622.452537 20.299 0.024 53622.45337 20.094 0.024 53622.455037 19.779 0.061 48.082077 -0.802239
53627.411302 21.011 0.113 53627.412968 20.423 0.025 53627.409635 20.26 0.03 53627.410468 20.092 0.03 53627.412135 19.728 0.079 48.082077 -0.802239
53634.403675 21.024 0.275 53634.405341 20.457 0.074 53634.402008 20.291 0.06 53634.402841 20.235 0.051 53634.404508 19.871 0.099 48.082077 -0.802239
53638.445012 21.014 0.161 53638.446678 20.422 0.038 53638.443345 20.255 0.031 53638.444178 20.12 0.035 53638.445845 19.869 0.117 48.082077 -0.802239
53640.409048 20.763 0.111 53640.410714 20.483 0.03 53640.407381 20.298 0.031 53640.408214 20.094 0.031 53640.409881 19.81 0.088 48.082077 -0.802239
53643.451524 20.902 0.134 53643.45319 20.542 0.033 53643.449857 20.346 0.033 53643.45069 20.103 0.036 53643.452357 19.899 0.119 48.082077 -0.802239
53646.470456 20.909 0.112 53646.472122 20.459 0.025 53646.468789 20.3 0.027 53646.469622 20.192 0.032 53646.471289 19.831 0.09 48.082077 -0.802239
53657.2892 -99.99 1.004 53657.290866 20.449 0.115 53657.287533 20.163 0.083 53657.288366 20.005 0.08 53657.290033 19.86 0.263 48.082077 -0.802239
53657.45349 21.084 0.153 53657.455156 20.445 0.027 53657.451823 20.245 0.032 53657.452656 20.157 0.037 53657.454323 19.722 0.099 48.082077 -0.802239
53663.470873 21.049 0.426 53663.472539 20.337 0.085 53663.469206 20.182 0.068 53663.470039 19.994 0.052 53663.471706 19.566 0.105 48.082077 -0.802239
53665.470805 20.672 0.218 53665.472471 20.612 0.079 53665.469138 20.169 0.043 53665.469971 20.084 0.045 53665.471638 19.9 0.157 48.082077 -0.802239
53668.459421 20.917 0.251 53668.461087 20.385 0.048 53668.457754 20.243 0.048 53668.458587 20.033 0.049 53668.460254 19.558 0.124 48.082077 -0.802239
53669.365423 20.893 0.154 53669.367089 20.442 0.037 53669.363756 20.267 0.034 53669.364589 20.105 0.036 53669.366256 20.022 0.131 48.082077 -0.802239
53670.465393 20.729 0.233 53670.467059 20.551 0.053 53670.463726 20.278 0.051 53670.464559 20.107 0.056 53670.466226 19.777 0.146 48.082077 -0.802239
53671.450172 20.814 0.137 53671.451838 20.542 0.031 53671.448505 20.33 0.035 53671.449338 20.136 0.036 53671.451005 19.77 0.092 48.082077 -0.802239
53674.349661 20.779 0.138 53674.351327 20.427 0.028 53674.347994 20.219 0.038 53674.348827 20.125 0.05 53674.350494 19.805 0.126 48.082077 -0.802239
53676.439115 21.05 0.159 53676.440781 20.536 0.029 53676.437448 20.327 0.034 53676.438281 20.138 0.037 53676.439948 19.916 0.098 48.082077 -0.802239
53679.411018 20.847 0.124 53679.412684 20.53 0.029 53679.409351 20.312 0.042 53679.410184 20.157 0.047 53679.411851 19.926 0.134 48.082077 -0.802239
53681.402531 20.909 0.133 53681.404197 20.48 0.029 53681.400864 20.31 0.031 53681.401697 20.186 0.034 53681.403364 19.738 0.089 48.082077 -0.802239
53684.364029 21.021 0.244 53684.365695 20.421 0.04 53684.362362 20.206 0.074 53684.363195 20.31 0.106 53684.364862 20.048 0.23 48.082077 -0.802239
53687.305344 21.165 0.402 53687.30701 20.446 0.098 53687.303677 20.441 0.077 53687.30451 20.294 0.067 53687.306177 20.006 0.14 48.082077 -0.802239
53694.37549 20.699 0.245 53694.377156 20.543 0.065 53694.373823 20.274 0.053 53694.374656 20.118 0.049 53694.376323 19.719 0.099 48.082077 -0.802239
53696.368249 21.01 0.192 53696.369915 20.461 0.042 53696.366582 20.287 0.032 53696.367415 20.189 0.035 53696.369082 19.623 0.078 48.082077 -0.802239
53697.359556 20.617 0.126 53697.361222 20.528 0.039 53697.357889 20.334 0.037 53697.358722 20.143 0.035 53697.360389 19.813 0.097 48.082077 -0.802239
53700.358512 21.021 0.169 53700.360178 20.471 0.027 53700.356845 20.271 0.034 53700.357678 20.152 0.05 53700.359345 20.077 0.154 48.082077 -0.802239
53705.345183 21.104 0.192 53705.346849 20.514 0.036 53705.343516 20.235 0.035 53705.344349 20.161 0.042 53705.346016 19.903 0.138 48.082077 -0.802239
53975.430303 21.022 0.179 53975.431969 20.41 0.053 53975.428636 20.322 0.038 53975.429469 20.105 0.072 53975.431136 19.706 0.112 48.082077 -0.802239
53994.453208 20.84 0.103 53994.454875 20.441 0.028 53994.451542 20.274 0.029 53994.452375 20.203 0.04 53994.454042 19.931 0.085 48.082077 -0.802239
53996.436981 21.12 0.162 53996.438648 20.49 0.055 53996.435314 20.284 0.042 53996.436148 20.143 0.053 53996.437814 20.015 0.117 48.082077 -0.802239
54005.450097 20.96 0.1 54005.451764 20.478 0.025 54005.44843 20.357 0.026 54005.449264 20.217 0.03 54005.45093 19.999 0.084 48.082077 -0.802239
54009.463903 20.857 0.089 54009.46557 20.487 0.028 54009.462237 20.312 0.027 54009.46307 20.183 0.026 54009.464737 19.957 0.079 48.082077 -0.802239
54010.39107 20.769 0.075 54010.392737 20.494 0.028 54010.389403 20.302 0.024 54010.390237 20.204 0.025 54010.391903 19.789 0.058 48.082077 -0.802239
54012.383912 20.756 0.106 54012.385579 20.408 0.041 54012.382246 20.31 0.032 54012.383079 20.178 0.031 54012.384746 19.802 0.08 48.082077 -0.802239
54020.421934 20.957 0.191 54020.4236 20.504 0.05 54020.420267 20.291 0.042 54020.4211 20.142 0.039 54020.422767 19.972 0.108 48.082077 -0.802239
54024.471445 20.955 0.214 54024.473112 20.477 0.044 54024.469778 20.318 0.039 54024.470612 20.212 0.048 54024.472278 20.114 0.163 48.082077 -0.802239
54028.459754 -99.99 0.126 54028.461421 20.435 0.03 54028.458088 20.34 0.033 54028.458921 20.205 0.036 54028.460588 19.847 0.101 48.082077 -0.802239
54030.415176 20.788 0.087 54030.416842 20.445 0.023 54030.413509 20.297 0.03 54030.414342 20.154 0.038 54030.416009 19.818 0.081 48.082077 -0.802239
54035.45921 21.044 0.158 54035.460876 20.43 0.033 54035.457543 20.33 0.042 54035.458376 20.142 0.039 54035.460043 19.885 0.116 48.082077 -0.802239
54037.364674 20.843 0.081 54037.366341 20.499 0.028 54037.363007 20.328 0.024 54037.363841 20.137 0.024 54037.365507 19.787 0.062 48.082077 -0.802239
54040.379181 20.905 0.087 54040.380848 20.498 0.025 54040.377514 20.323 0.027 54040.378348 20.202 0.03 54040.380014 19.87 0.084 48.082077 -0.802239
54041.414675 20.846 0.095 54041.416342 20.513 0.032 54041.413008 20.337 0.031 54041.413842 20.141 0.03 54041.415508 19.961 0.086 48.082077 -0.802239
54047.409666 -99.99 0.23 54047.411332 20.351 0.077 54047.407999 20.345 0.068 54047.408832 20.271 0.062 54047.410499 19.928 0.123 48.082077 -0.802239
54049.405639 20.689 0.21 54049.407306 20.497 0.064 54049.403973 20.275 0.046 54049.404806 20.196 0.048 54049.406473 19.793 0.122 48.082077 -0.802239
54050.365768 -99.99 0.196 54050.367435 20.583 0.068 54050.364102 20.307 0.054 54050.364935 20.24 0.054 54050.366602 20.114 0.215 48.082077 -0.802239
54053.385316 20.886 0.119 54053.386982 20.433 0.034 54053.383649 20.364 0.036 54053.384482 20.091 0.039 54053.386149 19.664 0.113 48.082077 -0.802239
54056.371663 20.81 0.11 54056.37333 20.5 0.03 54056.369996 20.331 0.033 54056.37083 20.203 0.035 54056.372496 19.986 0.114 48.082077 -0.802239
54059.365963 20.859 0.123 54059.36763 20.464 0.038 54059.364297 20.334 0.035 54059.36513 20.227 0.044 54059.366797 20.049 0.136 48.082077 -0.802239
54061.376971 21.014 0.21 54061.378638 20.571 0.043 54061.375304 20.369 0.043 54061.376138 20.213 0.054 54061.377804 20.202 0.235 48.082077 -0.802239
54062.370763 21.102 0.115 54062.37243 20.595 0.027 54062.369097 20.375 0.026 54062.36993 20.133 0.033 54062.371597 20.017 0.105 48.082077 -0.802239
54064.367248 21.092 0.156 54064.368914 20.538 0.032 54064.365581 20.364 0.038 54064.366414 20.184 0.041 54064.368081 19.514 0.091 48.082077 -0.802239
54068.351403 20.985 0.202 54068.35307 20.558 0.038 54068.349736 20.325 0.044 54068.35057 20.199 0.07 54068.352236 20.023 0.204 48.082077 -0.802239
54357.409062 20.757 0.091 54357.410729 20.346 0.026 54357.407396 20.289 0.025 54357.408229 20.071 0.035 54357.409896 19.844 0.065 48.082077 -0.802239
54362.458897 20.732 0.08 54362.460564 20.363 0.022 54362.45723 20.255 0.028 54362.458064 20.167 0.029 54362.45973 19.849 0.077 48.082077 -0.802239
54376.453958 20.666 0.097 54376.455625 -99.99 0.034 54376.452291 20.267 0.03 54376.453125 20.156 0.032 54376.454791 19.81 0.082 48.082077 -0.802239
54382.439108 20.72 0.101 54382.440774 20.371 0.024 54382.437441 20.33 0.032 54382.438274 20.186 0.041 54382.439941 19.866 0.105 48.082077 -0.802239
54385.456906 20.675 0.083 54385.458573 20.35 0.024 54385.45524 20.275 0.027 54385.456073 20.176 0.028 54385.45774 19.947 0.08 48.082077 -0.802239
54387.457409 20.796 0.142 54387.459075 20.405 0.028 54387.455742 20.168 0.032 54387.456575 20.111 0.034 54387.458242 19.834 0.107 48.082077 -0.802239
54390.449914 -99.99 0.194 54390.451581 20.315 0.055 54390.448248 20.287 0.056 54390.449081 20.124 0.075 54390.450748 20.336 0.267 48.082077 -0.802239
54391.458265 20.586 0.125 54391.459932 -99.99 0.041 54391.456599 20.131 0.047 54391.457432 20.146 0.054 54391.459099 19.836 0.151 48.082077 -0.802239
54402.45057 20.838 0.327 54402.452237 20.317 0.088 54402.448904 20.254 0.06 54402.449737 20.135 0.054 54402.451404 19.884 0.122 48.082077 -0.802239
