51081.264099 19.707 0.046 51081.265765 19.562 0.016 51081.262432 19.311 0.018 51081.263265 18.974 0.019 51081.264932 18.862 0.055 -7.022242 -0.371563
51467.359255 19.766 0.062 51467.360921 19.539 0.018 51467.357588 19.314 0.019 51467.358421 18.972 0.02 51467.360088 18.632 0.059 -7.022242 -0.371563
51819.335262 19.702 0.037 51819.336928 19.45 0.013 51819.333595 19.223 0.013 51819.334428 18.854 0.013 51819.336095 18.726 0.038 -7.022242 -0.371563
52558.300531 19.665 0.037 52558.302197 19.364 0.014 52558.298864 19.156 0.016 52558.299697 18.76 0.016 52558.301364 18.671 0.035 -7.022242 -0.371563
52577.188028 19.653 0.038 52577.189694 19.397 0.013 52577.186361 19.201 0.014 52577.187194 18.849 0.016 52577.188861 18.729 0.047 -7.022242 -0.371563
52586.191507 19.771 0.037 52586.193173 19.419 0.012 52586.18984 19.207 0.014 52586.190673 18.875 0.015 52586.19234 18.691 0.045 -7.022242 -0.371563
52910.271989 19.737 0.033 52910.273655 19.449 0.012 52910.270322 19.248 0.012 52910.271155 18.862 0.012 52910.272822 18.717 0.033 -7.022242 -0.371563
52931.20219 19.748 0.037 52931.203856 19.443 0.013 52931.200523 19.224 0.013 52931.201356 18.859 0.013 52931.203023 18.78 0.039 -7.022242 -0.371563
52935.199153 19.713 0.037 52935.200819 19.387 0.012 52935.197486 19.218 0.014 52935.198319 18.855 0.014 52935.199986 18.723 0.041 -7.022242 -0.371563
52959.142481 19.656 0.033 52959.144147 19.37 0.011 52959.140814 19.166 0.012 52959.141647 18.835 0.013 52959.143314 18.692 0.032 -7.022242 -0.371563
52963.122225 19.666 0.031 52963.123891 19.355 0.011 52963.120558 19.148 0.012 52963.121391 18.824 0.012 52963.123058 18.718 0.031 -7.022242 -0.371563
53313.192354 19.885 0.056 53313.19402 19.543 0.017 53313.190687 19.293 0.017 53313.19152 18.888 0.018 53313.193187 18.882 0.061 -7.022242 -0.371563
53352.09329 19.902 0.039 53352.094956 19.579 0.013 53352.091623 19.308 0.013 53352.092456 18.875 0.013 53352.094123 18.778 0.043 -7.022242 -0.371563
53622.301596 19.737 0.047 53622.303262 19.397 0.014 53622.299929 19.195 0.016 53622.300762 18.859 0.016 53622.302429 18.682 0.046 -7.022242 -0.371563
53634.251066 19.594 0.115 53634.252732 19.359 0.04 53634.249399 19.118 0.033 53634.250232 18.804 0.025 53634.251899 18.593 0.064 -7.022242 -0.371563
53636.256599 19.677 0.065 53636.258265 19.412 0.025 53636.254932 19.202 0.018 53636.255765 18.848 0.017 53636.257432 18.694 0.061 -7.022242 -0.371563
53638.292399 19.771 0.044 53638.294065 19.395 0.013 53638.290732 19.196 0.013 53638.291565 18.779 0.013 53638.293232 18.639 0.035 -7.022242 -0.371563
53640.256436 -99.99 0.101 53640.258102 19.432 0.015 53640.254769 -99.99 0.057 53640.255602 -99.99 0.017 53640.257269 18.734 0.053 -7.022242 -0.371563
53655.228606 19.532 0.07 53655.230272 -99.99 0.034 53655.226939 19.173 0.029 53655.227772 -99.99 0.022 53655.229439 18.859 0.081 -7.022242 -0.371563
53664.253563 19.682 0.068 53664.255229 19.402 0.025 53664.251896 19.175 0.02 53664.252729 18.788 0.018 53664.254396 18.652 0.047 -7.022242 -0.371563
53666.217166 19.751 0.04 53666.218832 19.421 0.014 53666.215499 19.198 0.014 53666.216332 18.828 0.013 53666.217999 18.661 0.036 -7.022242 -0.371563
53669.212805 19.743 0.039 53669.214471 19.406 0.015 53669.211138 19.183 0.018 53669.211971 18.816 0.02 53669.213638 18.613 0.039 -7.022242 -0.371563
53671.297582 19.715 0.053 53671.299248 19.41 0.014 53671.295915 19.189 0.015 53671.296748 18.871 0.016 53671.298415 18.773 0.047 -7.022242 -0.371563
53674.197039 19.816 0.042 53674.198705 19.451 0.015 53674.195372 19.229 0.016 53674.196205 18.832 0.017 53674.197872 18.646 0.036 -7.022242 -0.371563
53676.286526 19.725 0.048 53676.288192 19.453 0.014 53676.284859 19.208 0.015 53676.285692 18.813 0.013 53676.287359 18.691 0.037 -7.022242 -0.371563
53679.258413 19.762 0.052 53679.260079 19.406 0.015 53679.256746 19.183 0.017 53679.257579 18.84 0.018 53679.259246 18.696 0.048 -7.022242 -0.371563
53681.249926 19.712 0.04 53681.251592 19.442 0.012 53681.248259 19.185 0.014 53681.249092 18.846 0.013 53681.250759 18.727 0.034 -7.022242 -0.371563
53685.208975 19.65 0.147 53685.210641 19.475 0.055 53685.207308 19.175 0.049 53685.208141 18.847 0.039 53685.209808 -99.99 0.08 -7.022242 -0.371563
53687.247315 -99.99 0.092 53687.248981 19.401 0.032 53687.245648 19.195 0.024 53687.246481 18.859 0.018 53687.248148 18.699 0.041 -7.022242 -0.371563
53697.206948 19.724 0.06 53697.208614 19.436 0.021 53697.205281 19.198 0.024 53697.206114 18.853 0.021 53697.207781 -99.99 0.064 -7.022242 -0.371563
53700.205908 19.886 0.049 53700.207574 19.468 0.017 53700.204241 19.185 0.018 53700.205074 18.831 0.019 53700.206741 18.725 0.048 -7.022242 -0.371563
53705.192578 19.712 0.04 53705.194244 19.442 0.014 53705.190911 19.202 0.013 53705.191744 18.856 0.013 53705.193411 18.707 0.035 -7.022242 -0.371563
53975.27758 19.789 0.046 53975.279246 19.496 0.025 53975.275913 19.237 0.024 53975.276746 18.858 0.018 53975.278413 18.67 0.045 -7.022242 -0.371563
53993.345379 19.795 0.047 53993.347045 -99.99 0.033 53993.343712 19.272 0.022 53993.344545 18.875 0.016 53993.346212 -99.99 0.055 -7.022242 -0.371563
53996.284301 -99.99 0.035 53996.285967 19.482 0.024 53996.282634 19.245 0.019 53996.283467 18.915 0.02 53996.285134 18.734 0.038 -7.022242 -0.371563
53998.252983 19.77 0.033 53998.25465 19.502 0.023 53998.251317 19.25 0.02 53998.25215 18.9 0.021 53998.253817 18.737 0.034 -7.022242 -0.371563
54005.283186 19.735 0.036 54005.284853 19.484 0.02 54005.281519 19.237 0.02 54005.282353 18.852 0.026 54005.284019 18.706 0.034 -7.022242 -0.371563
54010.238411 19.722 0.038 54010.240078 19.47 0.021 54010.236744 19.237 0.016 54010.237578 18.867 0.023 54010.239244 18.732 0.034 -7.022242 -0.371563
54012.231269 19.897 0.078 54012.232935 19.441 0.027 54012.229602 19.24 0.022 54012.230435 18.789 0.025 54012.232102 18.757 0.038 -7.022242 -0.371563
54020.237337 19.684 0.043 54020.239004 19.505 0.019 54020.23567 19.201 0.02 54020.236504 18.866 0.017 54020.23817 18.716 0.043 -7.022242 -0.371563
54022.286514 19.641 0.083 54022.28818 19.43 0.023 54022.284847 19.229 0.021 54022.28568 18.824 0.024 54022.287347 18.605 0.071 -7.022242 -0.371563
54028.227732 19.708 0.05 54028.229399 19.443 0.025 54028.226065 19.213 0.02 54028.226899 18.855 0.019 54028.228565 18.67 0.042 -7.022242 -0.371563
54030.230791 19.762 0.035 54030.232457 19.479 0.02 54030.229124 19.216 0.016 54030.229957 18.872 0.015 54030.231624 18.688 0.033 -7.022242 -0.371563
54035.306568 19.716 0.053 54035.308234 19.425 0.02 54035.304901 19.183 0.022 54035.305734 18.846 0.02 54035.307401 18.717 0.049 -7.022242 -0.371563
54037.212035 19.654 0.046 54037.213702 19.482 0.018 54037.210368 19.174 0.022 54037.211202 18.828 0.022 54037.212868 18.755 0.054 -7.022242 -0.371563
54040.226576 19.703 0.083 54040.228242 19.436 0.029 54040.224909 19.2 0.022 54040.225742 18.862 0.022 54040.227409 18.795 0.045 -7.022242 -0.371563
54047.257071 19.949 0.148 54047.258738 19.514 0.038 54047.255404 19.195 0.037 54047.256238 18.864 0.066 54047.257904 18.723 0.054 -7.022242 -0.371563
54049.253053 19.703 0.071 54049.25472 19.422 0.026 54049.251387 19.206 0.021 54049.25222 18.827 0.024 54049.253887 18.654 0.047 -7.022242 -0.371563
54053.217316 19.742 0.039 54053.218983 19.455 0.02 54053.215649 19.185 0.021 54053.216483 18.784 0.019 54053.218149 18.72 0.039 -7.022242 -0.371563
54056.218999 19.651 0.057 54056.220665 19.458 0.027 54056.217332 19.198 0.022 54056.218165 18.876 0.02 54056.219832 18.688 0.062 -7.022242 -0.371563
54059.213285 19.759 0.057 54059.214951 19.417 0.018 54059.211618 19.196 0.043 54059.212451 18.811 0.025 54059.214118 18.65 0.045 -7.022242 -0.371563
54062.218211 19.733 0.054 54062.219878 19.4 0.046 54062.216544 19.177 0.018 54062.217378 18.795 0.037 54062.219044 18.611 0.056 -7.022242 -0.371563
54357.256463 19.676 0.042 54357.258129 19.312 0.018 54357.254796 19.048 0.017 54357.255629 18.698 0.019 54357.257296 18.513 0.037 -7.022242 -0.371563
54362.306357 19.57 0.036 54362.308023 19.253 0.025 54362.30469 19.02 0.019 54362.305523 18.734 0.028 54362.30719 18.563 0.041 -7.022242 -0.371563
54385.304323 19.62 0.038 54385.30599 19.303 0.02 54385.302657 19.051 0.023 54385.30349 18.721 0.02 54385.305157 18.498 0.032 -7.022242 -0.371563
54387.304783 -99.99 0.041 54387.306449 19.251 0.02 54387.303116 19.055 0.02 54387.303949 18.676 0.017 54387.305616 18.564 0.04 -7.022242 -0.371563
54392.299502 19.561 0.044 54392.301169 19.272 0.021 54392.297835 19.048 0.027 54392.298669 18.715 0.018 54392.300335 18.567 0.037 -7.022242 -0.371563
54402.298008 -99.99 0.081 54402.299675 -99.99 0.026 54402.296342 19.045 0.024 54402.297175 18.716 0.019 54402.298842 18.553 0.04 -7.022242 -0.371563
