51075.425161 20.385 0.06 51075.426827 20.22 0.023 51075.423494 20.117 0.026 51075.424327 19.941 0.033 51075.425994 19.833 0.122 45.235716 -0.512381
51818.394788 20.407 0.066 51818.396454 20.115 0.019 51818.393121 19.933 0.021 51818.393954 19.746 0.023 51818.395621 19.828 0.087 45.235716 -0.512381
52171.382924 20.707 0.083 52171.38459 20.222 0.021 52171.381257 20.074 0.023 52171.38209 19.909 0.027 52171.383757 20.008 0.093 45.235716 -0.512381
52173.359233 20.674 0.099 52173.360899 20.25 0.023 52173.357566 20.088 0.027 52173.358399 19.927 0.032 52173.360066 19.821 0.131 45.235716 -0.512381
52224.339336 20.512 0.065 52224.341002 20.188 0.02 52224.337669 20.111 0.022 52224.338502 19.865 0.022 52224.340169 19.903 0.086 45.235716 -0.512381
52234.295826 20.534 0.086 52234.297492 20.242 0.023 52234.294159 20.05 0.024 52234.294992 19.855 0.027 52234.296659 20.062 0.109 45.235716 -0.512381
52261.259182 20.386 0.069 52261.260848 20.146 0.019 52261.257515 20.032 0.021 52261.258348 19.852 0.023 52261.260015 19.899 0.087 45.235716 -0.512381
52283.126554 20.491 0.082 52283.12822 20.22 0.025 52283.124887 20.092 0.03 52283.12572 19.895 0.033 52283.127387 19.858 0.133 45.235716 -0.512381
52287.139677 20.478 0.072 52287.141343 20.192 0.023 52287.13801 20.076 0.025 52287.138843 19.919 0.027 52287.14051 19.979 0.119 45.235716 -0.512381
52552.45837 20.647 0.077 52552.460036 20.282 0.021 52552.456703 20.159 0.023 52552.457536 19.915 0.025 52552.459203 19.859 0.089 45.235716 -0.512381
52557.43273 20.495 0.079 52557.434396 20.251 0.021 52557.431063 20.143 0.027 52557.431896 19.922 0.03 52557.433563 19.673 0.095 45.235716 -0.512381
52585.334059 20.547 0.06 52585.335725 20.302 0.02 52585.332392 20.206 0.022 52585.333225 19.932 0.023 52585.334892 19.9 0.088 45.235716 -0.512381
52908.407298 20.812 0.094 52908.408964 20.38 0.023 52908.405631 20.257 0.026 52908.406464 19.939 0.027 52908.408131 20.063 0.117 45.235716 -0.512381
52912.386736 20.65 0.083 52912.388402 20.397 0.023 52912.385069 20.213 0.024 52912.385902 19.965 0.025 52912.387569 20.021 0.097 45.235716 -0.512381
52934.339204 20.605 0.08 52934.34087 20.244 0.021 52934.337537 20.115 0.026 52934.33837 19.851 0.026 52934.340037 20.157 0.13 45.235716 -0.512381
52936.33513 20.644 0.071 52936.336796 20.247 0.019 52936.333463 20.103 0.023 52936.334296 19.935 0.026 52936.335963 19.931 0.094 45.235716 -0.512381
53270.399185 20.489 0.058 53270.400851 20.197 0.027 53270.397518 20.057 0.021 53270.398351 19.823 0.021 53270.400018 19.919 0.064 45.235716 -0.512381
53272.449129 20.467 0.08 53272.450795 20.154 0.02 53272.447462 20.035 0.023 53272.448295 19.825 0.027 53272.449962 20.038 0.112 45.235716 -0.512381
53286.417848 20.254 0.07 53286.419514 20.072 0.022 53286.416181 19.977 0.025 53286.417014 19.722 0.025 53286.418681 19.887 0.096 45.235716 -0.512381
53288.37634 20.399 0.068 53288.378006 20.117 0.018 53288.374673 19.977 0.022 53288.375506 19.805 0.023 53288.377173 19.82 0.086 45.235716 -0.512381
53294.424012 20.381 0.075 53294.425678 20.138 0.029 53294.422345 20.187 0.066 53294.423178 19.81 0.042 53294.424845 20.018 0.137 45.235716 -0.512381
53296.37102 20.306 0.066 53296.372686 20.115 0.028 53296.369353 20.068 0.026 53296.370186 19.769 0.027 53296.371853 19.805 0.095 45.235716 -0.512381
53298.42079 20.432 0.065 53298.422456 20.095 0.018 53298.419123 20.034 0.025 53298.419956 19.863 0.026 53298.421623 19.906 0.11 45.235716 -0.512381
53302.37201 20.437 0.092 53302.373676 20.072 0.03 53302.370343 20.005 0.028 53302.371176 19.901 0.028 53302.372843 19.903 0.095 45.235716 -0.512381
53312.327568 20.498 0.097 53312.329235 20.054 0.031 53312.325901 20.024 0.026 53312.326735 19.884 0.031 53312.328401 19.708 0.094 45.235716 -0.512381
53314.32874 20.353 0.081 53314.330406 20.093 0.026 53314.327073 19.977 0.026 53314.327906 19.813 0.027 53314.329573 19.843 0.104 45.235716 -0.512381
53319.316538 20.34 0.079 53319.318204 20.042 0.022 53319.314871 19.906 0.027 53319.315704 19.716 0.028 53319.317371 19.541 0.09 45.235716 -0.512381
53616.433092 20.608 0.091 53616.434758 20.23 0.022 53616.431425 20.089 0.027 53616.432258 19.872 0.029 53616.433925 19.902 0.107 45.235716 -0.512381
53626.40952 20.56 0.146 53626.411186 -99.99 1.043 53626.407853 20.149 0.033 53626.408686 19.994 0.04 53626.410353 -99.99 0.158 45.235716 -0.512381
53628.394385 20.665 0.108 53628.396051 20.307 0.034 53628.392718 20.202 0.035 53628.393551 19.924 0.035 53628.395218 19.942 0.12 45.235716 -0.512381
53639.441381 20.69 0.109 53639.443047 20.415 0.03 53639.439714 20.191 0.026 53639.440547 20.024 0.028 53639.442214 19.919 0.086 45.235716 -0.512381
53641.440546 20.645 0.099 53641.442212 20.383 0.03 53641.438879 20.206 0.029 53641.439712 19.991 0.028 53641.441379 19.82 0.097 45.235716 -0.512381
53657.399431 20.678 0.162 53657.401097 20.429 0.054 53657.397764 20.163 0.051 53657.398597 19.967 0.052 53657.400264 20.007 0.177 45.235716 -0.512381
53663.383979 20.734 0.194 53663.385645 20.35 0.076 53663.382312 20.297 0.048 53663.383145 19.989 0.036 53663.384812 20.068 0.116 45.235716 -0.512381
53665.361952 20.665 0.144 53665.363618 20.394 0.078 53665.360285 20.245 0.038 53665.361118 19.964 0.031 53665.362785 20.018 0.208 45.235716 -0.512381
53666.454065 20.879 0.201 53666.455731 20.421 0.044 53666.452398 20.242 0.039 53666.453231 19.993 0.034 53666.454898 20.097 0.117 45.235716 -0.512381
53668.37358 21.167 0.213 53668.375246 20.487 0.043 53668.371913 20.247 0.038 53668.372746 20.002 0.038 53668.374413 20.055 0.138 45.235716 -0.512381
53669.461192 20.799 0.2 53669.462858 20.464 0.048 53669.459525 20.277 0.046 53669.460358 19.905 0.039 53669.462025 19.894 0.141 45.235716 -0.512381
53670.378432 20.932 0.13 53670.380098 20.396 0.034 53670.376765 20.256 0.034 53670.377598 19.881 0.03 53670.379265 19.899 0.114 45.235716 -0.512381
53673.34642 20.758 0.085 53673.348086 20.494 0.023 53673.344753 20.269 0.026 53673.345586 19.973 0.024 53673.347253 19.977 0.082 45.235716 -0.512381
53675.343307 20.713 0.092 53675.344973 20.501 0.025 53675.34164 20.214 0.029 53675.342473 20.003 0.029 53675.34414 20.189 0.126 45.235716 -0.512381
53680.351005 20.893 0.11 53680.352671 20.49 0.026 53680.349338 20.237 0.029 53680.350171 19.994 0.028 53680.351838 19.948 0.095 45.235716 -0.512381
53683.409556 20.53 0.259 53683.411222 20.417 0.091 53683.407889 19.922 0.126 53683.408722 19.8 0.095 53683.410389 -99.99 0.443 45.235716 -0.512381
53686.350436 20.494 0.167 53686.352102 20.481 0.066 53686.348769 20.205 0.046 53686.349602 19.94 0.038 53686.351269 20.058 0.135 45.235716 -0.512381
53687.40782 20.559 0.371 53687.409486 20.518 0.125 53687.406153 20.255 0.116 53687.406986 -99.99 0.072 53687.408653 -99.99 0.145 45.235716 -0.512381
53693.352896 20.944 0.327 53693.354562 20.477 0.079 53693.351229 20.18 0.057 53693.352062 19.888 0.043 53693.353729 19.867 0.128 45.235716 -0.512381
53699.373732 20.896 0.15 53699.375398 20.363 0.032 53699.372065 20.254 0.031 53699.372898 19.927 0.027 53699.374565 20.147 0.123 45.235716 -0.512381
53704.336216 20.693 0.099 53704.337882 20.349 0.026 53704.334549 20.203 0.026 53704.335382 19.947 0.032 53704.337049 20.049 0.131 45.235716 -0.512381
53989.432306 20.752 0.156 53989.433973 20.418 0.051 53989.430639 20.122 0.041 53989.431473 19.993 0.032 53989.433139 20.035 0.085 45.235716 -0.512381
53997.455822 20.71 0.065 53997.457489 20.411 0.026 53997.454155 20.266 0.026 53997.454989 20.014 0.023 53997.456655 20.082 0.073 45.235716 -0.512381
54000.407711 20.792 0.098 54000.409378 20.411 0.03 54000.406044 20.247 0.03 54000.406878 20.024 0.029 54000.408544 20.271 0.162 45.235716 -0.512381
54007.457839 20.684 0.079 54007.459506 20.413 0.029 54007.456172 20.25 0.028 54007.457006 20.031 0.026 54007.458672 20.085 0.105 45.235716 -0.512381
54009.381627 20.663 0.063 54009.383294 20.401 0.02 54009.379961 20.223 0.021 54009.380794 20.02 0.026 54009.382461 20.002 0.066 45.235716 -0.512381
54011.446106 20.784 0.071 54011.447773 20.423 0.026 54011.444439 20.239 0.023 54011.445273 20.038 0.023 54011.446939 20.131 0.075 45.235716 -0.512381
54012.458917 20.628 0.089 54012.460584 20.425 0.025 54012.457251 20.251 0.03 54012.458084 20.034 0.03 54012.459751 19.96 0.112 45.235716 -0.512381
54019.441102 20.794 0.164 54019.442769 20.403 0.044 54019.439436 20.271 0.04 54019.440269 20.002 0.034 54019.441936 19.891 0.093 45.235716 -0.512381
54025.445109 20.618 0.098 54025.446776 20.356 0.028 54025.443443 20.25 0.03 54025.444276 19.988 0.03 54025.445943 19.98 0.101 45.235716 -0.512381
54346.43894 21.049 0.192 54346.440607 20.597 0.054 54346.437274 20.612 0.056 54346.438107 20.263 0.04 54346.439774 20.339 0.12 45.235716 -0.512381
54348.442853 21.128 0.149 54348.44452 20.67 0.036 54348.441186 20.564 0.035 54348.44202 20.297 0.034 54348.443686 20.312 0.13 45.235716 -0.512381
54358.398699 21.275 0.144 54358.400365 20.733 0.037 54358.397032 20.511 0.035 54358.397865 20.23 0.038 54358.399532 20.099 0.12 45.235716 -0.512381
54365.431737 21.128 0.098 54365.433404 20.684 0.027 54365.43007 20.529 0.026 54365.430904 20.235 0.029 54365.43257 20.146 0.099 45.235716 -0.512381
54381.451319 21.066 0.102 54381.452985 20.702 0.029 54381.449652 20.449 0.027 54381.450485 20.293 0.031 54381.452152 20.288 0.115 45.235716 -0.512381
54386.44362 20.901 0.095 54386.445287 20.611 0.031 54386.441953 20.474 0.033 54386.442787 20.228 0.029 54386.444453 20.214 0.096 45.235716 -0.512381
54388.447924 21.098 0.113 54388.449591 20.645 0.026 54388.446258 20.43 0.031 54388.447091 20.226 0.027 54388.448758 20.167 0.097 45.235716 -0.512381
54404.419387 -99.99 0.583 54404.421054 -99.99 99.999 54404.417721 -99.99 0.108 54404.418554 -99.99 0.264 54404.420221 -99.99 0.463 45.235716 -0.512381
54406.355508 20.812 0.097 54406.357174 20.534 0.029 54406.353841 20.416 0.03 54406.354674 20.123 0.031 54406.356341 20.107 0.077 45.235716 -0.512381
54409.360346 20.901 0.081 54409.362013 20.6 0.024 54409.358679 20.405 0.028 54409.359513 20.11 0.027 54409.361179 20.187 0.1 45.235716 -0.512381
54412.381295 20.76 0.135 54412.382961 20.631 0.036 54412.379628 20.427 0.046 54412.380461 20.209 0.047 54412.382128 20.48 0.231 45.235716 -0.512381
