51081.417772 19.714 0.038 51081.419438 19.451 0.013 51081.416105 19.251 0.014 51081.416938 19.093 0.016 51081.418605 19.094 0.055 48.429493 -0.273158
51875.232737 19.77 0.037 51875.234403 19.467 0.013 51875.23107 19.358 0.015 51875.231903 19.153 0.017 51875.23357 19.271 0.064 48.429493 -0.273158
52171.465082 19.945 0.039 52171.466748 19.591 0.013 52171.463415 19.452 0.014 52171.464248 19.207 0.015 52171.465915 19.286 0.05 48.429493 -0.273158
52225.31352 19.9 0.039 52225.315186 19.62 0.013 52225.311853 19.425 0.014 52225.312686 19.236 0.016 52225.314353 19.351 0.053 48.429493 -0.273158
52288.147942 19.922 0.04 52288.149608 19.592 0.014 52288.146275 19.387 0.014 52288.147108 19.189 0.016 52288.148775 19.205 0.05 48.429493 -0.273158
52551.421228 20.065 0.046 52551.422894 19.684 0.016 52551.419561 19.532 0.016 52551.420394 19.251 0.017 52551.422061 19.403 0.066 48.429493 -0.273158
52558.454102 20.135 0.046 52558.455768 19.742 0.014 52558.452435 19.547 0.015 52558.453268 19.291 0.017 52558.454935 19.267 0.058 48.429493 -0.273158
52578.32571 20.192 0.046 52578.327376 19.756 0.014 52578.324043 19.545 0.015 52578.324876 19.312 0.016 52578.326543 19.282 0.05 48.429493 -0.273158
52585.288691 20.155 0.046 52585.290357 19.757 0.014 52585.287024 19.558 0.017 52585.287857 19.354 0.019 52585.289524 19.557 0.08 48.429493 -0.273158
52909.455324 20.346 0.051 52909.45699 19.995 0.016 52909.453657 19.721 0.016 52909.45449 19.448 0.017 52909.456157 19.445 0.056 48.429493 -0.273158
52910.425566 20.41 0.07 52910.427232 19.949 0.019 52910.423899 19.716 0.017 52910.424732 19.457 0.022 52910.426399 19.467 0.07 48.429493 -0.273158
52935.352736 -99.99 0.059 52935.354402 20.036 0.018 52935.351069 19.746 0.019 52935.351902 19.474 0.021 52935.353569 19.388 0.073 48.429493 -0.273158
52963.275815 20.611 0.059 52963.277481 20.093 0.018 52963.274148 19.823 0.017 52963.274981 19.498 0.018 52963.276648 19.56 0.064 48.429493 -0.273158
53351.19812 20.349 0.06 53351.199786 19.981 0.018 53351.196453 19.741 0.019 53351.197286 19.429 0.022 53351.198953 19.656 0.094 48.429493 -0.273158
53622.455168 20.366 0.051 53622.456834 19.978 0.016 53622.453501 19.772 0.016 53622.454334 19.347 0.016 53622.456001 19.548 0.053 48.429493 -0.273158
53627.412266 20.364 0.062 53627.413932 20.074 0.019 53627.410599 19.764 0.019 53627.411432 19.483 0.02 53627.413099 19.519 0.067 48.429493 -0.273158
53634.404639 20.439 0.149 53634.406305 20.014 0.046 53634.402972 19.802 0.034 53634.403805 19.465 0.026 53634.405472 19.544 0.08 48.429493 -0.273158
53638.445976 20.575 0.1 53638.447642 20.028 0.027 53638.444309 19.8 0.022 53638.445142 19.502 0.024 53638.446809 19.389 0.084 48.429493 -0.273158
53640.410011 20.392 0.076 53640.411677 20.007 0.022 53640.408344 19.722 0.02 53640.409177 19.46 0.022 53640.410844 19.481 0.074 48.429493 -0.273158
53643.452487 20.374 0.079 53643.454153 19.959 0.02 53643.45082 19.767 0.021 53643.451653 19.45 0.025 53643.45332 19.784 0.132 48.429493 -0.273158
53646.471419 20.381 0.066 53646.473085 20.053 0.019 53646.469752 19.823 0.019 53646.470585 19.54 0.021 53646.472252 19.654 0.12 48.429493 -0.273158
53657.454442 20.523 0.094 53657.456108 20.028 0.02 53657.452775 19.78 0.022 53657.453608 19.464 0.023 53657.455275 19.541 0.089 48.429493 -0.273158
53663.471836 20.732 0.263 53663.473502 20.07 0.057 53663.470169 19.822 0.04 53663.471002 19.494 0.032 53663.472669 19.48 0.088 48.429493 -0.273158
53664.407142 20.304 0.256 53664.408808 19.857 0.09 53664.405475 19.837 0.049 53664.406308 19.488 0.056 53664.407975 -99.99 0.23 48.429493 -0.273158
53665.471768 20.293 0.143 53665.473434 19.972 0.042 53665.470101 19.755 0.029 53665.470934 19.561 0.032 53665.472601 19.519 0.122 48.429493 -0.273158
53668.460384 20.44 0.134 53668.46205 20.041 0.034 53668.458717 19.754 0.029 53668.45955 19.507 0.032 53668.461217 19.58 0.126 48.429493 -0.273158
53669.366387 20.483 0.092 53669.368053 20.024 0.025 53669.36472 19.8 0.023 53669.365553 19.48 0.025 53669.36722 19.47 0.091 48.429493 -0.273158
53670.466357 -99.99 0.121 53670.468023 19.992 0.036 53670.46469 19.733 0.032 53670.465523 19.526 0.037 53670.46719 -99.99 0.135 48.429493 -0.273158
53671.451134 20.474 0.087 53671.4528 20.051 0.021 53671.449467 19.777 0.023 53671.4503 19.469 0.022 53671.451967 19.554 0.075 48.429493 -0.273158
53674.350624 20.359 0.074 53674.35229 19.997 0.02 53674.348957 19.762 0.025 53674.34979 19.506 0.028 53674.351457 19.468 0.086 48.429493 -0.273158
53676.440077 20.538 0.08 53676.441743 20.007 0.021 53676.43841 19.796 0.023 53676.439243 19.468 0.024 53676.44091 19.346 0.071 48.429493 -0.273158
53679.411981 20.521 0.086 53679.413647 20.04 0.02 53679.410314 19.797 0.026 53679.411147 19.493 0.026 53679.412814 19.525 0.095 48.429493 -0.273158
53681.403494 20.406 0.087 53681.40516 20.042 0.02 53681.401827 19.782 0.022 53681.40266 19.518 0.022 53681.404327 19.41 0.069 48.429493 -0.273158
53684.364993 20.324 0.108 53684.366659 20.07 0.026 53684.363326 19.718 0.047 53684.364159 19.47 0.04 53684.365826 19.251 0.107 48.429493 -0.273158
53687.306306 20.719 0.301 53687.307972 19.866 0.056 53687.304639 19.789 0.046 53687.305472 19.418 0.035 53687.307139 19.582 0.125 48.429493 -0.273158
53696.369214 20.252 0.09 53696.37088 20.057 0.028 53696.367547 19.769 0.023 53696.36838 19.511 0.023 53696.370047 19.635 0.094 48.429493 -0.273158
53697.360519 20.671 0.119 53697.362185 20.02 0.025 53697.358852 19.82 0.024 53697.359685 19.511 0.023 53697.361352 19.481 0.072 48.429493 -0.273158
53700.359476 20.562 0.09 53700.361142 20.064 0.021 53700.357809 19.777 0.026 53700.358642 19.497 0.028 53700.360309 19.738 0.111 48.429493 -0.273158
53705.346146 20.582 0.113 53705.347812 19.986 0.022 53705.344479 19.751 0.025 53705.345312 19.467 0.027 53705.346979 19.681 0.132 48.429493 -0.273158
53975.431138 20.45 0.099 53975.432805 -99.99 0.073 53975.429471 19.752 0.028 53975.430305 19.479 0.032 53975.431971 -99.99 0.168 48.429493 -0.273158
53994.454138 20.356 0.062 53994.455805 19.958 0.022 53994.452472 19.777 0.021 53994.453305 19.502 0.022 53994.454972 19.583 0.069 48.429493 -0.273158
53996.437893 20.29 0.064 53996.43956 19.921 0.023 53996.436226 19.709 0.032 53996.43706 19.498 0.026 53996.438726 19.513 0.083 48.429493 -0.273158
54005.451043 20.364 0.062 54005.45271 19.884 0.022 54005.449377 19.736 0.023 54005.45021 19.443 0.021 54005.451877 19.507 0.06 48.429493 -0.273158
54009.464904 20.219 0.046 54009.466571 19.91 0.018 54009.463238 19.681 0.02 54009.464071 19.47 0.018 54009.465738 19.523 0.053 48.429493 -0.273158
54010.392006 20.282 0.046 54010.393672 19.912 0.023 54010.390339 19.696 0.023 54010.391172 19.439 0.02 54010.392839 19.53 0.05 48.429493 -0.273158
54012.384914 20.373 0.075 54012.38658 19.912 0.031 54012.383247 19.698 0.022 54012.38408 19.447 0.02 54012.385747 19.579 0.068 48.429493 -0.273158
54020.422922 20.239 0.091 54020.424588 19.954 0.033 54020.421255 19.699 0.028 54020.422088 19.486 0.023 54020.423755 19.41 0.075 48.429493 -0.273158
54024.472435 20.29 0.098 54024.474102 19.872 0.026 54024.470769 19.691 0.027 54024.471602 19.393 0.033 54024.473269 19.682 0.121 48.429493 -0.273158
54028.46074 20.167 0.058 54028.462407 19.912 0.032 54028.459074 19.674 0.02 54028.459907 19.416 0.023 54028.461574 19.617 0.087 48.429493 -0.273158
54030.416126 20.111 0.043 54030.417793 19.874 0.02 54030.414459 19.7 0.023 54030.415293 19.433 0.022 54030.416959 19.546 0.066 48.429493 -0.273158
54035.460205 20.278 0.075 54035.461871 19.868 0.022 54035.458538 19.646 0.022 54035.459371 19.439 0.025 54035.461038 19.49 0.078 48.429493 -0.273158
54037.365626 20.138 0.045 54037.367292 19.889 0.021 54037.363959 19.698 0.024 54037.364792 19.426 0.018 54037.366459 19.428 0.046 48.429493 -0.273158
54040.380117 20.15 0.047 54040.381784 19.876 0.025 54040.37845 19.681 0.016 54040.379284 19.437 0.02 54040.38095 19.501 0.065 48.429493 -0.273158
54041.415676 20.301 0.055 54041.417342 19.872 0.022 54041.414009 19.657 0.018 54041.414842 19.451 0.019 54041.416509 19.465 0.057 48.429493 -0.273158
54047.410664 20.141 0.167 54047.41233 19.842 0.051 54047.408997 19.584 0.037 54047.40983 19.462 0.034 54047.411497 19.251 0.073 48.429493 -0.273158
54049.406603 19.978 0.105 54049.40827 19.876 0.034 54049.404936 19.662 0.027 54049.40577 19.424 0.028 54049.407436 19.314 0.086 48.429493 -0.273158
54050.366761 19.911 0.105 54050.368428 19.823 0.037 54050.365094 19.618 0.027 54050.365928 19.399 0.054 54050.367594 19.363 0.111 48.429493 -0.273158
54053.386198 -99.99 0.064 54053.387865 -99.99 0.022 54053.384532 19.613 0.022 54053.385365 -99.99 0.024 54053.387032 -99.99 0.085 48.429493 -0.273158
54056.372558 20.08 0.051 54056.374225 19.862 0.025 54056.370891 19.67 0.018 54056.371725 19.481 0.023 54056.373391 19.514 0.076 48.429493 -0.273158
54059.366825 20.096 0.058 54059.368492 19.8 0.02 54059.365159 19.673 0.027 54059.365992 19.445 0.025 54059.367659 19.446 0.091 48.429493 -0.273158
54061.377975 20.029 0.095 54061.379641 19.803 0.025 54061.376308 19.591 0.029 54061.377141 19.441 0.044 54061.378808 19.476 0.108 48.429493 -0.273158
54062.371725 20.203 0.052 54062.373392 19.837 0.019 54062.370059 19.634 0.018 54062.370892 19.414 0.019 54062.372559 19.502 0.067 48.429493 -0.273158
54064.368185 20.053 0.058 54064.369852 19.836 0.019 54064.366518 19.642 0.021 54064.367352 19.4 0.023 54064.369018 19.567 0.095 48.429493 -0.273158
54068.352296 20.188 0.083 54068.353963 19.832 0.032 54068.35063 19.625 0.034 54068.351463 19.353 0.086 54068.35313 19.353 0.108 48.429493 -0.273158
54357.410045 20.011 0.047 54357.411712 19.693 0.029 54357.408379 19.555 0.018 54357.409212 19.325 0.028 54357.410879 19.328 0.056 48.429493 -0.273158
54362.459893 20.016 0.042 54362.46156 19.686 0.02 54362.458227 19.565 0.018 54362.45906 19.357 0.018 54362.460727 19.341 0.05 48.429493 -0.273158
54376.454988 20.068 0.057 54376.456655 19.672 0.023 54376.453321 19.548 0.025 54376.454155 19.323 0.019 54376.455821 19.443 0.08 48.429493 -0.273158
54382.440089 20.077 0.052 54382.441755 19.714 0.021 54382.438422 19.53 0.02 54382.439255 19.31 0.036 54382.440922 19.338 0.064 48.429493 -0.273158
54385.457845 20.027 0.046 54385.459511 19.699 0.024 54385.456178 19.561 0.018 54385.457011 19.306 0.018 54385.458678 19.4 0.055 48.429493 -0.273158
54387.458408 20.015 0.061 54387.460074 19.715 0.024 54387.456741 19.569 0.022 54387.457574 19.328 0.027 54387.459241 19.348 0.06 48.429493 -0.273158
54390.450748 19.905 0.065 54390.452415 19.689 0.021 54390.449082 19.559 0.037 54390.449915 19.338 0.037 54390.451582 -99.99 0.316 48.429493 -0.273158
54391.459259 19.956 0.064 54391.460925 19.688 0.022 54391.457592 19.486 0.023 54391.458425 19.29 0.027 54391.460092 19.481 0.143 48.429493 -0.273158
54402.451557 19.942 0.141 54402.453223 19.653 0.046 54402.44989 19.464 0.036 54402.450723 19.289 0.031 54402.45239 19.235 0.077 48.429493 -0.273158
