51075.434615 26.624 0.353 51075.436281 -99.99 0.048 51075.432948 20.646 0.037 51075.433781 20.643 0.057 51075.435448 20.468 0.203 48.648823 -0.50619
51818.40424 25.486 0.978 51818.405906 21.108 0.042 51818.402573 20.514 0.033 51818.403406 20.437 0.04 51818.405073 20.415 0.158 48.648823 -0.50619
52171.392355 24.817 1.259 52171.394021 21.305 0.043 52171.390688 20.746 0.039 52171.391521 20.672 0.049 52171.393188 20.312 0.126 48.648823 -0.50619
52173.368674 23.145 0.742 52173.37034 21.344 0.049 52173.367007 20.718 0.044 52173.36784 20.734 0.065 52173.369507 20.882 0.275 48.648823 -0.50619
52224.348785 24.95 1.098 52224.350451 21.368 0.042 52224.347118 20.766 0.035 52224.347951 20.728 0.043 52224.349618 20.498 0.138 48.648823 -0.50619
52234.305279 23.906 1.328 52234.306945 21.339 0.051 52234.303612 20.832 0.049 52234.304445 20.762 0.055 52234.306112 21.104 0.279 48.648823 -0.50619
52261.268634 24.019 1.07 52261.2703 21.34 0.043 52261.266967 20.722 0.036 52261.2678 20.646 0.039 52261.269467 20.948 0.196 48.648823 -0.50619
52283.136008 22.832 0.69 52283.137674 21.431 0.065 52283.134341 20.8 0.063 52283.135174 20.668 0.07 52283.136841 20.628 0.279 48.648823 -0.50619
52287.149131 23.208 0.612 52287.150797 21.317 0.042 52287.147464 20.815 0.041 52287.148297 20.729 0.048 52287.149964 20.641 0.153 48.648823 -0.50619
52552.467824 23.594 0.806 52552.46949 21.228 0.041 52552.466157 20.608 0.033 52552.46699 20.516 0.043 52552.468657 20.317 0.141 48.648823 -0.50619
52557.442182 24.731 1.232 52557.443848 21.154 0.037 52557.440515 20.586 0.036 52557.441348 20.526 0.045 52557.443015 20.453 0.175 48.648823 -0.50619
52585.343512 24.796 1.002 52585.345178 21.269 0.037 52585.341845 20.659 0.032 52585.342678 20.634 0.04 52585.344345 20.399 0.132 48.648823 -0.50619
52908.41675 24.776 1.405 52908.418416 21.388 0.045 52908.415083 20.844 0.04 52908.415916 20.821 0.053 52908.417583 20.285 0.148 48.648823 -0.50619
52912.396189 23.942 1.075 52912.397855 21.348 0.046 52912.394522 20.79 0.037 52912.395355 20.696 0.046 52912.397022 20.482 0.143 48.648823 -0.50619
52934.348657 24.644 1.336 52934.350323 21.332 0.045 52934.34699 20.818 0.042 52934.347823 20.711 0.053 52934.34949 20.352 0.159 48.648823 -0.50619
52936.344583 24.798 1.117 52936.346249 21.372 0.042 52936.342916 20.798 0.04 52936.343749 20.772 0.051 52936.345416 20.816 0.205 48.648823 -0.50619
53270.408631 24.682 1.047 53270.410298 21.329 0.036 53270.406965 20.755 0.029 53270.407798 20.735 0.038 53270.409465 20.722 0.126 48.648823 -0.50619
53272.458581 24.559 1.443 53272.460247 21.263 0.043 53272.456914 20.697 0.04 53272.457747 20.55 0.046 53272.459414 20.594 0.171 48.648823 -0.50619
53286.4273 25.562 1.329 53286.428966 21.211 0.05 53286.425633 20.735 0.042 53286.426466 20.535 0.044 53286.428133 20.637 0.176 48.648823 -0.50619
53288.385793 24.967 1.213 53288.387459 21.299 0.043 53288.384126 20.7 0.037 53288.384959 20.749 0.048 53288.386626 20.737 0.186 48.648823 -0.50619
53294.433465 24.325 1.37 53294.435131 21.238 0.061 53294.431798 20.709 0.04 53294.432631 20.786 0.054 53294.434298 20.571 0.219 48.648823 -0.50619
53296.38048 22.881 0.566 53296.382146 21.325 0.048 53296.378813 20.806 0.048 53296.379646 20.777 0.061 53296.381313 21.08 0.293 48.648823 -0.50619
53298.430241 24.764 1.28 53298.431907 21.338 0.045 53298.428574 20.773 0.046 53298.429407 20.783 0.059 53298.431074 20.799 0.237 48.648823 -0.50619
53302.381462 24.243 1.598 53302.383128 21.283 0.076 53302.379795 20.752 0.055 53302.380628 20.706 0.051 53302.382295 20.71 0.174 48.648823 -0.50619
53312.337063 24.498 3.905 53312.33873 21.201 0.072 53312.335397 20.703 0.056 53312.33623 20.838 0.072 53312.337897 20.554 0.197 48.648823 -0.50619
53314.338192 27.315 0.357 53314.339858 21.272 0.064 53314.336525 20.738 0.047 53314.337358 20.684 0.06 53314.339025 20.496 0.184 48.648823 -0.50619
53319.32599 24.467 1.88 53319.327656 21.302 0.058 53319.324323 20.821 0.057 53319.325156 20.725 0.062 53319.326823 20.347 0.181 48.648823 -0.50619
53616.442545 23.215 0.832 53616.444211 21.505 0.064 53616.440878 20.836 0.044 53616.441711 20.767 0.057 53616.443378 20.262 0.151 48.648823 -0.50619
53626.418972 24.94 1.17 53626.420638 21.371 0.055 53626.417305 20.798 0.043 53626.418138 20.735 0.051 53626.419805 20.721 0.161 48.648823 -0.50619
53628.403837 24.203 1.591 53628.405503 21.417 0.071 53628.40217 20.911 0.06 53628.403003 20.856 0.076 53628.40467 20.873 0.296 48.648823 -0.50619
53639.450833 26.135 0.907 53639.452499 21.377 0.064 53639.449166 20.834 0.044 53639.449999 20.659 0.047 53639.451666 20.582 0.157 48.648823 -0.50619
53641.449999 25.999 1.04 53641.451665 21.337 0.07 53641.448332 20.828 0.053 53641.449165 20.655 0.059 53641.450832 -99.99 0.246 48.648823 -0.50619
53657.408883 25.579 1.72 53657.410549 21.442 0.096 53657.407216 20.948 0.085 53657.408049 20.924 0.111 53657.409716 20.535 0.25 48.648823 -0.50619
53663.393431 21.845 0.643 53663.395097 21.376 0.147 53663.391764 20.705 0.078 53663.392597 20.679 0.07 53663.394264 21.008 0.286 48.648823 -0.50619
53665.371403 26.536 0.928 53665.373069 21.358 0.098 53665.369736 20.643 0.055 53665.370569 20.778 0.065 53665.372236 20.404 0.161 48.648823 -0.50619
53666.463515 26.182 1.337 53666.465181 21.372 0.098 53666.461848 20.73 0.052 53666.462681 20.818 0.059 53666.464348 20.427 0.158 48.648823 -0.50619
53668.383033 23.87 2.271 53668.384699 21.34 0.089 53668.381366 20.684 0.061 53668.382199 20.582 0.066 53668.383866 20.209 0.182 48.648823 -0.50619
53669.470642 22.568 0.911 53669.472308 21.336 0.095 53669.468975 20.836 0.068 53669.469808 20.68 0.072 53669.471475 20.969 0.353 48.648823 -0.50619
53670.387884 23.049 1.04 53670.38955 21.428 0.095 53670.386217 20.881 0.088 53670.38705 20.767 0.075 53670.388717 20.975 0.357 48.648823 -0.50619
53673.355873 24.023 0.999 53673.357539 21.422 0.043 53673.354206 20.78 0.037 53673.355039 20.714 0.04 53673.356706 20.555 0.132 48.648823 -0.50619
53675.35276 25.938 0.846 53675.354426 21.368 0.051 53675.351093 20.861 0.051 53675.351926 20.679 0.056 53675.353593 20.778 0.231 48.648823 -0.50619
53680.360458 25.896 0.79 53680.362124 21.322 0.043 53680.358791 20.778 0.043 53680.359624 20.793 0.052 53680.361291 20.843 0.188 48.648823 -0.50619
53683.419007 22.569 0.97 53683.420673 21.279 0.105 53683.41734 20.835 0.152 53683.418173 20.658 0.12 53683.41984 20.416 0.471 48.648823 -0.50619
53686.359889 27.131 0.657 53686.361555 21.304 0.122 53686.358222 20.732 0.073 53686.359055 20.702 0.069 53686.360722 21.375 0.37 48.648823 -0.50619
53693.362347 24.359 4.843 53693.364013 21.576 0.246 53693.36068 20.679 0.093 53693.361513 20.901 0.114 53693.36318 20.823 0.283 48.648823 -0.50619
53699.383183 24.699 1.904 53699.384849 21.392 0.07 53699.381516 20.804 0.046 53699.382349 20.781 0.051 53699.384016 20.976 0.23 48.648823 -0.50619
53704.345668 23.116 1.078 53704.347334 21.29 0.065 53704.344001 20.727 0.065 53704.344834 20.46 0.063 53704.346501 20.724 0.295 48.648823 -0.50619
53989.441804 99.998 99.999 53989.44347 21.295 0.108 53989.440137 20.763 0.062 53989.44097 20.598 0.052 53989.442637 20.422 0.119 48.648823 -0.50619
53997.465283 100.003 99.999 53997.46695 21.374 0.036 53997.463617 20.713 0.027 53997.46445 20.681 0.034 53997.466117 20.715 0.123 48.648823 -0.50619
54000.417152 24.307 1.493 54000.418818 21.353 0.05 54000.415485 20.764 0.045 54000.416318 20.647 0.054 54000.417985 20.482 0.17 48.648823 -0.50619
54007.467287 99.988 99.999 54007.468954 21.261 0.038 54007.465621 20.744 0.034 54007.466454 20.819 0.044 54007.468121 20.451 0.131 48.648823 -0.50619
54009.391117 24.939 2.588 54009.392784 21.367 0.037 54009.38945 20.767 0.029 54009.390284 20.717 0.037 54009.39195 20.591 0.112 48.648823 -0.50619
54011.455554 26.044 5.674 54011.457221 21.367 0.042 54011.453888 20.769 0.028 54011.454721 20.659 0.034 54011.456388 20.514 0.094 48.648823 -0.50619
54012.468388 99.971 99.999 54012.470055 21.374 0.05 54012.466721 20.766 0.041 54012.467555 20.673 0.054 54012.469221 20.903 0.234 48.648823 -0.50619
54019.450603 23.052 7.711 54019.452269 21.324 0.105 54019.448936 20.629 0.056 54019.449769 20.814 0.082 54019.451436 20.915 0.293 48.648823 -0.50619
54025.454556 99.98 99.999 54025.456223 21.309 0.051 54025.452889 20.662 0.044 54025.453723 20.724 0.057 54025.455389 20.454 0.158 48.648823 -0.50619
54346.448381 99.978 99.999 54346.450047 21.264 0.108 54346.446714 20.728 0.062 54346.447547 20.737 0.059 54346.449214 20.341 0.119 48.648823 -0.50619
54348.452293 23.641 1.421 54348.45396 21.249 0.063 54348.450627 20.744 0.045 54348.45146 20.679 0.047 54348.453127 20.444 0.127 48.648823 -0.50619
54358.408139 99.983 99.999 54358.409806 21.365 0.041 54358.406472 20.674 0.034 54358.407306 20.669 0.047 54358.408972 20.505 0.153 48.648823 -0.50619
54365.441208 99.992 99.999 54365.442874 21.299 0.038 54365.439541 20.757 0.028 54365.440374 20.668 0.037 54365.442041 20.421 0.109 48.648823 -0.50619
54381.460761 24.517 2.536 54381.462428 21.325 0.044 54381.459095 20.73 0.036 54381.459928 20.668 0.04 54381.461595 20.649 0.149 48.648823 -0.50619
54386.453088 99.997 99.999 54386.454755 21.43 0.047 54386.451422 20.71 0.039 54386.452255 20.647 0.037 54386.453922 20.681 0.138 48.648823 -0.50619
54388.457358 25.174 4.441 54388.459025 21.397 0.045 54388.455692 20.744 0.04 54388.456525 20.545 0.035 54388.458192 20.53 0.142 48.648823 -0.50619
54392.454898 26.21 99.999 54392.456565 21.249 0.044 54392.453231 20.705 0.038 54392.454065 20.664 0.048 54392.455731 20.342 0.141 48.648823 -0.50619
54403.371215 100.019 99.999 54403.372881 20.998 0.13 54403.369548 20.66 0.062 54403.370381 20.585 0.087 54403.372048 19.937 0.227 48.648823 -0.50619
54404.428733 23.579 7.224 54404.4304 -99.99 0.344 54404.427066 20.67 0.053 54404.4279 20.631 0.073 54404.429566 21.973 2.955 48.648823 -0.50619
54406.364978 23.408 0.846 54406.366645 21.402 0.05 54406.363311 20.726 0.034 54406.364145 20.644 0.033 54406.365811 20.639 0.113 48.648823 -0.50619
54409.369796 24.14 0.766 54409.371463 21.324 0.037 54409.368129 20.717 0.036 54409.368963 20.652 0.043 54409.370629 20.608 0.143 48.648823 -0.50619
54412.390749 100.014 99.999 54412.392416 21.277 0.056 54412.389083 20.676 0.05 54412.389916 20.639 0.062 54412.391583 20.643 0.237 48.648823 -0.50619
