51075.434882 19.501 0.029 51075.436548 19.19 0.011 51075.433215 19.017 0.011 51075.434048 18.729 0.013 51075.435715 18.517 0.048 48.746203 0.401136
51818.404531 19.46 0.032 51818.406197 19.287 0.011 51818.402864 19.133 0.012 51818.403697 18.84 0.013 51818.405364 18.641 0.044 48.746203 0.401136
52171.39266 19.39 0.029 52171.394326 19.146 0.01 52171.390993 19.008 0.011 52171.391826 18.793 0.012 52171.393493 18.667 0.038 48.746203 0.401136
52173.368979 19.454 0.033 52173.370645 19.172 0.011 52173.367312 19.042 0.012 52173.368145 18.796 0.014 52173.369812 18.641 0.048 48.746203 0.401136
52224.349083 19.347 0.029 52224.350749 19.096 0.01 52224.347416 18.985 0.011 52224.348249 18.754 0.012 52224.349916 18.646 0.037 48.746203 0.401136
52234.305549 19.272 0.033 52234.307215 19.096 0.01 52234.303882 18.988 0.012 52234.304715 18.721 0.012 52234.306382 18.572 0.037 48.746203 0.401136
52261.268903 19.308 0.029 52261.270569 19.083 0.01 52261.267236 19.001 0.011 52261.268069 18.765 0.012 52261.269736 18.529 0.032 48.746203 0.401136
52283.136279 19.346 0.036 52283.137945 19.058 0.011 52283.134612 18.968 0.013 52283.135445 18.735 0.015 52283.137112 18.592 0.054 48.746203 0.401136
52287.149401 19.341 0.028 52287.151067 19.081 0.009 52287.147734 18.982 0.011 52287.148567 18.763 0.012 52287.150234 18.6 0.036 48.746203 0.401136
52552.468093 19.613 0.034 52552.469759 19.331 0.011 52552.466426 19.205 0.012 52552.467259 18.886 0.013 52552.468926 18.72 0.043 48.746203 0.401136
52557.442451 19.52 0.033 52557.444117 19.359 0.011 52557.440784 19.171 0.013 52557.441617 18.902 0.014 52557.443284 18.668 0.043 48.746203 0.401136
52585.343781 -99.99 0.032 52585.345447 19.338 0.011 52585.342114 19.204 0.012 52585.342947 18.918 0.013 52585.344614 18.668 0.037 48.746203 0.401136
52908.417019 19.67 0.038 52908.418685 19.384 0.011 52908.415352 19.198 0.012 52908.416185 18.919 0.013 52908.417852 18.786 0.051 48.746203 0.401136
52912.396459 19.613 0.035 52912.398125 19.377 0.012 52912.394792 19.205 0.012 52912.395625 18.919 0.013 52912.397292 18.641 0.038 48.746203 0.401136
52934.348927 19.689 0.037 52934.350593 19.347 0.011 52934.34726 19.165 0.013 52934.348093 18.879 0.014 52934.34976 18.742 0.048 48.746203 0.401136
52936.344853 19.594 0.033 52936.346519 19.345 0.011 52936.343186 19.08 0.012 52936.344019 18.858 0.013 52936.345686 18.665 0.041 48.746203 0.401136
53270.40893 19.415 0.029 53270.410597 19.149 0.015 53270.407263 18.988 0.018 53270.408097 18.762 0.012 53270.409763 18.588 0.031 48.746203 0.401136
53286.42757 19.363 0.033 53286.429236 19.131 0.01 53286.425903 18.983 0.011 53286.426736 18.771 0.012 53286.428403 18.653 0.037 48.746203 0.401136
53288.386064 19.394 0.03 53288.38773 19.092 0.01 53288.384397 18.98 0.011 53288.38523 18.734 0.012 53288.386897 18.614 0.038 48.746203 0.401136
53294.433735 19.377 0.034 53294.435401 19.094 0.013 53294.432068 18.952 0.011 53294.432901 18.728 0.012 53294.434568 18.615 0.05 48.746203 0.401136
53296.380767 19.342 0.037 53296.382434 19.111 0.016 53296.3791 18.975 0.018 53296.379934 18.714 0.023 53296.3816 18.648 0.048 48.746203 0.401136
53298.430511 19.379 0.03 53298.432177 19.095 0.01 53298.428844 18.966 0.012 53298.429677 18.74 0.013 53298.431344 18.483 0.039 48.746203 0.401136
53302.381732 19.28 0.032 53302.383398 19.059 0.012 53302.380065 18.936 0.013 53302.380898 18.713 0.013 53302.382565 18.543 0.035 48.746203 0.401136
53312.337269 19.374 0.041 53312.338935 19.082 0.014 53312.335602 18.95 0.017 53312.336435 18.704 0.016 53312.338102 18.607 0.044 48.746203 0.401136
53314.338464 19.377 0.036 53314.34013 19.066 0.011 53314.336797 18.952 0.012 53314.33763 18.709 0.013 53314.339297 18.557 0.041 48.746203 0.401136
53319.32626 19.332 0.036 53319.327926 19.072 0.011 53319.324593 18.929 0.012 53319.325426 18.696 0.013 53319.327093 18.505 0.044 48.746203 0.401136
53616.442814 19.105 0.03 53616.44448 18.881 0.009 53616.441147 18.806 0.01 53616.44198 18.597 0.012 53616.443647 18.488 0.042 48.746203 0.401136
53626.419244 -99.99 0.028 53626.42091 18.89 0.01 53626.417577 18.795 0.01 53626.41841 18.626 0.011 53626.420077 18.485 0.034 48.746203 0.401136
53628.404108 19.17 0.03 53628.405774 18.909 0.01 53628.402441 18.815 0.012 53628.403274 18.644 0.013 53628.404941 18.453 0.044 48.746203 0.401136
53639.451103 19.148 0.032 53639.452769 18.919 0.01 53639.449436 18.815 0.01 53639.450269 18.632 0.011 53639.451936 18.468 0.034 48.746203 0.401136
53641.450269 19.224 0.034 53641.451935 18.987 0.011 53641.448602 18.846 0.011 53641.449435 18.623 0.012 53641.451102 18.486 0.045 48.746203 0.401136
53657.409153 19.194 0.039 53657.410819 18.944 0.012 53657.407486 18.855 0.014 53657.408319 18.656 0.016 53657.409986 18.421 0.05 48.746203 0.401136
53663.393701 19.18 0.055 53663.395367 18.991 0.017 53663.392034 -99.99 0.016 53663.392867 18.639 0.014 53663.394534 18.587 0.042 48.746203 0.401136
53665.371675 19.197 0.037 53665.373341 18.956 0.012 53665.370008 18.829 0.012 53665.370841 18.613 0.012 53665.372508 18.509 0.035 48.746203 0.401136
53666.463784 19.189 0.045 53666.46545 18.966 0.017 53666.462117 18.829 0.018 53666.46295 18.578 0.018 53666.464617 18.435 0.038 48.746203 0.401136
53668.383303 19.185 0.042 53668.384969 18.945 0.012 53668.381636 18.87 0.014 53668.382469 18.648 0.014 53668.384136 18.513 0.047 48.746203 0.401136
53669.47091 19.188 0.047 53669.472576 18.989 0.014 53669.469243 18.822 0.013 53669.470076 18.617 0.015 53669.471743 18.467 0.047 48.746203 0.401136
53670.388154 19.2 0.042 53670.38982 18.919 0.012 53670.386487 18.809 0.015 53670.38732 18.623 0.014 53670.388987 18.492 0.054 48.746203 0.401136
53673.356142 19.169 0.027 53673.357808 18.959 0.009 53673.354475 18.843 0.01 53673.355308 18.634 0.011 53673.356975 18.448 0.029 48.746203 0.401136
53675.35303 19.206 0.029 53675.354696 18.968 0.009 53675.351363 18.833 0.011 53675.352196 18.629 0.012 53675.353863 18.481 0.038 48.746203 0.401136
53680.360727 19.157 0.028 53680.362393 18.975 0.009 53680.35906 18.853 0.011 53680.359893 18.631 0.011 53680.36156 18.453 0.031 48.746203 0.401136
53683.419276 19.194 0.061 53683.420942 19.02 0.016 53683.417609 18.869 0.021 53683.418442 18.673 0.024 53683.420109 18.474 0.093 48.746203 0.401136
53686.360159 19.249 0.05 53686.361825 18.985 0.015 53686.358492 18.86 0.015 53686.359325 18.643 0.014 53686.360992 18.478 0.037 48.746203 0.401136
53693.362617 -99.99 0.065 53693.364283 18.976 0.023 53693.36095 18.848 0.019 53693.361783 18.61 0.016 53693.36345 18.412 0.042 48.746203 0.401136
53699.383453 19.221 0.038 53699.385119 18.988 0.011 53699.381786 18.838 0.011 53699.382619 18.634 0.011 53699.384286 18.455 0.035 48.746203 0.401136
53704.345938 19.115 0.033 53704.347604 19.009 0.01 53704.344271 18.829 0.012 53704.345104 18.663 0.013 53704.346771 18.525 0.044 48.746203 0.401136
53989.442014 19.345 0.047 53989.443681 19.191 0.026 53989.440347 19.058 0.022 53989.441181 18.752 0.017 53989.442847 18.63 0.035 48.746203 0.401136
53997.465545 19.367 0.03 53997.467211 19.214 0.018 53997.463878 19.028 0.015 53997.464711 18.764 0.018 53997.466378 18.627 0.032 48.746203 0.401136
54000.417471 19.355 0.037 54000.419138 19.217 0.021 54000.415804 19.052 0.016 54000.416638 18.757 0.016 54000.418304 18.447 0.044 48.746203 0.401136
54007.467584 19.389 0.032 54007.469251 19.187 0.015 54007.465918 19.032 0.021 54007.466751 18.788 0.016 54007.468418 18.649 0.035 48.746203 0.401136
54009.391337 19.374 0.028 54009.393004 19.2 0.013 54009.38967 19.052 0.015 54009.390504 18.783 0.014 54009.39217 18.593 0.029 48.746203 0.401136
54011.455851 19.376 0.027 54011.457518 19.184 0.017 54011.454185 19.037 0.012 54011.455018 18.774 0.015 54011.456685 18.599 0.028 48.746203 0.401136
54012.468638 19.365 0.033 54012.470304 19.22 0.022 54012.466971 19.039 0.024 54012.467804 18.757 0.018 54012.469471 18.555 0.04 48.746203 0.401136
54019.450965 19.387 0.065 54019.452632 -99.99 0.018 54019.449299 19.034 0.017 54019.450132 18.795 0.018 54019.451799 18.54 0.038 48.746203 0.401136
54025.454852 19.385 0.037 54025.456518 19.236 0.017 54025.453185 19.07 0.02 54025.454018 18.791 0.018 54025.455685 18.559 0.039 48.746203 0.401136
54346.448688 19.562 0.065 54346.450354 19.393 0.022 54346.447021 19.166 0.023 54346.447854 18.84 0.018 54346.449521 18.645 0.041 48.746203 0.401136
54348.452601 19.523 0.041 54348.454268 19.352 0.015 54348.450935 19.183 0.016 54348.451768 18.851 0.021 54348.453435 18.723 0.042 48.746203 0.401136
54358.408447 19.674 0.042 54358.410114 19.372 0.021 54358.40678 19.141 0.02 54358.407614 18.872 0.017 54358.40928 18.684 0.042 48.746203 0.401136
54365.441476 19.526 0.041 54365.443142 19.359 0.025 54365.439809 19.178 0.02 54365.440642 18.909 0.014 54365.442309 18.636 0.042 48.746203 0.401136
54381.461077 19.622 0.036 54381.462744 19.386 0.022 54381.459411 19.171 0.017 54381.460244 18.889 0.02 54381.461911 18.645 0.036 48.746203 0.401136
54386.453348 19.564 0.036 54386.455015 19.36 0.016 54386.451682 19.167 0.016 54386.452515 18.838 0.016 54386.454182 18.661 0.033 48.746203 0.401136
54388.457629 -99.99 0.036 54388.459295 19.4 0.021 54388.455962 19.181 0.017 54388.456795 18.872 0.018 54388.458462 18.624 0.036 48.746203 0.401136
54392.455203 19.532 0.036 54392.456869 19.367 0.024 54392.453536 19.155 0.021 54392.454369 18.88 0.019 54392.456036 18.657 0.041 48.746203 0.401136
54403.371412 -99.99 0.082 54403.373079 19.38 0.031 54403.369745 19.2 0.021 54403.370579 18.883 0.028 54403.372245 18.605 0.072 48.746203 0.401136
54404.429137 -99.99 0.165 54404.430803 -99.99 0.601 54404.42747 19.21 0.016 54404.428303 -99.99 0.028 54404.42997 -99.99 0.145 48.746203 0.401136
54406.365238 19.521 0.034 54406.366905 19.358 0.021 54406.363572 19.172 0.015 54406.364405 18.856 0.016 54406.366072 18.621 0.029 48.746203 0.401136
54409.370092 19.48 0.032 54409.371759 19.366 0.018 54409.368426 19.151 0.019 54409.369259 18.83 0.019 54409.370926 18.684 0.034 48.746203 0.401136
54412.391054 19.524 0.049 54412.39272 19.406 0.021 54412.389387 19.168 0.024 54412.39022 18.884 0.026 54412.391887 18.789 0.058 48.746203 0.401136
