51075.275675 20.225 0.05 51075.277341 20.108 0.025 51075.274008 20.189 0.029 51075.274841 20.031 0.042 51075.276508 19.812 0.132 -8.728216 -0.89737
51464.263552 20.469 0.071 51464.265218 20.3 0.031 51464.261885 20.442 0.043 51464.262718 20.251 0.05 51464.264385 20.115 0.157 -8.728216 -0.89737
52196.276239 20.588 0.071 52196.277905 20.431 0.029 52196.274572 20.608 0.041 52196.275405 20.349 0.049 52196.277072 20.163 0.163 -8.728216 -0.89737
52197.289348 20.523 0.06 52197.291014 20.467 0.026 52197.287681 20.615 0.032 52197.288514 20.361 0.038 52197.290181 20.004 0.108 -8.728216 -0.89737
52225.139487 20.464 0.053 52225.141153 20.489 0.027 52225.13782 20.594 0.035 52225.138653 20.482 0.047 52225.14032 19.998 0.113 -8.728216 -0.89737
52231.175272 20.676 0.065 52231.176938 20.495 0.027 52231.173605 20.625 0.034 52231.174438 20.345 0.038 52231.176105 20.149 0.106 -8.728216 -0.89737
52253.161445 20.79 0.116 52253.163111 20.518 0.04 52253.159778 20.591 0.045 52253.160611 20.515 0.06 52253.162278 20.003 0.142 -8.728216 -0.89737
52557.283275 20.529 0.075 52557.284941 20.455 0.032 52557.281608 20.581 0.04 52557.282441 20.392 0.059 52557.284108 19.996 0.138 -8.728216 -0.89737
52578.179357 20.615 0.064 52578.181023 20.506 0.027 52578.17769 20.708 0.041 52578.178523 20.431 0.047 52578.18019 20.099 0.13 -8.728216 -0.89737
52908.257841 20.748 0.085 52908.259507 20.651 0.033 52908.256174 20.709 0.041 52908.257007 20.508 0.053 52908.258674 20.257 0.152 -8.728216 -0.89737
52911.271626 20.735 0.076 52911.273292 20.608 0.031 52911.269959 20.755 0.042 52911.270792 20.548 0.054 52911.272459 20.337 0.16 -8.728216 -0.89737
52930.148998 20.744 0.073 52930.150664 20.58 0.03 52930.147331 20.722 0.037 52930.148164 20.451 0.043 52930.149831 20.135 0.106 -8.728216 -0.89737
52934.18974 20.669 0.085 52934.191406 20.634 0.037 52934.188073 20.721 0.044 52934.188906 20.527 0.058 52934.190573 19.92 0.122 -8.728216 -0.89737
52936.185666 20.614 0.063 52936.187332 20.625 0.031 52936.183999 20.648 0.035 52936.184832 20.416 0.044 52936.186499 20.177 0.116 -8.728216 -0.89737
52962.111188 20.518 0.062 52962.112854 20.593 0.034 52962.109521 20.8 0.05 52962.110354 20.438 0.051 52962.112021 20.053 0.127 -8.728216 -0.89737
53270.249736 20.59 0.064 53270.251403 20.655 0.035 53270.248069 20.624 0.039 53270.248903 20.449 0.052 53270.250569 20.062 0.101 -8.728216 -0.89737
53272.299672 20.582 0.114 53272.301338 -99.99 0.054 53272.298005 20.759 0.073 53272.298838 20.619 0.071 53272.300505 19.92 0.107 -8.728216 -0.89737
53286.26839 20.711 0.111 53286.270056 20.581 0.04 53286.266723 20.69 0.06 53286.267556 20.586 0.061 53286.269223 19.948 0.151 -8.728216 -0.89737
53288.226879 20.716 0.069 53288.228545 20.606 0.028 53288.225212 20.791 0.035 53288.226045 20.507 0.038 53288.227712 20.143 0.099 -8.728216 -0.89737
53294.254217 20.758 0.09 53294.255884 20.567 0.042 53294.252551 20.798 0.049 53294.253384 20.598 0.06 53294.255051 19.937 0.112 -8.728216 -0.89737
53302.222548 20.52 0.178 53302.224214 20.549 0.095 53302.220881 20.505 0.087 53302.221714 20.483 0.096 53302.223381 19.875 0.155 -8.728216 -0.89737
53312.178077 20.656 0.068 53312.179744 20.587 0.037 53312.176411 20.744 0.043 53312.177244 20.516 0.059 53312.178911 20.082 0.137 -8.728216 -0.89737
53314.179275 20.675 0.075 53314.180941 20.581 0.03 53314.177608 20.81 0.043 53314.178441 20.606 0.057 53314.180108 20.119 0.134 -8.728216 -0.89737
53616.283642 20.607 0.086 53616.285308 -99.99 0.068 53616.281975 20.842 0.063 53616.282808 -99.99 0.076 53616.284475 20.246 0.174 -8.728216 -0.89737
53623.273853 20.602 0.078 53623.275519 20.563 0.033 53623.272186 20.678 0.048 53623.273019 20.584 0.061 53623.274686 20.143 0.131 -8.728216 -0.89737
53626.260066 20.592 0.088 53626.261732 20.617 0.047 53626.258399 20.754 0.054 53626.259232 20.432 0.053 53626.260899 20.199 0.132 -8.728216 -0.89737
53628.244931 20.438 0.144 53628.246597 20.688 0.089 53628.243264 20.663 0.074 53628.244097 20.487 0.073 53628.245764 20.182 0.164 -8.728216 -0.89737
53637.246547 20.417 0.115 53637.248213 -99.99 0.052 53637.24488 20.724 0.065 53637.245713 20.431 0.076 53637.24738 19.754 0.144 -8.728216 -0.89737
53639.291923 20.591 0.064 53639.293589 20.574 0.032 53639.290256 20.662 0.04 53639.291089 20.432 0.043 53639.292756 19.919 0.094 -8.728216 -0.89737
53644.239016 20.585 0.062 53644.240683 20.567 0.028 53644.237349 20.687 0.031 53644.238183 20.468 0.037 53644.239849 20.365 0.111 -8.728216 -0.89737
53654.273616 20.704 0.086 53654.275282 20.574 0.03 53654.271949 20.771 0.041 53654.272782 20.459 0.049 53654.274449 20.198 0.15 -8.728216 -0.89737
53656.22121 20.808 0.297 53656.222876 20.465 0.103 53656.219543 20.691 0.105 53656.220376 20.645 0.12 53656.222043 20.091 0.216 -8.728216 -0.89737
53663.23452 20.457 0.106 53663.236186 20.614 0.055 53663.232853 20.57 0.043 53663.233686 20.39 0.044 53663.235353 20.088 0.109 -8.728216 -0.89737
53668.22412 20.759 0.104 53668.225786 20.528 0.037 53668.222453 20.653 0.049 53668.223286 20.337 0.062 53668.224953 19.878 0.141 -8.728216 -0.89737
53670.228972 20.703 0.071 53670.230638 20.563 0.031 53670.227305 20.72 0.037 53670.228138 20.469 0.05 53670.229805 19.921 0.102 -8.728216 -0.89737
53673.196957 20.641 0.078 53673.198623 20.543 0.032 53673.19529 20.741 0.04 53673.196123 20.463 0.049 53673.19779 20.106 0.117 -8.728216 -0.89737
53675.193845 20.729 0.088 53675.195511 20.602 0.035 53675.192178 20.732 0.064 53675.193011 20.58 0.081 53675.194678 20.527 0.228 -8.728216 -0.89737
53677.214876 20.535 0.062 53677.216542 20.603 0.028 53677.213209 20.716 0.038 53677.214042 20.483 0.046 53677.215709 20.109 0.105 -8.728216 -0.89737
53680.201542 20.502 0.068 53680.203208 20.603 0.031 53680.199875 20.702 0.041 53680.200708 20.449 0.048 53680.202375 20.28 0.133 -8.728216 -0.89737
53693.203441 20.483 0.156 53693.205107 20.541 0.066 53693.201774 20.668 0.061 53693.202607 20.369 0.059 53693.204274 20.321 0.149 -8.728216 -0.89737
53704.186766 20.58 0.072 53704.188432 20.471 0.029 53704.185099 20.682 0.038 53704.185932 20.425 0.045 53704.187599 20.126 0.128 -8.728216 -0.89737
53974.279437 20.654 0.058 53974.281104 20.588 0.025 53974.277771 20.672 0.03 53974.278604 20.354 0.033 53974.280271 20.106 0.087 -8.728216 -0.89737
53989.282868 20.738 0.149 53989.284535 20.585 0.061 53989.281201 20.664 0.053 53989.282035 20.488 0.053 53989.283701 20.19 0.122 -8.728216 -0.89737
53997.378497 -99.99 0.076 53997.380164 20.543 0.037 53997.376831 20.718 0.041 53997.377664 20.45 0.053 53997.379331 -99.99 0.128 -8.728216 -0.89737
54000.25825 20.501 0.077 54000.259917 20.504 0.034 54000.256584 20.729 0.043 54000.257417 20.465 0.06 54000.259084 20.156 0.188 -8.728216 -0.89737
54007.3084 20.636 0.08 54007.310067 20.556 0.029 54007.306734 20.723 0.039 54007.307567 20.357 0.046 54007.309234 20.104 0.124 -8.728216 -0.89737
54009.232164 -99.99 0.084 54009.233831 20.643 0.038 54009.230498 20.624 0.036 54009.231331 20.385 0.048 54009.232998 20.313 0.13 -8.728216 -0.89737
54011.296663 20.613 0.098 54011.29833 20.578 0.049 54011.294997 20.64 0.042 54011.29583 20.441 0.044 54011.297497 20.242 0.11 -8.728216 -0.89737
54019.246884 -99.99 0.583 54019.248551 20.532 0.057 54019.245217 -99.99 0.046 54019.246051 -99.99 0.06 54019.247717 20.089 0.126 -8.728216 -0.89737
54025.295681 20.764 0.114 54025.297347 20.618 0.048 54025.294014 20.67 0.079 54025.294847 20.504 0.072 54025.296514 20.179 0.19 -8.728216 -0.89737
54029.225999 20.619 0.068 54029.227666 20.488 0.036 54029.224332 20.598 0.042 54029.225166 20.402 0.044 54029.226832 20.006 0.112 -8.728216 -0.89737
54348.293415 21.078 0.113 54348.295082 20.814 0.043 54348.291749 20.969 0.049 54348.292582 20.812 0.072 54348.294249 20.426 0.178 -8.728216 -0.89737
54358.249214 20.83 0.084 54358.250881 20.834 0.044 54358.247547 20.946 0.048 54358.248381 20.535 0.06 54358.250047 20.666 0.234 -8.728216 -0.89737
54365.282364 21.029 0.143 54365.28403 20.892 0.073 54365.280697 20.896 0.059 54365.28153 20.517 0.066 54365.283197 20.277 0.188 -8.728216 -0.89737
54373.356503 20.756 0.173 54373.35817 -99.99 0.103 54373.354837 21.05 0.123 54373.35567 20.624 0.085 54373.357337 20.647 0.288 -8.728216 -0.89737
54381.301871 20.778 0.066 54381.303537 20.824 0.038 54381.300204 20.948 0.047 54381.301037 20.598 0.05 54381.302704 20.383 0.162 -8.728216 -0.89737
54386.29417 20.708 0.068 54386.295836 20.848 0.039 54386.292503 21.005 0.045 54386.293336 20.613 0.047 54386.295003 20.3 0.132 -8.728216 -0.89737
54388.298427 20.858 0.082 54388.300094 20.733 0.035 54388.296761 20.998 0.049 54388.297594 20.571 0.048 54388.299261 20.446 0.155 -8.728216 -0.89737
54403.212225 20.825 0.127 54403.213892 20.682 0.059 54403.210559 20.917 0.057 54403.211392 20.741 0.063 54403.213059 20.211 0.139 -8.728216 -0.89737
54405.267758 20.653 0.107 54405.269425 20.925 0.052 54405.266091 20.951 0.05 54405.266925 20.565 0.054 54405.268591 20.449 0.174 -8.728216 -0.89737
54406.20604 20.766 0.075 54406.207706 20.807 0.044 54406.204373 20.908 0.044 54406.205206 20.714 0.052 54406.206873 20.172 0.148 -8.728216 -0.89737
54412.209028 20.904 0.08 54412.210695 20.722 0.04 54412.207361 20.867 0.034 54412.208195 20.712 0.046 54412.209861 20.296 0.121 -8.728216 -0.89737
