51081.416257 19.892 0.042 51081.417923 19.931 0.018 51081.41459 19.638 0.019 51081.415423 19.693 0.025 51081.41709 19.709 0.095 47.873729 -0.283747
51875.231224 -99.99 0.054 51875.23289 20.272 0.022 51875.229557 19.869 0.02 51875.23039 19.954 0.031 51875.232057 19.903 0.103 47.873729 -0.283747
52171.463646 -99.99 0.046 52171.465312 20.223 0.019 52171.461979 19.783 0.018 52171.462812 19.825 0.023 52171.464479 19.936 0.086 47.873729 -0.283747
52225.311981 20.14 0.047 52225.313647 20.158 0.019 52225.310314 19.738 0.018 52225.311147 19.762 0.022 52225.312814 19.877 0.087 47.873729 -0.283747
52288.146404 20.255 0.048 52288.14807 20.211 0.021 52288.144737 19.762 0.019 52288.14557 19.834 0.025 52288.147237 19.971 0.092 47.873729 -0.283747
52551.419689 19.879 0.04 52551.421355 19.892 0.016 52551.418022 19.567 0.017 52551.418855 19.558 0.022 52551.420522 19.644 0.079 47.873729 -0.283747
52558.452563 19.748 0.035 52558.454229 19.869 0.015 52558.450896 19.536 0.015 52558.451729 19.523 0.02 52558.453396 19.552 0.071 47.873729 -0.283747
52578.324172 -99.99 0.034 52578.325838 19.803 0.014 52578.322505 19.505 0.014 52578.323338 19.565 0.018 52578.325005 19.549 0.061 47.873729 -0.283747
52585.287151 19.715 0.035 52585.288817 19.775 0.015 52585.285484 19.489 0.016 52585.286317 19.519 0.023 52585.287984 19.489 0.078 47.873729 -0.283747
52909.453785 20.074 0.044 52909.455451 20.097 0.017 52909.452118 19.697 0.016 52909.452951 19.748 0.021 52909.454618 19.897 0.079 47.873729 -0.283747
52910.424027 19.948 0.044 52910.425693 20.057 0.02 52910.42236 19.722 0.02 52910.423193 19.668 0.022 52910.42486 19.819 0.095 47.873729 -0.283747
52935.351198 20.015 0.044 52935.352864 20.064 0.019 52935.349531 19.663 0.018 52935.350364 19.689 0.024 52935.352031 19.666 0.093 47.873729 -0.283747
52963.274276 20.098 0.042 52963.275942 20.113 0.018 52963.272609 19.725 0.017 52963.273442 19.735 0.021 52963.275109 19.681 0.068 47.873729 -0.283747
53351.19658 20.198 0.053 53351.198246 20.233 0.02 53351.194913 19.814 0.02 53351.195746 19.838 0.03 53351.197413 19.98 0.119 47.873729 -0.283747
53622.453629 20.035 0.043 53622.455295 20.124 0.017 53622.451962 19.682 0.015 53622.452795 19.725 0.019 53622.454462 19.726 0.059 47.873729 -0.283747
53627.410727 20.02 0.047 53627.412393 20.019 0.018 53627.40906 19.689 0.019 53627.409893 19.669 0.023 53627.41156 19.716 0.081 47.873729 -0.283747
53634.4031 19.811 0.087 53634.404766 20.021 0.049 53634.401433 19.687 0.033 53634.402266 19.666 0.036 53634.403933 19.822 0.098 47.873729 -0.283747
53638.444437 19.987 0.057 53638.446103 20.074 0.026 53638.44277 19.678 0.019 53638.443603 19.737 0.026 53638.44527 19.745 0.102 47.873729 -0.283747
53640.408473 20.071 0.058 53640.410139 20.021 0.021 53640.406806 19.68 0.019 53640.407639 19.668 0.024 53640.409306 19.862 0.098 47.873729 -0.283747
53643.450947 19.926 0.053 53643.452613 20.055 0.021 53643.44928 19.723 0.02 53643.450113 19.705 0.027 53643.45178 19.858 0.114 47.873729 -0.283747
53646.46988 19.984 0.05 53646.471546 20.065 0.019 53646.468213 19.673 0.018 53646.469046 19.69 0.022 53646.470713 19.584 0.074 47.873729 -0.283747
53657.452902 -99.99 0.056 53657.454568 20.024 0.02 53657.451235 19.669 0.02 53657.452068 19.692 0.027 53657.453735 19.736 0.097 47.873729 -0.283747
53663.470297 20.046 0.15 53663.471963 20.029 0.06 53663.46863 19.642 0.036 53663.469463 19.714 0.038 53663.47113 19.926 0.139 47.873729 -0.283747
53664.405602 20.042 0.128 53664.407268 20.037 0.109 53664.403935 19.634 0.033 53664.404768 19.687 0.046 53664.406435 19.774 0.215 47.873729 -0.283747
53665.470229 19.926 0.098 53665.471895 20.053 0.043 53665.468562 19.657 0.029 53665.469395 19.643 0.033 53665.471062 19.506 0.115 47.873729 -0.283747
53668.458845 19.888 0.083 53668.460511 19.993 0.031 53668.457178 19.648 0.027 53668.458011 19.636 0.033 53668.459678 19.826 0.151 47.873729 -0.283747
53669.364848 19.908 0.056 53669.366514 20.03 0.024 53669.363181 19.663 0.021 53669.364014 19.645 0.026 53669.365681 19.688 0.103 47.873729 -0.283747
53670.464818 -99.99 0.094 53670.466484 19.949 0.031 53670.463151 19.659 0.035 53670.463984 19.612 0.037 53670.465651 19.773 0.168 47.873729 -0.283747
53671.449595 19.934 0.059 53671.451261 19.985 0.021 53671.447928 19.623 0.021 53671.448761 19.629 0.026 53671.450428 19.734 0.094 47.873729 -0.283747
53674.349085 20.003 0.06 53674.350751 20.024 0.019 53674.347418 19.641 0.023 53674.348251 19.608 0.032 53674.349918 19.693 0.117 47.873729 -0.283747
53676.438538 19.861 0.053 53676.440204 19.972 0.018 53676.436871 19.648 0.021 53676.437704 19.666 0.024 53676.439371 19.6 0.092 47.873729 -0.283747
53679.410441 19.856 0.054 53679.412107 19.963 0.019 53679.408774 19.581 0.023 53679.409607 19.601 0.031 53679.411274 19.611 0.102 47.873729 -0.283747
53681.401955 19.926 0.055 53681.403621 19.989 0.022 53681.400288 19.617 0.019 53681.401121 19.634 0.023 53681.402788 19.711 0.086 47.873729 -0.283747
53684.363453 -99.99 0.084 53684.365119 19.937 0.028 53684.361786 19.485 0.043 53684.362619 19.466 0.053 53684.364286 19.841 0.206 47.873729 -0.283747
53687.304771 19.701 0.106 53687.306437 19.977 0.062 53687.303104 19.624 0.034 53687.303937 19.646 0.045 53687.305604 19.643 0.113 47.873729 -0.283747
53696.367675 19.801 0.063 53696.369341 19.867 0.024 53696.366008 19.562 0.019 53696.366841 19.527 0.023 53696.368508 19.544 0.078 47.873729 -0.283747
53697.358981 19.886 0.062 53697.360647 19.916 0.024 53697.357314 19.603 0.02 53697.358147 19.628 0.026 53697.359814 19.685 0.087 47.873729 -0.283747
53700.357937 -99.99 0.06 53700.359603 19.848 0.018 53700.35627 19.561 0.021 53700.357103 19.541 0.031 53700.35877 19.601 0.122 47.873729 -0.283747
53705.344607 19.729 0.053 53705.346273 19.86 0.02 53705.34294 19.553 0.02 53705.343773 19.547 0.027 53705.34544 19.694 0.12 47.873729 -0.283747
53975.429635 -99.99 0.054 53975.431301 19.876 0.041 53975.427968 19.567 0.026 53975.428801 19.577 0.032 53975.430468 19.519 0.102 47.873729 -0.283747
53994.452635 -99.99 0.048 53994.454302 19.917 0.027 53994.450968 19.58 0.019 53994.451802 19.592 0.025 53994.453468 19.705 0.077 47.873729 -0.283747
53996.436336 19.77 0.05 53996.438002 19.885 0.056 53996.434669 19.603 0.042 53996.435502 19.531 0.038 53996.437169 19.526 0.087 47.873729 -0.283747
54005.449537 19.794 0.036 54005.451203 19.906 0.022 54005.44787 19.637 0.024 54005.448703 19.599 0.031 54005.45037 19.616 0.067 47.873729 -0.283747
54009.463381 19.852 0.039 54009.465048 19.927 0.017 54009.461714 19.612 0.019 54009.462548 19.605 0.026 54009.464214 19.611 0.062 47.873729 -0.283747
54010.390497 19.793 0.033 54010.392164 19.964 0.024 54010.38883 19.604 0.028 54010.389664 19.602 0.024 54010.39133 19.705 0.055 47.873729 -0.283747
54012.383389 19.965 0.051 54012.385056 19.894 0.025 54012.381723 19.584 0.018 54012.382556 19.586 0.023 54012.384223 19.604 0.068 47.873729 -0.283747
54020.421352 20.012 0.079 54020.423019 19.952 0.028 54020.419686 19.582 0.028 54020.420519 19.568 0.028 54020.422186 19.803 0.097 47.873729 -0.283747
54024.470866 -99.99 0.066 54024.472533 19.91 0.029 54024.4692 19.568 0.025 54024.470033 19.525 0.029 54024.4717 19.523 0.107 47.873729 -0.283747
54028.459233 19.772 0.043 54028.4609 19.968 0.031 54028.457566 19.582 0.03 54028.4584 19.579 0.025 54028.460066 19.758 0.094 47.873729 -0.283747
54030.414654 19.851 0.039 54030.416321 19.961 0.03 54030.412988 19.632 0.02 54030.413821 19.669 0.027 54030.415488 19.617 0.076 47.873729 -0.283747
54035.458693 19.824 0.054 54035.460359 19.958 0.023 54035.457026 19.627 0.023 54035.457859 19.573 0.032 54035.459526 19.658 0.101 47.873729 -0.283747
54037.364153 19.872 0.04 54037.36582 19.995 0.023 54037.362486 19.685 0.016 54037.36332 19.637 0.019 54037.364986 19.696 0.061 47.873729 -0.283747
54040.378555 -99.99 0.039 54040.380222 20.037 0.023 54040.376889 19.65 0.018 54040.377722 19.663 0.023 54040.379389 19.857 0.086 47.873729 -0.283747
54041.414083 19.926 0.042 54041.41575 20.057 0.025 54041.412417 19.643 0.02 54041.41325 19.674 0.024 54041.414917 19.714 0.069 47.873729 -0.283747
54047.409321 19.812 0.138 54047.410988 20.012 0.054 54047.407654 19.519 0.039 54047.408488 19.7 0.039 54047.410154 19.48 0.087 47.873729 -0.283747
54049.405058 19.871 0.09 54049.406724 20.024 0.041 54049.403391 19.664 0.027 54049.404224 19.666 0.032 54049.405891 19.872 0.139 47.873729 -0.283747
54050.365211 -99.99 0.098 54050.366878 20.002 0.04 54050.363545 19.715 0.03 54050.364378 19.624 0.038 54050.366045 19.861 0.175 47.873729 -0.283747
54053.384668 -99.99 0.061 54053.386334 -99.99 0.025 54053.383001 19.667 0.022 54053.383834 -99.99 0.031 54053.385501 -99.99 0.132 47.873729 -0.283747
54056.371072 19.905 0.048 54056.372739 20.045 0.029 54056.369406 19.676 0.025 54056.370239 19.663 0.029 54056.371906 19.68 0.092 47.873729 -0.283747
54059.36529 19.934 0.05 54059.366957 20.022 0.025 54059.363623 19.715 0.028 54059.364457 19.68 0.031 54059.366123 19.721 0.108 47.873729 -0.283747
54061.376453 19.918 0.086 54061.37812 20.053 0.054 54061.374786 19.685 0.03 54061.37562 19.633 0.035 54061.377286 19.517 0.123 47.873729 -0.283747
54062.370202 20.04 0.046 54062.371869 20.091 0.026 54062.368535 19.704 0.02 54062.369369 19.677 0.023 54062.371035 19.631 0.076 47.873729 -0.283747
54064.366658 19.95 0.052 54064.368324 20.094 0.022 54064.364991 19.686 0.023 54064.365824 19.68 0.034 54064.367491 19.735 0.115 47.873729 -0.283747
54068.350822 20.055 0.093 54068.352488 20.087 0.033 54068.349155 19.602 0.03 54068.349988 19.661 0.039 54068.351655 -99.99 0.167 47.873729 -0.283747
54357.408491 20.463 0.057 54357.410157 -99.99 0.028 54357.406824 19.974 0.039 54357.407657 20.073 0.035 54357.409324 20.101 0.091 47.873729 -0.283747
54362.458306 20.377 0.054 54362.459973 20.515 0.022 54362.456639 19.956 0.027 54362.457473 19.975 0.032 54362.459139 19.996 0.087 47.873729 -0.283747
54376.453394 -99.99 0.063 54376.455061 20.52 0.034 54376.451727 19.958 0.024 54376.452561 20.021 0.028 54376.454227 19.932 0.091 47.873729 -0.283747
54382.438534 20.342 0.077 54382.440201 20.423 0.029 54382.436868 19.944 0.024 54382.437701 20.011 0.037 54382.439368 20.129 0.145 47.873729 -0.283747
54385.456308 20.344 0.053 54385.457975 20.473 0.024 54385.454641 19.926 0.025 54385.455475 19.991 0.029 54385.457141 20.149 0.095 47.873729 -0.283747
54387.456894 20.272 0.072 54387.458561 20.447 0.032 54387.455228 19.892 0.028 54387.456061 19.957 0.036 54387.457728 19.824 0.117 47.873729 -0.283747
54390.449245 -99.99 0.124 54390.450912 20.432 0.033 54390.447578 20.001 0.046 54390.448412 19.925 0.055 54390.450078 20.101 0.227 47.873729 -0.283747
54391.457684 20.519 0.109 54391.459351 20.417 0.047 54391.456017 19.913 0.041 54391.456851 20.1 0.059 54391.458517 20.275 0.236 47.873729 -0.283747
54402.449988 20.086 0.161 54402.451654 20.466 0.085 54402.448321 19.89 0.041 54402.449154 19.959 0.05 54402.450821 20.016 0.142 47.873729 -0.283747
