52075.323098 20.066 0.052 52075.324764 19.798 0.017 52075.321431 19.698 0.018 52075.322264 19.488 0.022 52075.323931 19.503 0.074 -49.777573 0.678376
52197.131731 19.863 0.036 52197.133397 19.724 0.014 52197.130064 19.681 0.017 52197.130897 19.51 0.022 52197.132564 19.367 0.061 -49.777573 0.678376
52557.169581 19.683 0.036 52557.171247 19.569 0.013 52557.167914 19.516 0.016 52557.168747 19.341 0.021 52557.170414 19.203 0.061 -49.777573 0.678376
52929.095883 19.969 0.042 52929.097549 19.693 0.014 52929.094216 19.668 0.017 52929.095049 19.477 0.021 52929.096716 19.351 0.06 -49.777573 0.678376
52934.07604 19.927 0.039 52934.077706 19.811 0.015 52934.074373 19.725 0.018 52934.075206 19.519 0.022 52934.076873 19.404 0.06 -49.777573 0.678376
52936.071966 20.031 0.04 52936.073632 19.781 0.014 52936.070299 19.73 0.018 52936.071132 19.511 0.023 52936.072799 19.44 0.067 -49.777573 0.678376
53243.257178 19.992 0.091 53243.258844 19.867 0.039 53243.255511 19.826 0.034 53243.256344 19.603 0.036 53243.258011 19.488 0.084 -49.777573 0.678376
53270.136027 20.059 0.048 53270.137694 19.912 0.022 53270.134361 19.84 0.022 53270.135194 19.651 0.023 53270.136861 19.614 0.067 -49.777573 0.678376
53272.185976 20.25 0.121 53272.187642 19.771 0.038 53272.184309 19.707 0.034 53272.185142 19.542 0.039 53272.186809 19.464 0.083 -49.777573 0.678376
53288.113183 19.928 0.051 53288.114849 19.78 0.016 53288.111516 19.693 0.019 53288.112349 19.54 0.026 53288.114016 19.416 0.068 -49.777573 0.678376
53302.108851 19.832 0.071 53302.110517 19.63 0.025 53302.107184 19.666 0.025 53302.108017 19.533 0.027 53302.109684 19.455 0.075 -49.777573 0.678376
53312.064385 19.736 0.046 53312.066052 19.648 0.019 53312.062718 19.595 0.025 53312.063552 19.475 0.036 53312.065218 19.455 0.121 -49.777573 0.678376
53314.065578 19.767 0.037 53314.067244 19.661 0.014 53314.063911 19.596 0.018 53314.064744 19.461 0.024 53314.066411 19.379 0.071 -49.777573 0.678376
53623.160161 19.974 0.048 53623.161827 19.796 0.022 53623.158494 19.779 0.022 53623.159327 19.559 0.024 53623.160994 19.468 0.075 -49.777573 0.678376
53626.146373 20.009 0.066 53626.148039 19.832 0.027 53626.144706 19.857 0.029 53626.145539 19.59 0.029 53626.147206 19.546 0.069 -49.777573 0.678376
53628.131238 20.074 0.126 53628.132904 19.8 0.048 53628.129571 19.722 0.043 53628.130404 19.536 0.043 53628.132071 19.598 0.112 -49.777573 0.678376
53637.132852 19.911 0.055 53637.134518 19.834 0.019 53637.131185 19.711 0.022 53637.132018 19.572 0.032 53637.133685 19.541 0.11 -49.777573 0.678376
53644.125312 20.089 0.04 53644.126979 19.906 0.015 53644.123646 19.816 0.016 53644.124479 -99.99 0.085 53644.126146 19.602 0.068 -49.777573 0.678376
53649.119921 20.329 0.201 53649.121587 19.888 0.07 53649.118254 19.726 0.1 53649.119087 19.334 0.116 53649.120754 19.188 0.242 -49.777573 0.678376
53654.159922 20.023 0.069 53654.161588 19.883 0.028 53654.158255 19.749 0.033 53654.159088 19.55 0.037 53654.160755 19.318 0.071 -49.777573 0.678376
53656.107513 19.952 0.106 53656.109179 20.004 0.058 53656.105846 19.807 0.04 53656.106679 19.598 0.043 53656.108346 19.473 0.114 -49.777573 0.678376
53665.09879 20.318 0.219 53665.100456 19.817 0.056 53665.097123 20.156 0.138 53665.097956 19.614 0.118 53665.099623 19.972 0.516 -49.777573 0.678376
53668.110423 20.029 0.068 53668.112089 19.962 0.024 53668.108756 19.903 0.031 53668.109589 19.659 0.04 53668.111256 19.507 0.13 -49.777573 0.678376
53670.115276 20.007 0.052 53670.116942 19.919 0.019 53670.113609 19.827 0.023 53670.114442 19.608 0.032 53670.116109 19.349 0.075 -49.777573 0.678376
53673.083257 20.043 0.049 53673.084923 19.948 0.017 53673.08159 19.83 0.022 53673.082423 19.623 0.028 53673.08409 19.517 0.077 -49.777573 0.678376
53675.080146 20.16 0.052 53675.081812 19.919 0.017 53675.078479 19.885 0.023 53675.079312 19.57 0.027 53675.080979 19.406 0.074 -49.777573 0.678376
53677.101179 20.179 0.046 53677.102845 19.955 0.016 53677.099512 19.84 0.02 53677.100345 19.623 0.024 53677.102012 19.609 0.065 -49.777573 0.678376
53680.087845 20.25 0.049 53680.089511 19.976 0.017 53680.086178 19.833 0.019 53680.087011 19.629 0.022 53680.088678 19.494 0.055 -49.777573 0.678376
53693.08975 20.224 0.068 53693.091416 19.986 0.026 53693.088083 19.821 0.026 53693.088916 19.615 0.03 53693.090583 19.531 0.079 -49.777573 0.678376
53702.085422 20.329 0.098 53702.087088 19.997 0.029 53702.083755 19.861 0.039 53702.084588 19.614 0.043 53702.086255 19.672 0.13 -49.777573 0.678376
53703.094551 20.406 0.085 53703.096217 20.082 0.048 53703.092884 19.867 0.027 53703.093717 19.691 0.04 53703.095384 19.465 0.089 -49.777573 0.678376
53704.073079 20.192 0.061 53704.074745 20.044 0.021 53704.071412 19.858 0.027 53704.072245 19.683 0.032 53704.073912 19.784 0.095 -49.777573 0.678376
53974.16102 20.298 0.05 53974.162686 20.028 0.02 53974.159353 19.971 0.021 53974.160186 19.716 0.026 53974.161853 19.73 0.074 -49.777573 0.678376
53989.150468 20.228 0.055 53989.152134 20.069 0.023 53989.148801 19.939 0.02 53989.149634 19.723 0.024 53989.151301 19.661 0.062 -49.777573 0.678376
53995.158368 20.13 0.038 53995.160035 19.984 0.016 53995.156702 19.916 0.016 53995.157535 19.71 0.02 53995.159202 19.571 0.051 -49.777573 0.678376
53997.136745 -99.99 0.057 53997.138412 19.941 0.026 53997.135078 -99.99 0.028 53997.135912 -99.99 0.046 53997.137578 -99.99 0.088 -49.777573 0.678376
54005.108618 20.132 0.042 54005.110285 19.935 0.015 54005.106951 19.881 0.015 54005.107785 19.664 0.018 54005.109451 19.606 0.055 -49.777573 0.678376
54007.121346 20.052 0.044 54007.123012 19.926 0.018 54007.119679 19.841 0.019 54007.120512 19.627 0.023 54007.122179 19.558 0.065 -49.777573 0.678376
54009.118452 20.025 0.045 54009.120119 19.98 0.031 54009.116786 19.844 0.02 54009.117619 19.691 0.022 54009.119286 19.663 0.063 -49.777573 0.678376
54011.182945 20.159 0.078 54011.184612 19.906 0.032 54011.181279 19.907 0.033 54011.182112 19.655 0.03 54011.183779 19.561 0.06 -49.777573 0.678376
54019.133174 20.142 0.067 54019.134841 19.968 0.049 54019.131507 19.833 0.031 54019.132341 19.587 0.038 54019.134007 19.51 0.083 -49.777573 0.678376
54025.181961 20.224 0.059 54025.183627 19.964 0.016 54025.180294 19.871 0.026 54025.181127 19.693 0.027 54025.182794 19.643 0.077 -49.777573 0.678376
54029.112301 20.122 0.039 54029.113967 19.962 0.015 54029.110634 19.895 0.02 54029.111467 19.674 0.026 54029.113134 19.649 0.068 -49.777573 0.678376
54051.088884 20.171 0.219 54051.09055 19.944 0.049 54051.087217 19.825 0.065 54051.08805 19.667 0.091 54051.089717 19.791 0.339 -49.777573 0.678376
54356.190473 20.42 0.05 54356.19214 20.147 0.018 54356.188807 19.987 0.017 54356.18964 19.702 0.021 54356.191307 19.501 0.051 -49.777573 0.678376
54358.135527 20.216 0.067 54358.137194 20.077 0.021 54358.13386 19.931 0.029 54358.134694 19.69 0.041 54358.13636 19.594 0.08 -49.777573 0.678376
54373.167629 20.249 0.09 54373.169296 19.969 0.027 54373.165963 19.895 0.027 54373.166796 19.668 0.029 54373.168463 19.66 0.082 -49.777573 0.678376
54381.180322 20.323 0.081 54381.181988 19.978 0.02 54381.178655 19.926 0.032 54381.179488 19.677 0.042 54381.181155 19.576 0.118 -49.777573 0.678376
54382.177713 20.205 0.094 54382.17938 20.041 0.024 54382.176047 19.875 0.033 54382.17688 19.673 0.053 54382.178547 19.514 0.098 -49.777573 0.678376
54383.183461 20.351 0.052 54383.185128 20.016 0.016 54383.181795 19.947 0.021 54383.182628 19.638 0.024 54383.184295 19.582 0.067 -49.777573 0.678376
54386.180481 20.299 0.05 54386.182148 20.058 0.015 54386.178815 19.944 0.02 54386.179648 19.776 0.025 54386.181315 19.643 0.054 -49.777573 0.678376
54388.184736 20.274 0.061 54388.186402 20.073 0.02 54388.183069 19.918 0.024 54388.183902 19.748 0.03 54388.185569 19.531 0.076 -49.777573 0.678376
54403.098549 20.18 0.052 54403.100216 19.98 0.016 54403.096882 19.852 0.019 54403.097716 19.667 0.027 54403.099382 19.788 0.072 -49.777573 0.678376
54406.092341 20.166 0.047 54406.094008 19.977 0.017 54406.090674 19.871 0.022 54406.091508 19.675 0.028 54406.093174 19.548 0.077 -49.777573 0.678376
54412.095269 20.165 0.049 54412.096936 19.958 0.017 54412.093603 19.924 0.024 54412.094436 19.712 0.026 54412.096103 19.619 0.069 -49.777573 0.678376
54415.132867 20.153 0.046 54415.134533 19.955 0.016 54415.1312 19.919 0.019 54415.132033 19.75 0.023 54415.1337 19.67 0.066 -49.777573 0.678376
