51081.259905 18.959 0.027 51081.261571 18.563 0.009 51081.258238 18.087 0.007 51081.259071 17.963 0.009 51081.260738 17.804 0.025 -8.538601 -0.366771
51467.355054 18.75 0.027 51467.35672 18.46 0.009 51467.353387 18.002 0.008 51467.35422 17.895 0.009 51467.355887 17.755 0.027 -8.538601 -0.366771
51819.331062 18.84 0.023 51819.332728 18.494 0.008 51819.329395 18.043 0.007 51819.330228 17.936 0.008 51819.331895 17.762 0.02 -8.538601 -0.366771
52558.29633 18.662 0.02 52558.297996 18.429 0.007 52558.294663 17.997 0.007 52558.295496 17.901 0.008 52558.297163 17.78 0.019 -8.538601 -0.366771
52577.183828 18.638 0.019 52577.185494 18.421 0.008 52577.182161 17.987 0.007 52577.182994 17.885 0.008 52577.184661 17.801 0.022 -8.538601 -0.366771
52586.187306 18.612 0.018 52586.188972 18.418 0.007 52586.185639 17.983 0.007 52586.186472 17.9 0.008 52586.188139 17.79 0.024 -8.538601 -0.366771
52910.267789 18.755 0.019 52910.269455 18.514 0.008 52910.266122 18.055 0.007 52910.266955 17.966 0.008 52910.268622 17.771 0.018 -8.538601 -0.366771
52931.19799 -99.99 0.021 52931.199656 18.515 0.008 52931.196323 18.071 0.007 52931.197156 17.954 0.008 52931.198823 17.808 0.019 -8.538601 -0.366771
52935.194954 -99.99 0.022 52935.19662 18.518 0.008 52935.193287 18.063 0.007 52935.19412 17.963 0.008 52935.195787 17.819 0.021 -8.538601 -0.366771
52959.13828 -99.99 0.022 52959.139946 18.548 0.008 52959.136613 18.084 0.007 52959.137446 17.944 0.008 52959.139113 17.829 0.02 -8.538601 -0.366771
52963.118024 18.815 0.02 52963.11969 18.515 0.008 52963.116357 18.062 0.007 52963.11719 17.967 0.008 52963.118857 17.833 0.018 -8.538601 -0.366771
53313.188154 18.788 0.022 53313.18982 18.537 0.008 53313.186487 18.064 0.007 53313.18732 18.01 0.009 53313.188987 17.819 0.024 -8.538601 -0.366771
53352.08909 18.766 0.02 53352.090756 18.522 0.008 53352.087423 18.067 0.007 53352.088256 17.979 0.009 53352.089923 17.824 0.02 -8.538601 -0.366771
53622.297396 18.643 0.025 53622.299062 18.417 0.008 53622.295729 17.997 0.008 53622.296562 -99.99 0.009 53622.298229 17.718 0.027 -8.538601 -0.366771
53634.246867 18.755 0.051 53634.248533 18.388 0.019 53634.2452 17.997 0.012 53634.246033 17.874 0.012 53634.2477 17.78 0.032 -8.538601 -0.366771
53636.2524 18.598 0.028 53636.254066 18.379 0.01 53636.250733 17.983 0.008 53636.251566 17.871 0.009 53636.253233 17.74 0.024 -8.538601 -0.366771
53638.288201 18.623 0.02 53638.289867 18.391 0.008 53638.286534 17.993 0.007 53638.287367 17.885 0.008 53638.289034 17.785 0.019 -8.538601 -0.366771
53640.252235 -99.99 0.061 53640.253901 -99.99 0.114 53640.250568 -99.99 0.074 53640.251401 -99.99 0.585 53640.253068 17.679 0.027 -8.538601 -0.366771
53655.224406 -99.99 0.047 53655.226072 18.431 0.014 53655.222739 17.968 0.011 53655.223572 17.906 0.012 53655.225239 17.75 0.034 -8.538601 -0.366771
53664.249364 18.651 0.032 53664.25103 18.423 0.011 53664.247697 17.978 0.008 53664.24853 17.897 0.009 53664.250197 17.795 0.024 -8.538601 -0.366771
53666.212967 18.642 0.019 53666.214633 18.394 0.008 53666.2113 17.976 0.008 53666.212133 17.894 0.008 53666.2138 17.781 0.019 -8.538601 -0.366771
53669.208605 18.612 0.019 53669.210271 18.39 0.007 53669.206938 17.972 0.007 53669.207771 17.878 0.008 53669.209438 17.768 0.019 -8.538601 -0.366771
53671.293383 18.657 0.026 53671.295049 18.397 0.008 53671.291716 17.975 0.007 53671.292549 17.882 0.008 53671.294216 17.842 0.022 -8.538601 -0.366771
53674.19284 18.589 0.02 53674.194506 18.385 0.007 53674.191173 17.991 0.007 53674.192006 17.881 0.008 53674.193673 17.777 0.019 -8.538601 -0.366771
53676.282326 18.629 0.023 53676.283992 18.416 0.008 53676.280659 17.992 0.007 53676.281492 17.904 0.008 53676.283159 17.784 0.024 -8.538601 -0.366771
53679.254213 18.63 0.023 53679.255879 18.41 0.008 53679.252546 17.979 0.007 53679.253379 17.904 0.008 53679.255046 17.821 0.023 -8.538601 -0.366771
53681.245726 18.595 0.021 53681.247392 18.412 0.008 53681.244059 17.978 0.007 53681.244892 17.881 0.008 53681.246559 17.752 0.019 -8.538601 -0.366771
53685.204776 18.653 0.053 53685.206442 -99.99 0.024 53685.203109 17.983 0.019 53685.203942 -99.99 0.019 53685.205609 -99.99 0.041 -8.538601 -0.366771
53687.243115 18.64 0.04 53687.244781 18.4 0.015 53687.241448 -99.99 0.011 53687.242281 17.894 0.01 53687.243948 17.825 0.022 -8.538601 -0.366771
53694.218657 18.636 0.057 53694.220323 18.405 0.02 53694.21699 17.979 0.013 53694.217823 -99.99 0.013 53694.21949 -99.99 0.035 -8.538601 -0.366771
53697.202748 18.582 0.048 53697.204414 18.37 0.012 53697.201081 18.034 0.016 53697.201914 17.843 0.017 53697.203581 17.767 0.04 -8.538601 -0.366771
53700.201709 18.612 0.021 53700.203375 18.384 0.007 53700.200042 17.953 0.007 53700.200875 17.896 0.008 53700.202542 17.77 0.021 -8.538601 -0.366771
53705.188378 18.612 0.021 53705.190044 18.378 0.007 53705.186711 17.972 0.007 53705.187544 17.895 0.008 53705.189211 17.786 0.02 -8.538601 -0.366771
53975.273405 18.582 0.023 53975.275072 18.359 0.017 53975.271739 17.962 0.014 53975.272572 17.802 0.013 53975.274239 17.712 0.024 -8.538601 -0.366771
53993.341188 18.531 0.027 53993.342855 18.352 0.016 53993.339522 -99.99 0.021 53993.340355 -99.99 0.03 53993.342022 17.686 0.026 -8.538601 -0.366771
53996.280108 18.547 0.021 53996.281775 18.358 0.017 53996.278441 17.957 0.015 53996.279275 17.837 0.013 53996.280941 17.742 0.022 -8.538601 -0.366771
53998.248765 18.534 0.025 53998.250432 18.349 0.021 53998.247098 17.92 0.015 53998.247932 17.824 0.018 53998.249598 17.74 0.022 -8.538601 -0.366771
54005.278976 18.6 0.022 54005.280643 18.371 0.013 54005.27731 17.941 0.015 54005.278143 17.839 0.015 54005.27981 17.722 0.026 -8.538601 -0.366771
54010.23422 18.594 0.018 54010.235887 18.371 0.014 54010.232554 17.921 0.016 54010.233387 17.855 0.014 54010.235054 17.729 0.024 -8.538601 -0.366771
54012.227059 -99.99 0.028 54012.228726 18.35 0.019 54012.225393 17.936 0.023 54012.226226 17.865 0.017 54012.227893 17.769 0.022 -8.538601 -0.366771
54020.233066 18.526 0.02 54020.234733 18.33 0.014 54020.231399 17.918 0.012 54020.232233 17.818 0.013 54020.233899 17.76 0.021 -8.538601 -0.366771
54022.282319 -99.99 0.022 54022.283986 -99.99 0.027 54022.280652 17.935 0.016 54022.281486 17.878 0.016 54022.283152 17.738 0.02 -8.538601 -0.366771
54028.223461 18.567 0.021 54028.225128 18.337 0.02 54028.221795 17.892 0.026 54028.222628 17.798 0.018 54028.224295 17.735 0.022 -8.538601 -0.366771
54030.226593 18.518 0.018 54030.228259 18.362 0.017 54030.224926 17.933 0.013 54030.225759 17.859 0.012 54030.227426 17.748 0.02 -8.538601 -0.366771
54035.3024 18.612 0.028 54035.304066 18.357 0.015 54035.300733 17.924 0.012 54035.301566 17.862 0.017 54035.303233 17.723 0.028 -8.538601 -0.366771
54037.207841 18.592 0.027 54037.209507 18.337 0.017 54037.206174 17.951 0.014 54037.207007 17.828 0.017 54037.208674 17.723 0.026 -8.538601 -0.366771
54040.22235 18.543 0.027 54040.224017 18.326 0.019 54040.220683 17.927 0.011 54040.221517 17.802 0.012 54040.223183 17.731 0.023 -8.538601 -0.366771
54049.248784 18.564 0.032 54049.250451 18.339 0.015 54049.247117 17.929 0.018 54049.247951 17.852 0.018 54049.249617 17.729 0.023 -8.538601 -0.366771
54050.206943 18.562 0.045 54050.208609 18.348 0.028 54050.205276 17.934 0.026 54050.206109 17.863 0.028 54050.207776 17.743 0.033 -8.538601 -0.366771
54053.2131 18.557 0.022 54053.214766 18.343 0.015 54053.211433 17.929 0.016 54053.212266 17.807 0.014 54053.213933 17.722 0.024 -8.538601 -0.366771
54056.214791 18.568 0.027 54056.216458 18.318 0.015 54056.213125 17.952 0.018 54056.213958 17.832 0.015 54056.215625 17.709 0.037 -8.538601 -0.366771
54059.209097 18.508 0.056 54059.210763 18.341 0.036 54059.20743 17.924 0.02 54059.208263 17.844 0.02 54059.20993 17.764 0.027 -8.538601 -0.366771
54062.213983 18.547 0.024 54062.215649 18.368 0.018 54062.212316 17.943 0.029 54062.213149 17.842 0.018 54062.214816 17.761 0.031 -8.538601 -0.366771
54357.252266 18.495 0.02 54357.253933 18.296 0.015 54357.250599 17.901 0.017 54357.251433 17.832 0.021 54357.253099 17.722 0.026 -8.538601 -0.366771
54362.302068 -99.99 0.022 54362.303735 18.324 0.015 54362.300401 17.901 0.015 54362.301235 17.796 0.019 54362.302901 17.692 0.024 -8.538601 -0.366771
54376.310969 -99.99 0.175 54376.312636 -99.99 0.023 54376.309302 -99.99 0.023 54376.310136 -99.99 0.018 54376.311802 -99.99 0.473 -8.538601 -0.366771
54385.300116 18.529 0.022 54385.301783 18.314 0.01 54385.298449 17.907 0.014 54385.299283 17.789 0.024 54385.300949 17.693 0.021 -8.538601 -0.366771
54387.300587 18.496 0.022 54387.302254 18.31 0.017 54387.298921 17.891 0.013 54387.299754 17.779 0.013 54387.301421 17.692 0.02 -8.538601 -0.366771
54392.295312 18.539 0.024 54392.296979 18.33 0.013 54392.293645 17.886 0.016 54392.294479 17.773 0.014 54392.296145 17.703 0.024 -8.538601 -0.366771
54402.293763 18.537 0.035 54402.295429 18.36 0.035 54402.292096 17.891 0.016 54402.292929 17.811 0.015 54402.294596 17.71 0.022 -8.538601 -0.366771
