52172.23719 20.407 0.058 52172.238856 20.323 0.021 52172.235523 20.022 0.021 52172.236356 19.989 0.026 52172.238023 20.025 0.1 -48.050013 -0.408701
52577.074387 20.581 0.068 52577.076053 20.387 0.023 52577.07272 20.097 0.028 52577.073553 20.047 0.035 52577.07522 19.858 0.122 -48.050013 -0.408701
52930.087718 20.288 0.053 52930.089384 20.238 0.02 52930.086051 20.032 0.021 52930.086884 19.801 0.024 52930.088551 20.077 0.113 -48.050013 -0.408701
52931.088549 20.343 0.054 52931.090215 20.287 0.02 52931.086882 20.01 0.021 52931.087715 19.98 0.027 52931.089382 20.066 0.112 -48.050013 -0.408701
52935.085512 20.301 0.054 52935.087178 20.292 0.02 52935.083845 20.001 0.023 52935.084678 19.887 0.027 52935.086345 20.039 0.115 -48.050013 -0.408701
53313.078713 20.097 0.064 53313.080379 20.128 0.025 53313.077046 19.887 0.026 53313.077879 19.897 0.043 53313.079546 19.971 0.201 -48.050013 -0.408701
53622.187961 20.691 0.107 53622.189627 20.471 0.034 53622.186294 20.153 0.031 53622.187127 20.16 0.042 53622.188794 20.053 0.145 -48.050013 -0.408701
53625.183927 20.613 0.077 53625.185593 20.436 0.031 53625.18226 20.145 0.025 53625.183093 20.092 0.03 53625.18476 20.191 0.114 -48.050013 -0.408701
53634.137431 -99.99 0.204 53634.139097 -99.99 0.076 53634.135764 20.23 0.054 53634.136597 20.085 0.063 53634.138264 20.394 0.281 -48.050013 -0.408701
53636.142962 20.618 0.072 53636.144628 20.49 0.024 53636.141295 20.123 0.023 53636.142128 20.106 0.03 53636.143795 20.057 0.113 -48.050013 -0.408701
53645.202632 20.424 0.069 53645.204298 20.467 0.024 53645.200965 20.145 0.024 53645.201798 20.099 0.032 53645.203465 20.258 0.132 -48.050013 -0.408701
53655.114969 20.543 0.101 53655.116635 20.431 0.04 53655.113302 20.204 0.034 53655.114135 20.133 0.037 53655.115802 20.372 0.147 -48.050013 -0.408701
53657.202387 20.398 0.358 53657.204053 20.869 0.237 53657.20072 -99.99 0.141 53657.201553 -99.99 0.104 53657.20322 -99.99 0.358 -48.050013 -0.408701
53664.139928 20.87 0.142 53664.141594 20.613 0.052 53664.138261 20.148 0.037 53664.139094 20.08 0.043 53664.140761 20.119 0.164 -48.050013 -0.408701
53666.103527 20.754 0.072 53666.105193 20.516 0.022 53666.10186 20.181 0.024 53666.102693 20.169 0.033 53666.10436 20.139 0.128 -48.050013 -0.408701
53669.099167 20.558 0.061 53669.100833 20.501 0.021 53669.0975 20.184 0.023 53669.098333 20.31 0.035 53669.1 20.225 0.118 -48.050013 -0.408701
53674.083401 20.512 0.065 53674.085067 20.518 0.024 53674.081734 20.169 0.031 53674.082567 20.196 0.038 53674.084234 20.137 0.133 -48.050013 -0.408701
53681.136298 20.281 0.146 53681.137964 20.386 0.121 53681.134631 20.019 0.055 53681.135464 20.086 0.078 53681.137131 -99.99 0.514 -48.050013 -0.408701
53685.095339 20.592 0.248 53685.097005 20.401 0.09 53685.093672 20.153 0.066 53685.094505 20.111 0.077 53685.096172 20.235 0.237 -48.050013 -0.408701
53687.133692 20.478 0.197 53687.135358 20.498 0.076 53687.132025 20.169 0.048 53687.132858 20.06 0.05 53687.134525 20.068 0.15 -48.050013 -0.408701
53694.109235 20.959 0.238 53694.110901 20.524 0.052 53694.107568 -99.99 0.057 53694.108401 20.06 0.076 53694.110068 -99.99 0.294 -48.050013 -0.408701
53697.09332 -99.99 0.258 53697.094986 20.611 0.111 53697.091653 20.124 0.113 53697.092486 20.71 0.24 53697.094153 19.606 0.332 -48.050013 -0.408701
53700.092285 20.789 0.09 53700.093951 20.602 0.029 53700.090618 20.2 0.028 53700.091451 20.175 0.039 53700.093118 20.074 0.138 -48.050013 -0.408701
53705.078952 20.869 0.098 53705.080618 20.608 0.031 53705.077285 20.238 0.031 53705.078118 20.128 0.041 53705.079785 19.837 0.118 -48.050013 -0.408701
53975.163944 20.558 0.07 53975.16561 20.411 0.025 53975.162277 20.051 0.024 53975.16311 19.985 0.03 53975.164777 20.302 0.169 -48.050013 -0.408701
53998.139297 20.438 0.05 53998.140964 20.371 0.021 53998.137631 20.085 0.02 53998.138464 20.052 0.024 53998.140131 20.239 0.111 -48.050013 -0.408701
54005.176546 20.463 0.055 54005.178213 20.419 0.018 54005.174879 20.042 0.016 54005.175713 20.04 0.022 54005.177379 20.143 0.088 -48.050013 -0.408701
54010.124774 20.603 0.088 54010.126441 20.435 0.035 54010.123108 20.065 0.028 54010.123941 20.019 0.029 54010.125608 20.118 0.083 -48.050013 -0.408701
54012.117618 20.557 0.133 54012.119285 20.417 0.056 54012.115951 20.102 0.038 54012.116785 19.888 0.036 54012.118451 20.264 0.119 -48.050013 -0.408701
54020.12361 20.505 0.063 54020.125277 20.362 0.02 54020.121944 20.036 0.023 54020.122777 19.934 0.029 54020.124444 20.151 0.143 -48.050013 -0.408701
54022.172888 20.495 0.064 54022.174555 -99.99 0.025 54022.171221 -99.99 0.034 54022.172055 20.057 0.031 54022.173721 20.121 0.127 -48.050013 -0.408701
54028.113965 20.329 0.068 54028.115632 20.295 0.021 54028.112299 20.028 0.027 54028.113132 19.97 0.032 54028.114799 20.014 0.116 -48.050013 -0.408701
54030.117152 20.297 0.048 54030.118818 20.297 0.018 54030.115485 20.001 0.019 54030.116318 19.937 0.023 54030.117985 19.903 0.077 -48.050013 -0.408701
54032.106414 20.285 0.065 54032.108081 -99.99 0.026 54032.104747 19.948 0.026 54032.105581 -99.99 0.036 54032.107247 -99.99 0.141 -48.050013 -0.408701
54034.176707 20.226 0.088 54034.178373 -99.99 0.025 54034.17504 19.998 0.035 54034.175873 -99.99 0.052 54034.17754 -99.99 0.228 -48.050013 -0.408701
54037.098399 20.286 0.056 54037.100066 20.215 0.023 54037.096732 19.962 0.022 54037.097566 19.963 0.026 54037.099232 19.965 0.085 -48.050013 -0.408701
54040.112884 20.367 0.116 54040.114551 20.24 0.044 54040.111218 19.971 0.035 54040.112051 19.971 0.037 54040.113718 20.004 0.127 -48.050013 -0.408701
54050.097509 20.259 0.059 54050.099176 20.116 0.02 54050.095843 19.916 0.021 54050.096676 19.937 0.038 54050.098343 19.74 0.11 -48.050013 -0.408701
54053.103678 20.039 0.051 54053.105344 20.085 0.02 54053.102011 19.855 0.025 54053.102844 19.863 0.032 54053.104511 19.65 0.127 -48.050013 -0.408701
54056.105355 20.164 0.062 54056.107022 -99.99 0.03 54056.103689 -99.99 0.029 54056.104522 19.805 0.035 54056.106189 19.998 0.125 -48.050013 -0.408701
54057.073995 20.042 0.048 54057.075662 20.097 0.02 54057.072328 19.864 0.024 54057.073162 19.894 0.036 54057.074828 19.908 0.131 -48.050013 -0.408701
54059.099632 20.046 0.059 54059.101299 20.159 0.025 54059.097966 19.874 0.027 54059.098799 19.878 0.033 54059.100466 19.712 0.107 -48.050013 -0.408701
54061.110676 20.061 0.063 54061.112343 20.07 0.022 54061.109009 19.854 0.026 54061.109843 19.884 0.043 54061.111509 19.799 0.133 -48.050013 -0.408701
54062.104527 20.19 0.076 54062.106193 20.035 0.023 54062.10286 19.82 0.03 54062.103693 19.825 0.038 54062.10536 19.877 0.171 -48.050013 -0.408701
54068.094499 20.314 0.176 54068.096165 19.981 0.055 54068.092832 19.794 0.04 54068.093665 19.87 0.048 54068.095332 20.048 0.208 -48.050013 -0.408701
54357.14283 20.34 0.052 54357.144497 20.154 0.018 54357.141163 19.942 0.018 54357.141997 19.87 0.023 54357.143663 19.913 0.095 -48.050013 -0.408701
54365.140669 20.077 0.127 54365.142336 20.289 0.06 54365.139003 19.905 0.038 54365.139836 19.927 0.054 54365.141503 19.842 0.133 -48.050013 -0.408701
54385.190643 20.241 0.058 54385.192309 20.281 0.022 54385.188976 19.954 0.018 54385.189809 20.002 0.03 54385.191476 20.018 0.093 -48.050013 -0.408701
54387.191147 20.323 0.082 54387.192813 20.226 0.023 54387.18948 19.994 0.026 54387.190313 19.926 0.031 54387.19198 19.971 0.124 -48.050013 -0.408701
54390.194163 20.184 0.064 54390.195829 20.237 0.022 54390.192496 19.967 0.027 54390.193329 19.997 0.041 54390.194996 20.023 0.152 -48.050013 -0.408701
54392.185884 19.873 0.102 54392.187551 20.322 0.064 54392.184217 19.92 0.041 54392.185051 -99.99 0.077 54392.186717 19.996 0.25 -48.050013 -0.408701
54402.184332 20.253 0.159 54402.185998 20.301 0.055 54402.182665 19.994 0.037 54402.183498 19.966 0.041 54402.185165 19.86 0.123 -48.050013 -0.408701
