51081.25881 20.629 0.104 51081.260476 20.066 0.025 51081.257143 20.052 0.033 51081.257976 19.956 0.045 51081.259643 19.821 0.137 -8.930801 1.00258
51467.353984 20.716 0.137 51467.35565 20.138 0.028 51467.352317 19.973 0.035 51467.35315 20.097 0.058 51467.354817 19.927 0.176 -8.930801 1.00258
51819.329985 21.123 0.121 51819.331651 20.341 0.023 51819.328318 20.305 0.036 51819.329151 20.246 0.043 51819.330818 20.205 0.137 -8.930801 1.00258
52558.295245 21.067 0.125 52558.296911 20.535 0.027 52558.293578 20.349 0.032 52558.294411 20.375 0.045 52558.296078 20.25 0.135 -8.930801 1.00258
52577.182741 21.264 0.141 52577.184407 20.405 0.024 52577.181074 20.356 0.035 52577.181907 20.321 0.053 52577.183574 20.054 0.157 -8.930801 1.00258
52586.18622 20.986 0.101 52586.187886 20.456 0.024 52586.184553 20.332 0.032 52586.185386 20.391 0.059 52586.187053 20.35 0.203 -8.930801 1.00258
52910.266703 20.565 0.06 52910.268369 20.1 0.019 52910.265036 20.062 0.022 52910.265869 20.074 0.032 52910.267536 19.875 0.099 -8.930801 1.00258
52931.196904 20.612 0.074 52931.19857 20.1 0.02 52931.195237 20.063 0.024 52931.19607 20.091 0.035 52931.197737 19.92 0.128 -8.930801 1.00258
52935.193868 20.769 0.09 52935.195534 20.073 0.02 52935.192201 20.039 0.028 52935.193034 20.095 0.044 52935.194701 20.08 0.15 -8.930801 1.00258
52959.137195 20.637 0.064 52959.138861 20.068 0.02 52959.135528 20.043 0.022 52959.136361 20.04 0.032 52959.138028 19.626 0.086 -8.930801 1.00258
52963.116939 20.675 0.066 52963.118605 20.117 0.023 52963.115272 20.109 0.024 52963.116105 20.013 0.034 52963.117772 -99.99 0.104 -8.930801 1.00258
53313.187069 20.972 0.121 53313.188735 20.288 0.024 53313.185402 20.239 0.035 53313.186235 20.18 0.049 53313.187902 20.078 0.153 -8.930801 1.00258
53352.088005 21.189 0.113 53352.089671 20.416 0.024 53352.086338 20.267 0.032 53352.087171 20.257 0.05 53352.088838 20.292 0.178 -8.930801 1.00258
53622.296311 20.583 0.111 53622.297977 20.35 0.031 53622.294644 20.21 0.037 53622.295477 20.208 0.07 53622.297144 20.01 0.197 -8.930801 1.00258
53634.24578 20.639 0.361 53634.247446 20.042 0.081 53634.244113 20.295 0.105 53634.244946 20.349 0.127 53634.246613 19.87 0.214 -8.930801 1.00258
53636.251313 20.727 0.162 53636.252979 20.188 0.043 53636.249646 20.125 0.055 53636.250479 20.113 0.063 53636.252146 19.99 0.176 -8.930801 1.00258
53638.287116 21.039 0.117 53638.288782 20.328 0.025 53638.285449 20.241 0.03 53638.286282 20.193 0.039 53638.287949 20.104 0.119 -8.930801 1.00258
53640.251149 -99.99 0.825 53640.252815 -99.99 0.031 53640.249482 -99.99 0.048 53640.250315 -99.99 0.361 53640.251982 -99.99 0.803 -8.930801 1.00258
53655.22332 20.816 0.281 53655.224986 20.148 0.069 53655.221653 20.163 0.069 53655.222486 20.225 0.119 53655.224153 19.818 0.232 -8.930801 1.00258
53664.248276 20.686 0.189 53664.249942 20.116 0.042 53664.246609 20.101 0.044 53664.247442 20.146 0.063 53664.249109 19.857 0.161 -8.930801 1.00258
53666.21188 20.764 0.085 53666.213546 20.281 0.025 53666.210213 20.178 0.032 53666.211046 20.211 0.043 53666.212713 20.002 0.12 -8.930801 1.00258
53669.207519 20.779 0.084 53669.209185 20.216 0.019 53669.205852 20.149 0.027 53669.206685 20.216 0.045 53669.208352 19.766 0.099 -8.930801 1.00258
53671.292296 20.792 0.13 53671.293962 20.28 0.025 53671.290629 20.112 0.03 53671.291462 20.206 0.047 53671.293129 20.045 0.143 -8.930801 1.00258
53674.191755 20.8 0.093 53674.193421 20.234 0.02 53674.190088 20.248 0.03 53674.190921 20.181 0.04 53674.192588 19.998 0.136 -8.930801 1.00258
53676.281238 20.651 0.121 53676.282904 20.298 0.026 53676.279571 20.135 0.031 53676.280404 20.164 0.041 53676.282071 19.892 0.102 -8.930801 1.00258
53679.253126 20.781 0.12 53679.254792 20.157 0.022 53679.251459 20.176 0.035 53679.252292 20.088 0.049 53679.253959 20.039 0.147 -8.930801 1.00258
53681.244639 20.877 0.1 53681.246305 20.266 0.022 53681.242972 20.172 0.031 53681.243805 20.181 0.038 53681.245472 19.966 0.1 -8.930801 1.00258
53687.242028 20.823 0.326 53687.243694 20.088 0.069 53687.240361 19.893 0.057 53687.241194 19.993 0.083 53687.242861 19.807 0.133 -8.930801 1.00258
53694.217569 -99.99 0.356 53694.219235 20.127 0.076 53694.215902 20.178 0.079 53694.216735 20.147 0.106 53694.218402 20.062 0.271 -8.930801 1.00258
53697.201663 20.352 0.213 53697.203329 20.201 0.061 53697.199996 19.884 0.077 53697.200829 20.185 0.125 53697.202496 20.003 0.394 -8.930801 1.00258
53700.200623 20.748 0.1 53700.202289 20.249 0.022 53700.198956 20.171 0.032 53700.199789 20.188 0.048 53700.201456 19.855 0.114 -8.930801 1.00258
53705.187292 20.931 0.109 53705.188958 20.256 0.024 53705.185625 20.14 0.028 53705.186458 20.191 0.04 53705.188125 20.09 0.108 -8.930801 1.00258
53975.272353 20.816 0.087 53975.274019 20.412 0.029 53975.270686 20.297 0.035 53975.271519 20.278 0.046 53975.273186 19.956 0.147 -8.930801 1.00258
53996.279023 21.126 0.118 53996.280689 20.401 0.027 53996.277356 20.28 0.028 53996.278189 20.25 0.042 53996.279856 20.043 0.13 -8.930801 1.00258
53998.24768 21.018 0.089 53998.249346 20.416 0.025 53998.246013 20.312 0.026 53998.246846 20.259 0.037 53998.248513 19.891 0.093 -8.930801 1.00258
54005.277889 21.06 0.096 54005.279555 20.463 0.027 54005.276222 20.299 0.03 54005.277055 20.233 0.037 54005.278722 19.818 0.092 -8.930801 1.00258
54010.233154 20.864 0.105 54010.234821 20.413 0.034 54010.231487 20.274 0.032 54010.232321 20.212 0.04 54010.233987 19.911 0.094 -8.930801 1.00258
54012.22601 21.237 0.257 54012.227677 20.468 0.066 54012.224343 -99.99 0.054 54012.225177 -99.99 0.064 54012.226843 -99.99 0.164 -8.930801 1.00258
54020.231955 21.193 0.159 54020.233622 20.435 0.033 54020.230289 20.341 0.037 54020.231122 20.268 0.058 54020.232789 19.872 0.125 -8.930801 1.00258
54022.281235 21.047 0.164 54022.282902 20.435 0.031 54022.279568 20.347 0.044 54022.280402 20.418 0.081 54022.282068 19.894 0.127 -8.930801 1.00258
54028.222329 20.93 0.103 54028.223995 20.47 0.029 54028.220662 20.246 0.038 54028.221495 20.327 0.054 54028.223162 20.11 0.143 -8.930801 1.00258
54030.225514 21.172 0.106 54030.227181 20.498 0.029 54030.223847 20.264 0.028 54030.224681 20.17 0.037 54030.226347 20.144 0.115 -8.930801 1.00258
54035.301286 21.26 0.245 54035.302953 20.494 0.035 54035.29962 20.279 0.047 54035.300453 20.273 0.067 54035.30212 -99.99 0.26 -8.930801 1.00258
54037.206803 21.024 0.134 54037.20847 20.415 0.034 54037.205137 20.37 0.046 54037.20597 20.228 0.056 54037.207637 19.711 0.124 -8.930801 1.00258
54040.221295 21.361 0.29 54040.222961 20.501 0.066 54040.219628 20.454 0.074 54040.220461 20.33 0.078 54040.222128 19.858 0.122 -8.930801 1.00258
54049.24769 21.01 0.272 54049.249356 20.542 0.058 54049.246023 20.438 0.064 54049.246856 20.271 0.065 54049.248523 19.842 0.127 -8.930801 1.00258
54050.205942 20.791 0.182 54050.207608 20.397 0.043 54050.204275 20.255 0.064 54050.205108 20.328 0.089 54050.206775 20.548 1 -8.930801 1.00258
54053.212042 21.053 0.108 54053.213709 20.451 0.025 54053.210376 20.319 0.032 54053.211209 20.379 0.05 54053.212876 19.993 0.106 -8.930801 1.00258
54056.213698 20.735 0.147 54056.215364 20.452 0.041 54056.212031 20.314 0.051 54056.212864 20.296 0.075 54056.214531 20.558 1 -8.930801 1.00258
54059.207968 21.557 0.295 54059.209635 20.431 0.033 54059.206301 20.322 0.045 54059.207135 20.253 0.059 54059.208801 20.726 0.27 -8.930801 1.00258
54062.212885 21.2 0.201 54062.214551 20.394 0.035 54062.211218 20.349 0.045 54062.212051 20.246 0.064 54062.213718 19.756 0.142 -8.930801 1.00258
54357.251202 20.478 0.071 54357.252869 -99.99 0.029 54357.249536 19.9 0.023 54357.250369 19.986 0.032 54357.252036 19.915 0.118 -8.930801 1.00258
54362.301092 20.609 0.074 54362.302759 19.991 0.021 54362.299426 19.918 0.026 54362.300259 19.935 0.036 54362.301926 19.592 0.097 -8.930801 1.00258
54376.309652 20.371 0.106 54376.311319 -99.99 99.999 54376.307985 -99.99 0.035 54376.308819 -99.99 0.095 54376.310485 18.152 0.673 -8.930801 1.00258
54385.298988 20.474 0.07 54385.300655 19.988 0.022 54385.297321 19.856 0.024 54385.298155 19.962 0.033 54385.299821 19.825 0.081 -8.930801 1.00258
54387.299489 20.545 0.082 54387.301156 20.011 0.026 54387.297822 19.945 0.025 54387.298656 19.841 0.033 54387.300322 19.751 0.092 -8.930801 1.00258
54392.294255 20.652 0.09 54392.295922 20.004 0.023 54392.292589 19.893 0.03 54392.293422 19.909 0.039 54392.295089 19.772 0.087 -8.930801 1.00258
54402.292696 20.648 0.228 54402.294363 20.033 0.052 54402.29103 19.863 0.04 54402.291863 20.046 0.054 54402.29353 19.901 0.116 -8.930801 1.00258
