52172.232067 21.269 0.106 52172.233733 20.503 0.025 52172.2304 20.482 0.029 52172.231233 20.463 0.042 52172.2329 20.255 0.114 -49.90141 0.541743
52930.08259 21.676 0.151 52930.084256 20.792 0.031 52930.080923 20.801 0.042 52930.081756 20.726 0.056 52930.083423 20.331 0.132 -49.90141 0.541743
52931.083422 21.512 0.129 52931.085088 20.713 0.029 52931.081755 20.906 0.043 52931.082588 20.708 0.058 52931.084255 20.403 0.145 -49.90141 0.541743
52935.080385 21.568 0.147 52935.082051 20.74 0.031 52935.078718 20.713 0.039 52935.079551 20.663 0.057 52935.081218 20.646 0.185 -49.90141 0.541743
53313.073586 21.328 0.175 53313.075252 20.715 0.041 53313.071919 20.508 0.049 53313.072752 20.599 0.083 53313.074419 20.02 0.182 -49.90141 0.541743
53622.182833 21.106 0.144 53622.184499 20.525 0.034 53622.181166 20.465 0.042 53622.181999 20.501 0.07 53622.183666 20.259 0.164 -49.90141 0.541743
53625.178797 21.123 0.111 53625.180463 20.54 0.034 53625.17713 20.42 0.033 53625.177963 20.476 0.046 53625.17963 20.407 0.129 -49.90141 0.541743
53634.132302 21.585 0.308 53634.133968 -99.99 0.101 53634.130635 -99.99 0.075 53634.131468 -99.99 0.094 53634.133135 -99.99 0.326 -49.90141 0.541743
53636.137834 21.069 0.104 53636.1395 -99.99 0.023 53636.136167 20.38 0.031 53636.137 20.525 0.054 53636.138667 20.238 0.134 -49.90141 0.541743
53645.197502 21.212 0.151 53645.199168 20.51 0.03 53645.195835 20.235 0.037 53645.196668 20.493 0.056 53645.198335 20.121 0.115 -49.90141 0.541743
53655.109839 20.932 0.182 53655.111505 20.481 0.043 53655.108172 20.372 0.039 53655.109005 20.362 0.05 53655.110672 20.404 0.154 -49.90141 0.541743
53664.134799 21.069 0.168 53664.136465 20.362 0.044 53664.133132 20.499 0.05 53664.133965 20.565 0.073 53664.135632 20.234 0.17 -49.90141 0.541743
53666.098398 21.243 0.092 53666.100064 20.484 0.022 53666.096731 20.463 0.031 53666.097564 20.547 0.047 53666.099231 20.249 0.119 -49.90141 0.541743
53669.094037 21.076 0.086 53669.095703 20.488 0.022 53669.09237 20.406 0.028 53669.093203 20.401 0.044 53669.09487 20.216 0.115 -49.90141 0.541743
53674.078272 20.95 0.087 53674.079938 20.509 0.025 53674.076605 20.365 0.033 53674.077438 20.447 0.055 53674.079105 20.241 0.136 -49.90141 0.541743
53685.09021 21.372 0.476 53685.091876 20.347 0.105 53685.088543 20.261 0.075 53685.089376 20.606 0.123 53685.091043 20.276 0.232 -49.90141 0.541743
53687.128563 20.727 0.236 53687.130229 20.483 0.079 53687.126896 20.435 0.068 53687.127729 20.698 0.094 53687.129396 19.998 0.126 -49.90141 0.541743
53697.088192 21.595 0.551 53697.089858 20.648 0.113 53697.086525 20.346 0.132 53697.087358 20.889 0.277 53697.089025 20.614 0.566 -49.90141 0.541743
53700.087155 21.209 0.123 53700.088821 20.559 0.028 53700.085488 20.438 0.034 53700.086321 20.557 0.057 53700.087988 20.35 0.153 -49.90141 0.541743
53705.073824 21.167 0.133 53705.07549 20.556 0.031 53705.072157 20.499 0.041 53705.07299 20.461 0.061 53705.074657 20.145 0.145 -49.90141 0.541743
53975.158816 21.277 0.111 53975.160483 20.645 0.027 53975.157149 20.603 0.039 53975.157983 20.57 0.061 53975.159649 20.076 0.128 -49.90141 0.541743
53994.154263 21.356 0.101 53994.155929 20.634 0.022 53994.152596 20.59 0.027 53994.153429 20.627 0.046 53994.155096 20.475 0.13 -49.90141 0.541743
53998.134186 21.273 0.086 53998.135853 20.606 0.021 53998.13252 20.579 0.051 53998.133353 20.68 0.043 53998.13502 20.233 0.104 -49.90141 0.541743
54005.171421 21.519 0.113 54005.173087 20.643 0.021 54005.169754 20.572 0.026 54005.170587 20.603 0.042 54005.172254 20.209 0.092 -49.90141 0.541743
54010.119655 21.264 0.159 54010.121322 20.553 0.043 54010.117989 20.557 0.039 54010.118822 20.662 0.053 54010.120489 20.398 0.116 -49.90141 0.541743
54012.112492 21.176 0.22 54012.114158 20.584 0.068 54012.110825 20.412 0.057 54012.111658 20.62 0.07 54012.113325 20.265 0.123 -49.90141 0.541743
54020.118477 21.405 0.13 54020.120144 20.644 0.024 54020.11681 20.614 0.036 54020.117644 20.633 0.064 54020.11931 20.34 0.169 -49.90141 0.541743
54022.167752 21.327 0.128 54022.169418 -99.99 0.029 54022.166085 -99.99 0.056 54022.166918 20.594 0.063 54022.168585 20.111 0.16 -49.90141 0.541743
54028.108836 21.287 0.134 54028.110503 20.602 0.03 54028.107169 20.643 0.04 54028.108003 20.751 0.067 54028.109669 20.245 0.142 -49.90141 0.541743
54030.112029 21.484 0.107 54030.113695 20.612 0.022 54030.110362 20.529 0.027 54030.111195 20.608 0.045 54030.112862 20.35 0.116 -49.90141 0.541743
54032.101429 21.295 0.184 54032.103095 -99.99 0.038 54032.099762 -99.99 0.082 54032.100595 20.935 0.18 54032.102262 -99.99 0.242 -49.90141 0.541743
54034.171525 21.614 0.293 54034.173192 -99.99 0.033 54034.169859 -99.99 0.091 54034.170692 20.783 0.145 54034.172359 -99.99 0.377 -49.90141 0.541743
54037.093274 21.439 0.154 54037.09494 20.624 0.036 54037.091607 20.629 0.045 54037.09244 20.737 0.067 54037.094107 20.144 0.107 -49.90141 0.541743
54040.107751 21.023 0.189 54040.109417 20.691 0.064 54040.106084 20.534 0.083 54040.106917 20.352 0.063 54040.108584 20.458 0.179 -49.90141 0.541743
54050.092379 21.312 0.133 54050.094045 20.563 0.027 54050.090712 20.497 0.037 54050.091545 20.636 0.072 54050.093212 20.108 0.139 -49.90141 0.541743
54053.098553 21.077 0.123 54053.10022 20.581 0.031 54053.096886 20.594 0.059 54053.09772 20.745 0.098 54053.099386 20.057 0.146 -49.90141 0.541743
54056.100225 -99.99 0.178 54056.101891 -99.99 0.049 54056.098558 -99.99 0.055 54056.099391 -99.99 0.152 54056.101058 -99.99 0.316 -49.90141 0.541743
54057.068879 21.057 0.099 54057.070545 20.581 0.025 54057.067212 20.556 0.041 54057.068045 20.62 0.068 54057.069712 20.156 0.136 -49.90141 0.541743
54059.094499 21.115 0.138 54059.096166 -99.99 0.036 54059.092833 20.625 0.048 54059.093666 20.518 0.067 54059.095333 20.09 0.15 -49.90141 0.541743
54061.105547 21.66 0.231 54061.107213 20.561 0.034 54061.10388 20.535 0.047 54061.104713 20.527 0.071 54061.10638 20.117 0.179 -49.90141 0.541743
54062.099396 21.238 0.19 54062.101063 20.667 0.042 54062.097729 20.604 0.058 54062.098563 20.763 0.111 54062.100229 20.475 0.285 -49.90141 0.541743
54068.089373 21.512 0.515 54068.09104 20.686 0.092 54068.087706 20.594 0.086 54068.08854 20.884 0.138 54068.090206 20.371 0.236 -49.90141 0.541743
54357.137696 21.478 0.111 54357.139362 20.678 0.023 54357.136029 -99.99 0.029 54357.136862 20.729 0.047 54357.138529 20.379 0.107 -49.90141 0.541743
54365.135544 21.655 0.285 54365.137211 20.685 0.065 54365.133878 20.688 0.05 54365.134711 20.714 0.067 54365.136378 20.648 0.171 -49.90141 0.541743
54385.185514 21.213 0.124 54385.187181 20.698 0.026 54385.183848 20.646 0.031 54385.184681 20.677 0.051 54385.186348 20.096 0.094 -49.90141 0.541743
54387.186019 21.219 0.181 54387.187686 20.718 0.036 54387.184352 20.683 0.047 54387.185186 20.834 0.093 54387.186852 20.237 0.159 -49.90141 0.541743
54390.189034 21.454 0.25 54390.190701 20.657 0.033 54390.187368 20.691 0.052 54390.188201 20.785 0.095 54390.189868 20.283 0.194 -49.90141 0.541743
54392.180754 21.556 0.372 54392.18242 -99.99 0.097 54392.179087 20.609 0.104 54392.17992 20.864 0.15 54392.181587 20.87 0.437 -49.90141 0.541743
54402.179231 21.37 0.388 54402.180897 20.767 0.087 54402.177564 20.624 0.069 54402.178397 20.849 0.1 54402.180064 20.346 0.166 -49.90141 0.541743
