51075.279571 21.319 0.124 51075.281237 20.7 0.032 51075.277904 20.472 0.037 51075.278737 20.373 0.052 51075.280404 20.049 0.182 -7.321689 -0.027822
51464.267475 20.748 0.095 51464.269141 20.285 0.031 51464.265808 20.156 0.032 51464.266641 20.077 0.044 51464.268308 19.897 0.129 -7.321689 -0.027822
51467.358416 20.561 0.118 51467.360082 20.312 0.032 51467.356749 20.203 0.04 51467.357582 19.954 0.047 51467.359249 20.177 0.283 -7.321689 -0.027822
52196.280118 20.464 0.064 52196.281784 20.089 0.019 52196.278451 19.927 0.022 52196.279284 19.801 0.03 52196.280951 19.489 0.083 -7.321689 -0.027822
52197.293184 20.577 0.069 52197.29485 20.135 0.018 52197.291517 19.949 0.019 52197.29235 19.778 0.023 52197.294017 19.677 0.081 -7.321689 -0.027822
52225.143384 20.527 0.057 52225.14505 20.11 0.018 52225.141717 19.925 0.02 52225.14255 19.776 0.024 52225.144217 19.522 0.072 -7.321689 -0.027822
52231.179167 20.579 0.061 52231.180833 20.092 0.018 52231.1775 19.963 0.02 52231.178333 19.789 0.023 52231.18 19.444 0.058 -7.321689 -0.027822
52253.165341 20.495 0.098 52253.167007 20.117 0.026 52253.163674 19.935 0.029 52253.164507 19.751 0.031 52253.166174 19.421 0.084 -7.321689 -0.027822
52557.287172 20.329 0.061 52557.288838 19.965 0.018 52557.285505 19.86 0.021 52557.286338 19.67 0.026 52557.288005 19.467 0.079 -7.321689 -0.027822
52578.183254 20.406 0.053 52578.18492 19.961 0.017 52578.181587 19.859 0.02 52578.18242 19.726 0.023 52578.184087 19.528 0.074 -7.321689 -0.027822
52908.261737 20.362 0.06 52908.263403 20.108 0.02 52908.26007 19.981 0.023 52908.260903 19.849 0.028 52908.26257 19.635 0.09 -7.321689 -0.027822
52911.275523 20.475 0.063 52911.277189 20.125 0.019 52911.273856 19.992 0.022 52911.274689 19.826 0.028 52911.276356 19.627 0.083 -7.321689 -0.027822
52930.152895 20.441 0.06 52930.154561 20.142 0.02 52930.151228 19.921 0.02 52930.152061 19.852 0.025 52930.153728 19.565 0.075 -7.321689 -0.027822
52934.193637 20.422 0.065 52934.195303 20.144 0.021 52934.19197 19.964 0.024 52934.192803 19.833 0.031 52934.19447 19.568 0.08 -7.321689 -0.027822
52936.189563 20.608 0.064 52936.191229 20.128 0.018 52936.187896 19.956 0.02 52936.188729 19.843 0.023 52936.190396 19.5 0.064 -7.321689 -0.027822
52962.115084 20.502 0.064 52962.11675 20.077 0.021 52962.113417 19.897 0.022 52962.11425 19.793 0.027 52962.115917 19.701 0.091 -7.321689 -0.027822
53270.25364 20.504 0.061 53270.255307 20.261 0.023 53270.251974 20.03 0.029 53270.252807 19.95 0.032 53270.254474 19.717 0.074 -7.321689 -0.027822
53272.303569 20.73 0.118 53272.305235 20.266 0.039 53272.301902 20.072 0.039 53272.302735 19.881 0.033 53272.304402 19.542 0.075 -7.321689 -0.027822
53286.272287 20.532 0.095 53286.273953 20.28 0.026 53286.27062 20.064 0.032 53286.271453 19.93 0.033 53286.27312 19.636 0.101 -7.321689 -0.027822
53288.230775 20.617 0.067 53288.232441 20.267 0.02 53288.229108 20.054 0.022 53288.229941 19.91 0.024 53288.231608 19.674 0.068 -7.321689 -0.027822
53294.258118 20.665 0.073 53294.259785 20.253 0.026 53294.256452 20.089 0.033 53294.257285 19.88 0.033 53294.258952 19.432 0.073 -7.321689 -0.027822
53302.226445 20.679 0.175 53302.228111 20.191 0.053 53302.224778 20.119 0.05 53302.225611 19.889 0.047 53302.227278 19.697 0.104 -7.321689 -0.027822
53312.182004 20.718 0.077 53312.18367 20.311 0.028 53312.180337 20.063 0.028 53312.18117 19.855 0.029 53312.182837 19.65 0.09 -7.321689 -0.027822
53314.183172 20.714 0.079 53314.184838 20.265 0.021 53314.181505 20.006 0.026 53314.182338 19.873 0.031 53314.184005 19.65 0.091 -7.321689 -0.027822
53616.28754 20.376 0.085 53616.289206 20.082 0.023 53616.285873 19.876 0.039 53616.286706 19.859 0.037 53616.288373 19.539 0.103 -7.321689 -0.027822
53623.277752 20.371 0.063 53623.279418 20.098 0.02 53623.276085 19.915 0.021 53623.276918 19.794 0.026 53623.278585 19.595 0.079 -7.321689 -0.027822
53626.263964 20.349 0.075 53626.26563 20.095 0.028 53626.262297 19.923 0.027 53626.26313 19.762 0.028 53626.264797 19.52 0.073 -7.321689 -0.027822
53628.248829 20.136 0.128 53628.250495 20.079 0.052 53628.247162 19.921 0.041 53628.247995 19.741 0.04 53628.249662 19.424 0.093 -7.321689 -0.027822
53637.250445 20.398 0.107 53637.252111 20.104 0.033 53637.248778 19.9 0.031 53637.249611 19.716 0.037 53637.251278 19.675 0.148 -7.321689 -0.027822
53639.295809 20.428 0.063 53639.297475 20.083 0.02 53639.294142 19.908 0.021 53639.294975 19.801 0.025 53639.296642 19.707 0.074 -7.321689 -0.027822
53644.242887 20.452 0.053 53644.244554 20.069 0.018 53644.241221 19.901 0.02 53644.242054 19.798 0.02 53644.243721 19.561 0.052 -7.321689 -0.027822
53654.277514 20.447 0.066 53654.27918 20.035 0.018 53654.275847 19.882 0.021 53654.27668 19.738 0.026 53654.278347 19.559 0.081 -7.321689 -0.027822
53656.225108 20.309 0.2 53656.226774 19.943 0.064 53656.223441 19.878 0.061 53656.224274 19.697 0.053 53656.225941 19.443 0.134 -7.321689 -0.027822
53663.238417 20.395 0.103 53663.240083 20.083 0.033 53663.23675 19.91 0.027 53663.237583 19.771 0.026 53663.23925 19.486 0.064 -7.321689 -0.027822
53668.228017 20.411 0.083 53668.229683 20.044 0.025 53668.22635 19.909 0.027 53668.227183 19.823 0.037 53668.22885 19.501 0.109 -7.321689 -0.027822
53670.23287 20.476 0.063 53670.234536 20.051 0.017 53670.231203 19.891 0.021 53670.232036 19.781 0.026 53670.233703 19.398 0.067 -7.321689 -0.027822
53673.200854 20.325 0.066 53673.20252 19.967 0.018 53673.199187 19.924 0.027 53673.20002 19.789 0.033 53673.201687 19.419 0.072 -7.321689 -0.027822
53675.197742 20.535 0.078 53675.199408 20.038 0.02 53675.196075 19.887 0.026 53675.196908 19.783 0.033 53675.198575 19.531 0.1 -7.321689 -0.027822
53677.218774 20.389 0.056 53677.22044 20.057 0.017 53677.217107 19.883 0.02 53677.21794 19.791 0.023 53677.219607 19.611 0.064 -7.321689 -0.027822
53680.205439 20.437 0.063 53680.207105 20.072 0.019 53680.203772 19.917 0.021 53680.204605 19.74 0.024 53680.206272 19.535 0.069 -7.321689 -0.027822
53693.207339 20.094 0.1 53693.209005 20.054 0.04 53693.205672 19.877 0.031 53693.206505 19.82 0.034 53693.208172 19.559 0.076 -7.321689 -0.027822
53704.190662 20.385 0.066 53704.192328 20.061 0.02 53704.188995 19.946 0.024 53704.189828 19.749 0.028 53704.191495 19.485 0.076 -7.321689 -0.027822
53974.283317 20.339 0.049 53974.284984 20.029 0.02 53974.281651 19.828 0.021 53974.282484 19.746 0.022 53974.284151 19.495 0.056 -7.321689 -0.027822
53989.286707 20.314 0.097 53989.288373 20.046 0.038 53989.28504 19.899 0.03 53989.285873 19.75 0.028 53989.28754 19.518 0.068 -7.321689 -0.027822
53997.382365 20.377 0.071 53997.384031 -99.99 0.023 53997.380698 19.867 0.024 53997.381531 -99.99 0.028 53997.383198 -99.99 0.075 -7.321689 -0.027822
54000.262129 20.407 0.06 54000.263795 19.996 0.022 54000.260462 19.81 0.023 54000.261295 19.664 0.029 54000.262962 19.515 0.087 -7.321689 -0.027822
54007.31227 20.422 0.068 54007.313937 19.96 0.021 54007.310603 19.832 0.025 54007.311437 19.709 0.027 54007.313103 19.485 0.072 -7.321689 -0.027822
54009.236062 20.33 0.061 54009.237729 19.959 0.021 54009.234395 19.808 0.024 54009.235229 19.672 0.027 54009.236895 19.357 0.056 -7.321689 -0.027822
54011.300566 20.395 0.077 54011.302233 20.013 0.027 54011.298899 19.827 0.025 54011.299733 19.702 0.028 54011.301399 19.435 0.049 -7.321689 -0.027822
54019.250749 20.486 0.133 54019.252416 19.933 0.027 54019.249082 19.811 0.03 54019.249916 19.783 0.04 54019.251582 19.498 0.072 -7.321689 -0.027822
54025.299582 20.233 0.069 54025.301249 20.016 0.022 54025.297915 19.821 0.03 54025.298749 19.721 0.034 54025.300415 19.421 0.093 -7.321689 -0.027822
54029.2299 20.254 0.054 54029.231567 19.943 0.019 54029.228233 19.778 0.025 54029.229067 19.7 0.023 54029.230733 19.575 0.075 -7.321689 -0.027822
54348.297287 20.311 0.064 54348.298954 19.961 0.021 54348.295621 19.837 0.023 54348.296454 19.675 0.025 54348.298121 19.407 0.067 -7.321689 -0.027822
54358.253133 20.543 0.085 54358.2548 19.984 0.021 54358.251466 19.854 0.03 54358.2523 19.732 0.027 54358.253966 19.546 0.093 -7.321689 -0.027822
54365.286181 20.366 0.113 54365.287848 19.965 0.042 54365.284514 19.778 0.032 54365.285348 19.674 0.039 54365.287014 -99.99 0.127 -7.321689 -0.027822
54373.360399 20.146 0.161 54373.362066 19.989 0.06 54373.358733 19.815 0.038 54373.359566 19.694 0.051 54373.361233 19.257 0.116 -7.321689 -0.027822
54381.305748 20.298 0.052 54381.307415 19.928 0.021 54381.304081 19.775 0.021 54381.304915 19.668 0.027 54381.306581 19.55 0.073 -7.321689 -0.027822
54386.29807 20.267 0.054 54386.299736 19.899 0.02 54386.296403 19.786 0.023 54386.297236 19.682 0.025 54386.298903 19.354 0.057 -7.321689 -0.027822
54388.302323 20.168 0.053 54388.303989 19.897 0.025 54388.300656 19.733 0.018 54388.301489 19.648 0.024 54388.303156 19.485 0.063 -7.321689 -0.027822
54403.216109 20.312 0.089 54403.217776 19.969 0.029 54403.214443 19.814 0.026 54403.215276 19.728 0.037 54403.216943 19.486 0.072 -7.321689 -0.027822
54404.273704 20.343 0.088 54404.27537 19.89 0.028 54404.272037 19.807 0.024 54404.27287 19.64 0.027 54404.274537 19.355 0.055 -7.321689 -0.027822
54405.271636 20.157 0.07 54405.273302 19.943 0.023 54405.269969 19.818 0.022 54405.270802 19.726 0.031 54405.272469 19.509 0.073 -7.321689 -0.027822
54406.209941 20.214 0.056 54406.211607 19.942 0.026 54406.208274 19.793 0.021 54406.209107 19.684 0.031 54406.210774 19.488 0.067 -7.321689 -0.027822
54412.212884 20.234 0.054 54412.21455 19.94 0.021 54412.211217 19.793 0.02 54412.21205 19.614 0.025 54412.213717 19.489 0.067 -7.321689 -0.027822
