52172.238808 19.966 0.041 52172.240474 19.712 0.016 52172.237141 19.663 0.016 52172.237974 19.573 0.02 52172.239641 19.512 0.069 -47.466774 -1.179877
52576.100769 20.072 0.046 52576.102435 19.921 0.02 52576.099102 19.811 0.023 52576.099935 19.711 0.03 52576.101602 19.712 0.108 -47.466774 -1.179877
52577.076002 20.152 0.05 52577.077668 19.928 0.02 52577.074335 19.797 0.023 52577.075168 19.66 0.029 52577.076835 19.622 0.107 -47.466774 -1.179877
52930.089333 20.262 0.052 52930.090999 20.03 0.02 52930.087666 19.961 0.021 52930.088499 19.753 0.025 52930.090166 19.642 0.08 -47.466774 -1.179877
52931.090163 20.231 0.047 52931.091829 20.016 0.02 52931.088496 19.939 0.022 52931.089329 19.737 0.025 52931.090996 19.722 0.078 -47.466774 -1.179877
52935.087126 20.185 0.047 52935.088792 20.042 0.019 52935.085459 19.98 0.022 52935.086292 19.796 0.027 52935.087959 19.741 0.082 -47.466774 -1.179877
53313.080328 20.072 0.061 53313.081994 19.883 0.023 53313.078661 19.786 0.028 53313.079494 19.722 0.043 53313.081161 19.481 0.116 -47.466774 -1.179877
53622.189574 20.001 0.06 53622.19124 19.937 0.023 53622.187907 19.863 0.026 53622.18874 19.649 0.03 53622.190407 19.495 0.089 -47.466774 -1.179877
53625.185539 20.13 0.055 53625.187205 19.996 0.025 53625.183872 19.857 0.021 53625.184705 19.715 0.025 53625.186372 19.631 0.074 -47.466774 -1.179877
53634.139044 20.08 0.105 53634.14071 19.944 0.045 53634.137377 19.849 0.048 53634.13821 -99.99 0.051 53634.139877 19.597 0.121 -47.466774 -1.179877
53636.144576 20.224 0.052 53636.146242 19.963 0.019 53636.142909 19.878 0.02 53636.143742 19.681 0.024 53636.145409 19.786 0.082 -47.466774 -1.179877
53645.204245 20.096 0.059 53645.205911 19.902 0.019 53645.202578 19.841 0.02 53645.203411 19.661 0.024 53645.205078 19.557 0.108 -47.466774 -1.179877
53655.11658 19.984 0.063 53655.118246 19.906 0.028 53655.114913 19.82 0.026 53655.115746 19.752 0.028 53655.117413 19.62 0.082 -47.466774 -1.179877
53657.204 19.578 0.199 53657.205666 19.759 0.119 53657.202333 19.59 0.085 53657.203166 19.529 0.089 53657.204833 -99.99 1.082 -47.466774 -1.179877
53664.141541 20.16 0.077 53664.143207 19.87 0.028 53664.139874 19.839 0.028 53664.140707 19.668 0.032 53664.142374 19.727 0.1 -47.466774 -1.179877
53666.10514 20.04 0.041 53666.106806 19.854 0.016 53666.103473 19.831 0.019 53666.104306 19.693 0.025 53666.105973 19.449 0.073 -47.466774 -1.179877
53669.100779 20.011 0.04 53669.102445 19.869 0.017 53669.099112 19.851 0.019 53669.099945 19.641 0.022 53669.101612 19.575 0.071 -47.466774 -1.179877
53674.085014 20.018 0.044 53674.08668 19.91 0.018 53674.083347 19.822 0.021 53674.08418 19.633 0.026 53674.085847 19.693 0.089 -47.466774 -1.179877
53681.13791 20.227 0.211 53681.139576 19.738 0.103 53681.136243 -99.99 0.072 53681.137076 19.405 0.109 53681.138743 -99.99 0.498 -47.466774 -1.179877
53685.096953 20.072 0.142 53685.098619 19.806 0.057 53685.095286 19.832 0.047 53685.096119 19.745 0.05 53685.097786 19.564 0.116 -47.466774 -1.179877
53687.135306 20.101 0.138 53687.136972 19.868 0.047 53687.133639 19.853 0.038 53687.134472 19.715 0.037 53687.136139 19.731 0.096 -47.466774 -1.179877
53694.110848 20.162 0.117 53694.112514 19.84 0.036 53694.109181 -99.99 0.05 53694.110014 -99.99 0.064 53694.111681 -99.99 0.195 -47.466774 -1.179877
53697.094934 -99.99 0.134 53697.0966 19.571 0.071 53697.093267 19.57 0.094 53697.0941 19.519 0.117 53697.095767 19.368 0.33 -47.466774 -1.179877
53700.093897 20.033 0.05 53700.095563 19.873 0.021 53700.09223 19.858 0.022 53700.093063 19.666 0.027 53700.09473 19.543 0.082 -47.466774 -1.179877
53705.080566 20.032 0.052 53705.082232 19.9 0.023 53705.078899 19.853 0.023 53705.079732 19.606 0.028 53705.081399 19.488 0.093 -47.466774 -1.179877
53975.165558 20.104 0.052 53975.167225 19.939 0.02 53975.163892 19.884 0.021 53975.164725 19.645 0.031 53975.166392 19.899 0.108 -47.466774 -1.179877
53996.172277 20.148 0.047 53996.173944 19.985 0.02 53996.170611 19.866 0.02 53996.171444 19.704 0.024 53996.173111 19.716 0.083 -47.466774 -1.179877
53998.140925 20.106 0.042 53998.142592 19.979 0.019 53998.139259 19.876 0.016 53998.140092 19.69 0.022 53998.141759 19.718 0.075 -47.466774 -1.179877
54005.178164 20.146 0.042 54005.179831 19.995 0.021 54005.176497 19.9 0.017 54005.177331 19.723 0.02 54005.178997 19.754 0.067 -47.466774 -1.179877
54010.126387 20.071 0.059 54010.128054 20.02 0.029 54010.124721 19.987 0.026 54010.125554 19.785 0.028 54010.127221 19.486 0.053 -47.466774 -1.179877
54012.119233 20.195 0.099 54012.1209 20.002 0.045 54012.117566 19.907 0.035 54012.1184 19.76 0.035 54012.120066 19.747 0.083 -47.466774 -1.179877
54020.12521 20.2 0.051 54020.126877 20.01 0.018 54020.123544 19.896 0.02 54020.124377 19.718 0.027 54020.126044 19.694 0.086 -47.466774 -1.179877
54022.174499 20.166 0.066 54022.176165 20.063 0.03 54022.172832 19.952 0.024 54022.173665 19.69 0.025 54022.175332 19.571 0.079 -47.466774 -1.179877
54028.115589 20.183 0.052 54028.117255 19.976 0.025 54028.113922 19.85 0.022 54028.114755 19.701 0.027 54028.116422 19.647 0.087 -47.466774 -1.179877
54030.118775 20.148 0.043 54030.120442 20.019 0.019 54030.117108 19.933 0.018 54030.117942 19.757 0.021 54030.119608 19.694 0.069 -47.466774 -1.179877
54032.108048 20.174 0.076 54032.109715 20.027 0.031 54032.106381 19.881 0.025 54032.107215 19.736 0.032 54032.108881 19.78 0.143 -47.466774 -1.179877
54034.178349 20.104 0.07 54034.180015 20.003 0.026 54034.176682 19.842 0.034 54034.177515 -99.99 0.05 54034.179182 -99.99 0.154 -47.466774 -1.179877
54037.10001 20.105 0.05 54037.101677 19.967 0.023 54037.098343 19.934 0.021 54037.099177 19.727 0.023 54037.100843 19.758 0.078 -47.466774 -1.179877
54040.114492 20.108 0.093 54040.116158 19.99 0.043 54040.112825 19.915 0.036 54040.113658 19.802 0.038 54040.115325 19.587 0.094 -47.466774 -1.179877
54050.099149 20.228 0.06 54050.100815 20.019 0.022 54050.097482 19.882 0.023 54050.098315 19.757 0.034 54050.099982 19.791 0.115 -47.466774 -1.179877
54053.105293 20.093 0.055 54053.10696 20.049 0.025 54053.103626 19.917 0.024 54053.10446 19.766 0.038 54053.106126 19.581 0.1 -47.466774 -1.179877
54056.106962 20.152 0.076 54056.108628 20.016 0.026 54056.105295 19.894 0.023 54056.106128 -99.99 0.034 54056.107795 19.75 0.116 -47.466774 -1.179877
54057.075615 20.273 0.06 54057.077282 20.019 0.023 54057.073949 19.861 0.024 54057.074782 19.761 0.032 54057.076449 -99.99 0.115 -47.466774 -1.179877
54059.10125 20.101 0.06 54059.102917 20.03 0.025 54059.099583 19.904 0.026 54059.100417 19.701 0.034 54059.102083 19.577 0.093 -47.466774 -1.179877
54061.11229 20.105 0.065 54061.113957 19.977 0.026 54061.110623 19.92 0.032 54061.111457 19.776 0.035 54061.113123 19.957 0.153 -47.466774 -1.179877
54062.106138 20.051 0.064 54062.107805 20.017 0.026 54062.104472 19.934 0.031 54062.105305 19.775 0.04 54062.106972 19.461 0.111 -47.466774 -1.179877
54068.096122 20.093 0.157 54068.097789 19.85 0.052 54068.094456 19.851 0.046 54068.095289 19.688 0.048 54068.096956 19.789 0.155 -47.466774 -1.179877
54357.144431 20.09 0.041 54357.146098 20.083 0.02 54357.142765 19.971 0.02 54357.143598 19.6 0.025 54357.145265 19.76 0.078 -47.466774 -1.179877
54365.142284 20.464 0.151 54365.143951 19.961 0.048 54365.140617 19.923 0.052 54365.141451 19.864 0.049 54365.143117 19.726 0.116 -47.466774 -1.179877
54385.192261 20.131 0.054 54385.193928 19.995 0.022 54385.190594 19.948 0.02 54385.191428 19.765 0.023 54385.193094 19.672 0.073 -47.466774 -1.179877
54387.192765 20.067 0.062 54387.194432 20.004 0.023 54387.191098 19.912 0.026 54387.191932 19.743 0.029 54387.193598 19.812 0.105 -47.466774 -1.179877
54390.195776 20.261 0.072 54390.197443 20.016 0.024 54390.19411 19.983 0.026 54390.194943 19.719 0.032 54390.19661 19.778 0.121 -47.466774 -1.179877
54392.18749 20.227 0.114 54392.189156 19.999 0.08 54392.185823 20.024 0.06 54392.186656 19.708 0.061 54392.188323 19.888 0.16 -47.466774 -1.179877
54402.185948 20.452 0.176 54402.187615 19.993 0.05 54402.184282 20.011 0.042 54402.185115 19.767 0.037 54402.186782 19.971 0.136 -47.466774 -1.179877
