51075.273414 21.136 0.114 51075.27508 20.88 0.045 51075.271747 20.647 0.05 51075.27258 20.575 0.082 51075.274247 20.032 0.19 -9.544633 -1.035797
51464.2613 21.185 0.133 51464.262966 20.827 0.046 51464.259633 20.803 0.05 51464.260466 20.533 0.066 51464.262133 20.096 0.16 -9.544633 -1.035797
52196.273964 20.796 0.084 52196.27563 20.416 0.028 52196.272297 20.315 0.03 52196.27313 20.248 0.045 52196.274797 20.016 0.145 -9.544633 -1.035797
52197.287073 20.81 0.074 52197.288739 20.383 0.025 52197.285406 20.365 0.027 52197.286239 20.316 0.037 52197.287906 20.147 0.126 -9.544633 -1.035797
52225.137225 20.668 0.063 52225.138891 20.428 0.026 52225.135558 20.331 0.029 52225.136391 20.281 0.043 52225.138058 19.954 0.112 -9.544633 -1.035797
52231.173011 20.932 0.08 52231.174677 20.482 0.026 52231.171344 20.416 0.03 52231.172177 20.351 0.04 52231.173844 20.062 0.109 -9.544633 -1.035797
52253.159184 20.824 0.113 52253.16085 20.481 0.037 52253.157517 20.468 0.044 52253.15835 20.316 0.051 52253.160017 19.786 0.106 -9.544633 -1.035797
52557.281013 20.999 0.108 52557.282679 20.652 0.037 52557.279346 20.498 0.036 52557.280179 20.391 0.052 52557.281846 20.2 0.151 -9.544633 -1.035797
52578.177096 21.097 0.101 52578.178762 20.483 0.027 52578.175429 20.382 0.035 52578.176262 20.397 0.053 52578.177929 20.121 0.141 -9.544633 -1.035797
52908.255579 20.644 0.077 52908.257245 20.324 0.027 52908.253912 20.255 0.027 52908.254745 20.301 0.043 52908.256412 19.956 0.121 -9.544633 -1.035797
52911.269365 20.59 0.074 52911.271031 20.3 0.025 52911.267698 20.256 0.029 52911.268531 20.218 0.045 52911.270198 19.994 0.125 -9.544633 -1.035797
52930.146738 20.723 0.077 52930.148404 20.351 0.024 52930.145071 20.285 0.027 52930.145904 20.279 0.039 52930.147571 20.074 0.112 -9.544633 -1.035797
52934.187479 20.577 0.078 52934.189145 20.306 0.029 52934.185812 20.223 0.031 52934.186645 20.14 0.043 52934.188312 19.88 0.118 -9.544633 -1.035797
52936.183405 20.589 0.065 52936.185071 20.272 0.023 52936.181738 20.251 0.027 52936.182571 20.208 0.037 52936.184238 20.011 0.107 -9.544633 -1.035797
52962.108926 -99.99 0.062 52962.110592 20.193 0.023 52962.107259 20.185 0.028 52962.108092 20.147 0.041 52962.109759 19.958 0.113 -9.544633 -1.035797
53270.247527 20.623 0.059 53270.249194 20.302 0.03 53270.24586 20.216 0.03 53270.246694 20.199 0.037 53270.24836 19.98 0.101 -9.544633 -1.035797
53272.297412 20.682 0.132 53272.299078 20.325 0.047 53272.295745 20.291 0.053 53272.296578 20.243 0.052 53272.298245 19.834 0.128 -9.544633 -1.035797
53286.266129 -99.99 0.111 53286.267795 20.31 0.032 53286.264462 20.329 0.041 53286.265295 20.313 0.089 53286.266962 19.849 0.118 -9.544633 -1.035797
53288.224618 20.643 0.068 53288.226284 20.268 0.021 53288.222951 20.235 0.025 53288.223784 20.205 0.032 53288.225451 20.003 0.089 -9.544633 -1.035797
53294.252007 20.398 0.06 53294.253674 20.247 0.03 53294.25034 20.206 0.033 53294.251174 20.142 0.047 53294.25284 19.831 0.108 -9.544633 -1.035797
53302.220287 20.352 0.149 53302.221953 20.325 0.067 53302.21862 20.151 0.062 53302.219453 20.17 0.091 53302.22112 19.883 0.136 -9.544633 -1.035797
53312.175832 -99.99 0.058 53312.177499 20.222 0.039 53312.174165 20.197 0.03 53312.174999 20.182 0.041 53312.176665 19.772 0.108 -9.544633 -1.035797
53314.177014 20.523 0.062 53314.17868 20.448 0.027 53314.175347 20.176 0.028 53314.17618 20.201 0.042 53314.177847 20.235 0.16 -9.544633 -1.035797
53616.281381 20.622 0.115 53616.283047 20.304 0.049 53616.279714 20.253 0.032 53616.280547 20.193 0.047 53616.282214 -99.99 0.226 -9.544633 -1.035797
53623.271592 20.701 0.11 53623.273258 20.394 0.031 53623.269925 20.352 0.041 53623.270758 20.341 0.061 53623.272425 19.883 0.121 -9.544633 -1.035797
53626.257806 20.697 0.108 53626.259472 20.364 0.039 53626.256139 20.368 0.043 53626.256972 20.274 0.052 53626.258639 20.086 0.127 -9.544633 -1.035797
53628.24267 20.832 0.226 53628.244336 20.312 0.068 53628.241003 20.288 0.061 53628.241836 20.248 0.069 53628.243503 20.157 0.182 -9.544633 -1.035797
53639.289662 20.843 0.091 53639.291328 20.417 0.028 53639.287995 20.293 0.027 53639.288828 20.311 0.044 53639.290495 19.95 0.107 -9.544633 -1.035797
53644.236731 20.833 0.068 53644.238397 20.485 0.025 53644.235064 20.374 0.026 53644.235897 20.305 0.035 53644.237564 20.007 0.083 -9.544633 -1.035797
53654.271355 20.801 0.088 53654.273021 20.47 0.028 53654.269688 20.357 0.031 53654.270521 20.329 0.05 53654.272188 20.184 0.152 -9.544633 -1.035797
53656.218948 20.684 0.238 53656.220614 20.592 0.11 53656.217281 20.353 0.081 53656.218114 20.526 0.112 53656.219781 19.863 0.176 -9.544633 -1.035797
53663.232259 21.012 0.167 53663.233925 20.476 0.046 53663.230592 20.503 0.041 53663.231425 20.394 0.044 53663.233092 20.244 0.126 -9.544633 -1.035797
53668.221858 20.852 0.103 53668.223524 20.422 0.033 53668.220191 20.365 0.041 53668.221024 20.474 0.066 53668.222691 20.344 0.213 -9.544633 -1.035797
53670.226711 20.933 0.093 53670.228377 20.412 0.028 53670.225044 20.332 0.029 53670.225877 20.275 0.043 53670.227544 19.954 0.116 -9.544633 -1.035797
53673.194695 20.791 0.083 53673.196361 20.455 0.048 53673.193028 20.332 0.03 53673.193861 20.311 0.044 53673.195528 19.977 0.106 -9.544633 -1.035797
53675.191583 20.75 0.1 53675.193249 20.447 0.036 53675.189916 20.287 0.037 53675.190749 20.237 0.059 53675.192416 19.829 0.169 -9.544633 -1.035797
53677.212615 20.842 0.08 53677.214281 20.431 0.027 53677.210948 20.408 0.031 53677.211781 20.335 0.039 53677.213448 20.119 0.111 -9.544633 -1.035797
53680.199281 20.86 0.093 53680.200947 20.42 0.03 53680.197614 20.289 0.029 53680.198447 20.239 0.042 53680.200114 19.943 0.102 -9.544633 -1.035797
53693.20118 20.696 0.177 53693.202846 20.517 0.068 53693.199513 20.253 0.043 53693.200346 20.317 0.054 53693.202013 20.204 0.135 -9.544633 -1.035797
53704.184504 20.799 0.09 53704.18617 20.451 0.029 53704.182837 20.298 0.029 53704.18367 20.201 0.042 53704.185337 19.856 0.109 -9.544633 -1.035797
53974.27721 -99.99 0.054 53974.278877 20.299 0.03 53974.275543 20.213 0.026 53974.276377 20.248 0.034 53974.278043 20.121 0.096 -9.544633 -1.035797
53989.280562 20.472 0.106 53989.282229 20.242 0.046 53989.278895 20.191 0.037 53989.279729 20.178 0.046 53989.281395 20.037 0.111 -9.544633 -1.035797
53997.376213 20.422 0.061 53997.377879 20.192 0.031 53997.374546 20.15 0.03 53997.375379 20.173 0.04 53997.377046 -99.99 0.12 -9.544633 -1.035797
54000.255981 20.33 0.063 54000.257648 20.195 0.029 54000.254315 20.175 0.029 54000.255148 20.17 0.043 54000.256815 19.886 0.122 -9.544633 -1.035797
54007.30617 20.436 0.064 54007.307837 20.318 0.038 54007.304503 20.159 0.029 54007.305337 20.193 0.041 54007.307003 19.821 0.098 -9.544633 -1.035797
54009.229897 20.353 0.056 54009.231563 20.261 0.032 54009.22823 20.145 0.034 54009.229063 20.121 0.032 54009.23073 19.851 0.086 -9.544633 -1.035797
54011.294455 20.405 0.089 54011.296121 20.22 0.044 54011.292788 20.196 0.033 54011.293621 20.273 0.043 54011.295288 20.122 0.101 -9.544633 -1.035797
54019.244617 -99.99 0.086 54019.246284 20.269 0.044 54019.24295 20.129 0.03 54019.243784 -99.99 0.058 54019.24545 19.71 0.092 -9.544633 -1.035797
54025.293477 -99.99 0.093 54025.295144 20.199 0.034 54025.29181 20.121 0.034 54025.292644 20.18 0.056 54025.29431 19.907 0.142 -9.544633 -1.035797
54029.223769 20.725 0.081 54029.225435 20.256 0.027 54029.222102 20.226 0.031 54029.222935 20.173 0.04 54029.224602 20.12 0.148 -9.544633 -1.035797
54348.291185 20.691 0.079 54348.292851 20.563 0.034 54348.289518 20.353 0.035 54348.290351 20.235 0.051 54348.292018 19.98 0.118 -9.544633 -1.035797
54358.246964 21.175 0.123 54358.248631 20.565 0.033 54358.245297 20.329 0.033 54358.246131 20.393 0.051 54358.247797 20.162 0.137 -9.544633 -1.035797
54365.280018 21.319 0.164 54365.281685 20.49 0.048 54365.278352 20.518 0.046 54365.279185 20.258 0.052 54365.280852 19.92 0.121 -9.544633 -1.035797
54373.354236 20.959 0.273 54373.355902 20.677 0.109 54373.352569 20.532 0.074 54373.353402 20.401 0.07 54373.355069 20.427 0.193 -9.544633 -1.035797
54381.299603 21.132 0.116 54381.301269 20.538 0.032 54381.297936 20.497 0.032 54381.298769 20.405 0.041 54381.300436 20.211 0.143 -9.544633 -1.035797
54386.291936 21.163 0.109 54386.293603 20.617 0.034 54386.29027 20.488 0.033 54386.291103 20.547 0.044 54386.29277 20.01 0.105 -9.544633 -1.035797
54388.29617 21.252 0.129 54388.297836 20.542 0.034 54388.294503 20.51 0.033 54388.295336 20.399 0.046 54388.297003 19.827 0.094 -9.544633 -1.035797
54403.209979 20.862 0.123 54403.211646 20.497 0.045 54403.208312 20.369 0.039 54403.209146 20.338 0.046 54403.210812 20.273 0.144 -9.544633 -1.035797
54405.265484 21.123 0.14 54405.267151 20.439 0.043 54405.263818 20.44 0.039 54405.264651 20.359 0.046 54405.266318 20.173 0.132 -9.544633 -1.035797
54406.20378 20.893 0.082 54406.205447 20.547 0.032 54406.202114 20.394 0.032 54406.202947 20.384 0.044 54406.204614 19.988 0.108 -9.544633 -1.035797
54412.206711 20.902 0.081 54412.208377 20.445 0.029 54412.205044 20.31 0.036 54412.205877 20.325 0.035 54412.207544 20.178 0.103 -9.544633 -1.035797
