52075.322577 19.666 0.038 52075.324243 19.157 0.012 52075.32091 18.697 0.01 52075.321743 18.393 0.011 52075.32341 18.073 0.023 -49.962299 -1.005587
52197.131217 19.7 0.031 52197.132883 19.087 0.01 52197.12955 18.692 0.009 52197.130383 18.394 0.01 52197.13205 18.132 0.025 -49.962299 -1.005587
52557.16907 19.616 0.035 52557.170736 19.112 0.011 52557.167403 18.696 0.01 52557.168236 18.389 0.01 52557.169903 18.147 0.027 -49.962299 -1.005587
52929.09537 19.712 0.035 52929.097036 19.139 0.011 52929.093703 18.696 0.009 52929.094536 18.384 0.01 52929.096203 18.111 0.023 -49.962299 -1.005587
52934.075527 19.631 0.033 52934.077193 19.161 0.011 52934.07386 18.672 0.01 52934.074693 18.39 0.01 52934.07636 18.13 0.023 -49.962299 -1.005587
52936.071453 19.657 0.032 52936.073119 19.108 0.011 52936.069786 18.71 0.01 52936.070619 18.369 0.011 52936.072286 18.119 0.025 -49.962299 -1.005587
53243.256666 19.627 0.069 53243.258332 19.161 0.023 53243.254999 18.7 0.014 53243.255832 18.401 0.014 53243.257499 18.18 0.032 -49.962299 -1.005587
53270.135513 19.612 0.039 53270.137179 19.16 0.016 53270.133846 18.691 0.015 53270.134679 18.407 0.01 53270.136346 18.076 0.023 -49.962299 -1.005587
53272.185464 19.801 0.085 53272.18713 19.123 0.023 53272.183797 18.73 0.014 53272.18463 18.416 0.014 53272.186297 18.106 0.027 -49.962299 -1.005587
53288.112668 19.705 0.042 53288.114334 19.117 0.012 53288.111001 18.677 0.01 53288.111834 18.394 0.011 53288.113501 18.091 0.026 -49.962299 -1.005587
53302.108339 19.737 0.067 53302.110005 19.167 0.02 53302.106672 18.712 0.012 53302.107505 18.403 0.012 53302.109172 18.122 0.026 -49.962299 -1.005587
53312.063868 19.736 0.045 53312.065534 19.11 0.015 53312.062201 18.739 0.014 53312.063034 18.398 0.016 53312.064701 18.118 0.039 -49.962299 -1.005587
53314.065065 19.738 0.036 53314.066731 19.197 0.011 53314.063398 18.708 0.01 53314.064231 18.414 0.011 53314.065898 18.144 0.027 -49.962299 -1.005587
53623.159647 19.573 0.035 53623.161313 19.05 0.013 53623.15798 18.663 0.011 53623.158813 18.382 0.01 53623.16048 18.163 0.024 -49.962299 -1.005587
53626.14586 19.542 0.05 53626.147526 19.056 0.016 53626.144193 18.673 0.012 53626.145026 18.367 0.012 53626.146693 18.167 0.025 -49.962299 -1.005587
53628.130725 19.55 0.077 53628.132391 19.03 0.023 53628.129058 18.665 0.017 53628.129891 18.367 0.015 53628.131558 18.121 0.032 -49.962299 -1.005587
53637.132338 19.624 0.044 53637.134004 19.105 0.014 53637.130671 18.659 0.01 53637.131504 18.345 0.012 53637.133171 18.126 0.03 -49.962299 -1.005587
53644.124789 19.592 0.034 53644.126455 19.046 0.019 53644.123122 18.656 0.011 53644.123955 18.354 0.014 53644.125622 18.112 0.026 -49.962299 -1.005587
53649.119409 -99.99 0.122 53649.121075 19.143 0.04 53649.117742 18.705 0.046 53649.118575 18.457 0.053 53649.120242 18.241 0.089 -49.962299 -1.005587
53656.106999 19.626 0.078 53656.108665 19.055 0.025 53656.105332 18.67 0.015 53656.106165 18.373 0.015 53656.107832 18.191 0.038 -49.962299 -1.005587
53665.098278 -99.99 0.116 53665.099944 19.122 0.04 53665.096611 18.694 0.048 53665.097444 18.297 0.04 53665.099111 -99.99 0.115 -49.962299 -1.005587
53668.10991 19.582 0.044 53668.111576 19.085 0.013 53668.108243 18.635 0.011 53668.109076 18.352 0.014 53668.110743 18.124 0.04 -49.962299 -1.005587
53670.114763 19.637 0.039 53670.116429 19.106 0.012 53670.113096 18.663 0.01 53670.113929 18.368 0.012 53670.115596 18.18 0.031 -49.962299 -1.005587
53673.082745 19.651 0.04 53673.084411 19.073 0.011 53673.081078 18.687 0.01 53673.081911 18.364 0.011 53673.083578 18.084 0.026 -49.962299 -1.005587
53675.079634 19.636 0.036 53675.0813 19.08 0.011 53675.077967 18.667 0.01 53675.0788 18.38 0.011 53675.080467 18.081 0.027 -49.962299 -1.005587
53677.100668 19.635 0.033 53677.102334 19.079 0.01 53677.099001 18.681 0.01 53677.099834 18.399 0.01 53677.101501 18.102 0.022 -49.962299 -1.005587
53680.087332 19.666 0.034 53680.088998 19.054 0.011 53680.085665 18.664 0.009 53680.086498 18.39 0.01 53680.088165 18.13 0.021 -49.962299 -1.005587
53693.089239 19.561 0.039 53693.090905 19.095 0.014 53693.087572 18.687 0.011 53693.088405 18.393 0.012 53693.090072 18.126 0.026 -49.962299 -1.005587
53702.084912 19.571 0.05 53702.086578 19.102 0.017 53702.083245 18.659 0.015 53702.084078 18.364 0.017 53702.085745 18.112 0.04 -49.962299 -1.005587
53703.094049 19.456 0.042 53703.095715 -99.99 0.019 53703.092382 18.674 0.012 53703.093215 18.377 0.016 53703.094882 18.143 0.031 -49.962299 -1.005587
53704.072567 19.603 0.042 53704.074233 19.115 0.013 53704.0709 18.652 0.011 53704.071733 18.371 0.012 53704.0734 18.112 0.026 -49.962299 -1.005587
53974.16052 19.615 0.035 53974.162186 19.137 0.015 53974.158853 18.682 0.017 53974.159686 18.432 0.014 53974.161353 18.116 0.03 -49.962299 -1.005587
53989.149944 19.545 0.049 53989.151611 19.104 0.019 53989.148277 18.668 0.015 53989.149111 18.404 0.017 53989.150777 18.086 0.029 -49.962299 -1.005587
53995.157855 19.634 0.03 53995.159522 19.084 0.012 53995.156188 18.671 0.012 53995.157022 18.374 0.01 53995.158688 18.14 0.021 -49.962299 -1.005587
53997.136236 19.692 0.041 53997.137902 -99.99 0.017 53997.134569 -99.99 0.011 53997.135402 18.367 0.012 53997.137069 18.118 0.033 -49.962299 -1.005587
54005.108092 19.604 0.031 54005.109758 19.093 0.013 54005.106425 18.652 0.009 54005.107258 18.378 0.009 54005.108925 18.125 0.021 -49.962299 -1.005587
54007.120833 19.643 0.036 54007.1225 19.12 0.016 54007.119167 18.654 0.011 54007.12 18.387 0.011 54007.121667 18.135 0.026 -49.962299 -1.005587
54009.117945 19.654 0.038 54009.119612 19.122 0.018 54009.116278 18.658 0.013 54009.117112 18.383 0.015 54009.118778 18.157 0.027 -49.962299 -1.005587
54011.182433 19.665 0.062 54011.1841 19.134 0.022 54011.180766 18.67 0.014 54011.1816 18.388 0.016 54011.183266 18.147 0.025 -49.962299 -1.005587
54019.132641 19.638 0.046 54019.134308 19.095 0.012 54019.130975 18.68 0.021 54019.131808 -99.99 0.027 54019.133475 18.201 0.034 -49.962299 -1.005587
54025.18146 19.639 0.039 54025.183127 19.058 0.013 54025.179794 18.628 0.026 54025.180627 18.385 0.012 54025.182294 18.141 0.026 -49.962299 -1.005587
54029.111784 19.599 0.032 54029.11345 19.134 0.014 54029.110117 18.652 0.013 54029.11095 -99.99 0.012 54029.112617 18.15 0.025 -49.962299 -1.005587
54051.088363 19.859 0.127 54051.09003 19.059 0.031 54051.086696 18.643 0.032 54051.08753 18.326 0.03 54051.089196 18.204 0.076 -49.962299 -1.005587
54356.189947 19.486 0.03 54356.191614 18.997 0.017 54356.188281 18.618 0.007 54356.189114 18.332 0.009 54356.190781 18.098 0.022 -49.962299 -1.005587
54358.135008 19.436 0.035 54358.136674 18.979 0.013 54358.133341 18.572 0.022 54358.134174 18.367 0.011 54358.135841 18.153 0.027 -49.962299 -1.005587
54373.167105 19.443 0.053 54373.168771 19.024 0.018 54373.165438 18.592 0.013 54373.166271 18.36 0.014 54373.167938 18.122 0.033 -49.962299 -1.005587
54381.179813 19.45 0.041 54381.18148 18.985 0.012 54381.178146 18.624 0.029 54381.17898 18.344 0.018 54381.180646 18.042 0.037 -49.962299 -1.005587
54382.177223 19.495 0.045 54382.178889 18.972 0.023 54382.175556 18.589 0.025 54382.176389 18.414 0.022 54382.178056 18.114 0.039 -49.962299 -1.005587
54383.182949 19.48 0.032 54383.184616 18.975 0.013 54383.181282 18.625 0.013 54383.182116 18.341 0.01 54383.183782 18.152 0.025 -49.962299 -1.005587
54386.179961 19.436 0.03 54386.181628 19.012 0.015 54386.178294 18.613 0.012 54386.179128 18.342 0.011 54386.180794 18.051 0.022 -49.962299 -1.005587
54388.184224 19.463 0.038 54388.18589 18.982 0.011 54388.182557 18.586 0.01 54388.18339 18.321 0.013 54388.185057 18.094 0.027 -49.962299 -1.005587
54403.098003 19.524 0.042 54403.09967 18.989 0.013 54403.096336 18.579 0.009 54403.09717 18.452 0.015 54403.098836 18.166 0.027 -49.962299 -1.005587
54406.091839 19.428 0.029 54406.093506 19.004 0.015 54406.090172 18.589 0.011 54406.091006 18.335 0.017 54406.092672 18.087 0.028 -49.962299 -1.005587
54412.094758 19.518 0.034 54412.096425 18.991 0.013 54412.093091 18.581 0.009 54412.093925 18.346 0.011 54412.095591 18.099 0.026 -49.962299 -1.005587
54415.132327 19.511 0.031 54415.133994 19.038 0.015 54415.130661 18.594 0.009 54415.131494 18.311 0.013 54415.133161 18.082 0.023 -49.962299 -1.005587
