51081.265101 20.502 0.091 51081.266767 20.13 0.026 51081.263434 19.88 0.031 51081.264267 19.947 0.045 51081.265934 19.755 0.119 -6.653171 0.920823
51467.360267 20.491 0.126 51467.361933 20.253 0.032 51467.3586 20.046 0.037 51467.359433 20.091 0.06 51467.3611 19.594 0.151 -6.653171 0.920823
51819.336302 20.514 0.078 51819.337968 20.151 0.021 51819.334635 19.996 0.025 51819.335468 20.015 0.038 51819.337135 19.773 0.103 -6.653171 0.920823
52558.301552 20.26 0.061 52558.303218 19.879 0.017 52558.299885 19.713 0.019 52558.300718 19.719 0.026 52558.302385 19.516 0.068 -6.653171 0.920823
52586.192529 20.227 0.055 52586.194195 19.858 0.016 52586.190862 19.746 0.021 52586.191695 19.725 0.033 52586.193362 19.512 0.098 -6.653171 0.920823
52910.273012 19.886 0.038 52910.274678 19.59 0.012 52910.271345 19.488 0.014 52910.272178 19.573 0.021 52910.273845 19.372 0.062 -6.653171 0.920823
52931.203213 20.027 0.049 52931.204879 19.693 0.015 52931.201546 19.564 0.016 52931.202379 19.611 0.025 52931.204046 19.428 0.07 -6.653171 0.920823
52935.200176 19.963 0.048 52935.201842 19.718 0.014 52935.198509 19.53 0.017 52935.199342 19.671 0.028 52935.201009 19.353 0.078 -6.653171 0.920823
52959.143504 20.121 0.046 52959.14517 19.77 0.015 52959.141837 19.615 0.017 52959.14267 19.646 0.024 52959.144337 19.538 0.063 -6.653171 0.920823
52963.123248 20.066 0.043 52963.124914 19.794 0.014 52963.121581 19.637 0.016 52963.122414 19.684 0.024 52963.124081 19.448 0.062 -6.653171 0.920823
53313.193377 20.558 0.104 53313.195043 20.015 0.024 53313.19171 19.832 0.027 53313.192543 19.834 0.046 53313.19421 19.653 0.144 -6.653171 0.920823
53352.094314 20.417 0.064 53352.09598 20.025 0.017 53352.092647 19.892 0.021 53352.09348 19.91 0.037 53352.095147 19.541 0.085 -6.653171 0.920823
53622.302619 20.506 0.094 53622.304285 19.914 0.019 53622.300952 19.808 0.025 53622.301785 19.848 0.041 53622.303452 19.746 0.135 -6.653171 0.920823
53636.257622 20.436 0.157 53636.259288 19.886 0.031 53636.255955 19.861 0.032 53636.256788 19.847 0.049 53636.258455 19.722 0.14 -6.653171 0.920823
53638.293422 20.441 0.078 53638.295088 19.875 0.019 53638.291755 19.847 0.023 53638.292588 19.86 0.032 53638.294255 19.851 0.104 -6.653171 0.920823
53640.257458 20.403 0.1 53640.259124 -99.99 0.043 53640.255791 19.975 0.029 53640.256624 -99.99 0.089 53640.258291 19.773 0.116 -6.653171 0.920823
53664.254585 20.284 0.121 53664.256251 20.003 0.044 53664.252918 19.862 0.036 53664.253751 19.933 0.046 53664.255418 19.767 0.132 -6.653171 0.920823
53666.218188 20.287 0.064 53666.219854 19.968 0.02 53666.216521 19.857 0.023 53666.217354 19.898 0.035 53666.219021 19.768 0.099 -6.653171 0.920823
53669.213828 20.439 0.063 53669.215494 20 0.017 53669.212161 19.874 0.02 53669.212994 19.856 0.033 53669.214661 19.779 0.101 -6.653171 0.920823
53671.298602 -99.99 0.091 53671.300268 19.937 0.02 53671.296935 19.909 0.028 53671.297768 19.859 0.036 53671.299435 19.72 0.111 -6.653171 0.920823
53674.198063 20.322 0.063 53674.199729 19.969 0.017 53674.196396 19.859 0.021 53674.197229 19.916 0.032 53674.198896 19.623 0.079 -6.653171 0.920823
53676.287545 20.49 0.095 53676.289211 19.96 0.019 53676.285878 19.813 0.023 53676.286711 19.875 0.033 53676.288378 19.739 0.105 -6.653171 0.920823
53679.259434 20.249 0.08 53679.2611 19.912 0.019 53679.257767 19.776 0.025 53679.2586 19.719 0.039 53679.260267 19.85 0.141 -6.653171 0.920823
53681.250946 20.245 0.063 53681.252612 19.955 0.018 53681.249279 19.806 0.022 53681.250112 19.86 0.031 53681.251779 20.486 0.161 -6.653171 0.920823
53685.209997 20.322 0.267 53685.211663 19.921 0.081 53685.20833 19.902 0.095 53685.209163 19.705 0.096 53685.21083 19.355 0.146 -6.653171 0.920823
53687.248335 20.573 0.226 53687.250001 20.061 0.058 53687.246668 19.912 0.045 53687.247501 19.952 0.051 53687.249168 19.833 0.114 -6.653171 0.920823
53700.20693 20.252 0.071 53700.208596 20.026 0.019 53700.205263 19.854 0.024 53700.206096 19.888 0.035 53700.207763 19.685 0.096 -6.653171 0.920823
53705.1936 20.42 0.074 53705.195266 20.002 0.019 53705.191933 19.862 0.022 53705.192766 19.956 0.031 53705.194433 19.778 0.086 -6.653171 0.920823
53975.278607 20.48 0.079 53975.280273 20.087 0.027 53975.27694 19.932 0.026 53975.277773 19.999 0.041 53975.27944 20.025 0.143 -6.653171 0.920823
53996.285325 20.365 0.063 53996.286991 20.16 0.021 53996.283658 20.021 0.022 53996.284491 20.085 0.037 53996.286158 20.015 0.118 -6.653171 0.920823
53998.253964 20.557 0.065 53998.255631 20.169 0.02 53998.252298 20.027 0.021 53998.253131 20.139 0.032 53998.254798 19.943 0.091 -6.653171 0.920823
54010.23947 20.634 0.083 54010.241137 20.179 0.028 54010.237803 20.057 0.026 54010.238637 20.055 0.035 54010.240303 -99.99 0.085 -6.653171 0.920823
54020.238314 20.609 0.092 54020.23998 20.208 0.028 54020.236647 20.045 0.03 54020.23748 20.1 0.044 54020.239147 20.047 0.15 -6.653171 0.920823
54022.287571 20.372 0.148 54022.289237 20.195 0.037 54022.285904 20.016 0.043 54022.286737 20.047 0.086 54022.288404 20.001 0.187 -6.653171 0.920823
54028.228634 20.605 0.084 54028.2303 20.211 0.023 54028.226967 20.118 0.03 54028.2278 20.096 0.045 54028.229467 20.032 0.134 -6.653171 0.920823
54030.231825 20.649 0.07 54030.233492 20.24 0.018 54030.230158 20.059 0.022 54030.230992 20.106 0.036 54030.232658 19.944 0.09 -6.653171 0.920823
54035.307582 20.694 0.123 54035.309249 20.198 0.031 54035.305915 20.009 0.034 54035.306749 19.978 0.046 54035.308415 19.938 0.132 -6.653171 0.920823
54040.227549 20.357 0.12 54040.229215 20.201 0.049 54040.225882 20.015 0.048 54040.226715 20.114 0.062 54040.228382 19.891 0.12 -6.653171 0.920823
54053.218327 20.493 0.073 54053.219994 20.199 0.023 54053.21666 20.026 0.026 54053.217494 20.068 0.036 54053.21916 19.756 0.084 -6.653171 0.920823
54059.21431 20.603 0.11 54059.215977 20.119 0.023 54059.212644 20.079 0.043 54059.213477 19.973 0.076 54059.215144 19.969 0.138 -6.653171 0.920823
54385.30532 20.94 0.098 54385.306986 20.389 0.025 54385.303653 20.283 0.034 54385.304486 20.307 0.047 54385.306153 20.122 0.099 -6.653171 0.920823
54387.305807 20.765 0.105 54387.307473 20.454 0.029 54387.30414 20.281 0.033 54387.304973 20.304 0.05 54387.30664 19.958 0.109 -6.653171 0.920823
54402.298984 20.7 0.232 54402.30065 20.346 0.059 54402.297317 20.249 0.049 54402.29815 20.334 0.063 54402.299817 20.017 0.124 -6.653171 0.920823
