51075.276272 19.439 0.029 51075.277938 19.358 0.013 51075.274605 19.054 0.012 51075.275438 18.977 0.018 51075.277105 18.919 0.065 -8.512696 -0.083333
51464.264162 19.292 0.029 51464.265828 19.281 0.013 51464.262495 18.995 0.013 51464.263328 18.923 0.016 51464.264995 18.889 0.054 -8.512696 -0.083333
52196.276781 18.958 0.023 52196.278447 18.894 0.009 52196.275114 18.71 0.01 52196.275947 18.642 0.012 52196.277614 18.707 0.043 -8.512696 -0.083333
52197.28989 18.935 0.023 52197.291556 18.894 0.009 52197.288223 18.697 0.01 52197.289056 18.656 0.012 52197.290723 18.711 0.035 -8.512696 -0.083333
52225.140085 18.936 0.021 52225.141751 18.848 0.009 52225.138418 18.688 0.01 52225.139251 18.623 0.011 52225.140918 18.66 0.036 -8.512696 -0.083333
52231.17587 18.916 0.022 52231.177536 18.86 0.009 52231.174203 18.67 0.009 52231.175036 18.624 0.011 52231.176703 18.644 0.032 -8.512696 -0.083333
52253.162043 18.922 0.028 52253.163709 18.872 0.011 52253.160376 18.675 0.011 52253.161209 18.636 0.013 52253.162876 18.758 0.044 -8.512696 -0.083333
52557.283873 19.521 0.035 52557.285539 19.43 0.013 52557.282206 19.049 0.013 52557.283039 18.93 0.015 52557.284706 18.88 0.048 -8.512696 -0.083333
52578.179955 19.577 0.033 52578.181621 19.46 0.012 52578.178288 19.062 0.012 52578.179121 18.938 0.014 52578.180788 18.908 0.046 -8.512696 -0.083333
52908.258439 19.48 0.035 52908.260105 19.331 0.012 52908.256772 19.017 0.012 52908.257605 18.929 0.015 52908.259272 18.929 0.047 -8.512696 -0.083333
52911.272223 19.393 0.031 52911.273889 19.326 0.012 52911.270556 19.001 0.012 52911.271389 18.914 0.014 52911.273056 18.951 0.048 -8.512696 -0.083333
52930.149598 19.396 0.028 52930.151264 19.288 0.011 52930.147931 19.031 0.011 52930.148764 18.901 0.013 52930.150431 18.892 0.04 -8.512696 -0.083333
52934.190339 19.388 0.033 52934.192005 19.287 0.012 52934.188672 19.013 0.012 52934.189505 18.914 0.015 52934.191172 18.866 0.05 -8.512696 -0.083333
52936.186264 19.408 0.029 52936.18793 19.295 0.011 52936.184597 18.968 0.011 52936.18543 18.904 0.013 52936.187097 18.931 0.043 -8.512696 -0.083333
52962.111785 19.338 0.028 52962.113451 19.254 0.011 52962.110118 18.969 0.011 52962.110951 18.862 0.014 52962.112618 18.881 0.044 -8.512696 -0.083333
53270.25032 18.919 0.022 53270.251986 18.763 0.024 53270.248653 18.624 0.015 53270.249486 18.577 0.014 53270.251153 18.598 0.031 -8.512696 -0.083333
53272.30027 18.879 0.03 53272.301936 18.791 0.015 53272.298603 18.625 0.013 53272.299436 18.588 0.013 53272.301103 18.608 0.035 -8.512696 -0.083333
53286.268987 18.854 0.029 53286.270653 18.786 0.01 53286.26732 18.635 0.011 53286.268153 18.561 0.013 53286.26982 18.671 0.044 -8.512696 -0.083333
53288.227477 18.879 0.022 53288.229143 18.765 0.008 53288.22581 18.617 0.009 53288.226643 18.568 0.01 53288.22831 18.589 0.028 -8.512696 -0.083333
53294.254798 18.853 0.022 53294.256464 18.788 0.021 53294.253131 18.618 0.015 53294.253964 18.54 0.021 53294.255631 18.574 0.043 -8.512696 -0.083333
53302.223146 18.806 0.039 53302.224812 18.803 0.017 53302.221479 18.573 0.015 53302.222312 18.551 0.016 53302.223979 18.566 0.045 -8.512696 -0.083333
53312.178676 18.882 0.023 53312.180342 18.81 0.011 53312.177009 18.607 0.014 53312.177842 18.744 0.02 53312.179509 18.57 0.037 -8.512696 -0.083333
53314.179874 18.815 0.022 53314.18154 18.756 0.009 53314.178207 18.603 0.009 53314.17904 18.539 0.012 53314.180707 18.486 0.034 -8.512696 -0.083333
53616.284241 18.82 0.027 53616.285907 18.694 0.013 53616.282574 -99.99 0.013 53616.283407 18.455 0.012 53616.285074 18.424 0.067 -8.512696 -0.083333
53623.274452 18.776 0.023 53623.276118 18.704 0.009 53623.272785 18.516 0.009 53623.273618 18.473 0.011 53623.275285 18.495 0.034 -8.512696 -0.083333
53626.260665 18.807 0.026 53626.262331 18.696 0.011 53626.258998 18.516 0.01 53626.259831 18.473 0.012 53626.261498 18.501 0.033 -8.512696 -0.083333
53628.24553 18.783 0.036 53628.247196 18.72 0.017 53628.243863 18.546 0.013 53628.244696 18.436 0.013 53628.246363 18.45 0.039 -8.512696 -0.083333
53637.247146 18.816 0.03 53637.248812 18.687 0.011 53637.245479 18.526 0.011 53637.246312 18.421 0.014 53637.247979 18.445 0.046 -8.512696 -0.083333
53639.29251 18.79 0.021 53639.294176 18.678 0.009 53639.290843 18.516 0.009 53639.291676 18.473 0.01 53639.293343 18.541 0.031 -8.512696 -0.083333
53644.2396 18.803 0.023 53644.241266 18.704 0.015 53644.237933 18.539 0.023 53644.238766 18.433 0.016 53644.240433 18.441 0.027 -8.512696 -0.083333
53654.274216 18.775 0.022 53654.275882 18.677 0.008 53654.272549 18.516 0.009 53654.273382 18.434 0.011 53654.275049 18.458 0.033 -8.512696 -0.083333
53656.221809 18.858 0.051 53656.223475 18.684 0.02 53656.220142 18.535 0.017 53656.220975 18.456 0.019 53656.222642 18.436 0.048 -8.512696 -0.083333
53663.23512 18.813 0.029 53663.236786 18.67 0.012 53663.233453 18.506 0.01 53663.234286 18.452 0.011 53663.235953 18.459 0.03 -8.512696 -0.083333
53668.224718 18.73 0.022 53668.226384 18.655 0.008 53668.223051 18.489 0.009 53668.223884 18.45 0.013 53668.225551 18.444 0.043 -8.512696 -0.083333
53670.229572 18.795 0.021 53670.231238 18.655 0.008 53670.227905 18.486 0.009 53670.228738 18.436 0.01 53670.230405 18.48 0.031 -8.512696 -0.083333
53673.197555 18.726 0.021 53673.199221 18.635 0.008 53673.195888 18.488 0.009 53673.196721 18.436 0.01 53673.198388 18.476 0.034 -8.512696 -0.083333
53675.194442 18.837 0.023 53675.196108 18.634 0.008 53675.192775 18.497 0.01 53675.193608 18.449 0.012 53675.195275 18.552 0.044 -8.512696 -0.083333
53677.215475 18.712 0.02 53677.217141 18.623 0.008 53677.213808 18.5 0.009 53677.214641 18.445 0.01 53677.216308 18.449 0.027 -8.512696 -0.083333
53680.20214 18.747 0.022 53680.203806 18.663 0.008 53680.200473 18.488 0.009 53680.201306 18.414 0.01 53680.202973 18.451 0.03 -8.512696 -0.083333
53693.20404 18.742 0.034 53693.205706 18.624 0.013 53693.202373 18.484 0.011 53693.203206 18.417 0.012 53693.204873 18.435 0.031 -8.512696 -0.083333
53704.187364 18.713 0.021 53704.18903 18.63 0.008 53704.185697 18.477 0.009 53704.18653 18.417 0.01 53704.188197 18.48 0.033 -8.512696 -0.083333
53974.280076 18.781 0.022 53974.281742 18.7 0.021 53974.278409 18.51 0.012 53974.279242 18.421 0.015 53974.280909 18.448 0.027 -8.512696 -0.083333
53989.283422 18.803 0.034 53989.285089 18.706 0.017 53989.281755 18.511 0.017 53989.282589 18.447 0.016 53989.284255 18.466 0.031 -8.512696 -0.083333
53997.37908 18.902 0.025 53997.380746 -99.99 0.019 53997.377413 18.522 0.022 53997.378246 -99.99 0.022 53997.379913 -99.99 0.036 -8.512696 -0.083333
54000.258869 18.845 0.057 54000.260536 18.732 0.02 54000.257202 18.503 0.013 54000.258036 18.444 0.026 54000.259702 18.556 0.043 -8.512696 -0.083333
54007.308983 18.833 0.025 54007.31065 18.726 0.015 54007.307317 18.518 0.017 54007.30815 18.433 0.013 54007.309817 18.45 0.032 -8.512696 -0.083333
54009.232784 18.902 0.031 54009.234451 18.718 0.021 54009.231118 18.532 0.013 54009.231951 18.464 0.019 54009.233618 18.441 0.028 -8.512696 -0.083333
54011.297238 18.839 0.028 54011.298904 18.752 0.02 54011.295571 18.53 0.018 54011.296404 18.437 0.016 54011.298071 18.48 0.031 -8.512696 -0.083333
54019.247503 18.899 0.029 54019.24917 -99.99 0.062 54019.245837 18.54 0.018 54019.24667 18.459 0.016 54019.248337 18.499 0.037 -8.512696 -0.083333
54025.296254 18.884 0.042 54025.297921 18.749 0.044 54025.294588 18.518 0.017 54025.295421 18.468 0.025 54025.297088 18.435 0.053 -8.512696 -0.083333
54029.226601 18.882 0.028 54029.228268 18.729 0.032 54029.224934 18.517 0.024 54029.225768 18.481 0.019 54029.227434 18.54 0.034 -8.512696 -0.083333
54348.293991 18.896 0.026 54348.295657 18.771 0.015 54348.292324 18.56 0.018 54348.293157 18.467 0.017 54348.294824 18.513 0.033 -8.512696 -0.083333
54358.249812 18.913 0.032 54358.251478 18.795 0.024 54358.248145 18.581 0.022 54358.248978 18.46 0.02 54358.250645 18.511 0.037 -8.512696 -0.083333
54365.282948 18.929 0.03 54365.284615 18.769 0.045 54365.281282 18.577 0.016 54365.282115 18.454 0.026 54365.283782 18.511 0.043 -8.512696 -0.083333
54373.357123 18.859 0.056 54373.35879 18.807 0.02 54373.355456 18.572 0.017 54373.35629 18.498 0.017 54373.357956 18.505 0.04 -8.512696 -0.083333
54381.302489 18.945 0.036 54381.304155 18.803 0.021 54381.300822 18.574 0.014 54381.301655 18.473 0.017 54381.303322 18.424 0.032 -8.512696 -0.083333
54386.29477 18.951 0.024 54386.296437 18.8 0.018 54386.293104 18.562 0.014 54386.293937 18.487 0.015 54386.295604 18.487 0.031 -8.512696 -0.083333
54388.299045 18.903 0.026 54388.300712 18.824 0.014 54388.297379 18.554 0.012 54388.298212 18.474 0.018 54388.299879 18.536 0.033 -8.512696 -0.083333
54403.212808 18.921 0.028 54403.214474 18.805 0.019 54403.211141 18.56 0.016 54403.211974 18.523 0.017 54403.213641 18.477 0.036 -8.512696 -0.083333
54404.270369 18.977 0.029 54404.272035 18.811 0.019 54404.268702 18.583 0.017 54404.269535 18.469 0.014 54404.271202 18.475 0.03 -8.512696 -0.083333
54405.26834 18.9 0.028 54405.270007 18.838 0.017 54405.266674 18.563 0.013 54405.267507 18.45 0.018 54405.269174 18.479 0.031 -8.512696 -0.083333
54406.206651 18.925 0.03 54406.208318 18.776 0.019 54406.204984 18.556 0.012 54406.205818 18.455 0.018 54406.207484 18.5 0.037 -8.512696 -0.083333
54412.209569 18.967 0.026 54412.211236 18.826 0.015 54412.207902 18.565 0.014 54412.208736 18.479 0.022 54412.210402 18.522 0.032 -8.512696 -0.083333
