52172.236655 20.557 0.064 52172.238321 19.981 0.017 52172.234988 19.797 0.019 52172.235821 19.65 0.023 52172.237488 19.459 0.058 -48.244378 0.484632
52577.073849 20.552 0.062 52577.075515 20.049 0.019 52577.072182 19.881 0.024 52577.073015 19.678 0.032 52577.074682 19.473 0.083 -48.244378 0.484632
52930.08718 20.946 0.082 52930.088846 20.126 0.019 52930.085513 19.947 0.02 52930.086346 19.798 0.026 52930.088013 19.561 0.066 -48.244378 0.484632
52931.088011 20.859 0.072 52931.089677 20.165 0.019 52931.086344 19.984 0.021 52931.087177 19.833 0.027 52931.088844 19.443 0.064 -48.244378 0.484632
52935.084974 20.833 0.08 52935.08664 20.14 0.019 52935.083307 19.943 0.021 52935.08414 19.769 0.027 52935.085807 19.574 0.072 -48.244378 0.484632
53313.078175 20.66 0.092 53313.079841 20.063 0.024 53313.076508 20.015 0.03 53313.077341 19.877 0.042 53313.079008 19.514 0.117 -48.244378 0.484632
53622.187423 20.984 0.127 53622.189089 20.27 0.027 53622.185756 20.039 0.028 53622.186589 19.873 0.038 53622.188256 19.474 0.083 -48.244378 0.484632
53625.183387 20.867 0.089 53625.185053 20.251 0.027 53625.18172 20.062 0.024 53625.182553 19.901 0.028 53625.18422 19.731 0.071 -48.244378 0.484632
53634.136892 20.797 0.198 53634.138558 20.156 0.06 53634.135225 20.128 0.055 53634.136058 19.917 0.06 53634.137725 -99.99 0.126 -48.244378 0.484632
53636.142424 20.976 0.086 53636.14409 20.244 0.021 53636.140757 20.074 0.022 53636.14159 19.878 0.029 53636.143257 19.586 0.067 -48.244378 0.484632
53645.202092 20.842 0.096 53645.203758 20.266 0.021 53645.200425 20.089 0.024 53645.201258 19.867 0.031 53645.202925 19.567 0.072 -48.244378 0.484632
53655.114428 20.97 0.145 53655.116094 20.22 0.035 53655.112761 19.985 0.029 53655.113594 19.821 0.033 53655.115261 19.514 0.071 -48.244378 0.484632
53664.139388 20.626 0.107 53664.141054 20.259 0.039 53664.137721 20.023 0.033 53664.138554 19.871 0.039 53664.140221 19.617 0.085 -48.244378 0.484632
53666.102987 20.872 0.074 53666.104653 20.263 0.02 53666.10132 20.033 0.021 53666.102153 19.836 0.029 53666.10382 19.538 0.075 -48.244378 0.484632
53669.098626 20.955 0.078 53669.100292 20.202 0.018 53669.096959 20.018 0.021 53669.097792 19.865 0.027 53669.099459 19.581 0.064 -48.244378 0.484632
53674.082861 20.812 0.078 53674.084527 20.229 0.021 53674.081194 20.063 0.029 53674.082027 19.896 0.036 53674.083694 19.585 0.077 -48.244378 0.484632
53681.135756 20.857 0.176 53681.137422 -99.99 0.115 53681.134089 20.013 0.052 53681.134922 19.825 0.064 53681.136589 -99.99 0.219 -48.244378 0.484632
53685.0948 20.366 0.193 53685.096466 20.171 0.065 53685.093133 19.943 0.06 53685.093966 19.806 0.053 53685.095633 19.547 0.109 -48.244378 0.484632
53687.133152 20.74 0.26 53687.134818 20.221 0.061 53687.131485 20.105 0.044 53687.132318 19.867 0.045 53687.133985 19.518 0.076 -48.244378 0.484632
53697.092781 21.269 0.435 53697.094447 20.157 0.081 53697.091114 20.091 0.119 53697.091947 19.603 0.099 53697.093614 19.723 0.317 -48.244378 0.484632
53700.091744 20.748 0.085 53700.09341 20.214 0.022 53700.090077 20.055 0.025 53700.09091 19.908 0.034 53700.092577 19.669 0.082 -48.244378 0.484632
53705.078413 20.93 0.103 53705.080079 20.188 0.024 53705.076746 20.049 0.028 53705.077579 19.88 0.037 53705.079246 19.63 0.086 -48.244378 0.484632
53975.163411 20.898 0.092 53975.165078 20.215 0.022 53975.161745 20.128 0.028 53975.162578 19.841 0.029 53975.164245 19.624 0.084 -48.244378 0.484632
53998.138758 20.734 0.059 53998.140425 20.225 0.017 53998.137092 20.011 0.017 53998.137925 19.831 0.027 53998.139592 19.639 0.062 -48.244378 0.484632
54005.176014 20.841 0.064 54005.177681 20.201 0.017 54005.174348 20.023 0.019 54005.175181 19.862 0.022 54005.176848 19.632 0.057 -48.244378 0.484632
54010.124237 21.172 0.137 54010.125904 20.163 0.029 54010.12257 20.009 0.024 54010.123404 19.892 0.028 54010.12507 19.646 0.059 -48.244378 0.484632
54012.11708 20.999 0.189 54012.118746 20.221 0.05 54012.115413 20.059 0.039 54012.116246 19.911 0.038 54012.117913 19.618 0.068 -48.244378 0.484632
54020.123062 20.772 0.074 54020.124729 20.203 0.02 54020.121395 20.033 0.022 54020.122229 19.947 0.033 54020.123895 19.627 0.08 -48.244378 0.484632
54022.172339 20.627 0.071 54022.174006 -99.99 0.025 54022.170673 -99.99 0.042 54022.171506 19.846 0.037 54022.173173 19.51 0.063 -48.244378 0.484632
54028.113428 20.727 0.093 54028.115095 20.219 0.022 54028.111761 20.068 0.024 54028.112595 19.885 0.033 54028.114261 19.666 0.088 -48.244378 0.484632
54030.116616 20.907 0.073 54030.118283 20.218 0.018 54030.11495 20.042 0.019 54030.115783 19.859 0.026 54030.11745 19.573 0.058 -48.244378 0.484632
54032.105987 20.786 0.094 54032.107654 -99.99 0.024 54032.104321 -99.99 0.03 54032.105154 19.885 0.039 54032.106821 -99.99 0.072 -48.244378 0.484632
54034.176415 20.866 0.144 54034.178082 -99.99 0.027 54034.174749 -99.99 0.045 54034.175582 19.883 0.052 54034.177249 -99.99 0.158 -48.244378 0.484632
54037.097856 20.688 0.079 54037.099523 20.22 0.023 54037.09619 20.022 0.025 54037.097023 19.847 0.03 54037.09869 19.582 0.057 -48.244378 0.484632
54040.112338 20.856 0.17 54040.114005 20.203 0.045 54040.110672 19.94 0.04 54040.111505 19.972 0.046 54040.113172 19.477 0.077 -48.244378 0.484632
54050.096977 20.709 0.079 54050.098644 20.183 0.02 54050.09531 20.024 0.025 54050.096144 19.875 0.034 54050.09781 19.527 0.08 -48.244378 0.484632
54053.103128 20.953 0.102 54053.104794 20.196 0.023 54053.101461 20.025 0.029 54053.102294 19.815 0.041 54053.103961 19.619 0.099 -48.244378 0.484632
54056.104805 20.661 0.098 54056.106471 -99.99 0.034 54056.103138 -99.99 0.045 54056.103971 -99.99 0.044 54056.105638 19.652 0.084 -48.244378 0.484632
54057.073462 20.877 0.095 54057.075129 20.191 0.021 54057.071795 19.988 0.025 54057.072629 19.935 0.043 54057.074295 19.628 0.09 -48.244378 0.484632
54059.099085 20.932 0.113 54059.100752 20.165 0.022 54059.097419 20.027 0.027 54059.098252 19.871 0.039 54059.099919 19.624 0.097 -48.244378 0.484632
54061.110145 20.937 0.126 54061.111811 20.22 0.024 54061.108478 20.016 0.031 54061.109311 19.933 0.05 54061.110978 19.483 0.097 -48.244378 0.484632
54062.103997 21.024 0.144 54062.105664 20.249 0.026 54062.10233 19.972 0.03 54062.103164 19.929 0.045 54062.10483 19.737 0.135 -48.244378 0.484632
54068.093981 20.801 0.264 54068.095648 20.23 0.07 54068.092314 20.012 0.049 54068.093148 19.807 0.052 54068.094814 19.515 0.112 -48.244378 0.484632
54357.142284 20.76 0.068 54357.143951 20.211 0.018 54357.140617 20.043 0.018 54357.141451 19.889 0.026 54357.143117 19.507 0.059 -48.244378 0.484632
54365.140153 21.233 0.376 54365.141819 20.334 0.062 54365.138486 20.043 0.044 54365.139319 19.83 0.042 54365.140986 19.476 0.096 -48.244378 0.484632
54385.190107 20.85 0.083 54385.191773 20.192 0.019 54385.18844 20.076 0.02 54385.189273 19.838 0.024 54385.19094 19.536 0.053 -48.244378 0.484632
54387.190612 20.684 0.107 54387.192278 20.24 0.023 54387.188945 20.103 0.03 54387.189778 19.876 0.037 54387.191445 19.574 0.082 -48.244378 0.484632
54390.193633 20.76 0.104 54390.195299 20.18 0.023 54390.191966 20.01 0.029 54390.192799 19.898 0.038 54390.194466 19.596 0.086 -48.244378 0.484632
54392.185337 20.699 0.234 54392.187003 -99.99 0.086 54392.18367 19.978 0.05 54392.184503 19.845 0.055 54392.18617 19.778 0.167 -48.244378 0.484632
54402.183794 20.455 0.179 54402.185461 20.189 0.056 54402.182128 20.044 0.041 54402.182961 19.867 0.043 54402.184628 19.733 0.092 -48.244378 0.484632
