52576.10613 19.163 0.028 52576.107796 18.815 0.009 52576.104463 18.443 0.009 52576.105296 18.432 0.011 52576.106963 18.382 0.04 -45.531343 0.109828
52577.081363 19.155 0.028 52577.083029 18.818 0.008 52577.079696 18.458 0.009 52577.080529 18.409 0.011 52577.082196 18.522 0.046 -45.531343 0.109828
52930.094695 19.148 0.027 52930.096361 18.818 0.008 52930.093028 18.444 0.008 52930.093861 18.41 0.01 52930.095528 18.483 0.038 -45.531343 0.109828
52931.095525 19.195 0.027 52931.097191 18.816 0.008 52931.093858 18.448 0.008 52931.094691 18.415 0.01 52931.096358 18.432 0.037 -45.531343 0.109828
52935.092489 19.12 0.026 52935.094155 18.805 0.008 52935.090822 18.444 0.009 52935.091655 18.412 0.01 52935.093322 18.475 0.037 -45.531343 0.109828
53313.08569 19.032 0.026 53313.087356 18.742 0.008 53313.084023 18.387 0.009 53313.084856 18.372 0.011 53313.086523 18.492 0.045 -45.531343 0.109828
53622.194936 19.086 0.036 53622.196602 18.792 0.01 53622.193269 18.409 0.01 53622.194102 18.401 0.012 53622.195769 18.434 0.05 -45.531343 0.109828
53634.144405 19.072 0.05 53634.146071 -99.99 0.02 53634.142738 18.399 0.013 53634.143571 18.372 0.015 53634.145238 18.395 0.07 -45.531343 0.109828
53655.121942 19.038 0.042 53655.123608 18.754 0.013 53655.120275 18.408 0.011 53655.121108 18.373 0.013 53655.122775 18.499 0.047 -45.531343 0.109828
53657.20936 19.117 0.114 53657.211026 18.833 0.032 53657.207693 18.432 0.025 53657.208526 18.502 0.029 53657.210193 18.458 0.074 -45.531343 0.109828
53664.146902 19.004 0.034 53664.148568 18.748 0.012 53664.145235 18.368 0.01 53664.146068 18.345 0.011 53664.147735 18.472 0.042 -45.531343 0.109828
53674.090375 19.002 0.026 53674.092041 18.759 0.008 53674.088708 18.39 0.009 53674.089541 18.377 0.01 53674.091208 18.468 0.04 -45.531343 0.109828
53685.102314 19.044 0.064 53685.10398 18.739 0.021 53685.100647 18.37 0.015 53685.10148 18.367 0.016 53685.103147 18.381 0.051 -45.531343 0.109828
53687.140665 19.066 0.063 53687.142331 18.796 0.017 53687.138998 18.393 0.012 53687.139831 18.395 0.013 53687.141498 18.432 0.04 -45.531343 0.109828
53694.116208 19.196 0.07 53694.117874 18.82 0.014 53694.114541 18.42 0.014 53694.115374 18.411 0.02 53694.117041 18.558 0.085 -45.531343 0.109828
53700.099256 19.125 0.033 53700.100922 18.812 0.01 53700.097589 18.417 0.009 53700.098422 18.366 0.011 53700.100089 18.515 0.046 -45.531343 0.109828
53705.085926 19.172 0.035 53705.087592 18.802 0.009 53705.084259 18.427 0.009 53705.085092 18.386 0.012 53705.086759 18.476 0.046 -45.531343 0.109828
53975.17092 19.357 0.037 53975.172587 18.955 0.015 53975.169253 18.608 0.011 53975.170087 18.554 0.014 53975.171753 18.716 0.053 -45.531343 0.109828
53996.177641 19.258 0.029 53996.179308 18.943 0.011 53996.175974 18.578 0.01 53996.176808 18.589 0.013 53996.178474 18.648 0.039 -45.531343 0.109828
54012.124604 19.338 0.051 54012.12627 19.001 0.02 54012.122937 18.616 0.015 54012.12377 18.609 0.016 54012.125437 18.704 0.041 -45.531343 0.109828
54020.130573 19.254 0.03 54020.13224 18.93 0.01 54020.128906 18.574 0.009 54020.12974 18.593 0.013 54020.131406 18.685 0.043 -45.531343 0.109828
54022.179856 19.232 0.031 54022.181522 18.985 0.015 54022.178189 18.595 0.009 54022.179022 18.59 0.012 54022.180689 -99.99 0.136 -45.531343 0.109828
54028.120944 19.281 0.034 54028.122611 18.948 0.013 54028.119277 18.559 0.012 54028.120111 18.558 0.013 54028.121777 18.661 0.061 -45.531343 0.109828
54040.119852 19.205 0.046 54040.121519 19.011 0.019 54040.118186 18.615 0.015 54040.119019 18.627 0.016 54040.120686 18.688 0.044 -45.531343 0.109828
54050.104492 19.275 0.041 54050.106159 18.961 0.013 54050.102826 18.518 0.013 54050.103659 18.528 0.014 54050.105326 18.675 0.048 -45.531343 0.109828
54053.110659 19.273 0.033 54053.112326 18.946 0.012 54053.108993 18.582 0.016 54053.109826 18.533 0.014 54053.111493 18.647 0.052 -45.531343 0.109828
54056.112318 19.233 0.042 54056.113984 -99.99 0.04 54056.110651 -99.99 0.013 54056.111484 18.532 0.022 54056.113151 18.586 0.072 -45.531343 0.109828
54059.106621 19.359 0.04 54059.108287 18.948 0.012 54059.104954 18.564 0.013 54059.105787 18.545 0.016 54059.107454 18.597 0.045 -45.531343 0.109828
54061.11765 19.286 0.042 54061.119317 18.902 0.021 54061.115983 18.545 0.011 54061.116817 18.55 0.014 54061.118483 18.607 0.062 -45.531343 0.109828
54062.111496 19.285 0.045 54062.113163 18.955 0.019 54062.109829 18.552 0.013 54062.110663 18.52 0.028 54062.112329 18.565 0.06 -45.531343 0.109828
54068.101479 19.231 0.081 54068.103146 18.904 0.022 54068.099812 18.508 0.019 54068.100646 18.525 0.021 54068.102312 18.541 0.06 -45.531343 0.109828
54357.149794 19.184 0.028 54357.151461 18.928 0.012 54357.148127 18.579 0.013 54357.148961 18.59 0.017 54357.150627 18.639 0.04 -45.531343 0.109828
54365.147653 19.231 0.049 54365.14932 18.892 0.015 54365.145986 18.52 0.019 54365.14682 18.521 0.016 54365.148486 18.551 0.042 -45.531343 0.109828
54385.197637 19.15 0.032 54385.199304 18.923 0.013 54385.195971 18.566 0.014 54385.196804 18.563 0.011 54385.198471 18.639 0.04 -45.531343 0.109828
54387.19812 19.151 0.039 54387.199787 18.871 0.011 54387.196454 18.502 0.01 54387.197287 18.463 0.013 54387.198954 18.552 0.047 -45.531343 0.109828
54390.201137 19.222 0.042 54390.202804 18.882 0.011 54390.199471 18.503 0.011 54390.200304 18.47 0.014 54390.201971 18.584 0.058 -45.531343 0.109828
54392.192849 19.23 0.048 54392.194515 18.876 0.018 54392.191182 18.506 0.015 54392.192015 18.446 0.016 54392.193682 18.424 0.054 -45.531343 0.109828
54402.191309 19.189 0.063 54402.192975 18.883 0.021 54402.189642 18.536 0.015 54402.190475 18.558 0.015 54402.192142 18.648 0.046 -45.531343 0.109828
