52172.237829 19.954 0.042 52172.239495 19.581 0.013 52172.236162 19.289 0.013 52172.236995 18.968 0.014 52172.238662 18.833 0.038 -47.820909 -0.261476
52576.099789 19.835 0.039 52576.101455 19.463 0.013 52576.098122 19.202 0.014 52576.098955 18.87 0.014 52576.100622 18.815 0.047 -47.820909 -0.261476
52577.075022 19.854 0.04 52577.076688 19.48 0.013 52577.073355 19.209 0.014 52577.074188 18.927 0.015 52577.075855 18.768 0.049 -47.820909 -0.261476
52930.088353 20.113 0.047 52930.090019 19.727 0.014 52930.086686 19.395 0.014 52930.087519 19.058 0.015 52930.089186 18.927 0.043 -47.820909 -0.261476
52931.089183 20.141 0.047 52931.090849 19.7 0.014 52931.087516 19.392 0.014 52931.088349 19.018 0.014 52931.090016 18.901 0.042 -47.820909 -0.261476
52935.086146 20.17 0.05 52935.087812 19.715 0.014 52935.084479 19.361 0.014 52935.085312 19 0.014 52935.086979 18.885 0.042 -47.820909 -0.261476
53313.079348 20.291 0.08 53313.081014 19.939 0.021 53313.077681 19.726 0.025 53313.078514 19.285 0.026 53313.080181 19.149 0.094 -47.820909 -0.261476
53622.188597 20.735 0.103 53622.190263 20.287 0.028 53622.18693 19.983 0.027 53622.187763 19.631 0.031 53622.18943 19.562 0.1 -47.820909 -0.261476
53625.184561 20.737 0.083 53625.186227 20.23 0.027 53625.182894 19.773 0.019 53625.183727 19.342 0.018 53625.185394 19.232 0.051 -47.820909 -0.261476
53636.143597 20.858 0.087 53636.145263 20.194 0.02 53636.14193 19.826 0.018 53636.142763 19.328 0.017 53636.14443 19.206 0.053 -47.820909 -0.261476
53645.203266 20.923 0.103 53645.204932 20.211 0.026 53645.201599 19.822 0.02 53645.202432 19.327 0.018 53645.204099 19.287 0.057 -47.820909 -0.261476
53655.115603 20.882 0.133 53655.117269 20.265 0.035 53655.113936 19.798 0.024 53655.114769 19.328 0.02 53655.116436 19.303 0.06 -47.820909 -0.261476
53664.140562 21.127 0.176 53664.142228 20.39 0.04 53664.138895 19.895 0.03 53664.139728 19.41 0.023 53664.141395 19.346 0.075 -47.820909 -0.261476
53666.104162 20.967 0.084 53666.105828 20.29 0.019 53666.102495 19.866 0.019 53666.103328 19.73 0.024 53666.104995 19.277 0.06 -47.820909 -0.261476
53669.099802 20.783 0.071 53669.101468 20.311 0.019 53669.098135 19.886 0.019 53669.098968 19.347 0.017 53669.100635 19.266 0.052 -47.820909 -0.261476
53674.084036 20.822 0.084 53674.085702 20.226 0.019 53674.082369 19.791 0.02 53674.083202 19.329 0.019 53674.084869 19.191 0.057 -47.820909 -0.261476
53681.136933 -99.99 0.226 53681.138599 -99.99 0.114 53681.135266 19.819 0.047 53681.136099 19.283 0.047 53681.137766 19.159 0.223 -47.820909 -0.261476
53685.095974 21.601 0.61 53685.09764 20.451 0.09 53685.094307 20.115 0.065 53685.09514 19.551 0.042 53685.096807 19.704 0.132 -47.820909 -0.261476
53687.134326 21.323 0.421 53687.135992 20.367 0.062 53687.132659 19.985 0.042 53687.133492 19.471 0.03 53687.135159 19.288 0.07 -47.820909 -0.261476
53697.093955 20.592 0.281 53697.095621 20.517 0.107 53697.092288 19.781 0.084 53697.093121 19.39 0.078 53697.094788 19.591 0.307 -47.820909 -0.261476
53700.092918 20.775 0.09 53700.094584 20.305 0.023 53700.091251 19.931 0.023 53700.092084 19.341 0.021 53700.093751 19.246 0.068 -47.820909 -0.261476
53705.079587 20.694 0.089 53705.081253 20.358 0.027 53705.07792 19.894 0.024 53705.078753 19.424 0.022 53705.08042 19.367 0.078 -47.820909 -0.261476
53975.164585 20.404 0.065 53975.166251 -99.99 0.033 53975.162918 19.745 0.041 53975.163751 19.293 0.038 53975.165418 19.427 0.091 -47.820909 -0.261476
53998.139942 20.535 0.058 53998.141609 20.057 0.044 53998.138276 19.73 0.038 53998.139109 19.364 0.05 53998.140776 19.282 0.05 -47.820909 -0.261476
54005.177181 20.509 0.057 54005.178848 20.045 0.03 54005.175515 19.703 0.037 54005.176348 19.311 0.035 54005.178015 19.206 0.049 -47.820909 -0.261476
54010.125408 20.579 0.084 54010.127074 20.049 0.028 54010.123741 19.659 0.029 54010.124574 19.315 0.034 54010.126241 19.143 0.039 -47.820909 -0.261476
54012.118252 20.756 0.163 54012.119919 20.074 0.052 54012.116586 19.786 0.057 54012.117419 19.349 0.026 54012.119086 19.322 0.063 -47.820909 -0.261476
54020.124232 20.665 0.078 54020.125898 20.037 0.032 54020.122565 19.874 0.043 54020.123398 19.473 0.057 54020.125065 19.261 0.081 -47.820909 -0.261476
54022.173515 20.485 0.07 54022.175182 -99.99 0.042 54022.171849 19.766 0.043 54022.172682 19.395 0.035 54022.174349 19.388 0.092 -47.820909 -0.261476
54028.114603 20.608 0.081 54028.116269 20.108 0.045 54028.112936 19.945 0.055 54028.113769 19.619 0.055 54028.115436 19.489 0.082 -47.820909 -0.261476
54030.117791 20.491 0.054 54030.119458 20.026 0.03 54030.116124 19.733 0.029 54030.116958 19.279 0.04 54030.118624 19.179 0.043 -47.820909 -0.261476
54032.10706 20.442 0.075 54032.108727 -99.99 0.037 54032.105394 19.84 0.051 54032.106227 -99.99 0.043 54032.107894 -99.99 0.082 -47.820909 -0.261476
54037.099034 20.489 0.068 54037.100701 20.086 0.029 54037.097368 19.831 0.047 54037.098201 19.348 0.027 54037.099868 19.281 0.053 -47.820909 -0.261476
54040.113513 20.532 0.141 54040.11518 20.2 0.065 54040.111847 19.817 0.062 54040.11268 19.378 0.048 54040.114347 19.308 0.078 -47.820909 -0.261476
54050.098142 20.704 0.087 54050.099809 20.137 0.035 54050.096476 19.876 0.046 54050.097309 19.499 0.041 54050.098976 19.763 0.136 -47.820909 -0.261476
54053.104298 20.669 0.1 54053.105964 20.179 0.038 54053.102631 19.856 0.048 54053.103464 19.754 0.061 54053.105131 19.304 0.095 -47.820909 -0.261476
54057.074632 20.62 0.08 54057.076299 20.022 0.033 54057.072965 19.861 0.045 54057.073799 19.603 0.057 54057.075465 19.599 0.123 -47.820909 -0.261476
54059.10026 20.698 0.101 54059.101926 20.105 0.032 54059.098593 19.907 0.048 54059.099426 19.751 0.061 54059.101093 19.608 0.116 -47.820909 -0.261476
54061.11132 20.563 0.086 54061.112987 20.144 0.046 54061.109653 19.812 0.049 54061.110487 19.502 0.054 54061.112153 19.375 0.114 -47.820909 -0.261476
54062.105164 20.73 0.122 54062.10683 20.188 0.036 54062.103497 19.889 0.051 54062.10433 19.397 0.047 54062.105997 19.909 0.191 -47.820909 -0.261476
54357.143475 20.575 0.067 54357.145142 20 0.044 54357.141809 19.702 0.046 54357.142642 19.344 0.049 54357.144309 19.204 0.052 -47.820909 -0.261476
54365.14159 21.029 0.274 54365.143257 20.115 0.053 54365.139923 -99.99 0.062 54365.140757 19.297 0.04 54365.142423 19.458 0.101 -47.820909 -0.261476
54385.191281 20.539 0.073 54385.192948 20.079 0.031 54385.189614 19.796 0.053 54385.190448 19.319 0.027 54385.192114 19.214 0.051 -47.820909 -0.261476
54387.191779 20.613 0.104 54387.193445 20.12 0.048 54387.190112 19.806 0.059 54387.190945 19.489 0.055 54387.192612 19.66 0.114 -47.820909 -0.261476
54390.194802 20.945 0.13 54390.196468 20.144 0.038 54390.193135 19.912 0.046 54390.193968 19.486 0.049 54390.195635 20.027 0.196 -47.820909 -0.261476
54402.184977 20.575 0.212 54402.186644 20.236 0.068 54402.18331 19.834 0.05 54402.184144 19.543 0.047 54402.18581 19.165 0.064 -47.820909 -0.261476
