52075.325131 21.087 0.122 52075.326797 20.708 0.032 52075.323464 20.503 0.034 52075.324297 20.198 0.041 52075.325964 20.296 0.145 -49.039165 0.752875
52197.133775 20.84 0.072 52197.135441 20.611 0.025 52197.132108 20.385 0.029 52197.132941 20.135 0.036 52197.134608 20.22 0.132 -49.039165 0.752875
52557.171626 21.086 0.1 52557.173292 20.641 0.03 52557.169959 20.49 0.034 52557.170792 20.181 0.043 52557.172459 20.31 0.154 -49.039165 0.752875
52929.097928 21.084 0.09 52929.099594 20.829 0.03 52929.096261 20.531 0.032 52929.097094 20.309 0.04 52929.098761 20.15 0.114 -49.039165 0.752875
52934.078086 21.053 0.087 52934.079752 20.812 0.029 52934.076419 20.539 0.033 52934.077252 20.351 0.041 52934.078919 20.213 0.122 -49.039165 0.752875
52936.074011 20.97 0.076 52936.075677 20.816 0.027 52936.072344 20.546 0.033 52936.073177 20.18 0.037 52936.074844 20.018 0.107 -49.039165 0.752875
53243.259223 21.568 0.379 53243.260889 20.914 0.096 53243.257556 20.544 0.069 53243.258389 20.365 0.069 53243.260056 20.277 0.18 -49.039165 0.752875
53270.138082 21.132 0.125 53270.139748 20.825 0.047 53270.136415 20.641 0.038 53270.137248 20.278 0.04 53270.138915 20.282 0.121 -49.039165 0.752875
53272.188022 20.795 0.195 53272.189688 20.849 0.09 53272.186355 20.71 0.078 53272.187188 20.216 0.061 53272.188855 20.375 0.169 -49.039165 0.752875
53288.115229 21.348 0.154 53288.116895 20.81 0.033 53288.113562 20.621 0.041 53288.114395 20.31 0.048 53288.116062 20.167 0.129 -49.039165 0.752875
53302.110896 20.819 0.156 53302.112562 20.844 0.071 53302.109229 20.473 0.058 53302.110062 20.244 0.059 53302.111729 20.205 0.181 -49.039165 0.752875
53312.066426 21.517 0.209 53312.068092 20.802 0.038 53312.064759 20.519 0.069 53312.065592 20.359 0.084 53312.067259 20.764 0.359 -49.039165 0.752875
53314.067623 21.148 0.101 53314.069289 20.847 0.031 53314.065956 20.518 0.038 53314.066789 20.301 0.049 53314.068456 20.306 0.163 -49.039165 0.752875
53623.162206 21.31 0.169 53623.163872 20.886 0.047 53623.160539 20.546 0.036 53623.161372 20.229 0.047 53623.163039 19.974 0.118 -49.039165 0.752875
53626.148418 21.279 0.188 53626.150084 20.766 0.062 53626.146751 20.541 0.05 53626.147584 20.311 0.051 53626.149251 20.247 0.129 -49.039165 0.752875
53628.133283 21.406 0.399 53628.134949 20.784 0.106 53628.131616 20.536 0.08 53628.132449 20.287 0.076 53628.134116 20.201 0.188 -49.039165 0.752875
53637.134897 21.177 0.147 53637.136563 20.827 0.039 53637.13323 20.625 0.046 53637.134063 20.366 0.065 53637.13573 20.15 0.16 -49.039165 0.752875
53644.127351 21.073 0.086 53644.129018 20.806 0.027 53644.125685 20.544 0.028 53644.126518 20.283 0.042 53644.128185 20.536 0.16 -49.039165 0.752875
53654.161967 21.092 0.167 53654.163633 20.762 0.057 53654.1603 20.897 0.074 53654.161133 20.248 0.056 53654.1628 19.933 0.122 -49.039165 0.752875
53656.109558 20.953 0.307 53656.111224 20.863 0.11 53656.107891 20.517 0.089 53656.108724 20.294 0.089 53656.110391 20.106 0.183 -49.039165 0.752875
53668.112468 20.893 0.153 53668.114134 20.882 0.046 53668.110801 20.491 0.053 53668.111634 20.292 0.072 53668.113301 20.353 0.273 -49.039165 0.752875
53670.117321 20.94 0.11 53670.118987 20.847 0.04 53670.115654 20.593 0.041 53670.116487 20.275 0.051 53670.118154 20.15 0.16 -49.039165 0.752875
53673.085303 21.325 0.128 53673.086969 20.806 0.032 53673.083636 20.628 0.042 53673.084469 20.271 0.047 53673.086136 20.559 0.213 -49.039165 0.752875
53675.082192 21.11 0.107 53675.083858 20.799 0.034 53675.080525 20.52 0.04 53675.081358 20.303 0.051 53675.083025 20.069 0.131 -49.039165 0.752875
53677.103224 21.032 0.081 53677.10489 20.786 0.028 53677.101557 20.605 0.032 53677.10239 20.227 0.035 53677.104057 20.077 0.103 -49.039165 0.752875
53680.08989 21.081 0.089 53680.091556 20.871 0.032 53680.088223 20.54 0.03 53680.089056 20.26 0.034 53680.090723 20.087 0.092 -49.039165 0.752875
53693.091795 21.146 0.146 53693.093461 20.867 0.055 53693.090128 20.632 0.052 53693.090961 20.254 0.053 53693.092628 19.975 0.114 -49.039165 0.752875
53702.087487 20.863 0.164 53702.089153 21.011 0.064 53702.08582 20.747 0.077 53702.086653 20.361 0.08 53702.08832 20.098 0.224 -49.039165 0.752875
53703.0966 21.279 0.185 53703.098267 20.899 0.046 53703.094933 20.63 0.051 53703.095767 20.313 0.074 53703.097433 20.184 0.15 -49.039165 0.752875
53704.075123 21.116 0.126 53704.076789 20.941 0.039 53704.073456 20.664 0.043 53704.074289 20.343 0.055 53704.075956 20.275 0.133 -49.039165 0.752875
53974.163064 20.899 0.073 53974.164731 20.656 0.023 53974.161398 20.488 0.031 53974.162231 20.229 0.035 53974.163898 19.945 0.094 -49.039165 0.752875
53989.152498 20.924 0.088 53989.154165 20.706 0.039 53989.150832 20.532 0.033 53989.151665 20.231 0.036 53989.153332 20.2 0.096 -49.039165 0.752875
53995.160414 21.106 0.081 53995.162081 20.689 0.024 53995.158748 20.477 0.023 53995.159581 20.229 0.03 53995.161248 20.252 0.098 -49.039165 0.752875
53997.13879 21.127 0.101 53997.140457 20.746 0.031 53997.137123 20.449 0.033 53997.137957 20.202 0.059 53997.139623 19.978 0.1 -49.039165 0.752875
54005.110657 20.936 0.074 54005.112324 20.76 0.026 54005.10899 20.484 0.024 54005.109824 20.18 0.029 54005.11149 20.074 0.088 -49.039165 0.752875
54007.123406 20.697 0.078 54007.125072 20.715 0.036 54007.121739 20.531 0.032 54007.122572 20.151 0.036 54007.124239 19.96 0.093 -49.039165 0.752875
54009.120497 20.747 0.087 54009.122164 20.691 0.041 54009.118831 20.434 0.033 54009.119664 20.207 0.038 54009.121331 20.027 0.093 -49.039165 0.752875
54011.18501 20.76 0.129 54011.186677 20.685 0.056 54011.183344 20.549 0.055 54011.184177 20.207 0.048 54011.185844 19.917 0.082 -49.039165 0.752875
54019.135203 20.949 0.109 54019.13687 20.658 0.037 54019.133536 20.587 0.05 54019.13437 20.178 0.048 54019.136036 20.091 0.135 -49.039165 0.752875
54025.184014 20.785 0.081 54025.18568 20.732 0.027 54025.182347 20.438 0.032 54025.18318 20.453 0.071 54025.184847 20.133 0.122 -49.039165 0.752875
54029.114341 21.22 0.087 54029.116007 20.78 0.025 54029.112674 20.469 0.03 54029.113507 20.137 0.032 54029.115174 20.098 0.099 -49.039165 0.752875
54051.090919 21.718 0.613 54051.092586 -99.99 0.312 54051.089253 20.594 0.17 54051.090086 20.314 0.198 54051.091753 19.773 0.527 -49.039165 0.752875
54356.19251 21.037 0.082 54356.194177 20.762 0.027 54356.190843 20.497 0.026 54356.191677 20.192 0.035 54356.193343 20.039 0.082 -49.039165 0.752875
54358.137574 21.2 0.133 54358.13924 20.775 0.031 54358.135907 20.571 0.04 54358.13674 20.31 0.052 54358.138407 20.287 0.115 -49.039165 0.752875
54373.169665 20.891 0.128 54373.171332 20.719 0.052 54373.167999 20.534 0.049 54373.168832 20.199 0.048 54373.170499 20.168 0.132 -49.039165 0.752875
54381.182361 20.803 0.105 54381.184028 -99.99 0.034 54381.180694 20.461 0.058 54381.181528 20.421 0.077 54381.183194 20.065 0.18 -49.039165 0.752875
54382.17976 20.923 0.138 54382.181426 20.666 0.037 54382.178093 20.436 0.042 54382.178926 20.274 0.062 54382.180593 20.026 0.159 -49.039165 0.752875
54383.185504 21.129 0.101 54383.187171 20.717 0.026 54383.183837 20.465 0.028 54383.184671 20.157 0.036 54383.186337 19.946 0.085 -49.039165 0.752875
54386.182516 20.889 0.08 54386.184183 20.717 0.026 54386.18085 20.463 0.025 54386.181683 20.161 0.03 54386.18335 20.046 0.075 -49.039165 0.752875
54388.186793 20.805 0.097 54388.18846 20.707 0.03 54388.185127 20.425 0.034 54388.18596 20.205 0.043 54388.187627 20.073 0.111 -49.039165 0.752875
54403.100561 20.693 0.063 54403.102228 20.594 0.021 54403.098894 20.34 0.032 54403.099728 20.113 0.033 54403.101394 20.117 0.1 -49.039165 0.752875
54406.094386 20.795 0.074 54406.096053 20.559 0.022 54406.09272 20.344 0.028 54406.093553 20.138 0.043 54406.09522 20.026 0.124 -49.039165 0.752875
54412.097315 20.832 0.071 54412.098982 20.521 0.022 54412.095649 20.377 0.03 54412.096482 20.05 0.036 54412.098149 20.112 0.097 -49.039165 0.752875
54415.134871 20.957 0.081 54415.136538 20.595 0.024 54415.133205 20.342 0.027 54415.134038 20.074 0.032 54415.135705 19.871 0.081 -49.039165 0.752875
