52197.141714 20.396 0.051 52197.14338 20.356 0.024 52197.140047 20.077 0.023 52197.14088 20.032 0.032 52197.142547 20.129 0.127 -46.1725 -0.943054
52557.179566 21.39 0.157 52557.181232 20.97 0.046 52557.177899 20.74 0.041 52557.178732 20.636 0.06 52557.180399 20.604 0.227 -46.1725 -0.943054
52578.075642 21.41 0.155 52578.077308 -99.99 0.062 52578.073975 20.673 0.045 52578.074808 20.563 0.064 52578.076475 20.327 0.208 -46.1725 -0.943054
52934.086025 21.747 0.167 52934.087691 21.346 0.054 52934.084358 21.15 0.059 52934.085191 20.824 0.068 52934.086858 20.442 0.16 -46.1725 -0.943054
52936.081951 21.905 0.158 52936.083617 21.384 0.05 52936.080284 21.047 0.046 52936.081117 20.899 0.062 52936.082784 20.289 0.137 -46.1725 -0.943054
53243.267162 20.658 0.143 53243.268828 20.534 0.067 53243.265495 20.256 0.044 53243.266328 20.254 0.054 53243.267995 19.913 0.113 -46.1725 -0.943054
53270.146026 20.762 0.106 53270.147693 20.592 0.043 53270.14436 20.392 0.032 53270.145193 20.222 0.048 53270.14686 19.985 0.112 -46.1725 -0.943054
53272.195962 20.729 0.197 53272.197628 20.613 0.08 53272.194295 20.385 0.056 53272.195128 20.204 0.062 53272.196795 20.219 0.172 -46.1725 -0.943054
53288.123165 20.832 0.093 53288.124831 20.723 0.037 53288.121498 20.39 0.031 53288.122331 20.265 0.041 53288.123998 20.099 0.125 -46.1725 -0.943054
53302.118835 20.625 0.129 53302.120501 20.799 0.07 53302.117168 20.327 0.042 53302.118001 20.254 0.044 53302.119668 20.234 0.14 -46.1725 -0.943054
53312.074366 20.807 0.093 53312.076032 20.579 0.033 53312.072699 20.383 0.04 53312.073532 20.406 0.062 53312.075199 20.117 0.194 -46.1725 -0.943054
53314.075561 20.79 0.096 53314.077227 20.568 0.031 53314.073894 20.261 0.033 53314.074727 20.252 0.048 53314.076394 19.836 0.123 -46.1725 -0.943054
53626.156357 21.555 0.259 53626.158023 21.032 0.082 53626.15469 21.018 0.08 53626.155523 20.759 0.075 53626.15719 20.391 0.157 -46.1725 -0.943054
53628.141222 21.339 0.381 53628.142888 21.431 0.214 53628.139555 20.76 0.099 53628.140388 20.837 0.125 53628.142055 20.735 0.295 -46.1725 -0.943054
53637.142836 21.454 0.199 53637.144502 21.123 0.062 53637.141169 20.77 0.054 53637.142002 20.679 0.073 53637.143669 20.567 0.246 -46.1725 -0.943054
53644.13528 21.531 0.128 53644.136946 21.171 0.041 53644.133613 20.896 0.039 53644.134446 20.693 0.049 53644.136113 20.467 0.15 -46.1725 -0.943054
53654.169906 21.939 0.353 53654.171572 21.322 0.106 53654.168239 20.809 0.06 53654.169072 20.931 0.093 53654.170739 20.463 0.225 -46.1725 -0.943054
53656.117496 21.151 0.355 53656.119162 21.132 0.164 53656.115829 20.561 0.105 53656.116662 20.618 0.124 53656.118329 20.441 0.281 -46.1725 -0.943054
53668.120408 21.47 0.196 53668.122074 21.286 0.059 53668.118741 20.897 0.069 53668.119574 20.862 0.108 53668.121241 20.343 0.222 -46.1725 -0.943054
53673.093243 21.39 0.15 53673.094909 21.189 0.054 53673.091576 20.808 0.053 53673.092409 20.646 0.068 53673.094076 20.183 0.161 -46.1725 -0.943054
53675.090131 21.605 0.172 53675.091797 21.235 0.055 53675.088464 20.971 0.077 53675.089297 20.542 0.07 53675.090964 20.419 0.21 -46.1725 -0.943054
53677.111163 21.626 0.159 53677.112829 21.132 0.051 53677.109496 20.849 0.053 53677.110329 20.661 0.065 53677.111996 20.282 0.138 -46.1725 -0.943054
53680.097829 21.501 0.14 53680.099495 21.265 0.053 53680.096162 20.86 0.042 53680.096995 20.711 0.052 53680.098662 20.49 0.156 -46.1725 -0.943054
53693.099735 21.811 0.344 53693.101401 21.037 0.098 53693.098068 20.954 0.087 53693.098901 20.586 0.077 53693.100568 20.162 0.157 -46.1725 -0.943054
53702.095417 21.756 0.323 53702.097084 21.13 0.08 53702.093751 20.788 0.087 53702.094584 20.701 0.126 53702.096251 20.603 0.368 -46.1725 -0.943054
53703.104555 21.932 0.512 53703.106222 21.317 0.125 53703.102889 20.945 0.094 53703.103722 20.927 0.153 53703.105389 19.98 0.212 -46.1725 -0.943054
53704.083063 21.685 0.205 53704.084729 21.187 0.059 53704.081396 20.802 0.051 53704.082229 20.634 0.064 53704.083896 20.221 0.155 -46.1725 -0.943054
53974.171008 22.071 0.179 53974.172675 21.719 0.058 53974.169341 21.178 0.062 53974.170175 21.08 0.069 53974.171841 20.811 0.184 -46.1725 -0.943054
53989.160444 21.784 0.221 53989.162111 21.727 0.1 53989.158777 21.309 0.069 53989.159611 20.967 0.065 53989.161277 20.737 0.171 -46.1725 -0.943054
53997.146727 22.049 0.251 53997.148393 21.456 0.066 53997.14506 -99.99 0.065 53997.145893 20.979 0.069 53997.14756 20.654 0.236 -46.1725 -0.943054
54005.11859 22.447 0.26 54005.120257 21.543 0.054 54005.116923 21.147 0.044 54005.117757 21.007 0.058 54005.119423 20.883 0.183 -46.1725 -0.943054
54019.143145 21.837 0.195 54019.144812 21.475 0.068 54019.141479 21.122 0.059 54019.142312 20.965 0.07 54019.143979 20.792 0.196 -46.1725 -0.943054
54025.191961 21.409 0.143 54025.193627 21.469 0.053 54025.190294 21.126 0.053 54025.191127 20.939 0.069 54025.192794 20.714 0.215 -46.1725 -0.943054
54029.122279 21.725 0.139 54029.123946 21.414 0.044 54029.120612 21.129 0.043 54029.121446 20.999 0.054 54029.123112 20.344 0.123 -46.1725 -0.943054
54051.098883 21.618 0.319 54051.10055 -99.99 0.178 54051.097216 20.965 0.082 54051.09805 20.806 0.1 54051.099716 20.262 0.342 -46.1725 -0.943054
54358.145512 22.516 0.517 54358.147178 21.943 0.155 54358.143845 21.573 0.109 54358.144678 20.955 0.093 54358.146345 20.582 0.213 -46.1725 -0.943054
54373.177602 22.391 0.524 54373.179269 21.84 0.158 54373.175936 21.284 0.082 54373.176769 21.286 0.101 54373.178436 21.364 0.398 -46.1725 -0.943054
54383.193434 22.193 0.293 54383.195101 21.72 0.078 54383.191768 21.576 0.077 54383.192601 21.202 0.085 54383.194268 21.007 0.28 -46.1725 -0.943054
54388.19472 21.901 0.25 54388.196387 21.932 0.107 54388.193053 21.439 0.073 54388.193887 21.154 0.088 54388.195553 20.742 0.237 -46.1725 -0.943054
54403.108508 22.579 0.291 54403.110175 21.763 0.063 54403.106842 21.399 0.066 54403.107675 21.135 0.071 54403.109342 20.671 0.171 -46.1725 -0.943054
54412.105254 22.251 0.354 54412.10692 21.775 0.073 54412.103587 21.522 0.076 54412.10442 21.265 0.096 54412.106087 20.961 0.24 -46.1725 -0.943054
54415.142812 22 0.224 54415.144479 21.875 0.076 54415.141145 21.425 0.064 54415.141979 21.147 0.079 54415.143645 21.108 0.278 -46.1725 -0.943054
