52075.333454 20.492 0.084 52075.33512 20.086 0.021 52075.331787 19.672 0.018 52075.33262 19.653 0.026 52075.334287 19.545 0.077 -46.036425 1.137721
52197.142094 20.232 0.05 52197.14376 19.984 0.016 52197.140427 19.63 0.017 52197.14126 19.599 0.024 52197.142927 19.502 0.073 -46.036425 1.137721
52557.179942 19.967 0.05 52557.181608 19.816 0.016 52557.178275 19.477 0.016 52557.179108 19.448 0.023 52557.180775 19.378 0.077 -46.036425 1.137721
52578.076019 20.055 0.053 52578.077685 19.893 0.022 52578.074352 19.561 0.018 52578.075185 19.48 0.027 52578.076852 19.538 0.099 -46.036425 1.137721
52929.106246 20.475 0.066 52929.107912 20.161 0.019 52929.104579 19.726 0.018 52929.105412 19.703 0.027 52929.107079 19.598 0.086 -46.036425 1.137721
52934.086403 20.542 0.07 52934.088069 20.171 0.02 52934.084736 19.732 0.02 52934.085569 19.639 0.027 52934.087236 19.42 0.076 -46.036425 1.137721
52936.08233 20.539 0.061 52936.083996 20.172 0.018 52936.080663 19.769 0.018 52936.081496 19.749 0.027 52936.083163 19.686 0.09 -46.036425 1.137721
53243.267538 20.165 0.102 53243.269204 19.974 0.037 53243.265871 19.501 0.026 53243.266704 19.507 0.033 53243.268371 19.57 0.095 -46.036425 1.137721
53270.146397 20.255 0.078 53270.148064 20.04 0.025 53270.144731 19.653 0.021 53270.145564 19.599 0.028 53270.147231 19.486 0.067 -46.036425 1.137721
53272.19634 20.283 0.137 53272.198006 20.036 0.047 53272.194673 19.619 0.033 53272.195506 19.51 0.039 53272.197173 19.558 0.101 -46.036425 1.137721
53288.123546 20.353 0.072 53288.125212 20.016 0.019 53288.121879 19.628 0.019 53288.122712 19.554 0.027 53288.124379 19.425 0.079 -46.036425 1.137721
53302.119213 20.405 0.107 53302.120879 20.147 0.037 53302.117546 19.781 0.028 53302.118379 19.659 0.031 53302.120046 19.64 0.087 -46.036425 1.137721
53312.074743 20.373 0.076 53312.07641 20.121 0.021 53312.073077 19.674 0.023 53312.07391 19.605 0.035 53312.075577 19.616 0.102 -46.036425 1.137721
53314.07594 20.353 0.063 53314.077606 20.088 0.019 53314.074273 19.665 0.021 53314.075106 19.644 0.032 53314.076773 19.48 0.098 -46.036425 1.137721
53623.170523 20.072 0.056 53623.172189 19.816 0.018 53623.168856 19.543 0.017 53623.169689 19.462 0.022 53623.171356 19.556 0.079 -46.036425 1.137721
53626.156738 19.979 0.074 53626.158404 19.74 0.026 53626.155071 19.479 0.023 53626.155904 19.459 0.028 53626.157571 19.428 0.075 -46.036425 1.137721
53628.141603 19.967 0.121 53628.143269 19.768 0.047 53628.139936 19.465 0.033 53628.140769 19.456 0.04 53628.142436 19.382 0.105 -46.036425 1.137721
53637.143215 20.005 0.065 53637.144881 19.75 0.017 53637.141548 19.424 0.018 53637.142381 19.4 0.027 53637.144048 19.389 0.096 -46.036425 1.137721
53644.135668 20.047 0.044 53644.137335 19.788 0.014 53644.134002 19.497 0.015 53644.134835 19.481 0.02 53644.136502 19.458 0.073 -46.036425 1.137721
53654.170285 20.047 0.071 53654.171951 19.786 0.025 53654.168618 19.475 0.022 53654.169451 19.474 0.031 53654.171118 19.554 0.105 -46.036425 1.137721
53656.117876 19.75 0.102 53656.119542 19.672 0.044 53656.116209 19.389 0.041 53656.117042 19.337 0.046 53656.118709 19.219 0.104 -46.036425 1.137721
53665.109155 19.997 0.137 53665.110821 19.831 0.037 53665.107488 19.486 0.056 53665.108321 19.455 0.071 53665.109988 19.263 0.183 -46.036425 1.137721
53668.120787 20.003 0.064 53668.122453 19.779 0.016 53668.11912 19.468 0.022 53668.119953 19.387 0.034 53668.12162 19.429 0.108 -46.036425 1.137721
53670.125639 20.021 0.061 53670.127305 19.793 0.016 53670.123972 19.501 0.019 53670.124805 19.41 0.028 53670.126472 19.418 0.092 -46.036425 1.137721
53673.093621 19.997 0.055 53673.095287 19.76 0.015 53673.091954 19.467 0.018 53673.092787 19.38 0.025 53673.094454 19.427 0.085 -46.036425 1.137721
53675.09051 19.974 0.051 53675.092176 19.769 0.015 53675.088843 19.472 0.02 53675.089676 19.459 0.028 53675.091343 19.338 0.074 -46.036425 1.137721
53677.111543 19.988 0.048 53677.113209 19.807 0.016 53677.109876 19.473 0.017 53677.110709 19.473 0.024 53677.112376 19.4 0.064 -46.036425 1.137721
53680.098209 20.025 0.049 53680.099875 19.806 0.016 53680.096542 19.467 0.016 53680.097375 19.432 0.021 53680.099042 19.427 0.065 -46.036425 1.137721
53702.095797 20.078 0.087 53702.097463 19.776 0.023 53702.09413 19.418 0.029 53702.094963 -99.99 0.049 53702.09663 19.351 0.12 -46.036425 1.137721
53704.083441 19.949 0.056 53704.085107 19.784 0.017 53704.081774 19.439 0.017 53704.082607 19.369 0.023 53704.084274 19.291 0.068 -46.036425 1.137721
53974.171395 19.737 0.037 53974.173062 19.551 0.012 53974.169728 19.26 0.014 53974.170562 19.24 0.019 53974.172228 19.202 0.054 -46.036425 1.137721
53989.160834 19.604 0.043 53989.1625 19.542 0.018 53989.159167 19.245 0.017 53989.16 19.238 0.024 53989.161667 19.253 0.055 -46.036425 1.137721
53989.179485 19.71 0.044 53989.181152 19.54 0.018 53989.177819 19.261 0.016 53989.178652 19.215 0.019 53989.180319 19.133 0.047 -46.036425 1.137721
53995.168736 19.732 0.036 53995.170403 19.551 0.013 53995.167069 19.263 0.012 53995.167903 19.212 0.017 53995.169569 19.089 0.045 -46.036425 1.137721
53997.147114 19.674 0.045 53997.14878 19.546 0.014 53997.145447 19.238 0.013 53997.14628 19.206 0.019 53997.147947 19.27 0.063 -46.036425 1.137721
54005.11896 19.716 0.036 54005.120626 19.562 0.012 54005.117293 19.244 0.011 54005.118126 19.247 0.015 54005.119793 19.122 0.044 -46.036425 1.137721
54007.131714 19.698 0.04 54007.133381 19.566 0.015 54007.130048 19.263 0.014 54007.130881 19.237 0.019 54007.132548 19.328 0.067 -46.036425 1.137721
54009.128815 19.747 0.044 54009.130482 19.564 0.017 54009.127149 19.217 0.017 54009.127982 -99.99 0.02 54009.129649 19.283 0.06 -46.036425 1.137721
54011.193311 19.749 0.06 54011.194978 19.607 0.025 54011.191645 19.322 0.022 54011.192478 19.342 0.026 54011.194145 19.104 0.056 -46.036425 1.137721
54019.143532 19.629 0.037 54019.145199 19.578 0.015 54019.141866 19.214 0.015 54019.142699 19.192 0.021 54019.144366 19.261 0.058 -46.036425 1.137721
54025.192335 19.759 0.045 54025.194002 19.52 0.015 54025.190668 19.251 0.014 54025.191502 19.221 0.02 54025.193168 19.224 0.06 -46.036425 1.137721
54029.122663 19.703 0.034 54029.12433 19.538 0.014 54029.120996 19.251 0.016 54029.12183 19.24 0.018 54029.123496 19.268 0.056 -46.036425 1.137721
54051.099266 19.673 0.067 54051.100933 -99.99 0.032 54051.097599 19.23 0.021 54051.098433 19.179 0.03 54051.100099 19.337 0.158 -46.036425 1.137721
54356.200834 20.028 0.051 54356.2025 19.815 0.017 54356.199167 19.499 0.014 54356.2 19.385 0.021 54356.201667 19.367 0.059 -46.036425 1.137721
54358.145887 20.046 0.072 54358.147554 19.818 0.026 54358.14422 19.376 0.023 54358.145054 19.37 0.025 54358.14672 19.248 0.067 -46.036425 1.137721
54373.177982 19.955 0.065 54373.179649 19.789 0.025 54373.176316 19.444 0.019 54373.177149 19.41 0.024 54373.178816 19.401 0.073 -46.036425 1.137721
54381.190678 19.948 0.06 54381.192345 19.777 0.03 54381.189011 19.402 0.018 54381.189845 19.339 0.034 54381.191511 19.6 0.109 -46.036425 1.137721
54382.188091 20.059 0.085 54382.189757 19.756 0.019 54382.186424 19.381 0.017 54382.187257 19.377 0.032 54382.188924 19.312 0.088 -46.036425 1.137721
54383.193824 20.034 0.054 54383.195491 19.801 0.018 54383.192157 19.431 0.015 54383.192991 19.389 0.024 54383.194657 19.346 0.063 -46.036425 1.137721
54386.190833 19.989 0.045 54386.1925 19.846 0.017 54386.189167 19.443 0.015 54386.19 19.43 0.018 54386.191667 19.415 0.056 -46.036425 1.137721
54388.195117 20.119 0.063 54388.196784 19.818 0.017 54388.193451 19.445 0.016 54388.194284 19.362 0.023 54388.195951 19.301 0.091 -46.036425 1.137721
54403.108877 19.982 0.042 54403.110543 19.818 0.015 54403.10721 19.441 0.016 54403.108043 19.439 0.02 54403.10971 19.403 0.058 -46.036425 1.137721
54406.102712 20.063 0.052 54406.104379 19.762 0.016 54406.101045 19.431 0.02 54406.101879 19.42 0.024 54406.103545 19.311 0.073 -46.036425 1.137721
54412.105871 20.042 0.05 54412.107537 19.727 0.019 54412.104204 19.416 0.019 54412.105037 -99.99 0.026 54412.106704 -99.99 0.06 -46.036425 1.137721
54415.143187 19.974 0.048 54415.144854 19.804 0.021 54415.141521 19.451 0.015 54415.142354 19.4 0.022 54415.144021 19.404 0.061 -46.036425 1.137721
