53313.079161 19.803 0.058 53313.080827 19.517 0.015 53313.077494 19.217 0.018 53313.078327 18.824 0.02 53313.079994 18.529 0.058 -47.88836 0.960468
53622.18841 19.708 0.053 53622.190076 19.333 0.015 53622.186743 19.107 0.015 53622.187576 18.751 0.017 53622.189243 18.559 0.047 -47.88836 0.960468
53625.184375 19.651 0.043 53625.186041 19.327 0.015 53625.182708 19.149 0.014 53625.183541 18.81 0.015 53625.185208 18.65 0.039 -47.88836 0.960468
53634.137879 19.904 0.111 53634.139545 19.241 0.026 53634.136212 -99.99 0.024 53634.137045 18.639 0.022 53634.138712 -99.99 0.056 -47.88836 0.960468
53636.143412 19.661 0.042 53636.145078 19.318 0.012 53636.141745 19.145 0.013 53636.142578 18.806 0.014 53636.144245 18.608 0.039 -47.88836 0.960468
53645.203079 19.692 0.047 53645.204745 19.344 0.014 53645.201412 19.164 0.015 53645.202245 18.814 0.016 53645.203912 18.657 0.04 -47.88836 0.960468
53655.115417 19.73 0.06 53655.117083 19.31 0.019 53655.11375 19.162 0.018 53655.114583 18.795 0.02 53655.11625 18.581 0.043 -47.88836 0.960468
53657.202834 19.915 0.219 53657.2045 19.487 0.072 53657.201167 19.314 0.052 53657.202 18.853 0.04 53657.203667 18.583 0.092 -47.88836 0.960468
53664.140375 19.73 0.062 53664.142041 19.426 0.021 53664.138708 19.232 0.02 53664.139541 18.814 0.019 53664.141208 18.566 0.045 -47.88836 0.960468
53666.103975 19.9 0.044 53666.105641 19.456 0.012 53666.102308 19.222 0.014 53666.103141 18.861 0.016 53666.104808 18.625 0.044 -47.88836 0.960468
53674.08385 19.959 0.051 53674.085516 19.519 0.014 53674.082183 19.285 0.017 53674.083016 18.869 0.018 53674.084683 18.611 0.043 -47.88836 0.960468
53685.095787 20.377 0.21 53685.097453 19.607 0.044 53685.09412 19.35 0.035 53685.094953 18.916 0.028 53685.09662 18.617 0.054 -47.88836 0.960468
53705.0794 20.106 0.069 53705.081066 19.601 0.017 53705.077733 19.292 0.017 53705.078566 18.864 0.019 53705.080233 18.704 0.051 -47.88836 0.960468
53975.164392 19.82 0.045 53975.166059 19.449 0.015 53975.162725 19.304 0.013 53975.163559 18.89 0.017 53975.165225 18.617 0.046 -47.88836 0.960468
53998.139742 19.868 0.04 53998.141409 19.499 0.013 53998.138076 19.336 0.013 53998.138909 18.971 0.014 53998.140576 18.725 0.036 -47.88836 0.960468
54005.176997 19.83 0.039 54005.178664 19.478 0.012 54005.175331 19.299 0.012 54005.176164 18.947 0.016 54005.177831 18.753 0.035 -47.88836 0.960468
54020.124045 19.75 0.043 54020.125712 19.386 0.011 54020.122378 19.198 0.012 54020.123212 18.912 0.016 54020.124878 18.737 0.045 -47.88836 0.960468
54022.173328 19.685 0.042 54022.174995 19.403 0.016 54022.171662 19.228 0.019 54022.172495 18.907 0.015 54022.174162 18.721 0.048 -47.88836 0.960468
54028.114416 19.729 0.048 54028.116083 19.363 0.015 54028.112749 19.178 0.015 54028.113583 18.842 0.017 54028.115249 18.703 0.04 -47.88836 0.960468
54030.117603 19.768 0.036 54030.119269 19.413 0.013 54030.115936 19.236 0.013 54030.116769 18.903 0.015 54030.118436 18.722 0.036 -47.88836 0.960468
54032.106986 19.807 0.048 54032.108653 19.409 0.016 54032.10532 19.205 0.018 54032.106153 -99.99 0.02 54032.10782 -99.99 0.052 -47.88836 0.960468
54034.177103 19.591 0.066 54034.17877 19.368 0.014 54034.175436 19.176 0.019 54034.17627 18.822 0.023 54034.177936 18.547 0.049 -47.88836 0.960468
54040.11333 19.865 0.08 54040.114997 19.368 0.024 54040.111664 19.258 0.023 54040.112497 18.908 0.023 54040.114164 18.711 0.046 -47.88836 0.960468
54050.097966 19.741 0.045 54050.099633 19.439 0.015 54050.0963 19.2 0.016 54050.097133 18.83 0.018 54050.0988 18.669 0.043 -47.88836 0.960468
54053.104118 19.738 0.05 54053.105785 19.374 0.015 54053.102452 19.212 0.016 54053.103285 18.868 0.018 54053.104952 18.58 0.044 -47.88836 0.960468
54057.074444 19.64 0.04 54057.076111 19.412 0.015 54057.072777 19.195 0.018 54057.073611 18.839 0.018 54057.075277 18.653 0.046 -47.88836 0.960468
54059.100071 19.807 0.058 54059.101738 19.43 0.015 54059.098404 19.206 0.017 54059.099238 18.864 0.019 54059.100904 18.703 0.044 -47.88836 0.960468
54061.111122 19.914 0.062 54061.112789 19.414 0.016 54061.109455 19.208 0.019 54061.110289 18.865 0.022 54061.111955 18.645 0.055 -47.88836 0.960468
54062.104973 19.819 0.064 54062.10664 19.392 0.018 54062.103307 19.183 0.017 54062.10414 18.842 0.021 54062.105807 18.688 0.057 -47.88836 0.960468
54068.094946 19.886 0.118 54068.096613 19.386 0.03 54068.09328 19.21 0.028 54068.094113 18.852 0.027 54068.09578 18.655 0.06 -47.88836 0.960468
54357.143289 20.086 0.052 54357.144956 19.781 0.046 54357.141623 19.516 0.015 54357.142456 19.064 0.019 54357.144123 18.837 0.041 -47.88836 0.960468
54365.141132 20.051 0.119 54365.142798 19.639 0.036 54365.139465 19.371 0.024 54365.140298 18.983 0.036 54365.141965 18.734 0.048 -47.88836 0.960468
54385.191089 20.03 0.053 54385.192755 19.627 0.014 54385.189422 19.441 0.016 54385.190255 19.022 0.017 54385.191922 18.79 0.037 -47.88836 0.960468
54387.191592 20.267 0.08 54387.193258 19.653 0.016 54387.189925 19.368 0.017 54387.190758 18.947 0.019 54387.192425 18.779 0.044 -47.88836 0.960468
54390.19461 20.034 0.064 54390.196277 19.633 0.016 54390.192944 19.383 0.018 54390.193777 18.962 0.019 54390.195444 18.75 0.049 -47.88836 0.960468
54402.184782 19.881 0.106 54402.186448 19.704 0.038 54402.183115 19.421 0.028 54402.183948 19.017 0.023 54402.185615 18.787 0.048 -47.88836 0.960468
