51075.281975 18.217 0.015 51075.283641 18.016 0.006 51075.280308 17.742 0.006 51075.281141 17.714 0.008 51075.282808 17.815 0.026 -6.456074 1.188559
51464.269854 17.975 0.014 51464.27152 17.854 0.006 51464.268187 17.584 0.006 51464.26902 17.56 0.008 51464.270687 17.646 0.023 -6.456074 1.188559
52196.282488 18.283 0.015 52196.284154 18.012 0.006 52196.280821 17.707 0.006 52196.281654 17.725 0.007 52196.283321 17.767 0.02 -6.456074 1.188559
52197.29558 18.259 0.015 52197.297246 18.026 0.006 52197.293913 17.728 0.006 52197.294746 17.709 0.007 52197.296413 17.777 0.019 -6.456074 1.188559
52225.145782 18.29 0.015 52225.147448 18.041 0.006 52225.144115 17.721 0.006 52225.144948 17.707 0.007 52225.146615 17.769 0.019 -6.456074 1.188559
52231.181564 18.297 0.015 52231.18323 18.045 0.006 52231.179897 17.736 0.006 52231.18073 17.716 0.007 52231.182397 17.78 0.018 -6.456074 1.188559
52253.167738 18.233 0.019 52253.169404 18.014 0.007 52253.166071 17.702 0.006 52253.166904 17.7 0.008 52253.168571 17.789 0.024 -6.456074 1.188559
52557.289568 18.138 0.015 52557.291234 17.942 0.006 52557.287901 17.658 0.006 52557.288734 17.658 0.007 52557.290401 17.73 0.019 -6.456074 1.188559
52578.185651 18.158 0.014 52578.187317 17.953 0.006 52578.183984 17.641 0.006 52578.184817 17.637 0.007 52578.186484 17.697 0.018 -6.456074 1.188559
52908.264135 18.166 0.015 52908.265801 17.975 0.006 52908.262468 17.687 0.006 52908.263301 17.676 0.007 52908.264968 17.765 0.021 -6.456074 1.188559
52911.27792 18.215 0.016 52911.279586 17.975 0.006 52911.276253 17.694 0.006 52911.277086 17.68 0.007 52911.278753 17.72 0.021 -6.456074 1.188559
52930.155294 18.204 0.015 52930.15696 17.972 0.006 52930.153627 17.682 0.006 52930.15446 17.67 0.007 52930.156127 17.738 0.02 -6.456074 1.188559
52934.196035 18.143 0.016 52934.197701 17.979 0.007 52934.194368 17.688 0.007 52934.195201 17.679 0.008 52934.196868 17.757 0.021 -6.456074 1.188559
52936.19196 18.206 0.014 52936.193626 17.992 0.006 52936.190293 17.672 0.006 52936.191126 17.674 0.007 52936.192793 17.753 0.018 -6.456074 1.188559
52962.117482 18.21 0.015 52962.119148 17.992 0.006 52962.115815 17.694 0.006 52962.116648 17.68 0.007 52962.118315 17.79 0.021 -6.456074 1.188559
53270.256023 18.26 0.019 53270.257689 18.015 0.015 53270.254356 17.715 0.01 53270.255189 17.715 0.012 53270.256856 17.805 0.02 -6.456074 1.188559
53272.305967 18.259 0.019 53272.307633 18.023 0.007 53272.3043 17.702 0.007 53272.305133 17.687 0.008 53272.3068 17.825 0.022 -6.456074 1.188559
53286.274684 18.272 0.018 53286.27635 18.009 0.007 53286.273017 17.706 0.007 53286.27385 17.715 0.008 53286.275517 17.824 0.023 -6.456074 1.188559
53288.233176 18.243 0.015 53288.234842 18.024 0.006 53288.231509 17.715 0.006 53288.232342 17.679 0.007 53288.234009 17.779 0.018 -6.456074 1.188559
53294.260501 18.325 0.026 53294.262168 18.01 0.017 53294.258835 17.685 0.014 53294.259668 17.693 0.016 53294.261335 17.744 0.025 -6.456074 1.188559
53302.228843 18.223 0.023 53302.230509 18.008 0.012 53302.227176 17.704 0.011 53302.228009 17.706 0.012 53302.229676 17.743 0.024 -6.456074 1.188559
53312.184476 18.227 0.017 53312.186143 18.02 0.011 53312.182809 17.702 0.017 53312.183643 17.677 0.01 53312.185309 17.782 0.025 -6.456074 1.188559
53314.185571 18.231 0.016 53314.187237 17.993 0.006 53314.183904 17.711 0.006 53314.184737 17.683 0.007 53314.186404 17.755 0.022 -6.456074 1.188559
53616.289938 18.289 0.02 53616.291604 18.068 0.006 53616.288271 17.744 0.006 53616.289104 17.739 0.008 53616.290771 17.798 0.025 -6.456074 1.188559
53623.28015 18.273 0.019 53623.281816 18.056 0.008 53623.278483 17.743 0.006 53623.279316 17.717 0.008 53623.280983 17.799 0.021 -6.456074 1.188559
53626.266361 18.293 0.018 53626.268027 18.058 0.007 53626.264694 17.744 0.007 53626.265527 17.741 0.008 53626.267194 17.79 0.021 -6.456074 1.188559
53628.251226 18.271 0.025 53628.252892 18.076 0.01 53628.249559 17.753 0.008 53628.250392 17.718 0.009 53628.252059 17.838 0.025 -6.456074 1.188559
53637.252842 18.309 0.022 53637.254508 18.106 0.008 53637.251175 17.757 0.007 53637.252008 17.755 0.01 53637.253675 17.866 0.029 -6.456074 1.188559
53639.298208 18.345 0.016 53639.299874 18.076 0.006 53639.296541 17.752 0.006 53639.297374 17.746 0.007 53639.299041 17.821 0.02 -6.456074 1.188559
53644.245283 18.351 0.017 53644.246949 18.109 0.012 53644.243616 17.749 0.013 53644.244449 17.765 0.015 53644.246116 17.817 0.019 -6.456074 1.188559
53654.279911 18.337 0.017 53654.281577 18.109 0.006 53654.278244 17.769 0.006 53654.279077 17.743 0.008 53654.280744 17.826 0.021 -6.456074 1.188559
53656.227505 18.399 0.036 53656.229171 18.117 0.011 53656.225838 17.754 0.009 53656.226671 17.767 0.012 53656.228338 17.824 0.028 -6.456074 1.188559
53663.240814 18.365 0.022 53663.24248 18.148 0.008 53663.239147 17.772 0.007 53663.23998 17.752 0.008 53663.241647 17.849 0.02 -6.456074 1.188559
53665.218783 -99.99 0.195 53665.220449 -99.99 0.131 53665.217116 17.753 0.062 53665.217949 17.699 0.183 53665.219616 17.896 0.361 -6.456074 1.188559
53668.230415 18.381 0.02 53668.232081 18.115 0.007 53668.228748 17.777 0.007 53668.229581 17.775 0.009 53668.231248 17.884 0.028 -6.456074 1.188559
53670.235267 18.328 0.017 53670.236933 18.134 0.006 53670.2336 17.769 0.006 53670.234433 17.77 0.007 53670.2361 17.808 0.019 -6.456074 1.188559
53673.203252 18.378 0.017 53673.204918 18.118 0.006 53673.201585 17.783 0.006 53673.202418 17.768 0.008 53673.204085 17.83 0.02 -6.456074 1.188559
53675.20014 18.332 0.019 53675.201806 18.139 0.006 53675.198473 17.779 0.006 53675.199306 17.756 0.008 53675.200973 17.831 0.025 -6.456074 1.188559
53677.22117 18.342 0.017 53677.222836 18.142 0.006 53677.219503 17.786 0.006 53677.220336 17.781 0.007 53677.222003 17.838 0.017 -6.456074 1.188559
53680.207836 18.369 0.017 53680.209502 18.132 0.006 53680.206169 17.778 0.006 53680.207002 17.749 0.007 53680.208669 17.83 0.018 -6.456074 1.188559
53693.209735 18.423 0.026 53693.211401 18.154 0.009 53693.208068 17.785 0.007 53693.208901 17.803 0.008 53693.210568 17.937 0.023 -6.456074 1.188559
53704.19306 18.371 0.019 53704.194726 18.157 0.006 53704.191393 17.804 0.006 53704.192226 17.784 0.008 53704.193893 17.844 0.021 -6.456074 1.188559
53974.285717 18.433 0.026 53974.287384 18.195 0.014 53974.284051 17.849 0.01 53974.284884 17.855 0.011 53974.286551 17.924 0.025 -6.456074 1.188559
53989.289155 18.389 0.024 53989.290821 18.182 0.012 53989.287488 17.861 0.012 53989.288321 17.828 0.02 53989.289988 17.849 0.027 -6.456074 1.188559
53997.384774 18.492 0.025 53997.386441 18.23 0.017 53997.383108 17.875 0.018 53997.383941 -99.99 0.019 53997.385608 -99.99 0.024 -6.456074 1.188559
54000.264528 18.397 0.03 54000.266194 18.189 0.018 54000.262861 17.844 0.016 54000.263694 17.856 0.016 54000.265361 17.882 0.026 -6.456074 1.188559
54007.314687 -99.99 0.024 54007.316354 18.232 0.014 54007.313021 17.858 0.016 54007.313854 17.855 0.013 54007.315521 17.929 0.023 -6.456074 1.188559
54009.238444 18.391 0.02 54009.240111 18.192 0.015 54009.236778 17.843 0.012 54009.237611 17.845 0.019 54009.239278 -99.99 0.025 -6.456074 1.188559
54011.302947 18.427 0.035 54011.304614 18.206 0.014 54011.301281 17.825 0.017 54011.302114 17.806 0.013 54011.303781 17.931 0.023 -6.456074 1.188559
54019.25316 18.493 0.023 54019.254827 18.214 0.015 54019.251493 17.85 0.012 54019.252327 17.868 0.013 54019.253993 17.886 0.03 -6.456074 1.188559
54025.301962 18.519 0.023 54025.303629 18.216 0.011 54025.300296 17.88 0.019 54025.301129 17.843 0.021 54025.302796 17.919 0.028 -6.456074 1.188559
54029.232289 18.429 0.022 54029.233956 18.201 0.019 54029.230622 17.841 0.011 54029.231456 17.847 0.013 54029.233122 17.896 0.025 -6.456074 1.188559
54348.299685 18.609 0.022 54348.301352 18.275 0.015 54348.298019 17.881 0.014 54348.298852 17.876 0.015 54348.300519 17.92 0.026 -6.456074 1.188559
54358.255515 18.473 0.038 54358.257182 18.286 0.025 54358.253849 17.879 0.014 54358.254682 17.872 0.016 54358.256349 17.958 0.03 -6.456074 1.188559
54365.288581 18.605 0.038 54365.290248 18.26 0.018 54365.286914 17.883 0.021 54365.287748 17.83 0.017 54365.289414 17.986 0.031 -6.456074 1.188559
54373.362937 18.643 0.084 54373.364603 18.222 0.022 54373.36127 17.854 0.025 54373.362103 17.846 0.015 54373.36377 17.947 0.029 -6.456074 1.188559
54381.308146 18.466 0.027 54381.309812 18.23 0.018 54381.306479 17.856 0.017 54381.307312 17.841 0.02 54381.308979 17.955 0.022 -6.456074 1.188559
54386.300456 18.472 0.028 54386.302123 18.217 0.014 54386.298789 17.863 0.015 54386.299623 17.843 0.012 54386.301289 17.926 0.026 -6.456074 1.188559
54388.304738 18.514 0.025 54388.306404 18.223 0.014 54388.303071 17.841 0.012 54388.303904 17.836 0.014 54388.305571 17.901 0.022 -6.456074 1.188559
54403.218504 18.438 0.029 54403.220171 18.175 0.017 54403.216838 17.83 0.012 54403.217671 17.836 0.013 54403.219338 17.894 0.026 -6.456074 1.188559
54404.276089 -99.99 0.025 54404.277755 18.205 0.021 54404.274422 17.824 0.011 54404.275255 17.833 0.012 54404.276922 17.901 0.022 -6.456074 1.188559
54405.274047 18.407 0.031 54405.275714 18.2 0.016 54405.272381 17.832 0.014 54405.273214 17.831 0.011 54405.274881 17.904 0.026 -6.456074 1.188559
54406.212337 18.361 0.023 54406.214003 18.184 0.022 54406.21067 17.835 0.009 54406.211503 17.832 0.015 54406.21317 17.884 0.03 -6.456074 1.188559
54412.215334 18.405 0.018 54412.217001 18.177 0.016 54412.213668 17.807 0.019 54412.214501 -99.99 0.014 54412.216168 -99.99 0.03 -6.456074 1.188559
