52075.329508 19.922 0.051 52075.331174 19.753 0.016 52075.327841 19.407 0.016 52075.328674 19.406 0.021 52075.330341 19.46 0.071 -47.459382 1.155225
52197.138151 20.234 0.05 52197.139817 20.001 0.017 52197.136484 19.554 0.016 52197.137317 19.515 0.025 52197.138984 19.639 0.086 -47.459382 1.155225
52557.176001 20.066 0.053 52557.177667 19.953 0.017 52557.174334 19.548 0.018 52557.175167 19.549 0.026 52557.176834 19.686 0.094 -47.459382 1.155225
52578.072078 20.197 0.052 52578.073744 19.973 0.017 52578.070411 19.558 0.018 52578.071244 19.575 0.026 52578.072911 19.64 0.093 -47.459382 1.155225
52929.102305 19.87 0.041 52929.103971 19.73 0.015 52929.100638 19.42 0.015 52929.101471 19.392 0.021 52929.103138 19.36 0.066 -47.459382 1.155225
52934.082462 19.796 0.039 52934.084128 19.719 0.015 52934.080795 19.429 0.015 52934.081628 19.392 0.021 52934.083295 19.435 0.069 -47.459382 1.155225
52936.078388 19.81 0.038 52936.080054 19.715 0.015 52936.076721 19.436 0.015 52936.077554 19.4 0.022 52936.079221 19.535 0.082 -47.459382 1.155225
53243.263598 19.93 0.081 53243.265264 19.745 0.03 53243.261931 19.453 0.024 53243.262764 19.413 0.03 53243.264431 19.399 0.078 -47.459382 1.155225
53270.142447 19.971 0.053 53270.144114 19.731 0.021 53270.140781 19.391 0.017 53270.141614 19.393 0.023 53270.143281 19.448 0.069 -47.459382 1.155225
53272.192399 19.781 0.086 53272.194065 19.755 0.034 53272.190732 19.4 0.028 53272.191565 19.371 0.031 53272.193232 19.543 0.099 -47.459382 1.155225
53288.119604 20.121 0.059 53288.12127 19.777 0.015 53288.117937 19.448 0.017 53288.11877 19.44 0.025 53288.120437 19.554 0.081 -47.459382 1.155225
53302.115272 19.945 0.075 53302.116938 19.761 0.027 53302.113605 19.394 0.022 53302.114438 19.406 0.027 53302.116105 19.506 0.079 -47.459382 1.155225
53312.070812 20.028 0.057 53312.072479 19.77 0.019 53312.069145 19.447 0.021 53312.069979 19.464 0.032 53312.071645 19.491 0.107 -47.459382 1.155225
53314.071999 19.827 0.041 53314.073665 19.749 0.015 53314.070332 19.385 0.017 53314.071165 19.382 0.026 53314.072832 19.679 0.109 -47.459382 1.155225
53623.166585 20.015 0.051 53623.168251 19.844 0.018 53623.164918 19.428 0.016 53623.165751 19.442 0.023 53623.167418 19.453 0.069 -47.459382 1.155225
53626.152796 20.012 0.074 53626.154462 19.844 0.03 53626.151129 19.408 0.021 53626.151962 19.418 0.027 53626.153629 19.691 0.095 -47.459382 1.155225
53628.137662 19.917 0.116 53628.139328 19.817 0.046 53628.135995 19.459 0.033 53628.136828 19.408 0.038 53628.138495 19.575 0.12 -47.459382 1.155225
53637.139274 20.112 0.079 53637.14094 19.799 0.019 53637.137607 19.436 0.024 53637.13844 19.444 0.029 53637.140107 19.533 0.107 -47.459382 1.155225
53644.131719 19.98 0.042 53644.133385 19.78 0.015 53644.130052 19.428 0.018 53644.130885 19.379 0.02 53644.132552 19.627 0.079 -47.459382 1.155225
53654.166346 19.927 0.061 53654.168012 19.81 0.026 53654.164679 19.441 0.021 53654.165512 19.44 0.028 53654.167179 19.375 0.08 -47.459382 1.155225
53656.113934 19.753 0.1 53656.1156 19.789 0.046 53656.112267 19.43 0.032 53656.1131 19.406 0.041 53656.114767 19.851 0.174 -47.459382 1.155225
53665.105213 19.971 0.135 53665.106879 19.697 0.036 53665.103546 19.356 0.075 53665.104379 19.405 0.083 53665.106046 19.5 0.239 -47.459382 1.155225
53668.116845 20.029 0.068 53668.118511 19.868 0.02 53668.115178 19.452 0.022 53668.116011 19.486 0.036 53668.117678 19.664 0.142 -47.459382 1.155225
53670.121698 20.097 0.062 53670.123364 19.859 0.018 53670.120031 19.465 0.021 53670.120864 19.462 0.03 53670.122531 19.519 0.098 -47.459382 1.155225
53673.089679 20.134 0.059 53673.091345 19.818 0.016 53673.088012 19.441 0.019 53673.088845 19.428 0.027 53673.090512 19.56 0.096 -47.459382 1.155225
53675.08657 20.014 0.056 53675.088236 19.839 0.018 53675.084903 19.459 0.02 53675.085736 19.449 0.027 53675.087403 19.492 0.098 -47.459382 1.155225
53677.107603 20.023 0.052 53677.109269 19.827 0.016 53677.105936 19.456 0.016 53677.106769 19.446 0.026 53677.108436 19.43 0.075 -47.459382 1.155225
53680.094267 19.975 0.045 53680.095933 19.831 0.016 53680.0926 19.46 0.016 53680.093433 19.468 0.022 53680.0951 19.459 0.062 -47.459382 1.155225
53693.096171 19.88 0.072 53693.097837 19.829 0.029 53693.094504 19.452 0.022 53693.095337 19.413 0.028 53693.097004 19.477 0.093 -47.459382 1.155225
53702.091844 19.962 0.076 53702.093511 19.816 0.026 53702.090178 19.422 0.024 53702.091011 19.415 0.04 53702.092678 19.461 0.127 -47.459382 1.155225
53703.100971 19.943 0.078 53703.102637 19.859 0.025 53703.099304 19.495 0.023 53703.100137 19.459 0.031 53703.101804 19.555 0.13 -47.459382 1.155225
53704.0795 20.039 0.06 53704.081166 19.814 0.019 53704.077833 19.413 0.017 53704.078666 19.439 0.025 53704.080333 19.461 0.08 -47.459382 1.155225
53974.167447 19.821 0.042 53974.169114 19.657 0.015 53974.16578 19.368 0.016 53974.166614 19.331 0.021 53974.16828 19.366 0.067 -47.459382 1.155225
53989.156891 19.787 0.046 53989.158558 19.677 0.021 53989.155225 19.351 0.018 53989.156058 19.325 0.026 53989.157725 19.491 0.068 -47.459382 1.155225
53995.164801 19.911 0.038 53995.166468 19.717 0.014 53995.163135 19.382 0.012 53995.163968 19.353 0.017 53995.165635 19.452 0.06 -47.459382 1.155225
53997.143175 19.861 0.046 53997.144842 19.73 0.017 53997.141508 19.421 0.024 53997.142342 19.338 0.024 53997.144008 19.404 0.078 -47.459382 1.155225
54005.115022 19.859 0.038 54005.116689 19.756 0.014 54005.113355 19.415 0.014 54005.114189 19.356 0.017 54005.115855 19.424 0.058 -47.459382 1.155225
54007.127772 19.841 0.046 54007.129439 19.769 0.018 54007.126106 19.423 0.017 54007.126939 19.38 0.023 54007.128606 19.607 0.085 -47.459382 1.155225
54009.124873 19.795 0.049 54009.12654 19.758 0.022 54009.123207 -99.99 0.021 54009.12404 -99.99 0.028 54009.125707 19.381 0.071 -47.459382 1.155225
54011.189371 19.81 0.063 54011.191037 19.767 0.028 54011.187704 19.422 0.024 54011.188537 19.379 0.03 54011.190204 19.379 0.064 -47.459382 1.155225
54019.139589 19.868 0.048 54019.141255 19.747 0.02 54019.137922 19.404 0.02 54019.138755 19.44 0.026 54019.140422 19.382 0.072 -47.459382 1.155225
54025.188382 19.885 0.048 54025.190049 19.757 0.019 54025.186716 19.426 0.016 54025.187549 19.338 0.02 54025.189216 19.413 0.066 -47.459382 1.155225
54029.11872 19.882 0.04 54029.120387 19.734 0.014 54029.117053 19.405 0.016 54029.117887 19.39 0.021 54029.119553 19.344 0.065 -47.459382 1.155225
54051.095317 19.707 0.147 54051.096983 19.726 0.023 54051.09365 19.446 0.051 54051.094483 19.407 0.073 54051.09615 19.917 0.238 -47.459382 1.155225
54356.196896 19.937 0.049 54356.198562 19.892 0.016 54356.195229 19.489 0.015 54356.196062 19.462 0.023 54356.197729 19.394 0.061 -47.459382 1.155225
54358.141946 19.97 0.058 54358.143613 19.886 0.02 54358.140279 19.482 0.017 54358.141113 19.432 0.023 54358.142779 19.541 0.079 -47.459382 1.155225
54373.174049 20.054 0.073 54373.175715 19.91 0.028 54373.172382 19.502 0.025 54373.173215 19.432 0.027 54373.174882 19.418 0.077 -47.459382 1.155225
54381.186747 20.074 0.066 54381.188414 19.932 0.019 54381.18508 19.49 0.023 54381.185914 19.473 0.028 54381.18758 19.479 0.096 -47.459382 1.155225
54382.184157 19.908 0.067 54382.185824 19.863 0.021 54382.18249 19.472 0.02 54382.183324 19.446 0.029 54382.18499 19.439 0.082 -47.459382 1.155225
54383.189875 20.043 0.052 54383.191541 19.908 0.018 54383.188208 19.473 0.015 54383.189041 19.48 0.023 54383.190708 19.579 0.078 -47.459382 1.155225
54386.186899 20.033 0.047 54386.188565 19.928 0.016 54386.185232 19.496 0.017 54386.186065 19.493 0.02 54386.187732 19.59 0.059 -47.459382 1.155225
54388.191157 20.013 0.056 54388.192824 19.868 0.018 54388.18949 19.539 0.017 54388.190324 19.493 0.024 54388.19199 19.431 0.066 -47.459382 1.155225
54403.104934 20.041 0.045 54403.106601 19.905 0.016 54403.103267 19.512 0.015 54403.104101 19.459 0.023 54403.105767 19.517 0.067 -47.459382 1.155225
54406.098765 20.023 0.051 54406.100432 19.885 0.017 54406.097098 19.499 0.018 54406.097932 19.463 0.027 54406.099598 19.528 0.091 -47.459382 1.155225
54415.139252 20.023 0.05 54415.140919 19.932 0.016 54415.137585 19.517 0.017 54415.138419 19.468 0.022 54415.140085 19.524 0.068 -47.459382 1.155225
