52075.32487 20.954 0.105 52075.326536 20.216 0.022 52075.323203 20.149 0.026 52075.324036 19.977 0.035 52075.325703 19.61 0.08 -49.133208 0.635152
52197.133516 20.822 0.068 52197.135182 20.113 0.018 52197.131849 20.13 0.023 52197.132682 20.042 0.032 52197.134349 19.581 0.072 -49.133208 0.635152
52557.171365 20.937 0.088 52557.173031 20.224 0.022 52557.169698 20.217 0.027 52557.170531 20.076 0.04 52557.172198 19.692 0.088 -49.133208 0.635152
52929.097669 20.801 0.074 52929.099335 20.26 0.02 52929.096002 20.196 0.025 52929.096835 20.047 0.032 52929.098502 19.536 0.067 -49.133208 0.635152
52934.077826 20.975 0.082 52934.079492 20.266 0.02 52934.076159 20.138 0.024 52934.076992 19.973 0.03 52934.078659 19.686 0.077 -49.133208 0.635152
52936.07375 20.786 0.065 52936.075416 20.261 0.019 52936.072083 20.186 0.024 52936.072916 20.023 0.032 52936.074583 19.554 0.069 -49.133208 0.635152
53243.258962 20.753 0.174 53243.260628 20.208 0.051 53243.257295 20.254 0.05 53243.258128 19.968 0.047 53243.259795 19.545 0.09 -49.133208 0.635152
53270.137811 20.794 0.093 53270.139477 20.319 0.031 53270.136144 20.238 0.028 53270.136977 20.01 0.033 53270.138644 19.526 0.063 -49.133208 0.635152
53272.187761 21.204 0.259 53272.189427 20.238 0.052 53272.186094 20.172 0.045 53272.186927 20.022 0.05 53272.188594 19.593 0.085 -49.133208 0.635152
53288.114968 20.772 0.096 53288.116634 20.283 0.023 53288.113301 20.166 0.028 53288.114134 20.099 0.04 53288.115801 19.616 0.08 -49.133208 0.635152
53302.110636 20.638 0.131 53302.112302 20.309 0.042 53302.108969 20.1 0.038 53302.109802 20.006 0.046 53302.111469 19.574 0.067 -49.133208 0.635152
53312.066165 21.09 0.145 53312.067832 20.308 0.034 53312.064499 20.312 0.047 53312.065332 20.002 0.062 53312.066999 19.479 0.115 -49.133208 0.635152
53314.067363 20.823 0.077 53314.069029 20.24 0.02 53314.065696 20.292 0.03 53314.066529 20.022 0.036 53314.068196 19.565 0.081 -49.133208 0.635152
53622.184961 20.48 0.082 53622.186627 20.206 0.027 53622.183294 20.09 0.029 53622.184127 19.848 0.038 53622.185794 19.547 0.096 -49.133208 0.635152
53623.161945 20.749 0.097 53623.163611 20.044 0.025 53623.160278 20.134 0.025 53623.161111 19.946 0.035 53623.162778 19.521 0.079 -49.133208 0.635152
53626.148158 20.974 0.144 53626.149824 20.052 0.032 53626.146491 20.147 0.034 53626.147324 20.017 0.038 53626.148991 19.561 0.069 -49.133208 0.635152
53628.133023 20.666 0.206 53628.134689 20.023 0.055 53628.131356 20.147 0.057 53628.132189 19.873 0.053 53628.133856 19.652 0.115 -49.133208 0.635152
53634.134429 20.499 0.157 53634.136095 20.219 0.061 53634.132762 20.14 0.048 53634.133595 19.948 0.059 53634.135262 19.67 0.139 -49.133208 0.635152
53637.134636 20.736 0.104 53637.136302 20.047 0.022 53637.132969 20.107 0.029 53637.133802 19.931 0.046 53637.135469 19.477 0.086 -49.133208 0.635152
53644.127091 20.735 0.067 53644.128758 20.089 0.019 53644.125424 20.108 0.021 53644.126258 20.026 0.034 53644.127924 19.472 0.063 -49.133208 0.635152
53649.121706 20.515 0.321 53649.123372 19.968 0.079 53649.120039 20.041 0.092 53649.120872 -99.99 0.113 53649.122539 19.487 0.392 -49.133208 0.635152
53654.161707 20.617 0.11 53654.163373 20.096 0.032 53654.16004 20.079 0.035 53654.160873 19.953 0.043 53654.16254 19.611 0.088 -49.133208 0.635152
53656.109297 20.736 0.24 53656.110963 20.072 0.054 53656.10763 20.078 0.055 53656.108463 19.967 0.065 53656.11013 19.458 0.099 -49.133208 0.635152
53665.100575 20.593 0.251 53665.102241 20.203 0.049 53665.098908 20.091 0.116 53665.099741 19.929 0.155 53665.101408 19.397 0.219 -49.133208 0.635152
53668.112208 20.764 0.142 53668.113874 20.158 0.026 53668.110541 20.395 0.048 53668.111374 20.052 0.06 53668.113041 19.549 0.13 -49.133208 0.635152
53670.11706 20.551 0.08 53670.118726 20.168 0.024 53670.115393 20.106 0.028 53670.116226 20.012 0.039 53670.117893 19.599 0.1 -49.133208 0.635152
53673.085042 20.714 0.075 53673.086708 20.148 0.02 53673.083375 20.155 0.027 53673.084208 20.01 0.036 53673.085875 19.513 0.084 -49.133208 0.635152
53675.081932 20.676 0.075 53675.083598 20.149 0.021 53675.080265 20.177 0.029 53675.081098 20.095 0.043 53675.082765 19.522 0.078 -49.133208 0.635152
53677.102965 20.792 0.067 53677.104631 20.088 0.018 53677.101298 20.083 0.022 53677.102131 19.951 0.029 53677.103798 19.47 0.061 -49.133208 0.635152
53680.089629 20.769 0.07 53680.091295 20.166 0.019 53680.087962 20.161 0.022 53680.088795 20.027 0.028 53680.090462 19.492 0.055 -49.133208 0.635152
53693.091535 20.643 0.094 53693.093201 20.112 0.029 53693.089868 20.179 0.034 53693.090701 20.005 0.041 53693.092368 19.525 0.072 -49.133208 0.635152
53702.08722 21.115 0.197 53702.088887 20.184 0.041 53702.085553 20.269 0.07 53702.086387 20.025 0.061 53702.088053 19.395 0.127 -49.133208 0.635152
53703.09634 20.845 0.131 53703.098006 20.172 0.037 53703.094673 20.191 0.04 53703.095506 19.981 0.053 53703.097173 19.561 0.084 -49.133208 0.635152
53704.074863 20.787 0.099 53704.076529 20.147 0.022 53704.073196 20.131 0.028 53704.074029 19.911 0.038 53704.075696 19.403 0.068 -49.133208 0.635152
53974.162805 20.816 0.069 53974.164471 20.225 0.017 53974.161138 -99.99 0.029 53974.161971 20.046 0.028 53974.163638 19.524 0.064 -49.133208 0.635152
53989.152277 21.058 0.104 53989.153944 20.281 0.027 53989.150611 20.263 0.029 53989.151444 20.025 0.03 53989.153111 19.555 0.053 -49.133208 0.635152
53995.160153 20.898 0.068 53995.161819 20.195 0.021 53995.158486 20.2 0.02 53995.159319 20.011 0.024 53995.160986 19.563 0.053 -49.133208 0.635152
53997.138527 21.007 0.106 53997.140194 20.223 0.032 53997.136861 20.195 0.036 53997.137694 19.962 0.069 53997.139361 19.553 0.066 -49.133208 0.635152
54005.110397 20.991 0.076 54005.112063 20.22 0.019 54005.10873 20.197 0.019 54005.109563 19.993 0.024 54005.11123 19.591 0.056 -49.133208 0.635152
54007.123135 20.716 0.078 54007.124802 20.168 0.022 54007.121468 20.121 0.023 54007.122302 19.97 0.03 54007.123968 19.603 0.065 -49.133208 0.635152
54009.120261 20.801 0.088 54009.121927 20.245 0.027 54009.118594 20.212 0.025 54009.119427 20.018 0.031 54009.121094 19.558 0.062 -49.133208 0.635152
54011.184728 20.847 0.143 54011.186394 20.259 0.039 54011.183061 20.165 0.038 54011.183894 20.007 0.039 54011.185561 19.685 0.071 -49.133208 0.635152
54019.134942 20.814 0.093 54019.136609 20.504 0.038 54019.133276 20.182 0.043 54019.134109 20.107 0.049 54019.135776 19.634 0.087 -49.133208 0.635152
54025.183746 20.803 0.083 54025.185413 20.186 0.027 54025.182079 20.168 0.026 54025.182913 20.026 0.038 54025.184579 19.615 0.075 -49.133208 0.635152
54029.11411 20.836 0.065 54029.115777 20.272 0.018 54029.112443 20.238 0.024 54029.113277 20.022 0.029 54029.114943 19.484 0.055 -49.133208 0.635152
54051.090659 21.142 0.354 54051.092326 -99.99 0.175 54051.088992 20.384 0.137 54051.089826 20.091 0.148 54051.091492 19.219 0.247 -49.133208 0.635152
54356.192249 20.939 0.075 54356.193916 20.291 0.02 54356.190583 20.231 0.02 54356.191416 20.007 0.03 54356.193083 19.651 0.058 -49.133208 0.635152
54358.137309 20.996 0.117 54358.138975 20.315 0.026 54358.135642 20.295 0.037 54358.136475 20.056 0.041 54358.138142 19.724 0.073 -49.133208 0.635152
54365.137678 20.744 0.152 54365.139345 20.34 0.057 54365.136011 20.139 0.034 54365.136845 20.093 0.045 54365.138511 19.647 0.095 -49.133208 0.635152
54373.169405 20.842 0.119 54373.171071 20.203 0.035 54373.167738 20.208 0.04 54373.168571 20.015 0.042 54373.170238 19.624 0.081 -49.133208 0.635152
54381.1821 20.848 0.114 54381.183767 -99.99 0.04 54381.180433 20.217 0.058 54381.181267 19.993 0.055 54381.182933 19.825 0.143 -49.133208 0.635152
54383.185244 20.852 0.082 54383.18691 20.247 0.018 54383.183577 20.234 0.024 54383.18441 20.017 0.032 54383.186077 19.55 0.062 -49.133208 0.635152
54386.182292 20.889 0.076 54386.183958 20.214 0.017 54386.180625 20.206 0.021 54386.181458 20.05 0.027 54386.183125 19.596 0.053 -49.133208 0.635152
54388.186524 20.759 0.093 54388.18819 20.282 0.022 54388.184857 20.185 0.029 54388.18569 20.012 0.038 54388.187357 19.501 0.071 -49.133208 0.635152
54402.181343 20.696 0.215 54402.183009 20.237 0.056 54402.179676 20.139 0.05 54402.180509 20.029 0.048 54402.182176 19.555 0.084 -49.133208 0.635152
54403.100301 20.885 0.074 54403.101967 20.264 0.018 54403.098634 20.219 0.031 54403.099467 20.055 0.031 54403.101134 19.751 0.071 -49.133208 0.635152
54406.094144 20.731 0.073 54406.095811 20.249 0.021 54406.092478 20.254 0.027 54406.093311 20.053 0.037 54406.094978 19.449 0.077 -49.133208 0.635152
54412.097055 20.862 0.076 54412.098722 20.285 0.019 54412.095388 20.235 0.027 54412.096222 20.041 0.035 54412.097888 19.587 0.062 -49.133208 0.635152
54415.134613 20.859 0.074 54415.136279 20.253 0.019 54415.132946 20.205 0.023 54415.133779 20.084 0.031 54415.135446 19.583 0.062 -49.133208 0.635152
