51075.274068 19.837 0.037 51075.275734 19.663 0.017 51075.272401 19.403 0.017 51075.273234 19.374 0.025 51075.274901 19.209 0.078 -9.308555 -0.851893
51464.261953 19.64 0.039 51464.263619 19.518 0.017 51464.260286 19.301 0.017 51464.261119 19.275 0.023 51464.262786 19.297 0.075 -9.308555 -0.851893
51467.352909 19.744 0.068 51467.354575 19.511 0.018 51467.351242 19.312 0.021 51467.352075 19.197 0.024 51467.353742 19.287 0.093 -9.308555 -0.851893
51819.328938 19.998 0.053 51819.330604 19.819 0.018 51819.327271 19.551 0.017 51819.328104 19.576 0.021 51819.329771 19.39 0.063 -9.308555 -0.851893
52196.274585 19.983 0.047 52196.276251 19.842 0.019 52196.272918 19.544 0.018 52196.273751 19.594 0.025 52196.275418 19.622 0.092 -9.308555 -0.851893
52197.287694 20.118 0.045 52197.28936 19.839 0.017 52197.286027 19.579 0.015 52197.28686 19.56 0.021 52197.288527 19.477 0.066 -9.308555 -0.851893
52225.13788 20.245 0.046 52225.139546 19.896 0.018 52225.136213 19.585 0.017 52225.137046 19.605 0.024 52225.138713 19.519 0.072 -9.308555 -0.851893
52231.173665 20.069 0.043 52231.175331 19.906 0.018 52231.171998 19.643 0.017 52231.172831 19.613 0.022 52231.174498 19.59 0.069 -9.308555 -0.851893
52253.159837 20.238 0.07 52253.161503 19.84 0.023 52253.15817 19.602 0.021 52253.159003 19.588 0.026 52253.16067 19.546 0.086 -9.308555 -0.851893
52557.281668 20.151 0.054 52557.283334 19.815 0.019 52557.280001 19.531 0.018 52557.280834 19.554 0.025 52557.282501 19.622 0.104 -9.308555 -0.851893
52578.177749 20.016 0.043 52578.179415 19.76 0.017 52578.176082 19.518 0.017 52578.176915 19.509 0.024 52578.178582 19.594 0.079 -9.308555 -0.851893
52908.256233 19.834 0.041 52908.257899 19.702 0.017 52908.254566 19.391 0.015 52908.255399 19.446 0.022 52908.257066 19.355 0.067 -9.308555 -0.851893
52911.270018 19.838 0.041 52911.271684 19.685 0.016 52911.268351 19.423 0.015 52911.269184 19.365 0.022 52911.270851 19.249 0.063 -9.308555 -0.851893
52930.147391 19.886 0.041 52930.149057 19.692 0.016 52930.145724 19.431 0.015 52930.146557 19.418 0.02 52930.148224 19.399 0.061 -9.308555 -0.851893
52934.188132 19.873 0.044 52934.189798 19.731 0.019 52934.186465 19.433 0.018 52934.187298 19.452 0.024 52934.188965 19.56 0.083 -9.308555 -0.851893
52936.184058 19.945 0.039 52936.185724 19.688 0.015 52936.182391 19.413 0.014 52936.183224 19.486 0.021 52936.184891 19.381 0.06 -9.308555 -0.851893
52962.10958 19.978 0.043 52962.111246 19.739 0.017 52962.107913 19.423 0.016 52962.108746 19.442 0.022 52962.110413 19.337 0.063 -9.308555 -0.851893
53270.248148 20.18 0.046 53270.249815 19.881 0.025 53270.246482 19.559 0.024 53270.247315 19.604 0.027 53270.248982 19.468 0.065 -9.308555 -0.851893
53272.298065 20.119 0.092 53272.299731 19.789 0.032 53272.296398 19.609 0.024 53272.297231 19.619 0.03 53272.298898 19.517 0.082 -9.308555 -0.851893
53286.266782 20.095 0.07 53286.268448 19.851 0.024 53286.265115 19.539 0.027 53286.265948 19.546 0.035 53286.267615 19.73 0.096 -9.308555 -0.851893
53288.225273 20.175 0.046 53288.226939 19.867 0.017 53288.223606 19.585 0.016 53288.224439 19.616 0.02 53288.226106 19.504 0.057 -9.308555 -0.851893
53294.252587 20.056 0.045 53294.254254 19.831 0.026 53294.250921 19.59 0.024 53294.251754 19.571 0.027 53294.253421 19.514 0.078 -9.308555 -0.851893
53302.220941 19.981 0.104 53302.222607 19.886 0.046 53302.219274 19.607 0.039 53302.220107 19.617 0.039 53302.221774 19.577 0.096 -9.308555 -0.851893
53312.176483 20.279 0.062 53312.178149 19.858 0.027 53312.174816 19.604 0.021 53312.175649 19.652 0.031 53312.177316 19.559 0.092 -9.308555 -0.851893
53314.177668 20.035 0.045 53314.179334 19.884 0.019 53314.176001 19.525 0.018 53314.176834 19.616 0.025 53314.178501 19.594 0.087 -9.308555 -0.851893
53616.282035 20.16 0.081 53616.283701 19.905 0.023 53616.280368 19.608 0.02 53616.281201 19.609 0.031 53616.282868 19.306 0.143 -9.308555 -0.851893
53623.272246 20.25 0.069 53623.273912 19.895 0.022 53623.270579 19.594 0.024 53623.271412 19.656 0.033 53623.273079 19.574 0.089 -9.308555 -0.851893
53626.258459 20.327 0.077 53626.260125 19.922 0.026 53626.256792 19.601 0.022 53626.257625 19.605 0.029 53626.259292 19.511 0.073 -9.308555 -0.851893
53628.243324 20.062 0.107 53628.24499 19.905 0.043 53628.241657 19.619 0.031 53628.24249 19.609 0.035 53628.244157 19.558 0.091 -9.308555 -0.851893
53637.244939 20.179 0.086 53637.246605 19.877 0.033 53637.243272 19.646 0.026 53637.244105 19.726 0.035 53637.245772 19.499 0.112 -9.308555 -0.851893
53639.290316 20.146 0.052 53639.291982 19.931 0.019 53639.288649 19.618 0.018 53639.289482 19.639 0.026 53639.291149 19.673 0.075 -9.308555 -0.851893
53644.237392 20.122 0.04 53644.239059 19.956 0.026 53644.235726 19.64 0.02 53644.236559 19.649 0.024 53644.238226 19.489 0.051 -9.308555 -0.851893
53654.272009 20.199 0.054 53654.273675 19.933 0.019 53654.270342 19.627 0.019 53654.271175 19.64 0.025 53654.272842 19.53 0.084 -9.308555 -0.851893
53656.219602 20.411 0.185 53656.221268 19.957 0.068 53656.217935 19.77 0.049 53656.218768 19.684 0.051 53656.220435 19.66 0.134 -9.308555 -0.851893
53663.232912 20.236 0.088 53663.234578 19.94 0.033 53663.231245 19.679 0.027 53663.232078 19.643 0.03 53663.233745 19.557 0.066 -9.308555 -0.851893
53668.222512 20.376 0.074 53668.224178 19.967 0.024 53668.220845 19.665 0.022 53668.221678 19.673 0.032 53668.223345 19.594 0.114 -9.308555 -0.851893
53670.227365 20.279 0.053 53670.229031 19.978 0.019 53670.225698 19.677 0.018 53670.226531 19.672 0.027 53670.228198 19.517 0.077 -9.308555 -0.851893
53673.195349 20.183 0.053 53673.197015 20.021 0.022 53673.193682 19.683 0.019 53673.194515 19.66 0.026 53673.196182 19.698 0.085 -9.308555 -0.851893
53675.192237 20.471 0.088 53675.193903 19.923 0.023 53675.19057 19.688 0.024 53675.191403 19.699 0.037 53675.19307 19.604 0.128 -9.308555 -0.851893
53677.213268 20.249 0.053 53677.214934 19.998 0.019 53677.211601 19.655 0.018 53677.212434 19.694 0.025 53677.214101 19.634 0.072 -9.308555 -0.851893
53680.199934 20.306 0.057 53680.2016 20.011 0.022 53680.198267 19.644 0.019 53680.1991 19.668 0.026 53680.200767 19.609 0.075 -9.308555 -0.851893
53693.201834 20.162 0.108 53693.2035 19.895 0.039 53693.200167 19.652 0.026 53693.201 19.641 0.029 53693.202667 19.409 0.071 -9.308555 -0.851893
53702.197681 -99.99 0.133 53702.199347 20.012 0.045 53702.196014 19.685 0.039 53702.196847 -99.99 0.079 53702.198514 19.891 0.575 -9.308555 -0.851893
53704.185158 20.299 0.059 53704.186824 19.964 0.021 53704.183491 19.652 0.018 53704.184324 19.696 0.026 53704.185991 19.63 0.081 -9.308555 -0.851893
53974.277874 20.086 0.04 53974.27954 19.932 0.023 53974.276207 19.639 0.021 53974.27704 19.714 0.023 53974.278707 19.694 0.065 -9.308555 -0.851893
53989.281208 20.198 0.091 53989.282875 19.881 0.04 53989.279542 19.62 0.024 53989.280375 19.691 0.032 53989.282042 19.596 0.072 -9.308555 -0.851893
53997.377 20.135 0.063 53997.378667 19.866 0.021 53997.375333 19.651 0.024 53997.376167 19.737 0.03 53997.377833 -99.99 0.103 -9.308555 -0.851893
54000.256658 20.137 0.05 54000.258324 19.919 0.024 54000.254991 19.607 0.02 54000.255824 19.735 0.032 54000.257491 19.736 0.108 -9.308555 -0.851893
54007.306774 20.091 0.057 54007.30844 19.917 0.025 54007.305107 19.664 0.024 54007.30594 19.673 0.029 54007.307607 19.618 0.089 -9.308555 -0.851893
54009.230572 20.095 0.043 54009.232238 19.869 0.032 54009.228905 19.636 0.022 54009.229738 19.734 0.026 54009.231405 19.664 0.065 -9.308555 -0.851893
54011.295035 20.082 0.064 54011.296701 19.866 0.035 54011.293368 19.658 0.022 54011.294201 19.651 0.03 54011.295868 19.619 0.062 -9.308555 -0.851893
54019.245242 19.941 0.06 54019.246909 19.819 0.026 54019.243576 19.611 0.023 54019.244409 19.666 0.027 54019.246076 19.64 0.091 -9.308555 -0.851893
54025.294093 20.095 0.068 54025.29576 19.913 0.029 54025.292426 19.589 0.028 54025.29326 19.685 0.034 54025.294926 19.738 0.125 -9.308555 -0.851893
54029.224492 20.185 0.056 54029.226159 19.859 0.024 54029.222826 19.625 0.022 54029.223659 19.723 0.03 54029.225326 19.657 0.081 -9.308555 -0.851893
54348.291788 20.293 0.056 54348.293454 19.984 0.025 54348.290121 19.721 0.025 54348.290954 19.783 0.034 54348.292621 19.583 0.088 -9.308555 -0.851893
54358.247615 20.261 0.052 54358.249281 20.027 0.024 54358.245948 19.766 0.022 54358.246781 19.682 0.028 54358.248448 19.753 0.095 -9.308555 -0.851893
54365.280738 20.11 0.059 54365.282405 19.937 0.038 54365.279071 19.749 0.027 54365.279905 19.773 0.038 54365.281571 19.677 0.103 -9.308555 -0.851893
54373.354912 19.92 0.172 54373.356578 19.968 0.056 54373.353245 19.725 0.035 54373.354078 19.706 0.042 54373.355745 19.611 0.1 -9.308555 -0.851893
54381.300279 20.125 0.065 54381.301945 19.998 0.025 54381.298612 19.703 0.022 54381.299445 19.703 0.028 54381.301112 19.64 0.082 -9.308555 -0.851893
54386.292664 20.125 0.045 54386.29433 19.961 0.023 54386.290997 19.732 0.022 54386.29183 19.781 0.026 54386.293497 19.765 0.079 -9.308555 -0.851893
54388.296836 19.951 0.049 54388.298502 19.932 0.026 54388.295169 19.739 0.021 54388.296002 19.773 0.029 54388.297669 19.767 0.084 -9.308555 -0.851893
54403.210602 20.047 0.071 54403.212268 19.956 0.032 54403.208935 19.735 0.025 54403.209768 19.713 0.03 54403.211435 19.594 0.075 -9.308555 -0.851893
54405.266158 20.122 0.056 54405.267825 19.949 0.03 54405.264492 19.674 0.026 54405.265325 19.732 0.029 54405.266992 19.706 0.097 -9.308555 -0.851893
54406.204544 20.065 0.042 54406.206211 19.919 0.026 54406.202877 19.719 0.027 54406.203711 19.702 0.025 54406.205377 19.614 0.071 -9.308555 -0.851893
54412.207361 20.146 0.04 54412.209028 19.912 0.021 54412.205694 19.737 0.02 54412.206528 19.729 0.027 54412.208194 19.675 0.067 -9.308555 -0.851893
