51081.435151 20.964 0.102 51081.436817 20.296 0.025 51081.433484 20.028 0.026 51081.434317 19.991 0.033 51081.435984 19.848 0.108 54.724143 -0.392661
51875.250102 21.129 0.094 51875.251768 20.326 0.023 51875.248435 20.088 0.023 51875.249268 20.017 0.031 51875.250935 19.876 0.099 54.724143 -0.392661
52171.482524 20.724 0.079 52171.48419 20.22 0.022 52171.480857 19.986 0.022 52171.48169 19.944 0.028 52171.483357 19.952 0.105 54.724143 -0.392661
52225.330952 20.893 0.08 52225.332618 20.267 0.021 52225.329285 19.986 0.021 52225.330118 19.985 0.029 52225.331785 19.797 0.082 54.724143 -0.392661
52288.165378 20.879 0.082 52288.167044 20.255 0.022 52288.163711 19.952 0.021 52288.164544 19.911 0.026 52288.166211 19.698 0.074 54.724143 -0.392661
52551.43866 20.734 0.076 52551.440326 20.183 0.02 52551.436993 19.953 0.021 52551.437826 19.902 0.027 52551.439493 19.741 0.087 54.724143 -0.392661
52558.471534 20.636 0.061 52558.4732 20.199 0.018 52558.469867 19.958 0.02 52558.4707 19.893 0.025 52558.472367 19.815 0.084 54.724143 -0.392661
52578.343144 20.865 0.091 52578.34481 20.254 0.019 52578.341477 19.955 0.021 52578.34231 19.927 0.029 52578.343977 19.925 0.089 54.724143 -0.392661
52585.306126 20.856 0.072 52585.307792 20.235 0.018 52585.304459 19.991 0.021 52585.305292 19.928 0.028 52585.306959 19.666 0.085 54.724143 -0.392661
52909.472757 20.862 0.073 52909.474423 20.284 0.02 52909.47109 20.015 0.019 52909.471923 19.987 0.024 52909.47359 19.804 0.074 54.724143 -0.392661
52910.442998 20.967 0.103 52910.444664 20.257 0.021 52910.441331 19.991 0.023 52910.442164 19.902 0.036 52910.443831 19.798 0.08 54.724143 -0.392661
52935.37017 20.84 0.077 52935.371836 20.262 0.021 52935.368503 19.974 0.023 52935.369336 19.975 0.03 52935.371003 19.915 0.106 54.724143 -0.392661
53351.215555 20.952 0.105 53351.217221 20.375 0.024 53351.213888 20.108 0.027 53351.214721 19.968 0.033 53351.216388 20 0.131 54.724143 -0.392661
53622.4726 20.94 0.078 53622.474266 20.333 0.02 53622.470933 20.072 0.02 53622.471766 20.037 0.025 53622.473433 19.883 0.071 54.724143 -0.392661
53627.429698 20.977 0.103 53627.431364 20.316 0.022 53627.428031 20.062 0.027 53627.428864 19.999 0.033 53627.430531 19.912 0.094 54.724143 -0.392661
53634.422071 21.289 0.43 53634.423737 20.323 0.076 53634.420404 20.061 0.065 53634.421237 19.985 0.059 53634.422904 19.655 0.103 54.724143 -0.392661
53638.463409 20.894 0.124 53638.465075 20.306 0.03 53638.461742 20.124 0.03 53638.462575 20.045 0.036 53638.464242 20 0.137 54.724143 -0.392661
53640.427444 20.919 0.113 53640.42911 20.302 0.027 53640.425777 20.052 0.026 53640.42661 20.011 0.033 53640.428277 19.748 0.094 54.724143 -0.392661
53643.469919 20.9 0.105 53643.471585 20.278 0.024 53643.468252 20.067 0.025 53643.469085 19.984 0.034 53643.470752 19.568 0.085 54.724143 -0.392661
53657.307596 20.821 0.334 53657.309262 20.275 0.093 53657.305929 20.098 0.074 53657.306762 20.099 0.076 53657.308429 19.573 0.199 54.724143 -0.392661
53657.471886 20.968 0.124 53657.473552 20.344 0.026 53657.470219 20.095 0.027 53657.471052 20.016 0.033 53657.472719 20.341 0.178 54.724143 -0.392661
53663.489265 24.891 5.175 53663.490931 20.319 0.075 53663.487598 20.166 0.054 53663.488431 20.086 0.052 53663.490098 19.969 0.148 54.724143 -0.392661
53665.489198 20.932 0.216 53665.490864 20.428 0.052 53665.487531 20.09 0.038 53665.488364 19.994 0.041 53665.490031 19.623 0.114 54.724143 -0.392661
53668.477816 21.066 0.246 53668.479482 20.405 0.051 53668.476149 20.173 0.05 53668.476982 20.139 0.058 53668.478649 19.754 0.173 54.724143 -0.392661
53669.38382 21.15 0.144 53669.385486 -99.99 0.044 53669.382153 20.123 0.032 53669.382986 20.153 0.039 53669.384653 20.119 0.132 54.724143 -0.392661
53670.483785 21.625 0.419 53670.485451 20.374 0.048 53670.482118 20.071 0.047 53670.482951 20.115 0.065 53670.484618 19.777 0.181 54.724143 -0.392661
53671.468565 21.101 0.16 53671.470231 20.441 0.029 53671.466898 20.154 0.032 53671.467731 20.065 0.035 53671.469398 19.818 0.103 54.724143 -0.392661
53674.368058 21.286 0.189 53674.369724 20.395 0.031 53674.366391 20.11 0.038 53674.367224 20.024 0.048 53674.368891 20.096 0.199 54.724143 -0.392661
53676.457507 21.344 0.242 53676.459173 20.387 0.039 53676.45584 20.09 0.047 53676.456673 20.074 0.061 53676.45834 19.704 0.171 54.724143 -0.392661
53679.429412 21.012 0.127 53679.431078 20.423 0.026 53679.427745 20.226 0.031 53679.428578 20.015 0.036 53679.430245 19.845 0.11 54.724143 -0.392661
53681.420926 21.022 0.143 53681.422592 20.429 0.029 53681.419259 20.175 0.034 53681.420092 20.035 0.037 53681.421759 20.002 0.115 54.724143 -0.392661
53684.382425 21.069 0.127 53684.384091 20.426 0.025 53684.380758 20.12 0.031 53684.381591 20.153 0.045 53684.383258 19.698 0.105 54.724143 -0.392661
53694.393892 20.851 0.371 53694.395558 20.35 0.085 53694.392225 20.044 0.06 53694.393058 19.963 0.058 53694.394725 19.656 0.149 54.724143 -0.392661
53696.386644 21.475 0.267 53696.38831 20.478 0.038 53696.384977 20.172 0.033 53696.38581 20.102 0.039 53696.387477 19.837 0.108 54.724143 -0.392661
53697.377951 21.392 0.253 53697.379617 20.497 0.041 53697.376284 20.169 0.032 53697.377117 20.141 0.039 53697.378784 19.846 0.112 54.724143 -0.392661
53700.376908 21.088 0.119 53700.378574 20.396 0.026 53700.375241 20.136 0.029 53700.376074 20.073 0.038 53700.377741 19.759 0.111 54.724143 -0.392661
53705.363578 -99.99 0.28 53705.365244 20.367 0.035 53705.361911 20.135 0.035 53705.362744 20.234 0.052 53705.364411 19.877 0.186 54.724143 -0.392661
53975.4486 21.106 0.115 53975.450267 20.397 0.026 53975.446934 20.113 0.027 53975.447767 20.058 0.031 53975.449434 20.042 0.112 54.724143 -0.392661
53994.471602 21.12 0.106 53994.473269 20.37 0.025 53994.469936 20.171 0.025 53994.470769 20.104 0.03 53994.472436 20.09 0.103 54.724143 -0.392661
53996.455343 20.841 0.082 53996.457009 20.329 0.021 53996.453676 20.127 0.034 53996.454509 20.113 0.036 53996.456176 19.775 0.082 54.724143 -0.392661
54005.468479 20.915 0.073 54005.470146 20.365 0.021 54005.466813 20.151 0.023 54005.467646 20.088 0.035 54005.469313 19.956 0.09 54.724143 -0.392661
54009.482293 20.967 0.072 54009.48396 20.352 0.023 54009.480626 20.1 0.019 54009.48146 20.081 0.025 54009.483126 19.89 0.067 54.724143 -0.392661
54010.409429 21.072 0.076 54010.411096 20.337 0.019 54010.407763 20.129 0.024 54010.408596 20.075 0.032 54010.410263 19.901 0.065 54.724143 -0.392661
54012.402268 20.911 0.102 54012.403935 20.367 0.03 54012.400601 20.168 0.034 54012.401435 20.029 0.04 54012.403101 19.991 0.1 54.724143 -0.392661
54020.440351 20.854 0.15 54020.442017 20.379 0.038 54020.438684 20.149 0.032 54020.439517 20.088 0.037 54020.441184 19.809 0.088 54.724143 -0.392661
54028.478134 20.989 0.124 54028.479801 20.39 0.025 54028.476468 20.063 0.03 54028.477301 20.071 0.037 54028.478968 19.982 0.121 54.724143 -0.392661
54030.433559 20.9 0.072 54030.435225 20.341 0.019 54030.431892 20.133 0.023 54030.432725 20.077 0.028 54030.434392 19.941 0.086 54.724143 -0.392661
54035.477561 20.987 0.139 54035.479228 20.362 0.03 54035.475895 20.069 0.032 54035.476728 20.073 0.043 54035.478395 19.879 0.143 54.724143 -0.392661
54037.383056 21.003 0.074 54037.384723 20.321 0.022 54037.381389 20.084 0.02 54037.382223 20.045 0.024 54037.383889 19.937 0.072 54.724143 -0.392661
54040.397528 20.94 0.072 54040.399195 20.381 0.022 54040.395862 20.109 0.022 54040.396695 19.999 0.029 54040.398362 20.2 0.115 54.724143 -0.392661
54041.433047 -99.99 0.084 54041.434714 20.317 0.02 54041.431381 20.079 0.024 54041.432214 20.074 0.03 54041.433881 19.905 0.084 54.724143 -0.392661
54047.428062 -99.99 0.432 54047.429729 20.351 0.078 54047.426396 20.132 0.051 54047.427229 19.93 0.046 54047.428896 19.705 0.105 54.724143 -0.392661
54049.42401 21.08 0.249 54049.425676 20.245 0.057 54049.422343 20.063 0.044 54049.423176 19.981 0.042 54049.424843 19.931 0.138 54.724143 -0.392661
54050.38418 21.285 0.293 54050.385847 20.323 0.076 54050.382514 20.116 0.046 54050.383347 20.008 0.047 54050.385014 19.775 0.161 54.724143 -0.392661
54053.403672 -99.99 0.164 54053.405339 -99.99 0.035 54053.402006 20.107 0.036 54053.402839 -99.99 0.055 54053.404506 -99.99 0.15 54.724143 -0.392661
54056.389993 -99.99 0.088 54056.391659 20.29 0.027 54056.388326 20.081 0.027 54056.389159 20.012 0.058 54056.390826 19.796 0.096 54.724143 -0.392661
54059.384292 20.944 0.103 54059.385958 20.243 0.028 54059.382625 20.067 0.028 54059.383458 20.012 0.035 54059.385125 19.832 0.136 54.724143 -0.392661
54061.395356 20.803 0.104 54061.397023 20.293 0.025 54061.393689 20.083 0.029 54061.394523 19.987 0.035 54061.396189 19.666 0.104 54.724143 -0.392661
54062.389145 20.891 0.084 54062.390811 20.305 0.026 54062.387478 20.044 0.021 54062.388311 20.018 0.028 54062.389978 19.728 0.092 54.724143 -0.392661
54064.38562 -99.99 0.112 54064.387286 20.317 0.026 54064.383953 20.058 0.026 54064.384786 20 0.036 54064.386453 19.761 0.106 54.724143 -0.392661
54068.369729 20.667 0.108 54068.371396 20.259 0.031 54068.368062 20.052 0.028 54068.368896 20.105 0.048 54068.370562 19.791 0.128 54.724143 -0.392661
54357.42748 21.102 0.08 54357.429147 20.457 0.024 54357.425814 20.178 0.022 54357.426647 20.152 0.03 54357.428314 19.953 0.065 54.724143 -0.392661
54362.477275 21.133 0.086 54362.478941 20.385 0.024 54362.475608 20.145 0.023 54362.476441 20.093 0.033 54362.478108 19.996 0.079 54.724143 -0.392661
54376.472362 20.85 0.103 54376.474028 20.4 0.029 54376.470695 20.176 0.026 54376.471528 20.159 0.03 54376.473195 19.813 0.08 54.724143 -0.392661
54382.457502 20.93 0.093 54382.459168 20.451 0.024 54382.455835 20.132 0.026 54382.456668 20.098 0.034 54382.458335 20.033 0.111 54.724143 -0.392661
54385.475309 21.426 0.159 54385.476976 20.441 0.027 54385.473643 20.148 0.025 54385.474476 20.183 0.034 54385.476143 19.882 0.085 54.724143 -0.392661
54387.475795 21.233 0.143 54387.477462 20.462 0.026 54387.474129 20.155 0.029 54387.474962 20.118 0.036 54387.476629 20.187 0.118 54.724143 -0.392661
54390.46821 20.975 0.16 54390.469877 20.433 0.034 54390.466543 19.998 0.078 54390.467377 20.052 0.063 54390.469043 20.244 0.27 54.724143 -0.392661
54391.476638 20.879 0.128 54391.478305 20.452 0.033 54391.474971 20.098 0.043 54391.475805 20.108 0.053 54391.477471 19.954 0.159 54.724143 -0.392661
54402.468937 20.755 0.289 54402.470604 20.499 0.085 54402.46727 20.133 0.059 54402.468104 20.005 0.056 54402.46977 20.028 0.161 54.724143 -0.392661
