51081.434719 19.789 0.041 51081.436385 19.456 0.013 51081.433052 19.261 0.014 51081.433885 18.952 0.015 51081.435552 18.949 0.06 54.577995 0.198231
51875.249674 19.322 0.027 51875.25134 19.012 0.01 51875.248007 18.924 0.011 51875.24884 18.703 0.012 51875.250507 18.737 0.044 54.577995 0.198231
52171.482151 19.76 0.04 52171.483817 19.373 0.012 52171.480484 19.171 0.013 52171.481317 18.907 0.014 52171.482984 18.983 0.053 54.577995 0.198231
52225.330547 19.763 0.039 52225.332213 19.427 0.012 52225.32888 19.197 0.012 52225.329713 18.929 0.013 52225.33138 18.872 0.044 54.577995 0.198231
52288.164973 -99.99 0.035 52288.166639 19.329 0.011 52288.163306 19.18 0.013 52288.164139 18.899 0.013 52288.165806 18.887 0.044 54.577995 0.198231
52551.438255 19.588 0.034 52551.439921 19.258 0.011 52551.436588 19.087 0.012 52551.437421 18.861 0.013 52551.439088 18.851 0.046 54.577995 0.198231
52558.471128 19.586 0.033 52558.472794 19.274 0.01 52558.469461 19.106 0.012 52558.470294 18.592 0.011 52558.471961 18.844 0.042 54.577995 0.198231
52578.342739 19.549 0.036 52578.344405 19.239 0.01 52578.341072 19.109 0.012 52578.341905 18.725 0.012 52578.343572 18.902 0.045 54.577995 0.198231
52585.305721 19.63 0.033 52585.307387 19.259 0.01 52585.304054 19.113 0.012 52585.304887 19.607 0.024 52585.306554 18.853 0.046 54.577995 0.198231
52909.472352 19.677 0.035 52909.474018 19.302 0.011 52909.470685 19.137 0.011 52909.471518 18.859 0.012 52909.473185 18.923 0.042 54.577995 0.198231
52910.442594 19.693 0.048 52910.44426 19.283 0.011 52910.440927 19.102 0.012 52910.44176 18.806 0.014 52910.443427 18.89 0.047 54.577995 0.198231
52935.369765 19.577 0.035 52935.371431 19.298 0.011 52935.368098 19.126 0.012 52935.368931 18.855 0.013 52935.370598 18.845 0.048 54.577995 0.198231
53351.21515 19.554 0.037 53351.216816 19.147 0.011 53351.213483 19.061 0.013 53351.214316 18.797 0.013 53351.215983 18.806 0.053 54.577995 0.198231
53622.472195 19.219 0.028 53622.473861 18.933 0.009 53622.470528 18.818 0.01 53622.471361 18.628 0.011 53622.473028 18.678 0.034 54.577995 0.198231
53627.429294 19.131 0.029 53627.43096 18.954 0.009 53627.427627 18.847 0.011 53627.42846 18.641 0.012 53627.430127 18.661 0.04 54.577995 0.198231
53634.421667 19.245 0.07 53634.423333 18.931 0.02 53634.42 18.851 0.02 53634.420833 18.668 0.019 53634.4225 18.61 0.049 54.577995 0.198231
53638.463003 19.165 0.034 53638.464669 18.914 0.011 53638.461336 18.842 0.012 53638.462169 18.975 0.016 53638.463836 18.636 0.078 54.577995 0.198231
53640.427039 19.202 0.035 53640.428705 18.937 0.01 53640.425372 18.845 0.011 53640.426205 18.668 0.012 53640.427872 18.693 0.045 54.577995 0.198231
53643.469513 19.179 0.032 53643.471179 18.933 0.011 53643.467846 18.843 0.013 53643.468679 18.638 0.015 53643.470346 18.695 0.046 54.577995 0.198231
53657.307191 19.251 0.087 53657.308857 18.911 0.029 53657.305524 18.785 0.023 53657.306357 18.631 0.023 53657.308024 -99.99 0.088 54.577995 0.198231
53657.471479 19.196 0.035 53657.473145 18.95 0.01 53657.469812 18.857 0.011 53657.470645 18.976 0.015 53657.472312 18.684 0.046 54.577995 0.198231
53663.488859 19.248 0.077 53663.490525 18.995 0.022 53663.487192 18.883 0.019 53663.488025 18.676 0.016 53663.489692 18.689 0.053 54.577995 0.198231
53664.424168 19.3 0.133 53664.425834 18.842 0.029 53664.422501 -99.99 0.069 53664.423334 18.583 0.045 53664.425001 -99.99 0.098 54.577995 0.198231
53665.488791 19.211 0.049 53665.490457 18.991 0.015 53665.487124 18.886 0.015 53665.487957 18.653 0.014 53665.489624 18.64 0.049 54.577995 0.198231
53668.477408 19.437 0.064 53668.479074 19.006 0.015 53668.475741 18.882 0.018 53668.476574 18.64 0.017 53668.478241 18.779 0.079 54.577995 0.198231
53669.383415 19.275 0.036 53669.385081 -99.99 0.012 53669.381748 18.87 0.012 53669.382581 18.655 0.013 53669.384248 18.688 0.045 54.577995 0.198231
53670.483378 19.194 0.054 53670.485044 -99.99 0.016 53670.481711 18.863 0.016 53670.482544 18.666 0.017 53670.484211 18.551 0.066 54.577995 0.198231
53671.468158 19.322 0.04 53671.469824 19.037 0.011 53671.466491 18.862 0.013 53671.467324 18.644 0.013 53671.468991 18.676 0.043 54.577995 0.198231
53674.367652 19.374 0.043 53674.369318 19.037 0.011 53674.365985 18.891 0.014 53674.366818 18.659 0.016 53674.368485 18.675 0.06 54.577995 0.198231
53676.457101 19.405 0.053 53676.458767 19.045 0.014 53676.455434 18.923 0.023 53676.456267 18.67 0.021 53676.457934 18.664 0.077 54.577995 0.198231
53679.429006 19.307 0.036 53679.430672 18.999 0.01 53679.427339 18.89 0.012 53679.428172 18.607 0.012 53679.429839 18.794 0.049 54.577995 0.198231
53681.42052 19.311 0.043 53681.422186 18.996 0.011 53681.418853 18.877 0.014 53681.419686 18.477 0.013 53681.421353 18.607 0.042 54.577995 0.198231
53684.382019 19.293 0.037 53684.383685 19.004 0.011 53684.380352 18.871 0.013 53684.381185 18.643 0.014 53684.382852 18.645 0.047 54.577995 0.198231
53687.323335 -99.99 0.106 53687.325001 19.037 0.034 53687.321668 18.872 0.025 53687.322501 18.67 0.022 53687.324168 -99.99 0.083 54.577995 0.198231
53694.393485 19.212 0.073 53694.395151 18.969 0.02 53694.391818 18.876 0.018 53694.392651 18.659 0.016 53694.394318 18.658 0.057 54.577995 0.198231
53696.386238 19.339 0.048 53696.387904 19.059 0.012 53696.384571 18.899 0.014 53696.385404 18.957 0.016 53696.387071 18.706 0.047 54.577995 0.198231
53697.377546 19.319 0.045 53697.379212 19.026 0.014 53697.375879 18.887 0.013 53697.376712 18.636 0.013 53697.378379 18.762 0.054 54.577995 0.198231
53700.376502 19.225 0.033 53700.378168 19.003 0.01 53700.374835 18.905 0.012 53700.375668 18.588 0.013 53700.377335 18.659 0.045 54.577995 0.198231
53705.363173 19.318 0.046 53705.364839 19.022 0.012 53705.361506 18.892 0.013 53705.362339 18.653 0.015 53705.364006 18.796 0.076 54.577995 0.198231
53975.448168 19.239 0.031 53975.449834 18.96 0.021 53975.446501 18.855 0.016 53975.447334 18.638 0.017 53975.449001 18.704 0.045 54.577995 0.198231
53994.471171 19.299 0.029 53994.472838 18.991 0.028 53994.469505 18.896 0.018 53994.470338 18.645 0.014 53994.472005 18.575 0.037 54.577995 0.198231
53996.454902 19.225 0.031 53996.456569 19.002 0.019 53996.453235 18.862 0.023 53996.454069 18.678 0.021 53996.455735 18.687 0.041 54.577995 0.198231
54005.468066 19.311 0.031 54005.469733 19.006 0.021 54005.466399 18.892 0.019 54005.467233 18.652 0.025 54005.468899 18.602 0.035 54.577995 0.198231
54009.481908 19.317 0.03 54009.483574 19.022 0.015 54009.480241 18.884 0.019 54009.481074 18.675 0.018 54009.482741 18.649 0.037 54.577995 0.198231
54010.409034 19.307 0.03 54010.410701 19.033 0.016 54010.407368 18.905 0.018 54010.408201 18.665 0.014 54010.409868 18.631 0.038 54.577995 0.198231
54012.401894 19.29 0.032 54012.403561 19.031 0.016 54012.400227 18.896 0.035 54012.401061 18.618 0.034 54012.402727 18.732 0.047 54.577995 0.198231
54020.440096 19.323 0.053 54020.441763 19.031 0.016 54020.43843 18.943 0.018 54020.439263 18.675 0.019 54020.44093 18.637 0.042 54.577995 0.198231
54024.489504 19.382 0.042 54024.491171 19.08 0.016 54024.487837 18.917 0.015 54024.488671 18.668 0.017 54024.490337 18.732 0.046 54.577995 0.198231
54028.477732 19.28 0.035 54028.479399 19.06 0.015 54028.476065 18.953 0.023 54028.476899 18.693 0.018 54028.478565 18.626 0.046 54.577995 0.198231
54030.433154 19.302 0.031 54030.434821 19.084 0.018 54030.431488 18.935 0.018 54030.432321 18.683 0.017 54030.433988 18.634 0.033 54.577995 0.198231
54035.477173 19.391 0.044 54035.478839 19.059 0.02 54035.475506 18.957 0.015 54035.476339 18.72 0.024 54035.478006 18.607 0.05 54.577995 0.198231
54037.382656 19.329 0.031 54037.384322 19.04 0.014 54037.380989 18.946 0.017 54037.381822 19.41 0.034 54037.383489 18.712 0.036 54.577995 0.198231
54040.397128 19.372 0.028 54040.398795 19.074 0.014 54040.395461 18.917 0.015 54040.396295 18.858 0.027 54040.397961 18.764 0.038 54.577995 0.198231
54041.432736 19.398 0.037 54041.434403 19.106 0.017 54041.431069 18.958 0.017 54041.431903 18.805 0.023 54041.433569 18.685 0.037 54.577995 0.198231
54047.427659 19.297 0.102 54047.429325 19.117 0.029 54047.425992 18.955 0.023 54047.426825 18.71 0.021 54047.428492 -99.99 0.073 54.577995 0.198231
54049.42359 19.514 0.071 54049.425257 19.12 0.02 54049.421923 18.993 0.024 54049.422757 18.713 0.058 54049.424423 18.637 0.047 54.577995 0.198231
54050.383763 19.412 0.071 54050.385429 19.116 0.022 54050.382096 18.96 0.021 54050.382929 18.704 0.018 54050.384596 18.81 0.073 54.577995 0.198231
54053.403286 19.518 0.063 54053.404952 -99.99 0.018 54053.401619 -99.99 0.023 54053.402452 18.697 0.023 54053.404119 -99.99 0.071 54.577995 0.198231
54056.389618 19.481 0.039 54056.391284 19.122 0.03 54056.387951 18.954 0.017 54056.388784 18.717 0.024 54056.390451 18.694 0.043 54.577995 0.198231
54059.383863 19.465 0.037 54059.38553 19.167 0.018 54059.382196 18.966 0.016 54059.38303 18.742 0.018 54059.384696 18.61 0.046 54.577995 0.198231
54061.394939 19.317 0.039 54061.396606 19.213 0.021 54061.393273 19.055 0.042 54061.394106 18.718 0.026 54061.395773 18.642 0.046 54.577995 0.198231
54062.38876 19.492 0.037 54062.390427 19.153 0.018 54062.387093 18.972 0.019 54062.387927 18.75 0.021 54062.389593 18.752 0.038 54.577995 0.198231
54064.385201 19.498 0.045 54064.386868 19.204 0.017 54064.383534 18.986 0.018 54064.384368 18.734 0.017 54064.386034 18.692 0.047 54.577995 0.198231
54068.369356 19.511 0.049 54068.371023 19.149 0.019 54068.36769 18.967 0.024 54068.368523 18.753 0.031 54068.37019 18.873 0.066 54.577995 0.198231
54357.427058 19.377 0.038 54357.428724 19.15 0.021 54357.425391 18.991 0.019 54357.426224 18.757 0.025 54357.427891 18.866 0.067 54.577995 0.198231
54362.476911 19.365 0.03 54362.478578 19.117 0.016 54362.475245 19.006 0.014 54362.476078 18.773 0.018 54362.477745 18.818 0.039 54.577995 0.198231
54376.471949 19.344 0.034 54376.473615 19.143 0.024 54376.470282 19.018 0.016 54376.471115 18.77 0.017 54376.472782 18.784 0.04 54.577995 0.198231
54382.457101 19.493 0.039 54382.458767 19.141 0.019 54382.455434 19.005 0.015 54382.456267 18.77 0.024 54382.457934 18.786 0.048 54.577995 0.198231
54385.474882 19.473 0.038 54385.476549 19.146 0.019 54385.473216 19.049 0.017 54385.474049 18.754 0.019 54385.475716 18.884 0.048 54.577995 0.198231
54387.475381 19.339 0.045 54387.477048 19.128 0.018 54387.473714 19 0.016 54387.474548 18.755 0.022 54387.476214 18.768 0.042 54.577995 0.198231
54390.467777 19.384 0.051 54390.469443 19.135 0.031 54390.46611 -99.99 0.021 54390.466943 -99.99 0.024 54390.46861 18.734 0.074 54.577995 0.198231
54391.476219 19.355 0.045 54391.477885 19.145 0.013 54391.474552 19.043 0.02 54391.475385 18.803 0.022 54391.477052 18.671 0.057 54.577995 0.198231
54402.468563 19.408 0.097 54402.470229 19.205 0.035 54402.466896 18.993 0.024 54402.467729 18.74 0.026 54402.469396 18.781 0.058 54.577995 0.198231
