51075.448017 19.423 0.03 51075.449683 19.275 0.012 51075.44635 19.179 0.014 51075.447183 18.822 0.016 51075.44885 18.727 0.046 53.487173 -0.52306
51818.417666 19.236 0.029 51818.419332 19.143 0.011 51818.415999 19.092 0.012 51818.416832 18.771 0.012 51818.418499 18.751 0.038 53.487173 -0.52306
52171.405791 19.395 0.035 52171.407457 19.266 0.013 52171.404124 19.188 0.015 52171.404957 18.838 0.015 52171.406624 18.759 0.04 53.487173 -0.52306
52173.38206 19.449 0.037 52173.383726 19.285 0.012 52173.380393 19.155 0.014 52173.381226 18.848 0.014 52173.382893 18.867 0.048 53.487173 -0.52306
52224.362165 19.29 0.031 52224.363831 19.2 0.011 52224.360498 19.116 0.012 52224.361331 18.798 0.012 52224.362998 18.954 0.041 53.487173 -0.52306
52234.318679 19.289 0.032 52234.320345 19.245 0.011 52234.317012 19.074 0.013 52234.317845 18.798 0.012 52234.319512 18.799 0.034 53.487173 -0.52306
52261.282034 19.216 0.029 52261.2837 19.121 0.01 52261.280367 19.074 0.012 52261.2812 18.782 0.011 52261.282867 18.712 0.029 53.487173 -0.52306
52283.149408 19.254 0.033 52283.151074 19.141 0.011 52283.147741 19.062 0.014 52283.148574 18.765 0.013 52283.150241 18.77 0.051 53.487173 -0.52306
52287.162532 19.238 0.029 52287.164198 19.083 0.01 52287.160865 19.033 0.012 52287.161698 18.753 0.011 52287.163365 18.654 0.034 53.487173 -0.52306
52552.481222 19.076 0.025 52552.482888 19.014 0.01 52552.479555 18.914 0.011 52552.480388 18.68 0.011 52552.482055 18.672 0.032 53.487173 -0.52306
52557.455582 19.04 0.026 52557.457248 18.928 0.009 52557.453915 18.919 0.012 52557.454748 18.645 0.012 52557.456415 18.59 0.036 53.487173 -0.52306
52585.356912 19.057 0.024 52585.358578 18.884 0.009 52585.355245 18.894 0.011 52585.356078 18.66 0.011 52585.357745 18.757 0.038 53.487173 -0.52306
52908.43015 19.028 0.027 52908.431816 18.949 0.01 52908.428483 18.92 0.011 52908.429316 18.647 0.011 52908.430983 18.51 0.032 53.487173 -0.52306
52912.409588 19.073 0.029 52912.411254 18.953 0.01 52912.407921 18.924 0.011 52912.408754 18.66 0.011 52912.410421 18.608 0.033 53.487173 -0.52306
52934.362056 19.077 0.027 52934.363722 18.953 0.009 52934.360389 18.93 0.011 52934.361222 18.67 0.012 52934.362889 18.557 0.035 53.487173 -0.52306
52936.357983 19.052 0.025 52936.359649 18.962 0.009 52936.356316 18.931 0.011 52936.357149 18.695 0.011 52936.358816 18.639 0.032 53.487173 -0.52306
53270.422068 19.14 0.026 53270.423734 19.028 0.013 53270.420401 18.988 0.014 53270.421234 18.717 0.013 53270.422901 18.633 0.028 53.487173 -0.52306
53272.471979 19.175 0.027 53272.473645 19.011 0.01 53272.470312 18.987 0.011 53272.471145 18.731 0.011 53272.472812 18.697 0.031 53.487173 -0.52306
53286.4407 19.107 0.034 53286.442366 19.055 0.014 53286.439033 18.987 0.012 53286.439866 18.711 0.012 53286.441533 18.693 0.041 53.487173 -0.52306
53288.399191 19.164 0.027 53288.400857 19.049 0.01 53288.397524 18.964 0.011 53288.398357 18.691 0.011 53288.400024 18.653 0.031 53.487173 -0.52306
53294.446865 19.178 0.031 53294.448531 18.996 0.013 53294.445198 18.973 0.014 53294.446031 18.705 0.013 53294.447698 18.597 0.034 53.487173 -0.52306
53296.393948 19.086 0.028 53296.395615 19.013 0.017 53296.392281 18.959 0.019 53296.393115 18.753 0.018 53296.394781 18.617 0.033 53.487173 -0.52306
53298.443642 19.119 0.028 53298.445308 19.006 0.01 53298.441975 18.971 0.012 53298.442808 18.704 0.012 53298.444475 18.625 0.037 53.487173 -0.52306
53312.350422 19.13 0.035 53312.352089 19.027 0.021 53312.348755 18.956 0.018 53312.349589 18.666 0.018 53312.351255 18.651 0.039 53.487173 -0.52306
53314.351594 19.087 0.032 53314.35326 19.018 0.011 53314.349927 18.975 0.012 53314.35076 18.669 0.012 53314.352427 18.551 0.032 53.487173 -0.52306
53319.33939 19.139 0.032 53319.341056 19.008 0.013 53319.337723 18.96 0.014 53319.338556 18.71 0.013 53319.340223 18.635 0.043 53.487173 -0.52306
53616.455944 19.083 0.029 53616.45761 18.983 0.01 53616.454277 18.942 0.011 53616.45511 18.686 0.012 53616.456777 18.575 0.033 53.487173 -0.52306
53626.432372 -99.99 0.062 53626.434038 -99.99 0.507 53626.430705 -99.99 0.014 53626.431538 -99.99 0.014 53626.433205 -99.99 0.77 53.487173 -0.52306
53628.417236 19.107 0.029 53628.418902 18.978 0.01 53628.415569 18.967 0.013 53628.416402 18.679 0.014 53628.418069 18.628 0.042 53.487173 -0.52306
53639.464234 19.087 0.031 53639.4659 18.938 0.011 53639.462567 18.987 0.012 53639.4634 18.677 0.011 53639.465067 18.616 0.032 53.487173 -0.52306
53641.463398 19.096 0.032 53641.465064 18.963 0.011 53641.461731 18.927 0.012 53641.462564 18.653 0.012 53641.464231 18.585 0.031 53.487173 -0.52306
53657.422284 19.143 0.032 53657.42395 18.942 0.01 53657.420617 18.92 0.013 53657.42145 18.648 0.013 53657.423117 18.532 0.039 53.487173 -0.52306
53663.406832 18.995 0.049 53663.408498 18.915 0.02 53663.405165 18.958 0.017 53663.405998 18.662 0.014 53663.407665 18.53 0.035 53.487173 -0.52306
53665.384804 19.034 0.041 53665.38647 18.975 0.014 53665.383137 18.922 0.015 53665.38397 18.665 0.014 53665.385637 18.599 0.036 53.487173 -0.52306
53666.476913 19.146 0.045 53666.478579 18.952 0.014 53666.475246 18.949 0.014 53666.476079 18.661 0.012 53666.477746 18.633 0.036 53.487173 -0.52306
53668.396432 19.045 0.037 53668.398098 18.966 0.013 53668.394765 18.95 0.014 53668.395598 18.718 0.014 53668.397265 18.653 0.042 53.487173 -0.52306
53669.484039 19.03 0.043 53669.485705 18.974 0.013 53669.482372 18.969 0.016 53669.483205 18.657 0.013 53669.484872 18.57 0.041 53.487173 -0.52306
53670.401284 19.081 0.038 53670.40295 18.996 0.012 53670.399617 18.975 0.015 53670.40045 18.712 0.015 53670.402117 18.678 0.045 53.487173 -0.52306
53673.369272 19.031 0.028 53673.370938 18.948 0.009 53673.367605 18.94 0.011 53673.368438 18.678 0.011 53673.370105 18.613 0.03 53.487173 -0.52306
53675.36616 19.1 0.028 53675.367826 18.951 0.01 53675.364493 18.946 0.012 53675.365326 18.676 0.013 53675.366993 18.568 0.034 53.487173 -0.52306
53676.485803 19.03 0.172 53676.487469 19.012 0.049 53676.484136 18.96 0.036 53676.484969 18.765 0.045 53676.486636 19.18 0.31 53.487173 -0.52306
53680.373857 19.09 0.026 53680.375523 18.958 0.009 53680.37219 18.95 0.011 53680.373023 18.673 0.011 53680.37469 18.52 0.027 53.487173 -0.52306
53683.432406 19.095 0.054 53683.434072 19.001 0.016 53683.430739 18.926 0.031 53683.431572 18.715 0.024 53683.433239 18.6 0.076 53.487173 -0.52306
53686.373288 19.049 0.039 53686.374954 18.985 0.016 53686.371621 18.945 0.015 53686.372454 18.68 0.013 53686.374121 18.585 0.035 53.487173 -0.52306
53693.375747 19.137 0.076 53693.377413 19.053 0.028 53693.37408 19.001 0.021 53693.374913 18.702 0.016 53693.37658 18.688 0.047 53.487173 -0.52306
53699.396581 19.143 0.038 53699.398247 19.022 0.012 53699.394914 18.957 0.012 53699.395747 18.691 0.012 53699.397414 18.664 0.035 53.487173 -0.52306
53704.359067 19.165 0.036 53704.360733 19.031 0.011 53704.3574 18.999 0.013 53704.358233 18.7 0.012 53704.3599 18.593 0.037 53.487173 -0.52306
53989.45512 19.277 0.047 53989.456786 19.187 0.022 53989.453453 19.114 0.02 53989.454286 18.793 0.015 53989.455953 18.725 0.03 53.487173 -0.52306
54000.430579 -99.99 0.032 54000.432245 19.182 0.017 54000.428912 19.077 0.022 54000.429745 18.748 0.025 54000.431412 -99.99 0.048 53.487173 -0.52306
54007.480698 19.309 0.029 54007.482365 19.192 0.019 54007.479032 19.095 0.016 54007.479865 18.789 0.017 54007.481532 18.755 0.047 53.487173 -0.52306
54008.441489 19.258 0.031 54008.443156 19.151 0.017 54008.439823 19.094 0.015 54008.440656 18.761 0.018 54008.442323 18.633 0.036 53.487173 -0.52306
54009.404497 19.279 0.031 54009.406164 19.173 0.017 54009.40283 19.085 0.021 54009.403664 18.799 0.02 54009.40533 18.981 0.042 53.487173 -0.52306
54011.469001 19.231 0.033 54011.470667 19.168 0.022 54011.467334 19.097 0.02 54011.468167 18.771 0.023 54011.469834 18.741 0.028 53.487173 -0.52306
54012.481806 19.256 0.04 54012.483473 19.151 0.021 54012.48014 19.087 0.017 54012.480973 18.784 0.019 54012.48264 18.748 0.047 53.487173 -0.52306
54019.463991 19.234 0.077 54019.465658 19.163 0.021 54019.462325 19.078 0.017 54019.463158 18.774 0.021 54019.464825 18.698 0.038 53.487173 -0.52306
54025.467978 -99.99 0.036 54025.469645 19.133 0.018 54025.466312 19.073 0.016 54025.467145 18.757 0.016 54025.468812 18.691 0.038 53.487173 -0.52306
54346.461726 19.282 0.053 54346.463392 19.065 0.027 54346.460059 19.021 0.019 54346.460892 18.717 0.02 54346.462559 18.729 0.036 53.487173 -0.52306
54348.465691 19.176 0.035 54348.467358 19.078 0.019 54348.464024 19.012 0.016 54348.464858 18.714 0.018 54348.466524 18.632 0.031 53.487173 -0.52306
54358.421524 19.096 0.031 54358.423191 19.116 0.017 54358.419857 19.05 0.022 54358.420691 18.729 0.021 54358.422357 18.637 0.031 53.487173 -0.52306
54365.454612 19.108 0.025 54365.456279 19.069 0.018 54365.452946 18.994 0.014 54365.453779 18.689 0.017 54365.455446 18.662 0.029 53.487173 -0.52306
54381.474184 19.081 0.038 54381.47585 19.021 0.018 54381.472517 19.026 0.02 54381.47335 18.683 0.017 54381.475017 18.633 0.03 53.487173 -0.52306
54386.466492 19.152 0.031 54386.468159 19.089 0.019 54386.464825 18.993 0.016 54386.465659 18.693 0.016 54386.467325 18.668 0.027 53.487173 -0.52306
54388.470736 19.129 0.033 54388.472402 19.056 0.023 54388.469069 18.967 0.014 54388.469902 18.703 0.02 54388.471569 18.643 0.033 53.487173 -0.52306
54392.468309 19.163 0.029 54392.469976 19.057 0.017 54392.466642 18.977 0.016 54392.467476 18.701 0.02 54392.469142 18.69 0.033 53.487173 -0.52306
54403.384605 19.214 0.061 54403.386272 19.044 0.024 54403.382939 18.944 0.019 54403.383772 18.706 0.02 54403.385439 18.691 0.052 53.487173 -0.52306
54404.442076 19.298 0.066 54404.443743 19.092 0.024 54404.44041 -99.99 0.099 54404.441243 18.729 0.024 54404.44291 18.621 0.062 53.487173 -0.52306
54406.378376 19.204 0.03 54406.380043 19.038 0.02 54406.37671 18.955 0.013 54406.377543 18.691 0.012 54406.37921 18.69 0.026 53.487173 -0.52306
54409.383237 19.134 0.032 54409.384903 19.064 0.02 54409.38157 18.975 0.015 54409.382403 18.701 0.018 54409.38407 18.541 0.031 53.487173 -0.52306
54412.404132 19.23 0.043 54412.405799 19.065 0.022 54412.402465 18.946 0.018 54412.403299 18.707 0.021 54412.404965 18.655 0.044 53.487173 -0.52306
