51081.435137 22.212 0.291 51081.436803 20.715 0.034 51081.43347 20.451 0.037 51081.434303 20.333 0.049 51081.43597 20.036 0.12 54.723214 0.636129
51818.421105 21.621 0.155 51818.422771 20.459 0.026 51818.419438 20.162 0.026 51818.420271 20.075 0.037 51818.421938 19.929 0.097 54.723214 0.636129
52171.409188 21.231 0.105 52171.410854 20.238 0.02 52171.407521 19.995 0.02 52171.408354 19.897 0.026 52171.410021 19.85 0.076 54.723214 0.636129
52173.385451 21.429 0.14 52173.387117 20.213 0.022 52173.383784 20.007 0.024 52173.384617 19.872 0.034 52173.386284 19.901 0.116 54.723214 0.636129
52224.365586 21.147 0.092 52224.367252 20.185 0.019 52224.363919 19.969 0.02 52224.364752 19.874 0.028 52224.366419 19.912 0.089 54.723214 0.636129
52234.322103 20.952 0.092 52234.323769 20.215 0.022 52234.320436 19.952 0.021 52234.321269 19.916 0.029 52234.322936 19.941 0.094 54.723214 0.636129
52261.285459 21.217 0.098 52261.287125 20.136 0.019 52261.283792 19.94 0.019 52261.284625 19.848 0.024 52261.286292 19.831 0.087 54.723214 0.636129
52283.152834 21.3 0.137 52283.1545 20.131 0.021 52283.151167 19.916 0.024 52283.152 19.852 0.033 52283.153667 19.814 0.123 54.723214 0.636129
52287.165957 21.221 0.101 52287.167623 20.161 0.02 52287.16429 19.914 0.021 52287.165123 19.848 0.027 52287.16679 19.859 0.084 54.723214 0.636129
52552.484645 20.972 0.078 52552.486311 19.999 0.017 52552.482978 19.728 0.016 52552.483811 19.649 0.023 52552.485478 19.594 0.065 54.723214 0.636129
52557.459005 21.026 0.085 52557.460671 19.968 0.016 52557.457338 19.751 0.018 52557.458171 19.631 0.026 52557.459838 19.546 0.074 54.723214 0.636129
52585.360335 20.868 0.071 52585.362001 19.889 0.015 52585.358668 19.656 0.017 52585.359501 19.584 0.023 52585.361168 19.716 0.079 54.723214 0.636129
52908.433573 21.537 0.16 52908.435239 20.098 0.019 52908.431906 19.84 0.019 52908.432739 19.747 0.027 52908.434406 19.595 0.086 54.723214 0.636129
52909.472753 21.213 0.089 52909.474419 20.105 0.018 52909.471086 19.795 0.017 52909.471919 19.763 0.024 52909.473586 19.758 0.07 54.723214 0.636129
52912.413013 21.166 0.118 52912.414679 20.107 0.021 52912.411346 19.838 0.019 52912.412179 19.755 0.027 52912.413846 19.765 0.088 54.723214 0.636129
52934.365481 21.382 0.115 52934.367147 20.094 0.018 52934.363814 19.865 0.02 52934.364647 19.772 0.028 52934.366314 19.669 0.084 54.723214 0.636129
52936.361407 21.177 0.09 52936.363073 20.101 0.018 52936.35974 19.869 0.019 52936.360573 19.799 0.027 52936.36224 19.723 0.076 54.723214 0.636129
53270.425463 21.139 0.077 53270.427129 19.949 0.021 53270.423796 19.713 0.018 53270.424629 19.581 0.023 53270.426296 19.574 0.053 54.723214 0.636129
53272.475403 20.951 0.076 53272.477069 19.963 0.016 53272.473736 19.678 0.016 53272.474569 19.648 0.022 53272.476236 19.537 0.061 54.723214 0.636129
53286.444123 20.994 0.152 53286.445789 19.978 0.026 53286.442456 19.697 0.024 53286.443289 19.633 0.033 53286.444956 19.766 0.13 54.723214 0.636129
53288.402617 20.974 0.085 53288.404283 19.905 0.017 53288.40095 19.669 0.017 53288.401783 19.631 0.023 53288.40345 19.546 0.064 54.723214 0.636129
53294.45029 20.993 0.089 53294.451956 19.947 0.018 53294.448623 19.736 0.024 53294.449456 19.622 0.03 53294.451123 19.532 0.066 54.723214 0.636129
53296.397348 21.15 0.111 53296.399015 19.925 0.018 53296.395682 19.728 0.021 53296.396515 19.644 0.027 53296.398182 19.599 0.071 54.723214 0.636129
53298.447065 21.19 0.107 53298.448731 19.936 0.016 53298.445398 19.705 0.02 53298.446231 19.623 0.028 53298.447898 19.662 0.089 54.723214 0.636129
53312.353819 20.859 0.141 53312.355486 19.932 0.026 53312.352152 19.706 0.024 53312.352986 19.623 0.031 53312.354652 19.576 0.077 54.723214 0.636129
53314.355018 21.242 0.14 53314.356684 19.974 0.022 53314.353351 19.699 0.02 53314.354184 19.674 0.028 53314.355851 19.711 0.086 54.723214 0.636129
53319.342814 20.911 0.132 53319.34448 19.986 0.022 53319.341147 19.64 0.024 53319.34198 19.705 0.038 53319.343647 19.693 0.114 54.723214 0.636129
53616.459367 20.818 0.085 53616.461033 19.743 0.017 53616.4577 19.549 0.019 53616.458533 19.55 0.027 53616.4602 19.408 0.072 54.723214 0.636129
53628.42066 21.113 0.143 53628.422326 19.758 0.018 53628.418993 19.547 0.019 53628.419826 19.561 0.034 53628.421493 19.448 0.108 54.723214 0.636129
53639.467657 20.805 0.096 53639.469323 19.792 0.018 53639.46599 19.565 0.017 53639.466823 19.5 0.022 53639.46849 19.608 0.07 54.723214 0.636129
53657.307593 -99.99 0.227 53657.309259 -99.99 0.06 53657.305926 19.543 0.042 53657.306759 -99.99 0.049 53657.308426 19.305 0.146 54.723214 0.636129
53657.425707 20.912 0.109 53657.427373 19.827 0.017 53657.42404 19.567 0.019 53657.424873 19.484 0.027 53657.42654 19.464 0.085 54.723214 0.636129
53663.410255 20.602 0.172 53663.411921 19.677 0.034 53663.408588 19.484 0.029 53663.409421 19.418 0.029 53663.411088 19.463 0.069 54.723214 0.636129
53665.388228 20.823 0.151 53665.389894 19.767 0.028 53665.386561 19.593 0.022 53665.387394 19.489 0.027 53665.389061 19.485 0.077 54.723214 0.636129
53666.480334 20.688 0.141 53666.482 19.791 0.024 53666.478667 19.561 0.02 53666.4795 19.536 0.025 53666.481167 19.452 0.063 54.723214 0.636129
53668.399856 20.801 0.148 53668.401522 19.752 0.022 53668.398189 19.53 0.023 53668.399022 19.536 0.032 53668.400689 19.423 0.081 54.723214 0.636129
53669.48746 20.53 0.124 53669.489126 19.81 0.022 53669.485793 19.55 0.021 53669.486626 19.532 0.028 53669.488293 19.362 0.068 54.723214 0.636129
53670.404708 20.794 0.133 53670.406374 19.784 0.023 53670.403041 19.601 0.02 53670.403874 19.507 0.027 53670.405541 19.422 0.093 54.723214 0.636129
53673.372696 20.771 0.075 53673.374362 19.756 0.014 53673.371029 19.583 0.016 53673.371862 19.53 0.02 53673.373529 19.572 0.061 54.723214 0.636129
53675.369583 20.975 0.087 53675.371249 19.847 0.015 53675.367916 19.607 0.018 53675.368749 19.545 0.024 53675.370416 19.567 0.067 54.723214 0.636129
53676.489222 20.668 0.648 53676.490888 19.834 0.09 53676.487555 19.58 0.107 53676.488388 19.724 0.177 53676.490055 19.014 0.376 54.723214 0.636129
53680.377281 20.716 0.071 53680.378947 19.823 0.015 53680.375614 19.587 0.016 53680.376447 19.493 0.02 53680.378114 19.49 0.055 54.723214 0.636129
53683.435827 20.876 0.179 53683.437493 19.78 0.031 53683.43416 19.544 0.034 53683.434993 19.512 0.046 53683.43666 19.247 0.147 54.723214 0.636129
53686.376712 20.804 0.147 53686.378378 19.755 0.028 53686.375045 19.552 0.024 53686.375878 19.562 0.03 53686.377545 19.398 0.06 54.723214 0.636129
53693.37917 20.73 0.268 53693.380836 19.789 0.046 53693.377503 19.468 0.032 53693.378336 19.445 0.037 53693.380003 19.469 0.089 54.723214 0.636129
53694.393887 20.661 0.254 53694.395553 19.842 0.047 53694.39222 19.556 0.033 53694.393053 19.443 0.036 53694.39472 19.61 0.109 54.723214 0.636129
53699.400003 20.664 0.108 53699.401669 19.74 0.019 53699.398336 19.541 0.02 53699.399169 19.512 0.026 53699.400836 19.421 0.06 54.723214 0.636129
53704.36249 20.653 0.09 53704.364156 19.784 0.017 53704.360823 19.56 0.018 53704.361656 19.513 0.026 53704.363323 19.451 0.075 54.723214 0.636129
54007.484134 20.991 0.078 54007.485801 19.811 0.018 54007.482468 19.611 0.021 54007.483301 19.575 0.022 54007.484968 19.483 0.053 54.723214 0.636129
54008.444924 20.936 0.082 54008.44659 19.799 0.015 54008.443257 19.551 0.018 54008.44409 19.502 0.026 54008.445757 19.433 0.056 54.723214 0.636129
54009.407886 20.995 0.065 54009.409553 19.792 0.016 54009.406219 19.585 0.017 54009.407053 19.492 0.019 54009.408719 19.477 0.042 54.723214 0.636129
54011.472382 20.796 0.058 54011.474049 19.751 0.021 54011.470716 19.596 0.016 54011.471549 19.552 0.02 54011.473216 19.525 0.043 54.723214 0.636129
54019.467382 -99.99 0.117 54019.469049 19.764 0.026 54019.465716 19.587 0.023 54019.466549 19.513 0.024 54019.468216 19.466 0.058 54.723214 0.636129
54025.471382 20.695 0.078 54025.473049 19.795 0.018 54025.469715 19.603 0.02 54025.470549 19.543 0.025 54025.472215 19.512 0.061 54.723214 0.636129
54346.465187 20.767 0.156 54346.466854 19.888 0.034 54346.463521 19.623 0.031 54346.464354 19.587 0.031 54346.466021 19.471 0.06 54.723214 0.636129
54348.46928 20.744 0.109 54348.470947 19.903 0.026 54348.467613 19.64 0.021 54348.468447 19.57 0.026 54348.470113 19.529 0.071 54.723214 0.636129
54358.424946 20.896 0.072 54358.426612 19.815 0.018 54358.423279 19.623 0.02 54358.424112 19.583 0.023 54358.425779 19.431 0.055 54.723214 0.636129
54362.477271 21.008 0.07 54362.478938 19.816 0.021 54362.475604 19.558 0.025 54362.476438 19.586 0.025 54362.478104 19.666 0.062 54.723214 0.636129
54365.458024 20.839 0.059 54365.45969 19.829 0.018 54365.456357 19.586 0.017 54365.45719 19.61 0.028 54365.458857 19.597 0.046 54.723214 0.636129
54381.47758 20.938 0.097 54381.479247 19.822 0.021 54381.475913 19.592 0.018 54381.476747 19.603 0.025 54381.478413 19.576 0.07 54.723214 0.636129
54386.469899 21.044 0.083 54386.471566 19.843 0.018 54386.468233 19.586 0.017 54386.469066 19.558 0.02 54386.470733 19.561 0.051 54.723214 0.636129
54388.474152 20.967 0.09 54388.475819 19.856 0.017 54388.472486 19.62 0.019 54388.473319 19.531 0.022 54388.474986 19.641 0.067 54.723214 0.636129
54392.471727 21.005 0.094 54392.473394 19.818 0.02 54392.47006 19.623 0.021 54392.470894 19.61 0.025 54392.47256 19.515 0.057 54.723214 0.636129
54402.468935 -99.99 0.349 54402.470602 19.823 0.05 54402.467269 19.618 0.038 54402.468102 19.571 0.042 54402.469769 19.622 0.105 54.723214 0.636129
54403.387996 20.545 0.18 54403.389663 -99.99 0.341 54403.386329 19.594 0.031 54403.387163 19.564 0.036 54403.388829 19.551 0.249 54.723214 0.636129
54404.445532 21.545 0.383 54404.447198 -99.99 0.108 54404.443865 19.558 0.038 54404.444698 19.582 0.036 54404.446365 19.765 0.129 54.723214 0.636129
54406.381791 20.932 0.084 54406.383458 19.809 0.02 54406.380125 19.594 0.021 54406.380958 19.616 0.025 54406.382625 19.579 0.047 54.723214 0.636129
54409.386645 20.931 0.078 54409.388312 19.799 0.017 54409.384979 19.606 0.016 54409.385812 19.587 0.023 54409.387479 19.525 0.059 54.723214 0.636129
54412.407558 20.889 0.111 54412.409225 19.815 0.023 54412.405891 19.606 0.023 54412.406725 19.546 0.03 54412.408391 19.565 0.07 54.723214 0.636129
