51075.446862 21.711 0.16 51075.448528 20.883 0.034 51075.445195 19.974 0.023 51075.446028 19.328 0.021 51075.447695 19.297 0.091 53.071201 0.367746
51818.416492 22.015 0.22 51818.418158 20.62 0.027 51818.414825 19.755 0.018 51818.415658 19.13 0.017 51818.417325 18.993 0.056 53.071201 0.367746
52171.404624 21.873 0.194 52171.40629 20.764 0.032 52171.402957 19.85 0.019 52171.40379 19.242 0.017 52171.405457 18.986 0.054 53.071201 0.367746
52173.38088 22.19 0.326 52173.382546 20.718 0.031 52173.379213 19.906 0.022 52173.380046 19.227 0.02 52173.381713 19.068 0.07 53.071201 0.367746
52224.361015 22.25 0.244 52224.362681 20.8 0.027 52224.359348 19.896 0.019 52224.360181 19.248 0.016 52224.361848 19.068 0.053 53.071201 0.367746
52234.317526 22.167 0.298 52234.319192 20.76 0.028 52234.315859 19.92 0.021 52234.316692 19.241 0.018 52234.318359 19.01 0.05 53.071201 0.367746
52261.280883 22.294 0.259 52261.282549 20.838 0.029 52261.279216 19.903 0.022 52261.280049 19.237 0.02 52261.281716 19.094 0.048 53.071201 0.367746
52283.148258 22.528 0.442 52283.149924 20.87 0.036 52283.146591 19.99 0.027 52283.147424 19.321 0.022 52283.149091 19.204 0.088 53.071201 0.367746
52287.161381 22.852 0.464 52287.163047 20.881 0.033 52287.159714 19.945 0.021 52287.160547 19.307 0.017 52287.162214 19.168 0.055 53.071201 0.367746
52552.48007 22.259 0.253 52552.481736 20.907 0.029 52552.478403 20.035 0.021 52552.479236 19.341 0.018 52552.480903 19.146 0.057 53.071201 0.367746
52557.454429 22.307 0.281 52557.456095 20.922 0.029 52557.452762 20.039 0.023 52557.453595 19.349 0.019 52557.455262 19.31 0.072 53.071201 0.367746
52585.35576 22.066 0.215 52585.357426 21.083 0.032 52585.354093 20.077 0.022 52585.354926 19.356 0.018 52585.356593 19.145 0.059 53.071201 0.367746
52908.428998 22.709 0.386 52908.430664 20.998 0.035 52908.427331 20.025 0.021 52908.428164 19.425 0.019 52908.429831 19.165 0.064 53.071201 0.367746
52912.408437 22.347 0.339 52912.410103 21.094 0.036 52912.40677 20.089 0.022 52912.407603 19.382 0.019 52912.40927 19.265 0.073 53.071201 0.367746
52934.360905 22.687 0.43 52934.362571 21.056 0.035 52934.359238 20.079 0.024 52934.360071 19.406 0.02 52934.361738 19.272 0.076 53.071201 0.367746
52936.356831 22.545 0.3 52936.358497 21.074 0.032 52936.355164 20.078 0.022 52936.355997 19.418 0.018 52936.357664 19.309 0.064 53.071201 0.367746
53270.420884 22.238 0.217 53270.422551 20.819 0.026 53270.419218 19.908 0.022 53270.420051 19.288 0.021 53270.421718 19.118 0.047 53.071201 0.367746
53272.470828 22.236 0.261 53272.472494 20.823 0.028 53272.469161 19.892 0.019 53272.469994 19.296 0.017 53272.471661 19.156 0.058 53.071201 0.367746
53286.439548 21.818 0.255 53286.441214 20.796 0.044 53286.437881 19.93 0.024 53286.438714 19.302 0.018 53286.440381 19.017 0.058 53.071201 0.367746
53288.398042 21.983 0.225 53288.399708 20.792 0.027 53288.396375 19.894 0.019 53288.397208 19.291 0.017 53288.398875 19.042 0.052 53.071201 0.367746
53294.445714 22.187 0.353 53294.44738 20.804 0.032 53294.444047 19.857 0.022 53294.44488 19.261 0.018 53294.446547 19.066 0.067 53.071201 0.367746
53296.392751 21.702 0.194 53296.394417 20.868 0.032 53296.391084 19.923 0.024 53296.391917 19.305 0.021 53296.393584 19.129 0.061 53.071201 0.367746
53298.44249 22.471 0.359 53298.444156 20.814 0.029 53298.440823 19.942 0.024 53298.441656 19.262 0.019 53298.443323 19.17 0.07 53.071201 0.367746
53312.349272 22.537 0.594 53312.350938 20.946 0.056 53312.347605 19.948 0.029 53312.348438 19.277 0.021 53312.350105 19.156 0.073 53.071201 0.367746
53314.350442 22.465 0.412 53314.352108 20.853 0.039 53314.348775 19.94 0.023 53314.349608 19.283 0.019 53314.351275 19.212 0.066 53.071201 0.367746
53319.338239 22.007 0.35 53319.339905 20.894 0.046 53319.336572 19.949 0.028 53319.337405 19.249 0.022 53319.339072 19.139 0.086 53.071201 0.367746
53616.454792 22.837 0.5 53616.456458 20.85 0.03 53616.453125 19.974 0.023 53616.453958 19.308 0.018 53616.455625 19.079 0.06 53.071201 0.367746
53628.416085 22.022 0.319 53628.417751 20.846 0.035 53628.414418 19.956 0.025 53628.415251 19.311 0.024 53628.416918 18.899 0.061 53.071201 0.367746
53639.463081 22.074 0.3 53639.464747 20.856 0.04 53639.461414 19.954 0.022 53639.462247 19.296 0.018 53639.463914 19.168 0.062 53.071201 0.367746
53641.462247 21.789 0.324 53641.463913 20.843 0.037 53641.46058 19.913 0.026 53641.461413 19.327 0.021 53641.46308 19.088 0.066 53.071201 0.367746
53657.421132 22.852 0.641 53657.422798 20.835 0.034 53657.419465 19.954 0.029 53657.420298 19.297 0.024 53657.421965 19.058 0.072 53.071201 0.367746
53663.40568 21.673 0.481 53663.407346 20.846 0.096 53663.404013 19.871 0.04 53663.404846 19.285 0.023 53663.406513 19.117 0.061 53.071201 0.367746
53665.383652 21.779 0.405 53665.385318 20.804 0.06 53665.381985 19.891 0.037 53665.382818 19.224 0.029 53665.384485 19.041 0.064 53.071201 0.367746
53666.475759 22.185 0.575 53666.477425 20.827 0.058 53666.474092 19.978 0.029 53666.474925 19.291 0.02 53666.476592 19.118 0.062 53.071201 0.367746
53668.395281 21.817 0.357 53668.396947 20.852 0.052 53668.393614 19.973 0.03 53668.394447 19.297 0.025 53668.396114 19.068 0.076 53.071201 0.367746
53669.482886 21.802 0.468 53669.484552 20.87 0.054 53669.481219 19.921 0.032 53669.482052 19.319 0.026 53669.483719 19.035 0.072 53.071201 0.367746
53670.400132 22.52 0.631 53670.401798 20.806 0.047 53670.398465 19.941 0.028 53670.399298 19.291 0.022 53670.400965 19.105 0.079 53.071201 0.367746
53673.368121 22.268 0.288 53673.369787 20.868 0.028 53673.366454 19.932 0.02 53673.367287 19.281 0.016 53673.368954 19.221 0.059 53.071201 0.367746
53675.365009 22.334 0.327 53675.366675 20.834 0.033 53675.363342 19.978 0.023 53675.364175 19.285 0.018 53675.365842 19.099 0.061 53.071201 0.367746
53676.48465 21.975 1.084 53676.486316 20.982 0.185 53676.482983 19.998 0.086 53676.483816 19.284 0.052 53676.485483 18.734 0.2 53.071201 0.367746
53680.372706 22.114 0.253 53680.374372 20.887 0.028 53680.371039 19.975 0.021 53680.371872 19.29 0.017 53680.373539 19.08 0.047 53.071201 0.367746
53683.431253 23.206 1.301 53683.432919 20.936 0.063 53683.429586 19.99 0.079 53683.430419 19.427 0.061 53683.432086 19.261 0.152 53.071201 0.367746
53686.372136 21.473 0.286 53686.373802 20.897 0.073 53686.370469 19.911 0.032 53686.371302 19.258 0.021 53686.372969 19.182 0.067 53.071201 0.367746
53693.374595 24.831 4.622 53693.376261 20.742 0.109 53693.372928 19.962 0.05 53693.373761 19.297 0.029 53693.375428 18.984 0.075 53.071201 0.367746
53699.395429 22.31 0.477 53699.397095 20.818 0.043 53699.393762 19.92 0.026 53699.394595 19.279 0.018 53699.396262 19.099 0.062 53.071201 0.367746
53704.357915 21.979 0.301 53704.359581 20.884 0.036 53704.356248 19.918 0.024 53704.357081 19.327 0.021 53704.358748 19.073 0.072 53.071201 0.367746
53989.453983 21.817 0.384 53989.45565 20.749 0.063 53989.452317 20.052 0.034 53989.45315 19.393 0.023 53989.454817 19.174 0.05 53.071201 0.367746
54000.429441 21.793 0.273 54000.431108 -99.99 0.066 54000.427774 20.017 0.028 54000.428608 19.338 0.024 54000.430274 19.281 0.086 53.071201 0.367746
54007.479586 22.894 0.464 54007.481253 20.966 0.029 54007.47792 20.075 0.022 54007.478753 19.413 0.021 54007.48042 19.214 0.055 53.071201 0.367746
54009.40336 22.202 0.191 54009.405026 20.969 0.024 54009.401693 19.997 0.019 54009.402526 19.384 0.019 54009.404193 19.247 0.045 53.071201 0.367746
54011.467809 22.435 0.238 54011.469476 20.956 0.033 54011.466143 20.034 0.019 54011.466976 19.378 0.019 54011.468643 19.185 0.043 53.071201 0.367746
54012.480654 22.022 0.229 54012.482321 20.945 0.038 54012.478987 20.029 0.024 54012.479821 19.37 0.019 54012.481487 19.107 0.052 53.071201 0.367746
54019.462804 99.985 99.999 54019.464471 20.943 0.072 54019.461138 20.059 0.032 54019.461971 19.387 0.023 54019.463638 19.276 0.07 53.071201 0.367746
54025.466994 22.442 0.449 54025.468661 20.973 0.034 54025.465327 20.095 0.027 54025.466161 19.413 0.024 54025.467827 19.177 0.061 53.071201 0.367746
54346.460611 21.605 0.346 54346.462277 21.12 0.095 54346.458944 20.175 0.038 54346.459777 19.509 0.025 54346.461444 19.51 0.084 53.071201 0.367746
54348.464551 22.318 0.44 54348.466218 21.169 0.06 54348.462884 20.19 0.029 54348.463718 19.512 0.024 54348.465384 19.428 0.077 53.071201 0.367746
54358.420368 22.149 0.26 54358.422035 21.11 0.037 54358.418701 20.178 0.028 54358.419535 19.505 0.021 54358.421201 19.278 0.07 53.071201 0.367746
54365.453442 22.145 0.195 54365.455109 21.096 0.028 54365.451776 20.163 0.02 54365.452609 19.51 0.018 54365.454276 19.355 0.054 53.071201 0.367746
54381.473046 23.125 0.715 54381.474712 21.089 0.033 54381.471379 20.15 0.025 54381.472212 19.542 0.026 54381.473879 19.287 0.062 53.071201 0.367746
54386.46533 21.917 0.217 54386.466997 21.059 0.031 54386.463664 20.268 0.05 54386.464497 19.491 0.022 54386.466164 19.323 0.054 53.071201 0.367746
54388.469597 22.458 0.425 54388.471264 21.143 0.04 54388.467931 20.138 0.029 54388.468764 19.484 0.029 54388.470431 19.397 0.065 53.071201 0.367746
54392.467172 22.559 0.426 54392.468839 21.053 0.035 54392.465505 20.154 0.027 54392.466339 19.509 0.029 54392.468005 19.188 0.06 53.071201 0.367746
54406.377214 22.427 0.35 54406.378881 21.045 0.041 54406.375547 20.133 0.022 54406.376381 19.502 0.022 54406.378047 19.371 0.051 53.071201 0.367746
54409.382097 22.383 0.27 54409.383764 21.071 0.03 54409.38043 20.175 0.023 54409.381264 19.48 0.022 54409.38293 19.487 0.067 53.071201 0.367746
54412.403025 22.286 0.478 54412.404692 21.061 0.048 54412.401358 20.152 0.039 54412.402192 19.518 0.029 54412.403858 19.43 0.102 53.071201 0.367746
