51075.445253 20.897 0.087 51075.446919 20.424 0.025 51075.443586 20.449 0.032 51075.444419 20.442 0.05 51075.446086 19.999 0.133 52.48928 -0.458437
51818.41491 21.172 0.124 51818.416576 20.552 0.028 51818.413243 20.482 0.032 51818.414076 20.442 0.04 51818.415743 20.119 0.123 52.48928 -0.458437
52171.402994 21.362 0.154 52171.40466 20.694 0.028 52171.401327 20.591 0.035 52171.40216 20.587 0.041 52171.403827 20.129 0.113 52.48928 -0.458437
52173.379281 21.371 0.166 52173.380947 20.751 0.033 52173.377614 20.656 0.039 52173.378447 20.567 0.054 52173.380114 20.261 0.168 52.48928 -0.458437
52224.359396 21.342 0.133 52224.361062 20.793 0.028 52224.357729 20.66 0.032 52224.358562 20.64 0.043 52224.360229 20.577 0.155 52.48928 -0.458437
52234.315916 21.335 0.165 52234.317582 20.726 0.033 52234.314249 20.718 0.042 52234.315082 20.532 0.044 52234.316749 20.35 0.15 52.48928 -0.458437
52261.27927 21.344 0.13 52261.280936 20.84 0.029 52261.277603 20.666 0.032 52261.278436 20.604 0.038 52261.280103 20.103 0.087 52.48928 -0.458437
52283.146645 21.45 0.195 52283.148311 20.75 0.033 52283.144978 20.69 0.055 52283.145811 20.608 0.064 52283.147478 20.612 0.239 52.48928 -0.458437
52287.159768 21.251 0.124 52287.161434 20.746 0.03 52287.158101 20.599 0.038 52287.158934 20.501 0.039 52287.160601 20.302 0.122 52.48928 -0.458437
52552.478459 21.262 0.122 52552.480125 20.65 0.027 52552.476792 20.458 0.03 52552.477625 20.534 0.041 52552.479292 20.27 0.162 52.48928 -0.458437
52557.452818 21.2 0.117 52557.454484 20.639 0.027 52557.451151 20.561 0.033 52557.451984 20.467 0.042 52557.453651 20.05 0.122 52.48928 -0.458437
52585.354148 21.247 0.113 52585.355814 20.61 0.025 52585.352481 20.486 0.029 52585.353314 20.394 0.034 52585.354981 20.246 0.131 52.48928 -0.458437
52908.427386 20.826 0.09 52908.429052 20.31 0.021 52908.425719 20.31 0.029 52908.426552 20.176 0.032 52908.428219 19.795 0.08 52.48928 -0.458437
52912.406825 20.711 0.094 52912.408491 20.33 0.023 52912.405158 20.239 0.027 52912.405991 20.279 0.036 52912.407658 19.8 0.088 52.48928 -0.458437
52934.359293 20.796 0.095 52934.360959 20.367 0.022 52934.357626 20.329 0.028 52934.358459 20.217 0.035 52934.360126 19.904 0.107 52.48928 -0.458437
52936.355219 20.87 0.088 52936.356885 20.379 0.021 52936.353552 20.199 0.025 52936.354385 20.222 0.031 52936.356052 19.987 0.096 52.48928 -0.458437
53270.419265 21.106 0.09 53270.420932 20.496 0.025 53270.417599 20.425 0.024 53270.418432 20.32 0.028 53270.420099 20.136 0.087 52.48928 -0.458437
53272.469215 21.058 0.107 53272.470881 20.51 0.023 53272.467548 20.459 0.027 53272.468381 20.349 0.032 53272.470048 20.106 0.098 52.48928 -0.458437
53286.437937 21.224 0.159 53286.439603 20.474 0.03 53286.43627 20.38 0.032 53286.437103 20.387 0.038 53286.43877 20.115 0.11 52.48928 -0.458437
53288.396427 21.105 0.113 53288.398093 20.475 0.023 53288.39476 20.357 0.028 53288.395593 20.346 0.035 53288.39726 20.074 0.1 52.48928 -0.458437
53294.444101 20.969 0.112 53294.445767 20.471 0.034 53294.442434 20.428 0.03 53294.443267 20.322 0.033 53294.444934 20.152 0.129 52.48928 -0.458437
53296.391132 21.115 0.121 53296.392799 20.452 0.029 53296.389466 20.363 0.036 53296.390299 20.294 0.039 53296.391966 19.971 0.093 52.48928 -0.458437
53298.440878 21.092 0.118 53298.442544 20.495 0.025 53298.439211 20.391 0.034 53298.440044 20.27 0.039 53298.441711 20.001 0.122 52.48928 -0.458437
53312.347635 20.642 0.123 53312.349301 20.386 0.037 53312.345968 20.412 0.04 53312.346801 20.248 0.041 53312.348468 20.119 0.133 52.48928 -0.458437
53314.34883 21.14 0.139 53314.350496 20.454 0.029 53314.347163 20.398 0.033 53314.347996 20.271 0.038 53314.349663 20.187 0.129 52.48928 -0.458437
53319.336626 21.11 0.153 53319.338292 20.438 0.031 53319.334959 20.412 0.04 53319.335792 20.308 0.051 53319.337459 20.034 0.14 52.48928 -0.458437
53616.453179 21.13 0.141 53616.454845 20.488 0.025 53616.451512 20.417 0.033 53616.452345 20.427 0.044 53616.454012 19.984 0.106 52.48928 -0.458437
53628.414473 21.163 0.147 53628.416139 20.582 0.031 53628.412806 20.418 0.04 53628.413639 20.524 0.059 53628.415306 20.233 0.166 52.48928 -0.458437
53639.461469 21.182 0.157 53639.463135 20.565 0.031 53639.459802 20.455 0.033 53639.460635 20.367 0.036 53639.462302 20.192 0.117 52.48928 -0.458437
53641.460634 21.766 0.339 53641.4623 20.479 0.035 53641.458967 20.471 0.042 53641.4598 20.327 0.05 53641.461467 20.119 0.137 52.48928 -0.458437
53657.419519 21.291 0.208 53657.421185 20.584 0.029 53657.417852 20.493 0.045 53657.418685 20.403 0.054 53657.420352 20.288 0.181 52.48928 -0.458437
53666.474149 21.351 0.3 53666.475815 20.569 0.05 53666.472482 20.396 0.043 53666.473315 20.347 0.044 53666.474982 20.105 0.125 52.48928 -0.458437
53668.393668 21.519 0.31 53668.395334 20.476 0.041 53668.392001 20.512 0.05 53668.392834 20.486 0.061 53668.394501 20.232 0.177 52.48928 -0.458437
53669.481275 21.234 0.304 53669.482941 20.592 0.05 53669.479608 20.465 0.051 53669.480441 20.436 0.064 53669.482108 19.97 0.16 52.48928 -0.458437
53670.398521 21.634 0.286 53670.400187 20.654 0.044 53670.396854 20.503 0.044 53670.397687 20.363 0.045 53670.399354 20.161 0.149 52.48928 -0.458437
53673.366508 21.451 0.153 53673.368174 20.605 0.025 53673.364841 20.453 0.029 53673.365674 20.326 0.032 53673.367341 20.114 0.096 52.48928 -0.458437
53675.363396 21.173 0.129 53675.365062 20.563 0.027 53675.361729 20.509 0.036 53675.362562 20.385 0.041 53675.364229 20.263 0.142 52.48928 -0.458437
53680.371094 21.436 0.149 53680.37276 20.662 0.027 53680.369427 20.533 0.029 53680.37026 20.43 0.033 53680.371927 20.193 0.106 52.48928 -0.458437
53683.429642 21.941 0.864 53683.431308 20.74 0.063 53683.427975 20.602 0.116 53683.428808 20.234 0.121 53683.430475 20.753 0.634 52.48928 -0.458437
53686.370525 21.351 0.283 53686.372191 20.661 0.065 53686.368858 20.444 0.052 53686.369691 20.493 0.056 53686.371358 20.009 0.112 52.48928 -0.458437
53693.372983 21.282 0.548 53693.374649 20.611 0.109 53693.371316 20.426 0.086 53693.372149 20.416 0.084 53693.373816 19.98 0.162 52.48928 -0.458437
53699.393817 21.202 0.211 53699.395483 20.672 0.041 53699.39215 20.491 0.04 53699.392983 20.351 0.043 53699.39465 20.292 0.137 52.48928 -0.458437
53704.356304 21.187 0.166 53704.35797 20.656 0.03 53704.354637 20.534 0.036 53704.35547 20.467 0.053 53704.357137 19.903 0.116 52.48928 -0.458437
54000.427805 21.168 0.138 54000.429472 20.469 0.029 54000.426139 20.408 0.037 54000.426972 20.355 0.046 54000.428639 20.177 0.15 52.48928 -0.458437
54007.47792 21.041 0.11 54007.479587 20.51 0.025 54007.476254 20.466 0.03 54007.477087 20.332 0.032 54007.478754 19.876 0.081 52.48928 -0.458437
54009.401723 21.086 0.085 54009.403389 20.537 0.021 54009.400056 20.418 0.024 54009.400889 20.353 0.029 54009.402556 20.136 0.073 52.48928 -0.458437
54011.466186 21.072 0.085 54011.467853 20.524 0.025 54011.46452 20.431 0.029 54011.465353 20.352 0.031 54011.46702 20.147 0.066 52.48928 -0.458437
54012.479035 21.022 0.108 54012.480701 20.49 0.028 54012.477368 20.452 0.035 54012.478201 20.379 0.038 54012.479868 20.228 0.107 52.48928 -0.458437
54019.461225 21.543 0.324 54019.462892 20.474 0.067 54019.459559 20.414 0.04 54019.460392 20.38 0.04 54019.462059 20.42 0.15 52.48928 -0.458437
54025.465193 21.156 0.145 54025.46686 20.529 0.03 54025.463527 20.471 0.034 54025.46436 20.358 0.043 54025.466027 19.961 0.099 52.48928 -0.458437
54346.45896 21.362 0.279 54346.460626 20.404 0.052 54346.457293 20.357 0.04 54346.458126 20.291 0.04 54346.459793 20.106 0.142 52.48928 -0.458437
54348.462935 21.118 0.163 54348.464602 20.526 0.035 54348.461269 20.438 0.038 54348.462102 -99.99 0.044 54348.463769 19.997 0.093 52.48928 -0.458437
54358.418781 21.305 0.146 54358.420448 20.51 0.028 54358.417115 20.382 0.027 54358.417948 20.316 0.035 54358.419615 20.109 0.108 52.48928 -0.458437
54365.451831 21.171 0.095 54365.453497 20.5 0.026 54365.450164 20.407 0.028 54365.450997 20.277 0.028 54365.452664 20.041 0.071 52.48928 -0.458437
54381.471411 21.234 0.138 54381.473077 20.478 0.024 54381.469744 20.373 0.026 54381.470577 20.27 0.032 54381.472244 20.351 0.128 52.48928 -0.458437
54386.463716 20.835 0.156 54386.465383 20.514 0.026 54386.46205 20.467 0.03 54386.462883 20.327 0.038 54386.46455 20.128 0.106 52.48928 -0.458437
54388.467964 21.181 0.144 54388.46963 20.482 0.032 54388.466297 20.468 0.04 54388.46713 20.314 0.038 54388.468797 19.975 0.096 52.48928 -0.458437
54392.465537 20.993 0.117 54392.467204 20.575 0.029 54392.463871 20.343 0.032 54392.464704 20.328 0.036 54392.466371 20.211 0.149 52.48928 -0.458437
54403.381792 21.398 0.276 54403.383459 20.582 0.062 54403.380125 20.244 0.069 54403.380959 20.28 0.047 54403.382625 20.08 0.102 52.48928 -0.458437
54406.375595 21.314 0.135 54406.377261 20.532 0.029 54406.373928 20.39 0.033 54406.374761 20.32 0.029 54406.376428 20.042 0.068 52.48928 -0.458437
54409.380431 21.156 0.102 54409.382097 20.564 0.026 54409.378764 20.47 0.033 54409.379597 20.313 0.034 54409.381264 20.024 0.087 52.48928 -0.458437
54412.401354 20.924 0.164 54412.403021 20.492 0.035 54412.399687 20.355 0.039 54412.400521 20.388 0.048 54412.402187 20.055 0.158 52.48928 -0.458437
