51075.447385 20.132 0.045 51075.449051 19.652 0.015 51075.445718 19.337 0.015 51075.446551 18.898 0.016 51075.448218 18.965 0.057 53.257918 0.800541
51818.417006 20.677 0.067 51818.418672 19.987 0.019 51818.415339 19.594 0.016 51818.416172 19.154 0.019 51818.417839 19.147 0.052 53.257918 0.800541
52171.405139 20.247 0.05 52171.406805 19.675 0.015 52171.403472 19.358 0.015 52171.404305 18.983 0.015 52171.405972 18.932 0.044 53.257918 0.800541
52173.381412 20.132 0.051 52173.383078 19.662 0.015 52173.379745 19.359 0.015 52173.380578 19.045 0.019 52173.382245 19.034 0.054 53.257918 0.800541
52224.361546 20.211 0.046 52224.363212 19.726 0.014 52224.359879 19.379 0.014 52224.360712 19.016 0.015 52224.362379 19.052 0.076 53.257918 0.800541
52234.318044 20.25 0.054 52234.31971 19.753 0.015 52234.316377 19.408 0.016 52234.31721 19.025 0.016 52234.318877 18.947 0.038 53.257918 0.800541
52261.281399 20.354 0.05 52261.283065 19.77 0.014 52261.279732 19.387 0.013 52261.280565 19.011 0.014 52261.282232 19.05 0.038 53.257918 0.800541
52283.148776 20.387 0.063 52283.150442 19.776 0.018 52283.147109 19.428 0.017 52283.147942 19.036 0.02 52283.149609 18.975 0.059 53.257918 0.800541
52287.161898 20.29 0.049 52287.163564 19.714 0.016 52287.160231 19.402 0.015 52287.161064 19.011 0.016 52287.162731 19.002 0.041 53.257918 0.800541
52552.480587 20.243 0.047 52552.482253 19.684 0.014 52552.47892 19.324 0.013 52552.479753 18.949 0.015 52552.48142 18.944 0.041 53.257918 0.800541
52557.454947 20.165 0.046 52557.456613 19.619 0.013 52557.45328 19.344 0.014 52557.454113 18.947 0.016 52557.45578 18.961 0.046 53.257918 0.800541
52585.356276 20.248 0.046 52585.357942 19.705 0.014 52585.354609 19.365 0.014 52585.355442 18.967 0.015 52585.357109 18.957 0.043 53.257918 0.800541
52908.429515 20.038 0.043 52908.431181 19.469 0.013 52908.427848 19.227 0.013 52908.428681 18.864 0.014 52908.430348 18.882 0.041 53.257918 0.800541
52912.408954 20.003 0.046 52912.41062 19.477 0.013 52912.407287 19.222 0.013 52912.40812 18.882 0.014 52912.409787 18.774 0.038 53.257918 0.800541
52934.361422 19.983 0.042 52934.363088 19.479 0.012 52934.359755 19.203 0.013 52934.360588 18.849 0.015 52934.362255 18.874 0.046 53.257918 0.800541
52936.357348 19.952 0.039 52936.359014 19.454 0.013 52936.355681 19.197 0.013 52936.356514 18.835 0.014 52936.358181 18.868 0.039 53.257918 0.800541
53270.421421 19.933 0.032 53270.423088 19.39 0.013 53270.419754 19.129 0.013 53270.420588 18.821 0.014 53270.422254 18.868 0.034 53.257918 0.800541
53272.471345 19.844 0.038 53272.473011 19.399 0.012 53272.469678 19.124 0.012 53272.470511 18.83 0.014 53272.472178 18.776 0.035 53.257918 0.800541
53286.440066 19.878 0.046 53286.441732 19.39 0.016 53286.438399 19.146 0.014 53286.439232 18.794 0.014 53286.440899 18.816 0.044 53.257918 0.800541
53288.39856 19.912 0.039 53288.400226 19.403 0.012 53288.396893 19.129 0.012 53288.397726 18.812 0.014 53288.399393 18.83 0.036 53.257918 0.800541
53294.446231 19.993 0.048 53294.447897 19.435 0.013 53294.444564 19.132 0.013 53294.445397 18.792 0.016 53294.447064 18.847 0.042 53.257918 0.800541
53296.393243 19.855 0.037 53296.394909 19.409 0.016 53296.391576 19.124 0.019 53296.392409 18.764 0.017 53296.394076 18.792 0.038 53.257918 0.800541
53298.443007 19.859 0.039 53298.444673 19.424 0.012 53298.44134 19.123 0.014 53298.442173 18.81 0.016 53298.44384 18.837 0.044 53.257918 0.800541
53312.349787 19.731 0.064 53312.351453 19.402 0.019 53312.34812 19.118 0.015 53312.348953 18.771 0.016 53312.35062 18.826 0.045 53.257918 0.800541
53314.35096 19.802 0.041 53314.352626 19.374 0.014 53314.349293 19.112 0.014 53314.350126 18.791 0.015 53314.351793 18.802 0.042 53.257918 0.800541
53319.338756 19.889 0.052 53319.340422 19.341 0.015 53319.337089 19.077 0.015 53319.337922 18.793 0.017 53319.339589 18.782 0.047 53.257918 0.800541
53616.45531 19.748 0.038 53616.456976 19.21 0.011 53616.453643 18.983 0.012 53616.454476 18.675 0.013 53616.456143 18.703 0.036 53.257918 0.800541
53626.431737 19.745 0.042 53626.433403 -99.99 0.623 53626.43007 -99.99 0.013 53626.430903 -99.99 0.018 53626.43257 -99.99 0.123 53.257918 0.800541
53628.416602 19.708 0.04 53628.418268 19.213 0.012 53628.414935 18.967 0.013 53628.415768 18.675 0.016 53628.417435 18.651 0.04 53.257918 0.800541
53639.463598 19.713 0.041 53639.465264 19.202 0.013 53639.461931 18.95 0.012 53639.462764 18.682 0.013 53639.464431 18.647 0.033 53.257918 0.800541
53641.462764 19.795 0.048 53641.46443 19.242 0.012 53641.461097 19.017 0.013 53641.46193 18.706 0.015 53641.463597 18.728 0.037 53.257918 0.800541
53657.421649 19.684 0.043 53657.423315 19.236 0.012 53657.419982 18.976 0.014 53657.420815 18.641 0.015 53657.422482 18.72 0.043 53.257918 0.800541
53663.406197 19.777 0.08 53663.407863 19.224 0.026 53663.40453 18.984 0.019 53663.405363 18.711 0.017 53663.40703 18.747 0.039 53.257918 0.800541
53665.384169 19.795 0.062 53665.385835 19.251 0.018 53665.382502 19.02 0.027 53665.383335 18.692 0.016 53665.385002 18.692 0.039 53.257918 0.800541
53666.476276 19.758 0.065 53666.477942 19.278 0.017 53666.474609 18.983 0.014 53666.475442 18.701 0.014 53666.477109 18.729 0.037 53.257918 0.800541
53668.395799 19.713 0.055 53668.397465 19.243 0.015 53668.394132 19.002 0.015 53668.394965 18.717 0.016 53668.396632 18.687 0.042 53.257918 0.800541
53669.483402 19.762 0.065 53669.485068 19.229 0.015 53669.481735 18.977 0.016 53669.482568 18.712 0.017 53669.484235 18.762 0.045 53.257918 0.800541
53670.40065 19.666 0.052 53670.402316 19.225 0.014 53670.398983 19.02 0.015 53670.399816 18.677 0.017 53670.401483 18.673 0.044 53.257918 0.800541
53673.368638 19.831 0.039 53673.370304 19.253 0.012 53673.366971 19.01 0.012 53673.367804 18.693 0.012 53673.369471 18.688 0.031 53.257918 0.800541
53675.365526 19.764 0.042 53675.367192 19.236 0.011 53675.363859 18.99 0.012 53675.364692 18.703 0.014 53675.366359 18.754 0.037 53.257918 0.800541
53676.485165 -99.99 0.181 53676.486831 19.336 0.045 53676.483498 19.047 0.036 53676.484331 18.678 0.032 53676.485998 18.639 0.145 53.257918 0.800541
53680.373222 19.746 0.035 53680.374888 19.181 0.011 53680.371555 18.998 0.012 53680.372388 18.677 0.013 53680.374055 18.706 0.03 53.257918 0.800541
53683.43177 19.68 0.076 53683.433436 19.268 0.019 53683.430103 19.003 0.035 53683.430936 -99.99 0.034 53683.432603 18.818 0.084 53.257918 0.800541
53686.372654 19.853 0.065 53686.37432 19.249 0.02 53686.370987 19.009 0.017 53686.37182 18.718 0.016 53686.373487 18.716 0.036 53.257918 0.800541
53693.375112 -99.99 0.104 53693.376778 19.251 0.028 53693.373445 18.996 0.022 53693.374278 18.698 0.02 53693.375945 18.669 0.046 53.257918 0.800541
53699.395946 19.855 0.057 53699.397612 19.267 0.014 53699.394279 19.004 0.013 53699.395112 18.693 0.013 53699.396779 18.71 0.035 53.257918 0.800541
53704.358432 19.924 0.05 53704.360098 19.3 0.012 53704.356765 19.043 0.012 53704.357598 18.678 0.014 53704.359265 18.717 0.042 53.257918 0.800541
53989.454516 20.334 0.097 53989.456183 19.624 0.028 53989.452849 19.257 0.022 53989.453683 18.878 0.018 53989.455349 18.907 0.036 53.257918 0.800541
54000.429903 20.265 0.06 54000.431569 19.569 0.021 54000.428236 19.311 0.023 54000.429069 18.888 0.025 54000.430736 19.002 0.058 53.257918 0.800541
54007.480056 20.203 0.045 54007.481722 19.603 0.017 54007.478389 19.274 0.018 54007.479222 18.856 0.017 54007.480889 18.821 0.034 53.257918 0.800541
54009.403836 20.362 0.043 54009.405503 19.574 0.016 54009.40217 19.239 0.015 54009.403003 18.888 0.015 54009.40467 18.884 0.031 53.257918 0.800541
54011.468313 20.174 0.047 54011.469979 19.645 0.018 54011.466646 19.265 0.017 54011.467479 18.886 0.021 54011.469146 18.861 0.028 53.257918 0.800541
54012.481115 20.227 0.048 54012.482781 19.616 0.018 54012.479448 19.262 0.018 54012.480281 18.881 0.017 54012.481948 18.872 0.036 53.257918 0.800541
54019.463323 20.701 0.154 54019.46499 19.627 0.026 54019.461656 19.257 0.019 54019.46249 18.877 0.02 54019.464156 18.873 0.043 53.257918 0.800541
54025.467341 20.246 0.058 54025.469008 19.623 0.026 54025.465675 19.268 0.017 54025.466508 18.852 0.016 54025.468175 18.894 0.04 53.257918 0.800541
54346.461162 20.245 0.114 54346.462829 19.674 0.031 54346.459495 19.345 0.023 54346.460329 18.92 0.018 54346.461995 18.978 0.042 53.257918 0.800541
54348.465075 20.087 0.056 54348.466742 19.597 0.023 54348.463409 19.291 0.019 54348.464242 18.916 0.02 54348.465909 18.924 0.045 53.257918 0.800541
54358.420889 -99.99 0.052 54358.422556 19.641 0.018 54358.419223 19.302 0.022 54358.420056 18.904 0.03 54358.421723 18.879 0.039 53.257918 0.800541
54365.453984 20.157 0.048 54365.45565 19.607 0.016 54365.452317 19.28 0.016 54365.45315 18.912 0.016 54365.454817 18.867 0.03 53.257918 0.800541
54381.473521 20.022 0.045 54381.475188 19.556 0.016 54381.471855 19.231 0.018 54381.472688 18.861 0.017 54381.474355 18.904 0.036 53.257918 0.800541
54386.465887 19.966 0.043 54386.467553 19.572 0.016 54386.46422 19.251 0.019 54386.465053 18.867 0.017 54386.46672 18.911 0.031 53.257918 0.800541
54388.470129 20.043 0.047 54388.471795 19.553 0.016 54388.468462 19.241 0.022 54388.469295 18.839 0.021 54388.470962 18.891 0.036 53.257918 0.800541
54392.467702 20.044 0.049 54392.469369 19.559 0.016 54392.466036 19.217 0.031 54392.466869 18.88 0.017 54392.468536 18.866 0.037 53.257918 0.800541
54403.383905 20.104 0.106 54403.385572 19.547 0.032 54403.382239 19.208 0.02 54403.383072 18.862 0.023 54403.384739 18.828 0.071 53.257918 0.800541
54406.377721 19.965 0.043 54406.379387 19.546 0.016 54406.376054 19.202 0.015 54406.376887 18.861 0.019 54406.378554 18.871 0.029 53.257918 0.800541
54409.382567 20.008 0.037 54409.384233 19.506 0.014 54409.3809 19.199 0.017 54409.381733 18.845 0.016 54409.3834 18.908 0.037 53.257918 0.800541
54412.403555 20.095 0.065 54412.405222 19.532 0.023 54412.401889 19.193 0.02 54412.402722 18.915 0.022 54412.404389 18.851 0.051 53.257918 0.800541
