51081.430396 19.617 0.037 51081.432062 19.196 0.012 51081.428729 18.996 0.012 51081.429562 18.744 0.015 51081.431229 18.782 0.044 53.013667 0.573351
51875.245343 19.911 0.038 51875.247009 19.475 0.014 51875.243676 19.242 0.014 51875.244509 18.939 0.016 51875.246176 19.043 0.046 53.013667 0.573351
52171.477772 19.992 0.043 52171.479438 19.483 0.013 52171.476105 19.24 0.014 52171.476938 18.926 0.016 52171.478605 18.996 0.043 53.013667 0.573351
52225.326215 20.076 0.043 52225.327881 19.573 0.014 52225.324548 19.281 0.013 52225.325381 18.966 0.014 52225.327048 19.093 0.042 53.013667 0.573351
52288.160641 20.193 0.048 52288.162307 19.628 0.014 52288.158974 19.37 0.015 52288.159807 18.99 0.015 52288.161474 19.066 0.042 53.013667 0.573351
52551.433924 20.489 0.062 52551.43559 19.842 0.016 52551.432257 19.525 0.016 52551.43309 19.088 0.018 52551.434757 19.236 0.056 53.013667 0.573351
52558.466795 20.424 0.052 52558.468461 19.88 0.015 52558.465128 19.507 0.015 52558.465961 19.114 0.016 52558.467628 19.29 0.052 53.013667 0.573351
52578.338408 20.38 0.051 52578.340074 19.88 0.017 52578.336741 19.479 0.014 52578.337574 19.128 0.015 52578.339241 19.204 0.047 53.013667 0.573351
52585.301387 20.472 0.05 52585.303053 19.854 0.015 52585.29972 19.491 0.015 52585.300553 19.09 0.017 52585.30222 19.241 0.056 53.013667 0.573351
52909.468018 20.313 0.05 52909.469684 19.907 0.016 52909.466351 19.521 0.014 52909.467184 19.136 0.016 52909.468851 19.25 0.046 53.013667 0.573351
52910.438262 20.419 0.065 52910.439928 19.894 0.017 52910.436595 19.518 0.017 52910.437428 19.188 0.017 52910.439095 19.241 0.053 53.013667 0.573351
52935.365433 20.364 0.054 52935.367099 19.802 0.016 52935.363766 19.513 0.017 52935.364599 19.125 0.018 52935.366266 19.295 0.061 53.013667 0.573351
53351.210817 20.281 0.062 53351.212483 19.789 0.017 53351.20915 19.461 0.016 53351.209983 19.173 0.021 53351.21165 -99.99 0.064 53.013667 0.573351
53622.467863 19.878 0.037 53622.469529 19.427 0.012 53622.466196 19.243 0.012 53622.467029 18.939 0.013 53622.468696 19.061 0.035 53.013667 0.573351
53627.424961 19.773 0.042 53627.426627 19.409 0.014 53627.423294 19.209 0.013 53627.424127 18.93 0.015 53627.425794 19.02 0.045 53.013667 0.573351
53634.417334 19.994 0.136 53634.419 19.48 0.04 53634.415667 19.214 0.023 53634.4165 18.907 0.024 53634.418167 19.142 0.058 53.013667 0.573351
53638.45867 19.947 0.058 53638.460336 19.474 0.017 53638.457003 19.233 0.016 53638.457836 18.977 0.019 53638.459503 19.038 0.053 53.013667 0.573351
53640.422706 19.741 0.046 53640.424372 19.432 0.015 53640.421039 19.27 0.015 53640.421872 18.937 0.017 53640.423539 19.016 0.048 53.013667 0.573351
53643.465182 19.968 0.048 53643.466848 19.435 0.015 53643.463515 19.218 0.015 53643.464348 18.982 0.016 53643.466015 18.996 0.043 53.013667 0.573351
53657.302858 -99.99 0.121 53657.304524 19.441 0.045 53657.301191 19.259 0.029 53657.302024 18.957 0.028 53657.303691 18.989 0.091 53.013667 0.573351
53657.467147 20.009 0.057 53657.468813 19.437 0.014 53657.46548 19.215 0.015 53657.466313 18.961 0.017 53657.46798 19.045 0.049 53.013667 0.573351
53663.484527 19.823 0.126 53663.486193 19.481 0.036 53663.48286 19.192 0.025 53663.483693 18.961 0.025 53663.48536 19.045 0.06 53.013667 0.573351
53665.484459 19.736 0.077 53665.486125 19.444 0.026 53665.482792 19.274 0.02 53665.483625 18.969 0.021 53665.485292 18.941 0.06 53.013667 0.573351
53668.473076 19.887 0.091 53668.474742 -99.99 0.021 53668.471409 19.247 0.021 53668.472242 18.98 0.025 53668.473909 19.051 0.08 53.013667 0.573351
53669.379082 19.964 0.056 53669.380748 19.415 0.017 53669.377415 19.239 0.015 53669.378248 18.929 0.017 53669.379915 18.991 0.048 53.013667 0.573351
53670.479047 19.9 0.085 53670.480713 19.411 0.022 53670.47738 19.258 0.021 53670.478213 18.966 0.023 53670.47988 18.997 0.065 53.013667 0.573351
53671.463826 19.873 0.066 53671.465492 19.443 0.016 53671.462159 19.26 0.016 53671.462992 18.952 0.019 53671.464659 19.035 0.055 53.013667 0.573351
53674.36332 -99.99 0.067 53674.364986 19.434 0.015 53674.361653 19.295 0.019 53674.362486 18.937 0.021 53674.364153 19.011 0.065 53.013667 0.573351
53676.452768 19.923 0.059 53676.454434 19.554 0.016 53676.451101 19.225 0.016 53676.451934 19.009 0.018 53676.453601 19.062 0.057 53.013667 0.573351
53679.424674 19.881 0.048 53679.42634 19.431 0.014 53679.423007 19.249 0.017 53679.42384 18.959 0.018 53679.425507 18.95 0.05 53.013667 0.573351
53681.416188 19.946 0.061 53681.417854 19.503 0.017 53681.414521 19.289 0.016 53681.415354 18.976 0.019 53681.417021 19.029 0.054 53.013667 0.573351
53684.377687 19.977 0.056 53684.379353 19.466 0.015 53684.37602 19.271 0.017 53684.376853 18.96 0.02 53684.37852 18.971 0.058 53.013667 0.573351
53694.389151 20.195 0.154 53694.390817 19.468 0.034 53694.387484 19.209 0.022 53694.388317 18.969 0.023 53694.389984 19.045 0.067 53.013667 0.573351
53696.381906 19.901 0.064 53696.383572 19.492 0.019 53696.380239 19.239 0.016 53696.381072 18.963 0.017 53696.382739 19.032 0.048 53.013667 0.573351
53697.373214 20.053 0.064 53697.37488 19.472 0.017 53697.371547 19.266 0.016 53697.37238 18.962 0.017 53697.374047 19.046 0.045 53.013667 0.573351
53700.37217 19.978 0.051 53700.373836 19.518 0.015 53700.370503 19.28 0.017 53700.371336 19.021 0.023 53700.373003 18.969 0.052 53.013667 0.573351
53705.358841 19.869 0.059 53705.360507 19.469 0.016 53705.357174 19.246 0.017 53705.358007 18.933 0.019 53705.359674 18.966 0.06 53.013667 0.573351
53975.44384 19.597 0.054 53975.445507 19.282 0.028 53975.442173 19.099 0.023 53975.443007 18.861 0.02 53975.444673 18.843 0.042 53.013667 0.573351
53994.466838 19.643 0.035 53994.468504 19.274 0.022 53994.465171 19.106 0.022 53994.466004 18.823 0.018 53994.467671 18.941 0.037 53.013667 0.573351
53996.450576 19.708 0.036 53996.452243 19.261 0.024 53996.448909 19.091 0.018 53996.449743 18.833 0.018 53996.451409 18.945 0.044 53.013667 0.573351
54005.463771 19.769 0.036 54005.465438 19.315 0.028 54005.462104 19.1 0.019 54005.462938 18.855 0.017 54005.464604 18.946 0.034 53.013667 0.573351
54009.477558 19.746 0.031 54009.479225 19.276 0.016 54009.475892 19.126 0.014 54009.476725 18.85 0.016 54009.478392 18.956 0.032 53.013667 0.573351
54010.404699 19.857 0.046 54010.406366 19.315 0.014 54010.403033 19.112 0.019 54010.403866 18.858 0.018 54010.405533 18.913 0.032 53.013667 0.573351
54012.397563 19.721 0.047 54012.39923 19.3 0.025 54012.395896 19.118 0.02 54012.39673 18.837 0.02 54012.398396 18.922 0.048 53.013667 0.573351
54020.435624 19.798 0.055 54020.437291 19.299 0.022 54020.433958 19.116 0.018 54020.434791 18.826 0.017 54020.436458 18.858 0.037 53.013667 0.573351
54024.485115 19.767 0.054 54024.486782 19.298 0.017 54024.483448 19.159 0.018 54024.484282 18.84 0.018 54024.485948 19.007 0.047 53.013667 0.573351
54028.4734 19.672 0.066 54028.475067 19.298 0.02 54028.471733 19.118 0.02 54028.472567 18.857 0.028 54028.474233 19.01 0.055 53.013667 0.573351
54030.428825 19.763 0.037 54030.430492 19.302 0.018 54030.427158 19.128 0.021 54030.427992 18.86 0.017 54030.429658 18.88 0.035 53.013667 0.573351
54035.472802 19.755 0.047 54035.474469 19.302 0.018 54035.471135 19.113 0.016 54035.471969 18.831 0.018 54035.473635 18.903 0.051 53.013667 0.573351
54037.378331 19.778 0.031 54037.379998 19.294 0.018 54037.376665 19.118 0.012 54037.377498 18.866 0.016 54037.379165 18.96 0.03 53.013667 0.573351
54040.392796 19.782 0.036 54040.394463 19.296 0.024 54040.391129 19.124 0.015 54040.391963 18.841 0.019 54040.393629 19 0.043 53.013667 0.573351
54041.428309 19.733 0.035 54041.429976 19.325 0.022 54041.426642 19.121 0.015 54041.427476 18.807 0.017 54041.429142 18.92 0.036 53.013667 0.573351
54047.423402 19.828 0.145 54047.425069 19.29 0.039 54047.421736 19.138 0.024 54047.422569 18.763 0.024 54047.424236 18.949 0.049 53.013667 0.573351
54049.419378 -99.99 0.068 54049.421045 19.29 0.022 54049.417711 19.093 0.018 54049.418545 18.871 0.019 54049.420211 18.948 0.047 53.013667 0.573351
54050.379437 19.849 0.09 54050.381104 19.278 0.026 54050.377771 -99.99 0.029 54050.378604 18.842 0.025 54050.380271 19.006 0.074 53.013667 0.573351
54053.398907 19.812 0.07 54053.400573 -99.99 0.074 54053.39724 -99.99 0.019 54053.398073 18.866 0.023 54053.39974 -99.99 0.071 53.013667 0.573351
54056.385248 19.777 0.043 54056.386915 19.281 0.024 54056.383582 19.107 0.021 54056.384415 18.875 0.025 54056.386082 18.9 0.046 53.013667 0.573351
54059.379523 19.714 0.039 54059.38119 19.287 0.017 54059.377856 19.076 0.014 54059.37869 18.841 0.02 54059.380356 18.823 0.045 53.013667 0.573351
54061.390622 -99.99 0.065 54061.392289 19.309 0.023 54061.388955 19.11 0.02 54061.389789 18.826 0.043 54061.391455 19.011 0.061 53.013667 0.573351
54062.384433 19.825 0.041 54062.3861 19.296 0.018 54062.382767 19.106 0.012 54062.3836 18.835 0.016 54062.385267 18.862 0.036 53.013667 0.573351
54064.380989 19.724 0.043 54064.382656 19.299 0.02 54064.379323 19.114 0.019 54064.380156 18.803 0.019 54064.381823 18.885 0.044 53.013667 0.573351
54068.364988 -99.99 0.049 54068.366655 19.295 0.023 54068.363322 19.117 0.017 54068.364155 18.839 0.017 54068.365822 18.811 0.046 53.013667 0.573351
54357.422751 19.627 0.03 54357.424417 19.142 0.018 54357.421084 19.029 0.017 54357.421917 18.77 0.016 54357.423584 18.834 0.029 53.013667 0.573351
54362.472541 19.613 0.033 54362.474208 19.145 0.021 54362.470875 19.018 0.019 54362.471708 18.753 0.018 54362.473375 18.8 0.032 53.013667 0.573351
54376.467634 19.606 0.038 54376.4693 19.201 0.016 54376.465967 19.041 0.014 54376.4668 18.77 0.016 54376.468467 18.851 0.035 53.013667 0.573351
54382.452752 19.602 0.036 54382.454418 19.17 0.023 54382.451085 19.03 0.016 54382.451918 18.795 0.019 54382.453585 18.841 0.038 53.013667 0.573351
54385.470541 19.652 0.036 54385.472208 19.233 0.021 54385.468875 18.986 0.018 54385.469708 18.765 0.017 54385.471375 18.796 0.034 53.013667 0.573351
54387.471039 19.597 0.036 54387.472706 19.199 0.023 54387.469373 19.063 0.016 54387.470206 18.782 0.015 54387.471873 18.803 0.038 53.013667 0.573351
54390.463449 -99.99 0.111 54390.465116 19.121 0.028 54390.461782 19.046 0.019 54390.462616 18.792 0.022 54390.464282 -99.99 0.318 53.013667 0.573351
54391.471859 19.652 0.047 54391.473525 19.185 0.032 54391.470192 19.041 0.017 54391.471025 18.763 0.02 54391.472692 18.816 0.058 53.013667 0.573351
54402.464256 19.884 0.15 54402.465922 19.211 0.033 54402.462589 19.06 0.03 54402.463422 18.774 0.026 54402.465089 18.838 0.051 53.013667 0.573351
