51075.439829 21.144 0.099 51075.441495 20.399 0.024 51075.438162 20.217 0.029 51075.438995 19.987 0.038 51075.440662 19.689 0.106 50.530219 0.664877
51818.409476 21.284 0.11 51818.411142 20.525 0.025 51818.407809 20.281 0.026 51818.408642 20.095 0.034 51818.410309 19.787 0.087 50.530219 0.664877
52171.39761 21.048 0.086 52171.399276 20.587 0.026 52171.395943 20.33 0.026 52171.396776 20.113 0.033 52171.398443 19.873 0.079 50.530219 0.664877
52173.373833 21.376 0.137 52173.375499 20.506 0.027 52173.372166 20.264 0.028 52173.372999 20.117 0.04 52173.374666 19.763 0.108 50.530219 0.664877
52224.353975 21.154 0.091 52224.355641 20.531 0.024 52224.352308 20.245 0.024 52224.353141 20.134 0.032 52224.354808 19.721 0.074 50.530219 0.664877
52234.31049 21.027 0.105 52234.312156 20.493 0.028 52234.308823 20.213 0.029 52234.309656 20.068 0.036 52234.311323 19.78 0.09 50.530219 0.664877
52261.273844 21.162 0.099 52261.27551 20.506 0.023 52261.272177 20.201 0.023 52261.27301 20.083 0.03 52261.274677 19.789 0.074 50.530219 0.664877
52283.14122 21.291 0.127 52283.142886 20.549 0.032 52283.139553 20.297 0.035 52283.140386 20.092 0.047 52283.142053 19.575 0.105 50.530219 0.664877
52287.154343 21.064 0.088 52287.156009 20.512 0.024 52287.152676 20.29 0.027 52287.153509 20.179 0.037 52287.155176 19.758 0.072 50.530219 0.664877
52552.473033 20.924 0.078 52552.474699 20.301 0.021 52552.471366 20.083 0.022 52552.472199 19.96 0.03 52552.473866 19.777 0.084 50.530219 0.664877
52557.447392 20.975 0.084 52557.449058 20.348 0.02 52557.445725 20.145 0.024 52557.446558 20.028 0.034 52557.448225 19.7 0.084 50.530219 0.664877
52585.348723 20.959 0.069 52585.350389 20.356 0.02 52585.347056 20.078 0.021 52585.347889 20.004 0.03 52585.349556 19.62 0.071 50.530219 0.664877
52908.42196 20.915 0.083 52908.423626 20.458 0.023 52908.420293 20.168 0.024 52908.421126 20.07 0.036 52908.422793 19.845 0.087 50.530219 0.664877
52912.4014 20.916 0.084 52912.403066 20.422 0.024 52912.399733 20.179 0.024 52912.400566 20.046 0.032 52912.402233 19.704 0.08 50.530219 0.664877
52934.353869 21.052 0.09 52934.355535 20.45 0.022 52934.352202 20.372 0.029 52934.353035 20.023 0.035 52934.354702 19.594 0.077 50.530219 0.664877
52936.349794 20.853 0.077 52936.35146 20.39 0.023 52936.348127 20.065 0.023 52936.34896 19.957 0.033 52936.350627 19.521 0.071 50.530219 0.664877
53270.413864 21.228 0.075 53270.415531 20.517 0.022 53270.412198 20.245 0.02 53270.413031 20.119 0.028 53270.414698 19.711 0.06 50.530219 0.664877
53272.463791 21.288 0.11 53272.465457 20.533 0.024 53272.462124 20.268 0.026 53272.462957 20.102 0.037 53272.464624 19.738 0.077 50.530219 0.664877
53286.432512 21.041 0.109 53286.434178 20.503 0.029 53286.430845 20.281 0.028 53286.431678 20.098 0.035 53286.433345 19.786 0.083 50.530219 0.664877
53288.391006 21.051 0.091 53288.392672 20.462 0.024 53288.389339 20.264 0.027 53288.390172 20.104 0.033 53288.391839 19.773 0.087 50.530219 0.664877
53294.438675 21.173 0.11 53294.440341 20.52 0.027 53294.437008 20.345 0.029 53294.437841 20.105 0.035 53294.439508 19.707 0.075 50.530219 0.664877
53296.385703 21.229 0.111 53296.387369 20.54 0.027 53296.384036 20.304 0.034 53296.384869 20.044 0.038 53296.386536 19.734 0.084 50.530219 0.664877
53298.435453 21.069 0.093 53298.437119 20.527 0.026 53298.433786 20.283 0.033 53298.434619 20.09 0.042 53298.436286 19.646 0.092 50.530219 0.664877
53302.386674 21.409 0.24 53302.38834 20.506 0.037 53302.385007 20.206 0.032 53302.38584 20.039 0.042 53302.387507 19.758 0.084 50.530219 0.664877
53312.342273 21.006 0.13 53312.34394 20.546 0.04 53312.340607 20.32 0.037 53312.34144 20.161 0.044 53312.343107 19.836 0.092 50.530219 0.664877
53314.343404 21.347 0.136 53314.34507 20.507 0.031 53314.341737 20.342 0.033 53314.34257 20.178 0.043 53314.344237 19.816 0.095 50.530219 0.664877
53319.331202 21.402 0.179 53319.332868 20.513 0.033 53319.329535 20.324 0.036 53319.330368 20.157 0.05 53319.332035 19.752 0.103 50.530219 0.664877
53616.447755 21.369 0.138 53616.449421 20.56 0.028 53616.446088 20.366 0.032 53616.446921 20.222 0.045 53616.448588 19.762 0.089 50.530219 0.664877
53626.424184 -99.99 0.241 53626.42585 -99.99 0.09 53626.422517 20.262 0.033 53626.42335 20.143 0.067 53626.425017 19.92 0.098 50.530219 0.664877
53628.409048 21.341 0.174 53628.410714 20.549 0.034 53628.407381 20.33 0.036 53628.408214 20.303 0.068 53628.409881 19.871 0.125 50.530219 0.664877
53639.456045 21.432 0.155 53639.457711 20.626 0.034 53639.454378 20.354 0.03 53639.455211 20.144 0.037 53639.456878 19.86 0.076 50.530219 0.664877
53641.45521 21.287 0.159 53641.456876 20.517 0.031 53641.453543 20.349 0.035 53641.454376 20.06 0.039 53641.456043 19.876 0.092 50.530219 0.664877
53657.414095 21.309 0.178 53657.415761 20.484 0.032 53657.412428 20.384 0.044 53657.413261 20.179 0.054 53657.414928 19.987 0.137 50.530219 0.664877
53663.398643 21.006 0.268 53663.400309 20.588 0.081 53663.396976 20.269 0.05 53663.397809 20.195 0.06 53663.399476 19.99 0.133 50.530219 0.664877
53665.376615 21.298 0.224 53665.378281 20.557 0.046 53665.374948 20.35 0.038 53665.375781 20.237 0.047 53665.377448 19.854 0.1 50.530219 0.664877
53666.468723 21.079 0.209 53666.470389 20.594 0.048 53666.467056 20.347 0.039 53666.467889 20.172 0.042 53666.469556 19.825 0.087 50.530219 0.664877
53668.388244 21.278 0.273 53668.38991 20.508 0.05 53668.386577 20.246 0.045 53668.38741 19.982 0.051 53668.389077 19.787 0.143 50.530219 0.664877
53669.47585 20.657 0.166 53669.477516 20.534 0.049 53669.474183 20.244 0.048 53669.475016 20.05 0.061 53669.476683 19.915 0.147 50.530219 0.664877
53670.393096 -99.99 0.15 53670.394762 20.638 0.041 53670.391429 20.367 0.051 53670.392262 20.232 0.054 53670.393929 20.014 0.124 50.530219 0.664877
53673.361083 21.204 0.1 53673.362749 20.577 0.025 53673.359416 20.304 0.025 53673.360249 20.116 0.03 53673.361916 19.778 0.068 50.530219 0.664877
53675.357972 21.182 0.112 53675.359638 20.484 0.024 53675.356305 20.231 0.029 53675.357138 20.114 0.04 53675.358805 19.818 0.088 50.530219 0.664877
53676.477615 21.114 0.355 53676.479281 20.683 0.11 53676.475948 20.503 0.128 53676.476781 20.228 0.119 53676.478448 -99.99 0.291 50.530219 0.664877
53680.365668 21.158 0.099 53680.367334 20.536 0.024 53680.364001 20.114 0.024 53680.364834 20.129 0.034 53680.366501 19.747 0.071 50.530219 0.664877
53683.424216 21.269 0.237 53683.425882 20.51 0.05 53683.422549 20.322 0.063 53683.423382 20.35 0.102 53683.425049 20.135 0.275 50.530219 0.664877
53686.3651 20.757 0.158 53686.366766 20.512 0.059 53686.363433 20.342 0.048 53686.364266 20.178 0.055 53686.365933 19.639 0.083 50.530219 0.664877
53699.388392 21.157 0.155 53699.390058 20.603 0.035 53699.386725 20.369 0.033 53699.387558 20.166 0.038 53699.389225 19.838 0.081 50.530219 0.664877
53704.350878 21.089 0.126 53704.352544 20.626 0.031 53704.349211 20.478 0.036 53704.350044 20.156 0.047 53704.351711 19.965 0.126 50.530219 0.664877
53989.447068 20.949 0.169 53989.448735 20.502 0.054 53989.445402 20.363 0.045 53989.446235 20.214 0.043 53989.447902 20.123 0.098 50.530219 0.664877
53997.470492 21.328 0.087 53997.472158 20.553 0.023 53997.468825 20.408 0.025 53997.469658 20.206 0.03 53997.471325 19.798 0.056 50.530219 0.664877
54000.422374 -99.99 0.117 54000.424041 -99.99 0.034 54000.420707 20.371 0.034 54000.421541 20.172 0.045 54000.423207 20.013 0.119 50.530219 0.664877
54007.472491 20.996 0.08 54007.474158 20.645 0.025 54007.470825 20.41 0.028 54007.471658 20.234 0.036 54007.473325 20.013 0.085 50.530219 0.664877
54009.396284 21.354 0.081 54009.39795 20.558 0.02 54009.394617 20.372 0.037 54009.39545 20.228 0.028 54009.397117 19.931 0.063 50.530219 0.664877
54011.460757 21.109 0.068 54011.462424 20.595 0.021 54011.459091 20.391 0.023 54011.459924 20.201 0.029 54011.461591 19.788 0.05 50.530219 0.664877
54012.473657 21.306 0.118 54012.475324 20.537 0.026 54012.471991 20.302 0.031 54012.472824 20.151 0.043 54012.474491 19.923 0.09 50.530219 0.664877
54019.455803 21.064 0.177 54019.45747 20.622 0.05 54019.454137 20.413 0.043 54019.45497 20.214 0.046 54019.456637 19.961 0.089 50.530219 0.664877
54025.459794 21.165 0.126 54025.461461 20.542 0.032 54025.458128 20.274 0.053 54025.458961 20.206 0.042 54025.460628 20.13 0.114 50.530219 0.664877
54346.453595 21.233 0.215 54346.455262 20.731 0.057 54346.451929 20.516 0.046 54346.452762 20.336 0.045 54346.454429 19.923 0.074 50.530219 0.664877
54348.457508 21.323 0.155 54348.459175 20.806 0.044 54348.455841 20.534 0.038 54348.456675 20.384 0.049 54348.458341 20.009 0.091 50.530219 0.664877
54358.413353 21.516 0.293 54358.415019 20.748 0.032 54358.411686 20.486 0.032 54358.412519 20.311 0.041 54358.414186 19.958 0.105 50.530219 0.664877
54365.446406 21.334 0.082 54365.448072 20.744 0.026 54365.444739 20.441 0.029 54365.445572 20.238 0.032 54365.447239 19.981 0.062 50.530219 0.664877
54381.465978 21.286 0.107 54381.467645 20.757 0.027 54381.464312 20.677 0.058 54381.465145 20.337 0.037 54381.466812 20.031 0.086 50.530219 0.664877
54386.458282 21.34 0.108 54386.459949 20.745 0.033 54386.456616 20.463 0.03 54386.457449 20.253 0.043 54386.459116 19.934 0.074 50.530219 0.664877
54388.462558 21.296 0.11 54388.464224 20.824 0.028 54388.460891 20.496 0.032 54388.461724 20.331 0.037 54388.463391 19.751 0.067 50.530219 0.664877
54392.460105 21.253 0.121 54392.461772 20.752 0.031 54392.458439 20.489 0.034 54392.459272 20.338 0.043 54392.460939 19.814 0.087 50.530219 0.664877
54406.370174 21.627 0.148 54406.371841 20.702 0.033 54406.368507 20.462 0.025 54406.369341 20.289 0.03 54406.371007 20.005 0.064 50.530219 0.664877
54409.375028 21.562 0.117 54409.376694 20.731 0.027 54409.373361 20.465 0.026 54409.374194 20.285 0.033 54409.375861 20.018 0.079 50.530219 0.664877
54412.396035 21.024 0.133 54412.397702 20.71 0.036 54412.394368 20.427 0.053 54412.395202 20.236 0.053 54412.396868 20.063 0.131 50.530219 0.664877
