51075.445266 21.31 0.124 51075.446932 20.985 0.037 51075.443599 20.597 0.039 51075.444432 20.187 0.049 51075.446099 19.974 0.148 52.492869 1.199192
51818.414904 21.211 0.113 51818.41657 20.938 0.034 51818.413237 20.499 0.033 51818.41407 20.145 0.038 51818.415737 20.195 0.145 52.492869 1.199192
52171.403024 20.916 0.098 52171.40469 20.683 0.031 52171.401357 20.384 0.031 52171.40219 20.026 0.034 52171.403857 20.018 0.112 52.492869 1.199192
52173.379271 21.142 0.13 52173.380937 20.791 0.034 52173.377604 20.283 0.029 52173.378437 19.97 0.037 52173.380104 19.812 0.13 52.492869 1.199192
52224.359428 20.968 0.089 52224.361094 20.757 0.027 52224.357761 20.399 0.03 52224.358594 20.009 0.032 52224.360261 19.707 0.086 52.492869 1.199192
52234.315925 20.921 0.099 52234.317591 20.717 0.031 52234.314258 20.391 0.032 52234.315091 19.98 0.033 52234.316758 19.725 0.09 52.492869 1.199192
52261.279281 21.034 0.091 52261.280947 20.75 0.027 52261.277614 20.383 0.028 52261.278447 20.088 0.031 52261.280114 19.773 0.074 52.492869 1.199192
52283.146656 21.086 0.141 52283.148322 20.754 0.037 52283.144989 20.365 0.044 52283.145822 19.916 0.045 52283.147489 -99.99 0.118 52.492869 1.199192
52287.15978 20.94 0.085 52287.161446 20.768 0.03 52287.158113 20.409 0.033 52287.158946 20.063 0.033 52287.160613 20.04 0.104 52.492869 1.199192
52552.478468 21.069 0.093 52552.480134 20.89 0.031 52552.476801 20.43 0.032 52552.477634 20.08 0.036 52552.479301 19.967 0.112 52.492869 1.199192
52557.452827 21.332 0.123 52557.454493 20.915 0.031 52557.45116 20.481 0.033 52557.451993 20.163 0.042 52557.45366 19.888 0.117 52.492869 1.199192
52585.354158 21.15 0.095 52585.355824 20.871 0.031 52585.352491 20.437 0.031 52585.353324 20.13 0.037 52585.354991 19.97 0.121 52.492869 1.199192
52908.427397 21.291 0.12 52908.429063 20.982 0.033 52908.42573 20.557 0.034 52908.426563 20.173 0.039 52908.42823 20.115 0.128 52.492869 1.199192
52912.406835 21.153 0.119 52912.408501 20.948 0.035 52912.405168 20.578 0.035 52912.406001 20.186 0.039 52912.407668 20.226 0.148 52.492869 1.199192
52934.359305 21.272 0.127 52934.360971 20.989 0.035 52934.357638 20.604 0.036 52934.358471 20.212 0.044 52934.360138 19.952 0.138 52.492869 1.199192
52936.35523 21.295 0.109 52936.356896 20.993 0.031 52936.353563 20.548 0.034 52936.354396 20.267 0.042 52936.356063 -99.99 0.122 52.492869 1.199192
53270.419284 21.072 0.083 53270.42095 20.958 0.031 53270.417617 20.559 0.026 53270.41845 20.154 0.031 53270.420117 20.268 0.12 52.492869 1.199192
53272.469226 21.16 0.108 53272.470892 21.016 0.033 53272.467559 20.515 0.032 53272.468392 20.126 0.038 53272.470059 19.835 0.101 52.492869 1.199192
53286.437946 21.267 0.156 53286.439612 20.938 0.043 53286.436279 20.505 0.038 53286.437112 20.145 0.042 53286.438779 20.194 0.146 52.492869 1.199192
53288.396442 21.286 0.122 53288.398108 20.917 0.032 53288.394775 20.526 0.033 53288.395608 20.197 0.04 53288.397275 20.08 0.125 52.492869 1.199192
53294.444112 21.242 0.131 53294.445778 20.939 0.039 53294.442445 20.478 0.033 53294.443278 20.21 0.039 53294.444945 20.025 0.114 52.492869 1.199192
53296.391134 21.33 0.132 53296.3928 20.887 0.033 53296.389467 20.485 0.039 53296.3903 20.209 0.043 53296.391967 19.934 0.103 52.492869 1.199192
53298.440888 21.34 0.138 53298.442554 20.935 0.034 53298.439221 20.477 0.041 53298.440054 20.104 0.047 53298.441721 19.946 0.135 52.492869 1.199192
53312.347641 21.003 0.152 53312.349308 20.906 0.058 53312.345975 20.394 0.042 53312.346808 20.125 0.048 53312.348475 19.697 0.104 52.492869 1.199192
53314.348841 21.155 0.133 53314.350507 20.91 0.042 53314.347174 20.443 0.036 53314.348007 20.176 0.045 53314.349674 20.046 0.138 52.492869 1.199192
53319.336638 21.301 0.179 53319.338304 20.812 0.042 53319.334971 20.541 0.046 53319.335804 20.167 0.053 53319.337471 20.015 0.157 52.492869 1.199192
53616.453191 21.392 0.167 53616.454857 21.032 0.037 53616.451524 20.659 0.041 53616.452357 20.22 0.045 53616.454024 20.136 0.137 52.492869 1.199192
53626.42962 -99.99 0.669 53626.431286 -99.99 0.053 53626.427953 20.644 0.038 53626.428786 -99.99 0.057 53626.430453 -99.99 0.422 52.492869 1.199192
53628.414485 21.253 0.163 53628.416151 21.106 0.05 53628.412818 20.464 0.044 53628.413651 20.257 0.06 53628.415318 20.27 0.21 52.492869 1.199192
53639.46148 21.407 0.173 53639.463146 21.061 0.045 53639.459813 20.616 0.039 53639.460646 20.196 0.039 53639.462313 20.532 0.166 52.492869 1.199192
53641.460647 21.4 0.215 53641.462313 21.039 0.052 53641.45898 20.608 0.045 53641.459813 20.229 0.049 53641.46148 19.994 0.133 52.492869 1.199192
53657.419532 21.649 0.269 53657.421198 21.002 0.042 53657.417865 20.557 0.05 53657.418698 20.304 0.061 53657.420365 20.268 0.204 52.492869 1.199192
53663.404079 21.367 0.412 53663.405745 20.886 0.096 53663.402412 20.422 0.071 53663.403245 20.298 0.078 53663.404912 20.114 0.139 52.492869 1.199192
53665.382051 -99.99 0.401 53665.383717 21.038 0.082 53665.380384 20.65 0.077 53665.381217 20.294 0.066 53665.382884 20.147 0.192 52.492869 1.199192
53666.474158 21.402 0.266 53666.475824 20.937 0.062 53666.472491 20.531 0.05 53666.473324 20.283 0.049 53666.474991 20.053 0.124 52.492869 1.199192
53668.39368 21.372 0.244 53668.395346 20.961 0.06 53668.392013 20.435 0.049 53668.392846 20.277 0.062 53668.394513 19.957 0.154 52.492869 1.199192
53669.481284 21.29 0.286 53669.48295 21.04 0.067 53669.479617 20.647 0.06 53669.48045 20.336 0.069 53669.482117 20.156 0.194 52.492869 1.199192
53673.36652 21.273 0.125 53673.368186 20.981 0.034 53673.364853 20.566 0.034 53673.365686 20.271 0.039 53673.367353 19.983 0.107 52.492869 1.199192
53675.363408 21.269 0.125 53675.365074 21.017 0.036 53675.361741 20.562 0.039 53675.362574 20.263 0.045 53675.364241 20.12 0.139 52.492869 1.199192
53676.483037 20.545 0.284 53676.484703 20.943 0.114 53676.48137 20.63 0.173 53676.482203 20.251 0.149 53676.48387 -99.99 0.269 52.492869 1.199192
53680.371106 21.203 0.121 53680.372772 21.03 0.035 53680.369439 20.53 0.033 53680.370272 20.204 0.038 53680.371939 20.215 0.13 52.492869 1.199192
53683.429651 21.059 0.405 53683.431317 21.027 0.096 53683.427984 20.251 0.093 53683.428817 20.041 0.132 53683.430484 19.396 0.276 52.492869 1.199192
53686.370537 21.483 0.34 53686.372203 20.825 0.083 53686.36887 20.439 0.064 53686.369703 20.069 0.057 53686.37137 19.875 0.13 52.492869 1.199192
53693.372993 20.767 0.322 53693.374659 21.017 0.15 53693.371326 20.644 0.113 53693.372159 20.111 0.078 53693.373826 20.215 0.223 52.492869 1.199192
53699.393828 21.387 0.217 53699.395494 21.141 0.055 53699.392161 20.574 0.044 53699.392994 20.225 0.045 53699.394661 19.97 0.104 52.492869 1.199192
53704.356314 21.56 0.215 53704.35798 21.076 0.042 53704.354647 20.472 0.039 53704.35548 20.19 0.053 53704.357147 19.979 0.133 52.492869 1.199192
53989.452399 20.931 0.181 53989.454065 20.854 0.078 53989.450732 20.389 0.051 53989.451565 20.041 0.047 53989.453232 -99.99 0.106 52.492869 1.199192
54000.427785 21.167 0.139 54000.429452 20.789 0.037 54000.426119 20.34 0.032 54000.426952 20.021 0.047 54000.428619 19.833 0.116 52.492869 1.199192
54007.477932 20.896 0.09 54007.479599 20.774 0.027 54007.476266 20.356 0.029 54007.477099 20.009 0.035 54007.478766 19.948 0.115 52.492869 1.199192
54009.401715 20.85 0.066 54009.403382 20.715 0.023 54009.400048 20.315 0.023 54009.400882 20.005 0.026 54009.402548 19.891 0.08 52.492869 1.199192
54011.466196 20.848 0.066 54011.467863 20.746 0.024 54011.46453 20.378 0.024 54011.465363 20.115 0.029 54011.46703 19.897 0.067 52.492869 1.199192
54012.479024 20.936 0.094 54012.480691 20.761 0.033 54012.477358 20.337 0.032 54012.478191 20.054 0.037 54012.479858 19.999 0.172 52.492869 1.199192
54019.461278 21.113 0.198 54019.462945 20.933 0.099 54019.459612 20.393 0.047 54019.460445 19.912 0.04 54019.462112 19.965 0.117 52.492869 1.199192
54025.465229 20.935 0.111 54025.466895 20.745 0.032 54025.463562 20.303 0.035 54025.464395 20.082 0.04 54025.466062 19.838 0.092 52.492869 1.199192
54346.458983 21.116 0.229 54346.46065 20.564 0.057 54346.457317 20.249 0.038 54346.45815 19.9 0.037 54346.459817 19.796 0.089 52.492869 1.199192
54348.462954 21.067 0.16 54348.464621 20.612 0.039 54348.461287 20.208 0.035 54348.462121 19.985 0.042 54348.463787 19.828 0.099 52.492869 1.199192
54358.4188 21.155 0.125 54358.420467 20.636 0.027 54358.417133 20.316 0.029 54358.417967 19.939 0.032 54358.419633 19.732 0.078 52.492869 1.199192
54365.451889 20.749 0.065 54365.453556 20.583 0.026 54365.450222 20.296 0.027 54365.451056 19.906 0.027 54365.452722 19.717 0.067 52.492869 1.199192
54381.471459 -99.99 0.086 54381.473126 20.591 0.029 54381.469792 20.223 0.026 54381.470626 19.868 0.03 54381.472292 19.656 0.074 52.492869 1.199192
54386.463728 20.669 0.133 54386.465395 20.609 0.025 54386.462062 20.175 0.031 54386.462895 19.811 0.037 54386.464562 19.759 0.084 52.492869 1.199192
54388.468011 20.717 0.088 54388.469678 20.596 0.029 54388.466345 20.288 0.034 54388.467178 19.964 0.034 54388.468845 19.768 0.132 52.492869 1.199192
54392.465586 20.698 0.09 54392.467253 20.578 0.036 54392.463919 20.264 0.033 54392.464753 19.935 0.032 54392.466419 19.641 0.092 52.492869 1.199192
54403.381783 20.766 0.149 54403.383449 20.626 0.069 54403.380116 20.245 0.077 54403.380949 19.877 0.045 54403.382616 19.859 0.103 52.492869 1.199192
54404.439385 20.129 0.683 54404.441052 -99.99 0.087 54404.437719 20.052 0.103 54404.438552 -99.99 0.266 54404.440219 19.062 0.39 52.492869 1.199192
54406.375602 20.796 0.082 54406.377269 20.683 0.03 54406.373936 20.216 0.026 54406.374769 19.899 0.028 54406.376436 19.685 0.064 52.492869 1.199192
54409.380456 20.8 0.074 54409.382123 20.622 0.025 54409.378789 20.219 0.028 54409.379623 19.892 0.03 54409.381289 19.885 0.089 52.492869 1.199192
54412.401369 20.851 0.147 54412.403035 20.59 0.036 54412.399702 20.213 0.038 54412.400535 19.855 0.044 54412.402202 19.951 0.153 52.492869 1.199192
