51075.45143 20.284 0.053 51075.453096 19.862 0.017 51075.449763 19.616 0.019 51075.450596 19.355 0.023 51075.452263 19.199 0.089 54.720446 0.317985
51818.42107 19.839 0.045 51818.422736 19.585 0.015 51818.419403 19.382 0.017 51818.420236 19.097 0.018 51818.421903 18.87 0.058 54.720446 0.317985
52287.165949 20.073 0.051 52287.167615 19.667 0.014 52287.164282 19.487 0.017 52287.165115 19.171 0.016 52287.166782 18.931 0.056 54.720446 0.317985
52908.433566 20.015 0.059 52908.435232 19.664 0.015 52908.431899 19.492 0.017 52908.432732 19.226 0.019 52908.434399 18.993 0.074 54.720446 0.317985
52934.365473 20.073 0.052 52934.367139 19.679 0.014 52934.363806 19.444 0.016 52934.364639 19.254 0.019 52934.366306 19.068 0.068 54.720446 0.317985
53296.397308 20.045 0.047 53296.398975 19.762 0.02 53296.395641 19.546 0.021 53296.396475 19.305 0.022 53296.398141 19.099 0.06 54.720446 0.317985
53312.353822 19.827 0.064 53312.355489 19.607 0.021 53312.352155 19.444 0.02 53312.352989 19.215 0.021 53312.354655 19.057 0.062 54.720446 0.317985
53319.342806 19.642 0.059 53319.344472 19.398 0.016 53319.341139 19.209 0.024 53319.341972 18.983 0.022 53319.343639 18.75 0.075 54.720446 0.317985
53616.459359 19.883 0.053 53616.461025 19.591 0.016 53616.457692 19.351 0.018 53616.458525 19.122 0.021 53616.460192 18.813 0.063 54.720446 0.317985
53628.420652 19.977 0.071 53628.422318 19.604 0.016 53628.418985 19.387 0.018 53628.419818 19.088 0.022 53628.421485 18.828 0.085 54.720446 0.317985
53663.410247 19.957 0.109 53663.411913 19.629 0.033 53663.40858 19.366 0.027 53663.409413 19.152 0.023 53663.41108 18.922 0.057 54.720446 0.317985
53665.38822 20.038 0.088 53665.389886 19.594 0.025 53665.386553 19.411 0.021 53665.387386 19.159 0.021 53665.389053 18.922 0.065 54.720446 0.317985
53668.399848 19.942 0.082 53668.401514 19.496 0.019 53668.398181 19.352 0.022 53668.399014 19.056 0.022 53668.400681 18.918 0.076 54.720446 0.317985
53669.487452 19.896 0.084 53669.489118 19.65 0.02 53669.485785 19.417 0.02 53669.486618 19.176 0.021 53669.488285 18.886 0.062 54.720446 0.317985
53670.4047 19.971 0.082 53670.406366 19.63 0.023 53670.403033 19.364 0.018 53670.403866 19.137 0.021 53670.405533 18.96 0.091 54.720446 0.317985
53673.372688 20.008 0.051 53673.374354 19.6 0.013 53673.371021 19.427 0.016 53673.371854 19.205 0.016 53673.373521 18.971 0.053 54.720446 0.317985
53675.369577 19.903 0.05 53675.371243 19.609 0.014 53675.36791 19.385 0.017 53675.368743 19.124 0.019 53675.37041 18.852 0.055 54.720446 0.317985
53676.489215 19.693 0.428 53676.490881 19.673 0.079 53676.487548 19.352 0.102 53676.488381 18.976 0.111 53676.490048 18.776 0.419 54.720446 0.317985
53686.376704 20.066 0.091 53686.37837 19.619 0.027 53686.375037 19.4 0.026 53686.37587 19.144 0.022 53686.377537 18.934 0.058 54.720446 0.317985
53687.434083 -99.99 0.29 53687.435749 -99.99 0.087 53687.432416 19.399 0.096 53687.433249 19.287 0.084 53687.434916 -99.99 0.135 54.720446 0.317985
53693.379162 20.145 0.171 53693.380828 19.717 0.045 53693.377495 19.448 0.034 53693.378328 19.133 0.028 53693.379995 18.852 0.069 54.720446 0.317985
53704.362482 20.052 0.071 53704.364148 19.644 0.017 53704.360815 19.393 0.018 53704.361648 19.129 0.02 53704.363315 18.952 0.073 54.720446 0.317985
53989.458591 20.032 0.078 53989.460257 19.667 0.027 53989.456924 19.525 0.023 53989.457757 19.359 0.021 53989.459424 19.199 0.054 54.720446 0.317985
54008.444954 19.941 0.042 54008.44662 19.627 0.016 54008.443287 19.432 0.016 54008.44412 19.273 0.018 54008.445787 19.097 0.053 54.720446 0.317985
54019.467425 20.007 0.073 54019.469091 19.73 0.026 54019.465758 19.511 0.022 54019.466591 19.304 0.018 54019.468258 19.025 0.048 54.720446 0.317985
54025.471383 20.088 0.055 54025.47305 19.678 0.017 54025.469717 19.507 0.019 54025.47055 19.283 0.021 54025.472217 19.146 0.058 54.720446 0.317985
54346.465243 19.983 0.087 54346.46691 19.639 0.026 54346.463576 19.432 0.026 54346.46441 19.261 0.024 54346.466076 18.878 0.051 54.720446 0.317985
54348.469156 19.964 0.064 54348.470822 19.627 0.023 54348.467489 19.474 0.021 54348.468322 19.263 0.022 54348.469989 19.035 0.061 54.720446 0.317985
54358.424939 19.996 0.047 54358.426606 19.675 0.019 54358.423273 19.481 0.021 54358.424106 19.278 0.019 54358.425773 18.993 0.051 54.720446 0.317985
54381.477574 20.167 0.065 54381.479241 19.703 0.022 54381.475908 19.569 0.019 54381.476741 19.323 0.02 54381.478408 19.069 0.06 54.720446 0.317985
54403.387966 -99.99 0.121 54403.389633 20.347 0.379 54403.386299 19.594 0.029 54403.387133 19.375 0.029 54403.388799 18.995 0.174 54.720446 0.317985
54412.407549 20.003 0.078 54412.409216 19.856 0.021 54412.405883 19.639 0.026 54412.406716 19.365 0.029 54412.408383 19.246 0.071 54.720446 0.317985
