51075.45001 20.704 0.077 51075.451676 20.477 0.025 51075.448343 20.095 0.027 51075.449176 20.15 0.046 51075.450843 20.072 0.155 54.205441 1.134739
51818.419662 20.952 0.103 51818.421328 20.454 0.025 51818.417995 20.13 0.025 51818.418828 20.191 0.042 51818.420495 19.958 0.12 54.205441 1.134739
52171.407747 20.631 0.072 52171.409413 20.303 0.021 52171.40608 19.98 0.025 52171.406913 20.046 0.033 52171.40858 20.001 0.1 54.205441 1.134739
52173.384062 20.63 0.085 52173.385728 20.329 0.023 52173.382395 20.041 0.025 52173.383228 20.03 0.038 52173.384895 19.911 0.129 54.205441 1.134739
52224.364172 20.572 0.065 52224.365838 20.312 0.021 52224.362505 20.007 0.021 52224.363338 20.097 0.033 52224.365005 20.019 0.112 54.205441 1.134739
52234.320668 20.55 0.079 52234.322334 20.33 0.024 52234.319001 19.899 0.022 52234.319834 20.041 0.035 52234.321501 19.801 0.096 54.205441 1.134739
52261.284024 20.678 0.077 52261.28569 20.38 0.022 52261.282357 20.036 0.022 52261.28319 20.108 0.031 52261.284857 20.024 0.094 54.205441 1.134739
52283.151401 20.577 0.077 52283.153067 20.342 0.024 52283.149734 19.988 0.026 52283.150567 20.1 0.047 52283.152234 20.301 0.174 54.205441 1.134739
52287.164522 20.644 0.074 52287.166188 20.318 0.022 52287.162855 20.041 0.024 52287.163688 20.041 0.034 52287.165355 19.945 0.095 54.205441 1.134739
52552.483211 20.601 0.063 52552.484877 20.3 0.02 52552.481544 19.973 0.021 52552.482377 19.991 0.032 52552.484044 20.006 0.107 54.205441 1.134739
52557.45757 20.583 0.067 52557.459236 20.278 0.02 52557.455903 19.969 0.023 52557.456736 20.006 0.037 52557.458403 20.239 0.198 54.205441 1.134739
52585.3589 20.492 0.061 52585.360566 20.24 0.019 52585.357233 19.937 0.021 52585.358066 20.029 0.035 52585.359733 19.839 0.107 54.205441 1.134739
52908.43214 21.183 0.121 52908.433806 20.67 0.033 52908.430473 20.274 0.028 52908.431306 20.255 0.042 52908.432973 20.227 0.157 54.205441 1.134739
52912.411579 21.137 0.122 52912.413245 20.682 0.029 52912.409912 20.277 0.028 52912.410745 20.372 0.044 52912.412412 20.297 0.159 54.205441 1.134739
52934.364047 20.913 0.091 52934.365713 20.704 0.028 52934.36238 20.267 0.029 52934.363213 20.373 0.05 52934.36488 20.234 0.169 54.205441 1.134739
52936.359973 20.796 0.076 52936.361639 20.635 0.027 52936.358306 20.261 0.03 52936.359139 20.317 0.044 52936.360806 20.068 0.134 54.205441 1.134739
53270.424072 20.786 0.07 53270.425738 20.548 0.025 53270.422405 20.201 0.023 53270.423238 20.229 0.032 53270.424905 20.204 0.115 54.205441 1.134739
53272.473969 20.835 0.08 53272.475635 20.562 0.024 53272.472302 20.188 0.024 53272.473135 20.174 0.038 53272.474802 20.109 0.12 54.205441 1.134739
53286.44269 20.779 0.132 53286.444356 20.486 0.041 53286.441023 20.121 0.032 53286.441856 20.131 0.053 53286.443523 20.089 0.178 54.205441 1.134739
53288.401184 20.634 0.075 53288.40285 20.474 0.025 53288.399517 20.145 0.024 53288.40035 20.178 0.037 53288.402017 20.081 0.119 54.205441 1.134739
53294.448856 20.776 0.121 53294.450522 20.52 0.026 53294.447189 20.173 0.03 53294.448022 20.152 0.044 53294.449689 20.049 0.126 54.205441 1.134739
53296.395873 20.949 0.101 53296.397539 20.506 0.03 53296.394206 20.179 0.029 53296.395039 20.227 0.042 53296.396706 19.961 0.11 54.205441 1.134739
53298.445632 20.707 0.08 53298.447298 20.524 0.025 53298.443965 20.157 0.03 53298.444798 20.184 0.047 53298.446465 19.941 0.134 54.205441 1.134739
53312.352393 20.715 0.117 53312.35406 20.489 0.043 53312.350727 20.115 0.033 53312.35156 20.205 0.05 53312.353227 20.119 0.163 54.205441 1.134739
53314.353585 20.745 0.099 53314.355251 20.42 0.03 53314.351918 20.113 0.029 53314.352751 20.105 0.041 53314.354418 20.061 0.147 54.205441 1.134739
53319.341381 20.717 0.114 53319.343047 20.47 0.035 53319.339714 20.169 0.035 53319.340547 20.158 0.053 53319.342214 20.265 0.219 54.205441 1.134739
53616.457935 20.799 0.092 53616.459601 20.583 0.03 53616.456268 20.259 0.026 53616.457101 20.394 0.045 53616.458768 20.127 0.135 54.205441 1.134739
53628.419228 20.85 0.12 53628.420894 -99.99 0.04 53628.417561 20.161 0.028 53628.418394 20.23 0.053 53628.420061 19.912 0.162 54.205441 1.134739
53639.466223 20.786 0.108 53639.467889 20.657 0.035 53639.464556 20.191 0.028 53639.465389 20.256 0.042 53639.467056 20.121 0.115 54.205441 1.134739
53641.465388 20.591 0.1 53641.467054 20.646 0.036 53641.463721 20.233 0.03 53641.464554 20.185 0.041 53641.466221 20.231 0.163 54.205441 1.134739
53657.424275 20.899 0.117 53657.425941 20.562 0.029 53657.422608 20.192 0.03 53657.423441 20.302 0.058 53657.425108 20.277 0.195 54.205441 1.134739
53663.408822 20.848 0.238 53663.410488 20.66 0.074 53663.407155 20.273 0.055 53663.407988 20.279 0.063 53663.409655 -99.99 0.149 54.205441 1.134739
53665.386794 20.617 0.127 53665.38846 20.636 0.054 53665.385127 20.238 0.041 53665.38596 20.358 0.058 53665.387627 20.097 0.143 54.205441 1.134739
53666.478901 20.865 0.178 53666.480567 20.596 0.047 53666.477234 20.194 0.037 53666.478067 20.308 0.052 53666.479734 20.305 0.163 54.205441 1.134739
53668.398423 20.598 0.136 53668.400089 20.601 0.045 53668.396756 20.14 0.036 53668.397589 20.241 0.053 53668.399256 20.101 0.162 54.205441 1.134739
53669.486027 20.879 0.177 53669.487693 20.707 0.045 53669.48436 20.256 0.041 53669.485193 20.169 0.05 53669.48686 20.117 0.161 54.205441 1.134739
53670.403275 20.967 0.154 53670.404941 20.498 0.044 53670.401608 20.04 0.035 53670.402441 20.218 0.074 53670.404108 19.958 0.149 54.205441 1.134739
53673.371263 20.875 0.093 53673.372929 20.565 0.024 53673.369596 20.163 0.027 53673.370429 20.319 0.046 53673.372096 20.062 0.11 54.205441 1.134739
53675.368152 20.906 0.102 53675.369818 20.568 0.024 53675.366485 20.282 0.03 53675.367318 20.266 0.046 53675.368985 19.989 0.126 54.205441 1.134739
53680.375848 20.87 0.089 53680.377514 20.653 0.027 53680.374181 20.2 0.026 53680.375014 20.196 0.036 53680.376681 20.055 0.101 54.205441 1.134739
53683.434393 20.947 0.218 53683.436059 20.743 0.059 53683.432726 20.277 0.067 53683.433559 20.452 0.112 53683.435226 20.453 0.392 54.205441 1.134739
53686.375278 20.797 0.164 53686.376944 20.558 0.062 53686.373611 20.214 0.047 53686.374444 20.176 0.057 53686.376111 20.103 0.144 54.205441 1.134739
53693.377736 20.947 0.34 53693.379402 20.567 0.092 53693.376069 20.212 0.068 53693.376902 20.248 0.078 53693.378569 19.783 0.141 54.205441 1.134739
53699.39857 20.818 0.139 53699.400236 20.614 0.035 53699.396903 20.202 0.032 53699.397736 20.226 0.043 53699.399403 20.121 0.123 54.205441 1.134739
53704.361057 20.947 0.127 53704.362723 20.553 0.03 53704.35939 20.17 0.03 53704.360223 20.188 0.045 53704.36189 19.89 0.124 54.205441 1.134739
53989.457104 20.66 0.139 53989.458771 20.489 0.052 53989.455437 20.144 0.04 53989.456271 20.118 0.048 53989.457937 -99.99 0.143 54.205441 1.134739
54007.482686 20.666 0.074 54007.484353 20.504 0.022 54007.481019 20.126 0.024 54007.481853 20.094 0.038 54007.483519 20.418 0.146 54.205441 1.134739
54008.443474 -99.99 0.072 54008.44514 20.544 0.025 54008.441807 20.129 0.027 54008.44264 20.136 0.038 54008.444307 19.802 0.1 54.205441 1.134739
54009.406457 20.613 0.059 54009.408124 20.52 0.018 54009.404791 20.096 0.019 54009.405624 20.129 0.028 54009.407291 19.995 0.085 54.205441 1.134739
54011.470944 20.759 0.063 54011.472611 20.471 0.021 54011.469278 20.157 0.022 54011.470111 20.163 0.029 54011.471778 20.074 0.075 54.205441 1.134739
54012.483746 20.879 0.092 54012.485413 20.471 0.027 54012.482079 20.101 0.025 54012.482913 20.106 0.036 54012.484579 20.286 0.132 54.205441 1.134739
54019.465966 20.518 0.109 54019.467633 20.505 0.047 54019.464299 20.017 0.041 54019.465133 20.081 0.051 54019.466799 20.424 0.153 54.205441 1.134739
54025.46999 -99.99 0.086 54025.471656 20.437 0.024 54025.468323 20.107 0.03 54025.469156 20.159 0.042 54025.470823 20.035 0.112 54.205441 1.134739
54348.467731 20.595 0.101 54348.469397 -99.99 0.034 54348.466064 20.033 0.031 54348.466897 19.987 0.037 54348.468564 19.938 0.109 54.205441 1.134739
54358.423532 20.653 0.077 54358.425199 20.298 0.021 54358.421866 19.986 0.022 54358.422699 19.985 0.029 54358.424366 19.92 0.087 54.205441 1.134739
54365.456595 20.672 0.063 54365.458261 20.315 0.019 54365.454928 20.033 0.019 54365.455761 20.13 0.049 54365.457428 20.104 0.079 54.205441 1.134739
54381.476166 20.42 0.069 54381.477833 20.355 0.03 54381.474499 19.97 0.022 54381.475333 20.001 0.035 54381.476999 20.26 0.136 54.205441 1.134739
54386.468474 20.483 0.064 54386.470141 20.282 0.02 54386.466807 19.975 0.02 54386.467641 20.042 0.03 54386.469307 19.939 0.076 54.205441 1.134739
54388.472714 20.518 0.071 54388.474381 20.358 0.028 54388.471048 20.003 0.024 54388.471881 20.015 0.035 54388.473548 20.115 0.104 54.205441 1.134739
54392.470293 20.525 0.07 54392.471959 20.29 0.023 54392.468626 20.007 0.024 54392.469459 20.059 0.036 54392.471126 19.898 0.093 54.205441 1.134739
54403.386537 20.237 0.109 54403.388204 20.373 0.087 54403.38487 20.017 0.075 54403.385704 20.037 0.07 54403.38737 19.846 0.139 54.205441 1.134739
54404.444053 20.73 0.196 54404.44572 20.25 0.061 54404.442386 19.988 0.056 54404.44322 19.874 0.075 54404.444886 19.738 0.122 54.205441 1.134739
54406.380366 20.647 0.075 54406.382033 20.326 0.027 54406.3787 19.983 0.023 54406.379533 20.055 0.03 54406.3812 19.888 0.074 54.205441 1.134739
54409.385188 20.513 0.066 54409.386855 20.28 0.022 54409.383521 20.023 0.023 54409.384355 19.949 0.03 54409.386021 19.77 0.081 54.205441 1.134739
54412.406107 20.443 0.1 54412.407773 20.272 0.026 54412.40444 19.969 0.033 54412.405273 19.974 0.045 54412.40694 20.104 0.156 54.205441 1.134739
