51075.441047 19.792 0.035 51075.442713 19.789 0.015 51075.43938 19.493 0.016 51075.440213 19.444 0.025 51075.44188 19.469 0.084 50.969846 0.687916
51818.410708 19.878 0.038 51818.412374 19.796 0.016 51818.409041 19.483 0.015 51818.409874 19.513 0.023 51818.411541 19.474 0.066 50.969846 0.687916
52171.398814 19.688 0.034 52171.40048 19.549 0.013 52171.397147 19.351 0.013 52171.39798 19.314 0.018 52171.399647 19.386 0.055 50.969846 0.687916
52173.375059 19.668 0.038 52173.376725 19.573 0.015 52173.373392 19.344 0.015 52173.374225 19.348 0.022 52173.375892 19.469 0.079 50.969846 0.687916
52224.355197 19.591 0.032 52224.356863 19.528 0.013 52224.35353 19.306 0.013 52224.354363 19.289 0.018 52224.35603 19.419 0.058 50.969846 0.687916
52234.311707 19.655 0.038 52234.313373 19.571 0.014 52234.31004 19.314 0.014 52234.310873 19.307 0.02 52234.31254 19.38 0.059 50.969846 0.687916
52261.275062 19.559 0.032 52261.276728 19.523 0.013 52261.273395 19.335 0.013 52261.274228 19.23 0.018 52261.275895 19.26 0.048 50.969846 0.687916
52283.142438 19.547 0.037 52283.144104 19.539 0.015 52283.140771 19.337 0.016 52283.141604 19.255 0.024 52283.143271 19.271 0.083 50.969846 0.687916
52287.15556 19.527 0.03 52287.157226 19.514 0.013 52287.153893 19.296 0.014 52287.154726 19.267 0.018 52287.156393 19.345 0.051 50.969846 0.687916
52552.47425 19.808 0.037 52552.475916 19.685 0.014 52552.472583 19.457 0.014 52552.473416 19.406 0.021 52552.475083 19.45 0.06 50.969846 0.687916
52557.44861 19.746 0.034 52557.450276 19.686 0.014 52557.446943 19.423 0.016 52557.447776 19.346 0.022 52557.449443 19.463 0.072 50.969846 0.687916
52585.349939 19.785 0.033 52585.351605 19.715 0.014 52585.348272 19.423 0.014 52585.349105 19.401 0.019 52585.350772 19.552 0.068 50.969846 0.687916
52908.423179 19.957 0.039 52908.424845 19.908 0.017 52908.421512 19.583 0.017 52908.422345 19.55 0.023 52908.424012 19.675 0.111 50.969846 0.687916
52912.402618 20.008 0.045 52912.404284 19.921 0.017 52912.400951 19.6 0.016 52912.401784 19.582 0.023 52912.403451 19.581 0.07 50.969846 0.687916
52934.355087 20.137 0.045 52934.356753 19.978 0.017 52934.35342 19.678 0.018 52934.354253 19.635 0.025 52934.35592 19.726 0.086 50.969846 0.687916
52936.351012 20.12 0.043 52936.352678 20.08 0.018 52936.349345 19.686 0.017 52936.350178 19.683 0.026 52936.351845 19.663 0.075 50.969846 0.687916
53270.415061 20.001 0.033 53270.416728 19.932 0.018 53270.413394 19.644 0.015 53270.414228 19.616 0.023 53270.415894 19.655 0.056 50.969846 0.687916
53272.465007 19.997 0.041 53272.466673 19.921 0.017 53272.46334 19.649 0.017 53272.464173 19.609 0.023 53272.46584 19.607 0.065 50.969846 0.687916
53286.433729 19.819 0.043 53286.435395 19.873 0.018 53286.432062 19.61 0.018 53286.432895 19.59 0.024 53286.434562 19.541 0.071 50.969846 0.687916
53288.392224 19.898 0.043 53288.39389 19.894 0.016 53288.390557 19.634 0.016 53288.39139 19.611 0.023 53288.393057 19.584 0.071 50.969846 0.687916
53294.439894 19.836 0.04 53294.44156 19.9 0.017 53294.438227 19.61 0.018 53294.43906 19.539 0.023 53294.440727 19.542 0.073 50.969846 0.687916
53296.3869 19.918 0.046 53296.388567 19.86 0.02 53296.385234 19.61 0.023 53296.386067 19.569 0.033 53296.387734 19.59 0.07 50.969846 0.687916
53298.436671 19.889 0.041 53298.438337 19.923 0.018 53298.435004 19.576 0.019 53298.435837 19.616 0.029 53298.437504 19.504 0.078 50.969846 0.687916
53302.387892 19.924 0.048 53302.389558 19.838 0.022 53302.386225 -99.99 0.033 53302.387058 19.532 0.027 53302.388725 19.564 0.067 50.969846 0.687916
53312.343461 19.798 0.051 53312.345128 19.87 0.026 53312.341794 19.637 0.023 53312.342628 19.583 0.027 53312.344294 19.585 0.078 50.969846 0.687916
53314.344622 19.906 0.048 53314.346288 19.837 0.019 53314.342955 19.59 0.018 53314.343788 19.543 0.024 53314.345455 19.675 0.078 50.969846 0.687916
53319.332419 19.854 0.05 53319.334085 19.85 0.02 53319.330752 19.607 0.022 53319.331585 19.536 0.03 53319.333252 19.469 0.082 50.969846 0.687916
53616.448973 20.154 0.052 53616.450639 19.998 0.019 53616.447306 19.705 0.019 53616.448139 19.651 0.028 53616.449806 19.721 0.086 50.969846 0.687916
53626.425401 -99.99 0.061 53626.427067 19.979 0.02 53626.423734 -99.99 0.023 53626.424567 19.69 0.037 53626.426234 19.676 0.111 50.969846 0.687916
53628.410266 20.078 0.054 53628.411932 19.971 0.022 53628.408599 19.674 0.024 53628.409432 19.671 0.042 53628.411099 19.833 0.146 50.969846 0.687916
53639.457262 19.968 0.05 53639.458928 19.977 0.021 53639.455595 19.645 0.018 53639.456428 19.619 0.024 53639.458095 19.584 0.067 50.969846 0.687916
53641.456428 20.05 0.055 53641.458094 19.976 0.022 53641.454761 19.685 0.02 53641.455594 19.658 0.026 53641.457261 19.466 0.064 50.969846 0.687916
53657.415312 20.083 0.062 53657.416978 19.967 0.022 53657.413645 19.603 0.023 53657.414478 19.591 0.032 53657.416145 19.463 0.082 50.969846 0.687916
53663.399861 19.784 0.102 53663.401527 19.921 0.052 53663.398194 19.625 0.033 53663.399027 19.581 0.036 53663.400694 19.661 0.095 50.969846 0.687916
53665.377833 19.903 0.066 53665.379499 19.963 0.047 53665.376166 19.7 0.025 53665.376999 19.618 0.032 53665.378666 19.702 0.085 50.969846 0.687916
53666.46994 20.052 0.08 53666.471606 19.933 0.031 53666.468273 19.663 0.023 53666.469106 19.601 0.027 53666.470773 19.628 0.076 50.969846 0.687916
53668.389462 20.187 0.097 53668.391128 19.981 0.03 53668.387795 19.63 0.024 53668.388628 19.588 0.038 53668.390295 19.691 0.111 50.969846 0.687916
53669.477068 20.032 0.092 53669.478734 19.939 0.028 53669.475401 19.66 0.028 53669.476234 19.647 0.036 53669.477901 19.661 0.103 50.969846 0.687916
53670.394314 19.88 0.06 53670.39598 19.95 0.024 53670.392647 19.571 0.025 53670.39348 19.586 0.032 53670.395147 19.44 0.077 50.969846 0.687916
53673.362301 -99.99 0.045 53673.363967 19.96 0.016 53673.360634 19.661 0.016 53673.361467 19.6 0.02 53673.363134 19.695 0.067 50.969846 0.687916
53675.359188 20.049 0.045 53675.360854 19.982 0.017 53675.357521 19.629 0.018 53675.358354 19.618 0.024 53675.360021 19.543 0.071 50.969846 0.687916
53676.478832 20.269 0.211 53676.480498 20.032 0.061 53676.477165 19.745 0.061 53676.477998 -99.99 0.07 53676.479665 19.548 0.214 50.969846 0.687916
53680.366886 20.074 0.043 53680.368552 20.02 0.016 53680.365219 19.678 0.017 53680.366052 19.578 0.022 53680.367719 19.58 0.057 50.969846 0.687916
53683.425434 19.98 0.091 53683.4271 19.98 0.037 53683.423767 19.642 0.038 53683.4246 19.52 0.051 53683.426267 19.675 0.216 50.969846 0.687916
53686.366317 20 0.076 53686.367983 20.034 0.037 53686.36465 19.659 0.029 53686.365483 19.647 0.034 53686.36715 19.67 0.081 50.969846 0.687916
53693.368775 -99.99 0.134 53693.370441 20.012 0.054 53693.367108 19.656 0.042 53693.367941 19.623 0.044 53693.369608 19.614 0.092 50.969846 0.687916
53699.38961 20.182 0.069 53699.391276 19.968 0.024 53699.387943 19.601 0.019 53699.388776 19.565 0.025 53699.390443 19.502 0.062 50.969846 0.687916
53704.352096 20.039 0.055 53704.353762 20.013 0.02 53704.350429 19.643 0.019 53704.351262 19.638 0.028 53704.352929 19.709 0.094 50.969846 0.687916
53989.448166 20.179 0.087 53989.449833 20.154 0.041 53989.446499 19.778 0.028 53989.447333 19.745 0.033 53989.448999 19.745 0.068 50.969846 0.687916
53997.471717 20.247 0.039 53997.473384 20.177 0.024 53997.470051 19.745 0.019 53997.470884 19.728 0.029 53997.472551 19.808 0.057 50.969846 0.687916
54000.423625 20.155 0.06 54000.425291 20.167 0.03 54000.421958 19.775 0.026 54000.422791 19.695 0.03 54000.424458 19.879 0.097 50.969846 0.687916
54007.473713 20.234 0.047 54007.47538 20.157 0.029 54007.472046 19.773 0.022 54007.47288 19.683 0.024 54007.474546 19.933 0.08 50.969846 0.687916
54009.397497 20.324 0.041 54009.399164 20.163 0.018 54009.395831 19.761 0.017 54009.396664 19.727 0.021 54009.398331 19.842 0.061 50.969846 0.687916
54011.46198 20.283 0.04 54011.463647 20.228 0.022 54011.460313 19.763 0.018 54011.461147 19.722 0.023 54011.462813 19.71 0.048 50.969846 0.687916
54012.474815 20.19 0.053 54012.476481 20.233 0.03 54012.473148 19.794 0.026 54012.473981 19.71 0.03 54012.475648 19.918 0.085 50.969846 0.687916
54019.456988 20.146 0.086 54019.458655 20.178 0.035 54019.455321 19.799 0.029 54019.456155 19.75 0.031 54019.457821 19.754 0.073 50.969846 0.687916
54025.460982 20.245 0.062 54025.462649 20.158 0.023 54025.459315 19.735 0.023 54025.460149 19.694 0.03 54025.461815 19.717 0.074 50.969846 0.687916
54346.454759 19.983 0.066 54346.456426 20.057 0.033 54346.453092 19.712 0.028 54346.453926 19.761 0.033 54346.455592 19.637 0.06 50.969846 0.687916
54348.458725 20.17 0.058 54348.460392 20.073 0.027 54348.457059 19.738 0.024 54348.457892 19.739 0.03 54348.459559 19.654 0.069 50.969846 0.687916
54358.414571 20.165 0.052 54358.416238 20.043 0.022 54358.412905 19.709 0.027 54358.413738 19.691 0.031 54358.415405 19.728 0.078 50.969846 0.687916
54365.447617 20.152 0.037 54365.449284 20.001 0.025 54365.445951 19.698 0.019 54365.446784 19.677 0.021 54365.448451 19.704 0.053 50.969846 0.687916
54381.467216 20.1 0.045 54381.468883 20.082 0.023 54381.465549 19.713 0.021 54381.466383 19.658 0.026 54381.468049 19.823 0.077 50.969846 0.687916
54386.459521 -99.99 0.051 54386.461188 20.084 0.028 54386.457854 19.715 0.019 54386.458688 19.667 0.022 54386.460354 19.736 0.063 50.969846 0.687916
54388.463768 20.238 0.048 54388.465435 20.058 0.024 54388.462102 19.717 0.021 54388.462935 19.693 0.025 54388.464602 19.798 0.071 50.969846 0.687916
54392.461342 20.204 0.049 54392.463009 20.036 0.021 54392.459675 19.693 0.023 54392.460509 19.612 0.028 54392.462175 19.734 0.07 50.969846 0.687916
54403.377573 20.085 0.184 54403.37924 20.113 0.073 54403.375906 19.598 0.082 54403.37674 19.537 0.101 54403.378406 19.586 0.219 50.969846 0.687916
54406.371413 19.989 0.042 54406.373079 19.976 0.021 54406.369746 19.596 0.017 54406.370579 19.607 0.021 54406.372246 19.651 0.05 50.969846 0.687916
54409.376224 19.976 0.038 54409.37789 19.947 0.022 54409.374557 19.644 0.021 54409.37539 19.626 0.024 54409.377057 19.522 0.054 50.969846 0.687916
54412.397151 19.887 0.055 54412.398818 19.94 0.026 54412.395485 19.621 0.028 54412.396318 19.616 0.031 54412.397985 19.621 0.083 50.969846 0.687916
