51081.26109 19.827 0.054 51081.262756 19.681 0.018 51081.259423 19.351 0.019 51081.260256 19.296 0.028 51081.261923 19.163 0.07 -8.132244 0.894897
51467.356165 19.517 0.051 51467.357831 19.431 0.016 51467.354498 19.149 0.017 51467.355331 19.009 0.023 51467.356998 19.086 0.086 -8.132244 0.894897
51819.332203 19.551 0.038 51819.333869 19.368 0.013 51819.330536 19.035 0.012 51819.331369 18.959 0.017 51819.333036 18.982 0.05 -8.132244 0.894897
52558.297456 19.535 0.035 52558.299122 19.338 0.012 52558.295789 19.014 0.012 52558.296622 18.892 0.015 52558.298289 18.92 0.041 -8.132244 0.894897
52577.184953 19.567 0.036 52577.186619 19.378 0.013 52577.183286 19.038 0.013 52577.184119 18.941 0.016 52577.185786 19.068 0.065 -8.132244 0.894897
52586.188432 19.497 0.034 52586.190098 19.368 0.013 52586.186765 18.992 0.013 52586.187598 18.941 0.018 52586.189265 18.95 0.06 -8.132244 0.894897
52910.268915 19.841 0.039 52910.270581 19.634 0.013 52910.267248 19.265 0.013 52910.268081 19.171 0.017 52910.269748 19.178 0.052 -8.132244 0.894897
52931.199116 19.779 0.04 52931.200782 19.647 0.014 52931.197449 19.232 0.013 52931.198282 19.163 0.017 52931.199949 19.207 0.054 -8.132244 0.894897
52935.19608 19.781 0.042 52935.197746 19.65 0.015 52935.194413 19.238 0.017 52935.195246 19.151 0.02 52935.196913 19.247 0.066 -8.132244 0.894897
52959.139407 19.783 0.039 52959.141073 19.593 0.013 52959.13774 19.244 0.013 52959.138573 19.137 0.018 52959.14024 19.041 0.044 -8.132244 0.894897
52963.119151 19.795 0.036 52963.120817 19.6 0.014 52963.117484 19.219 0.012 52963.118317 19.173 0.017 52963.119984 19.188 0.052 -8.132244 0.894897
53313.189281 19.728 0.047 53313.190947 19.54 0.015 53313.187614 19.222 0.016 53313.188447 19.168 0.022 53313.190114 19.288 0.083 -8.132244 0.894897
53352.090217 19.701 0.036 53352.091883 19.555 0.013 53352.08855 19.245 0.014 53352.089383 19.196 0.021 53352.09105 19.211 0.06 -8.132244 0.894897
53622.298523 19.698 0.054 53622.300189 19.668 0.017 53622.296856 19.348 0.018 53622.297689 19.258 0.029 53622.299356 19.23 0.08 -8.132244 0.894897
53634.247992 20.079 0.207 53634.249658 19.75 0.06 53634.246325 19.386 0.037 53634.247158 19.298 0.041 53634.248825 19.238 0.127 -8.132244 0.894897
53636.253525 19.839 0.073 53636.255191 19.649 0.024 53636.251858 19.35 0.022 53636.252691 19.287 0.026 53636.254358 19.299 0.076 -8.132244 0.894897
53638.289328 19.693 0.042 53638.290994 19.653 0.016 53638.287661 19.303 0.014 53638.288494 19.262 0.02 53638.290161 19.272 0.059 -8.132244 0.894897
53655.225532 19.728 0.105 53655.227198 19.73 0.043 53655.223865 19.452 0.039 53655.224698 19.302 0.043 53655.226365 19.264 0.12 -8.132244 0.894897
53664.250488 19.943 0.087 53664.252154 19.744 0.03 53664.248821 19.399 0.024 53664.249654 19.33 0.027 53664.251321 19.325 0.083 -8.132244 0.894897
53666.214092 19.898 0.045 53666.215758 19.736 0.017 53666.212425 19.371 0.016 53666.213258 19.313 0.02 53666.214925 19.316 0.065 -8.132244 0.894897
53669.209731 19.914 0.043 53669.211397 19.751 0.014 53669.208064 19.374 0.015 53669.208897 19.316 0.021 53669.210564 19.343 0.068 -8.132244 0.894897
53671.294508 19.861 0.063 53671.296174 19.773 0.019 53671.292841 19.36 0.017 53671.293674 19.295 0.023 53671.295341 19.261 0.072 -8.132244 0.894897
53674.193967 19.926 0.05 53674.195633 19.725 0.015 53674.1923 19.381 0.016 53674.193133 19.283 0.02 53674.1948 19.312 0.065 -8.132244 0.894897
53676.283449 20.02 0.077 53676.285115 19.76 0.018 53676.281782 19.389 0.017 53676.282615 19.292 0.02 53676.284282 19.208 0.064 -8.132244 0.894897
53679.255339 19.95 0.061 53679.257005 19.765 0.017 53679.253672 19.396 0.02 53679.254505 19.361 0.025 53679.256172 19.363 0.079 -8.132244 0.894897
53681.24685 19.961 0.054 53681.248516 19.777 0.017 53681.245183 19.369 0.015 53681.246016 19.326 0.02 53681.247683 19.361 0.063 -8.132244 0.894897
53685.205901 20.063 0.206 53685.207567 -99.99 0.084 53685.204234 19.333 0.054 53685.205067 19.348 0.07 53685.206734 19.197 0.15 -8.132244 0.894897
53687.244239 20.105 0.152 53687.245905 19.775 0.043 53687.242572 19.38 0.029 53687.243405 19.277 0.03 53687.245072 19.336 0.072 -8.132244 0.894897
53694.219782 20.177 0.233 53694.221448 19.765 0.062 53694.218115 19.34 0.037 53694.218948 19.254 0.044 53694.220615 19.54 0.178 -8.132244 0.894897
53697.203875 19.882 0.124 53697.205541 19.781 0.026 53697.202208 19.463 0.051 53697.203041 19.419 0.068 53697.204708 19.465 0.131 -8.132244 0.894897
53700.202834 20.019 0.059 53700.2045 19.813 0.017 53700.201167 19.387 0.016 53700.202 19.381 0.024 53700.203667 19.572 0.094 -8.132244 0.894897
53705.189503 20.046 0.057 53705.191169 19.822 0.016 53705.187836 19.427 0.015 53705.188669 19.319 0.02 53705.190336 19.321 0.054 -8.132244 0.894897
53975.274519 20.051 0.062 53975.276186 19.874 0.027 53975.272852 19.491 0.018 53975.273686 19.426 0.026 53975.275352 19.418 0.083 -8.132244 0.894897
53993.342307 20.007 0.061 53993.343973 19.952 0.037 53993.34064 -99.99 0.061 53993.341473 19.402 0.026 53993.34314 19.582 0.098 -8.132244 0.894897
53996.281225 20.177 0.054 53996.282892 19.901 0.024 53996.279559 19.521 0.024 53996.280392 19.466 0.024 53996.282059 19.437 0.071 -8.132244 0.894897
53998.249869 -99.99 0.055 53998.251536 19.935 0.02 53998.248203 19.515 0.021 53998.249036 19.376 0.021 53998.250703 19.49 0.064 -8.132244 0.894897
54005.280128 20.265 0.052 54005.281795 19.954 0.023 54005.278462 19.521 0.017 54005.279295 19.443 0.023 54005.280962 19.391 0.059 -8.132244 0.894897
54010.235398 20.188 0.062 54010.237064 20.01 0.024 54010.233731 19.523 0.018 54010.234564 19.449 0.023 54010.236231 19.439 0.06 -8.132244 0.894897
54012.228208 20.185 0.108 54012.229875 19.894 0.037 54012.226542 19.513 0.029 54012.227375 -99.99 0.031 54012.229042 -99.99 0.094 -8.132244 0.894897
54020.234254 20.232 0.072 54020.235921 19.978 0.027 54020.232588 19.537 0.023 54020.233421 19.477 0.026 54020.235088 19.542 0.1 -8.132244 0.894897
54022.283447 20.188 0.06 54022.285114 19.977 0.028 54022.28178 19.451 0.026 54022.282614 19.453 0.027 54022.28428 19.584 0.085 -8.132244 0.894897
54028.224545 20.216 0.06 54028.226212 19.984 0.022 54028.222879 19.543 0.021 54028.223712 19.457 0.025 54028.225379 19.484 0.076 -8.132244 0.894897
54030.227733 20.185 0.05 54030.2294 19.991 0.02 54030.226066 19.545 0.02 54030.2269 19.466 0.021 54030.228566 19.313 0.055 -8.132244 0.894897
54035.30349 20.163 0.096 54035.305156 19.977 0.029 54035.301823 19.528 0.024 54035.302656 19.414 0.033 54035.304323 19.633 0.111 -8.132244 0.894897
54037.208965 20.161 0.068 54037.210632 19.929 0.024 54037.207299 19.576 0.027 54037.208132 19.442 0.033 54037.209799 19.592 0.117 -8.132244 0.894897
54040.223456 20.22 0.113 54040.225123 19.956 0.039 54040.22179 19.508 0.031 54040.222623 19.478 0.035 54040.22429 19.424 0.078 -8.132244 0.894897
54049.249967 20.328 0.132 54049.251633 19.938 0.036 54049.2483 19.461 0.029 54049.249133 19.466 0.032 54049.2508 19.505 0.094 -8.132244 0.894897
54050.20813 20.101 0.097 54050.209797 19.933 0.036 54050.206464 19.519 0.038 54050.207297 19.515 0.052 54050.208964 19.429 0.126 -8.132244 0.894897
54053.214235 20.183 0.057 54053.215902 19.937 0.017 54053.212568 19.512 0.018 54053.213402 19.428 0.024 54053.215068 19.55 0.069 -8.132244 0.894897
54056.215976 20.109 0.078 54056.217642 19.899 0.056 54056.214309 19.522 0.029 54056.215142 19.468 0.032 54056.216809 19.578 0.105 -8.132244 0.894897
54059.210283 20.057 0.078 54059.211949 19.933 0.039 54059.208616 19.55 0.032 54059.209449 19.478 0.029 54059.211116 19.477 0.115 -8.132244 0.894897
54062.215205 20.147 0.084 54062.216872 19.892 0.049 54062.213538 19.512 0.023 54062.214372 19.404 0.031 54062.216038 19.713 0.167 -8.132244 0.894897
54357.253402 19.709 0.051 54357.255068 19.501 0.02 54357.251735 19.22 0.019 54357.252568 19.192 0.022 54357.254235 19.219 0.063 -8.132244 0.894897
54362.303258 -99.99 0.041 54362.304924 19.504 0.02 54362.301591 19.222 0.017 54362.302424 19.147 0.023 54362.304091 19.167 0.06 -8.132244 0.894897
54376.312034 -99.99 0.733 54376.313701 -99.99 1.121 54376.310368 -99.99 0.081 54376.311201 -99.99 0.789 54376.312868 -99.99 0.792 -8.132244 0.894897
54385.301199 -99.99 0.052 54385.302865 -99.99 0.029 54385.299532 19.22 0.016 54385.300365 19.162 0.02 54385.302032 19.228 0.059 -8.132244 0.894897
54387.301703 19.61 0.055 54387.303369 19.502 0.019 54387.300036 19.192 0.02 54387.300869 19.141 0.02 54387.302536 19.218 0.061 -8.132244 0.894897
54392.296458 19.511 0.044 54392.298125 19.477 0.04 54392.294791 19.218 0.016 54392.295625 19.119 0.021 54392.297291 19.326 0.055 -8.132244 0.894897
54402.294961 19.459 0.079 54402.296628 19.428 0.03 54402.293294 19.141 0.023 54402.294128 19.137 0.028 54402.295794 19.299 0.068 -8.132244 0.894897
