51081.43091 20.277 0.066 51081.432576 20.004 0.021 51081.429243 19.819 0.023 51081.430076 19.274 0.021 51081.431743 19.094 0.069 53.202131 -0.365347
52910.438783 19.951 0.052 52910.440449 19.637 0.014 52910.437116 19.53 0.016 52910.437949 19.233 0.017 52910.439616 19.046 0.049 53.202131 -0.365347
53351.211338 19.951 0.049 53351.213004 19.717 0.017 53351.209671 19.552 0.018 53351.210504 19.236 0.022 53351.212171 19.016 0.067 53.202131 -0.365347
53643.465706 20.016 0.053 53643.467372 19.812 0.018 53643.464039 19.63 0.019 53643.464872 19.344 0.02 53643.466539 19.091 0.058 53.202131 -0.365347
53657.303382 -99.99 0.173 53657.305048 19.815 0.063 53657.301715 19.618 0.043 53657.302548 19.187 0.036 53657.304215 -99.99 0.101 53.202131 -0.365347
53668.473601 20.035 0.115 53668.475267 19.861 0.033 53668.471934 19.629 0.031 53668.472767 19.24 0.031 53668.474434 19.115 0.102 53.202131 -0.365347
53669.379605 19.962 0.064 53669.381271 19.75 0.02 53669.377938 19.629 0.021 53669.378771 19.213 0.02 53669.380438 19.018 0.064 53.202131 -0.365347
53670.479573 20.082 0.096 53670.481239 19.909 0.034 53670.477906 19.685 0.031 53670.478739 19.236 0.028 53670.480406 19.041 0.091 53.202131 -0.365347
53674.363842 20.105 0.074 53674.365508 19.82 0.02 53674.362175 19.687 0.027 53674.363008 19.236 0.028 53674.364675 19.081 0.08 53.202131 -0.365347
53694.389675 20.057 0.15 53694.391341 19.834 0.048 53694.388008 19.61 0.034 53694.388841 19.216 0.029 53694.390508 19.053 0.078 53.202131 -0.365347
53700.372692 -99.99 0.066 53700.374358 19.875 0.019 53700.371025 19.693 0.024 53700.371858 19.229 0.024 53700.373525 19.059 0.075 53.202131 -0.365347
53975.444395 20.334 0.081 53975.446061 20.1 0.024 53975.442728 19.895 0.03 53975.443561 19.451 0.027 53975.445228 19.333 0.068 53.202131 -0.365347
54024.485618 20.156 0.075 54024.487284 20.003 0.023 54024.483951 19.816 0.025 54024.484784 19.419 0.022 54024.486451 19.298 0.068 53.202131 -0.365347
54035.473353 20.19 0.08 54035.47502 19.931 0.022 54035.471687 19.767 0.025 54035.47252 19.452 0.024 54035.474187 19.19 0.077 53.202131 -0.365347
54047.423872 -99.99 0.151 54047.425538 19.892 0.052 54047.422205 19.708 0.039 54047.423038 19.378 0.03 54047.424705 19.36 0.076 53.202131 -0.365347
54050.379949 20.396 0.146 54050.381616 19.878 0.032 54050.378282 19.763 0.04 54050.379116 19.324 0.037 54050.380782 19.105 0.084 53.202131 -0.365347
54061.391189 20.167 0.077 54061.392855 19.834 0.036 54061.389522 19.712 0.033 54061.390355 19.381 0.037 54061.392022 19.192 0.078 53.202131 -0.365347
54068.365523 20.08 0.06 54068.36719 19.861 0.03 54068.363857 19.712 0.023 54068.36469 19.38 0.023 54068.366357 19.1 0.066 53.202131 -0.365347
54362.473072 20.251 0.049 54362.474739 20.092 0.02 54362.471405 19.914 0.022 54362.472239 19.519 0.03 54362.473905 19.645 0.062 53.202131 -0.365347
54390.464005 -99.99 0.462 54390.465671 20.175 0.051 54390.462338 19.836 0.031 54390.463171 19.45 0.06 54390.464838 -99.99 0.161 53.202131 -0.365347
54391.472385 20.367 0.092 54391.474052 20.088 0.028 54391.470719 19.886 0.034 54391.471552 19.456 0.029 54391.473219 19.095 0.086 53.202131 -0.365347
