51075.439346 20.028 0.042 51075.441012 19.547 0.013 51075.437679 19.385 0.015 51075.438512 19.145 0.018 51075.440179 19.073 0.074 50.357474 0.233154
51818.408995 19.976 0.043 51818.410661 19.556 0.013 51818.407328 19.356 0.014 51818.408161 19.143 0.016 51818.409828 19.211 0.068 50.357474 0.233154
52171.397089 20.031 0.045 52171.398755 19.643 0.014 52171.395422 19.415 0.014 52171.396255 19.196 0.017 52171.397922 19.203 0.058 50.357474 0.233154
52173.373368 19.977 0.05 52173.375034 19.627 0.014 52173.371701 19.428 0.016 52173.372534 19.228 0.018 52173.374201 19.049 0.069 50.357474 0.233154
52224.353534 20.098 0.046 52224.3552 19.667 0.013 52224.351867 19.44 0.014 52224.3527 19.228 0.016 52224.354367 19.14 0.056 50.357474 0.233154
52234.310011 20.109 0.056 52234.311677 19.712 0.015 52234.308344 19.413 0.016 52234.309177 19.247 0.018 52234.310844 19.231 0.066 50.357474 0.233154
52261.273366 20.115 0.049 52261.275032 19.657 0.013 52261.271699 19.455 0.015 52261.272532 19.211 0.015 52261.274199 19.16 0.054 50.357474 0.233154
52283.140741 20.196 0.063 52283.142407 19.646 0.017 52283.139074 19.475 0.021 52283.139907 19.19 0.024 52283.141574 19.129 0.086 50.357474 0.233154
52287.153864 20.154 0.051 52287.15553 19.687 0.014 52287.152197 19.427 0.014 52287.15303 19.196 0.017 52287.154697 19.138 0.058 50.357474 0.233154
52552.472554 20.024 0.045 52552.47422 19.624 0.013 52552.470887 19.401 0.014 52552.47172 19.185 0.016 52552.473387 19.153 0.062 50.357474 0.233154
52557.446915 20.055 0.049 52557.448581 19.637 0.013 52557.445248 19.409 0.015 52557.446081 19.188 0.017 52557.447748 19.119 0.063 50.357474 0.233154
52585.348244 20.004 0.041 52585.34991 19.597 0.012 52585.346577 19.398 0.013 52585.34741 19.159 0.015 52585.349077 19.335 0.065 50.357474 0.233154
52908.421482 19.971 0.05 52908.423148 19.574 0.013 52908.419815 19.351 0.014 52908.420648 19.158 0.016 52908.422315 19.1 0.059 50.357474 0.233154
52912.400922 19.993 0.049 52912.402588 19.575 0.014 52912.399255 19.381 0.014 52912.400088 19.105 0.015 52912.401755 19.011 0.058 50.357474 0.233154
52934.35339 19.995 0.048 52934.355056 19.602 0.013 52934.351723 19.395 0.015 52934.352556 19.2 0.017 52934.354223 19.126 0.063 50.357474 0.233154
52936.349315 20.033 0.045 52936.350981 19.569 0.013 52936.347648 19.383 0.014 52936.348481 19.143 0.015 52936.350148 19.159 0.061 50.357474 0.233154
53270.413368 20.033 0.037 53270.415035 19.616 0.022 53270.411702 19.426 0.018 53270.412535 19.187 0.018 53270.414202 19.246 0.049 50.357474 0.233154
53272.463312 20.062 0.052 53272.464978 19.667 0.013 53272.461645 19.461 0.015 53272.462478 19.165 0.016 53272.464145 19.16 0.058 50.357474 0.233154
53286.432032 20.077 0.057 53286.433698 19.667 0.015 53286.430365 19.432 0.015 53286.431198 19.191 0.016 53286.432865 19.096 0.056 50.357474 0.233154
53288.390527 20.105 0.051 53288.392193 19.629 0.014 53288.38886 19.457 0.015 53288.389693 19.2 0.016 53288.39136 19.141 0.059 50.357474 0.233154
53294.438197 20.143 0.054 53294.439863 19.666 0.014 53294.43653 19.415 0.016 53294.437363 19.183 0.016 53294.43903 19.158 0.06 50.357474 0.233154
53296.385258 20.046 0.051 53296.386925 19.699 0.022 53296.383592 19.423 0.029 53296.384425 19.167 0.025 53296.386092 19.245 0.074 50.357474 0.233154
53298.434974 20.119 0.053 53298.43664 19.669 0.014 53298.433307 19.441 0.017 53298.43414 19.222 0.02 53298.435807 19.251 0.074 50.357474 0.233154
53302.386195 -99.99 0.094 53302.387861 19.691 0.019 53302.384528 19.429 0.017 53302.385361 19.211 0.017 53302.387028 19.119 0.06 50.357474 0.233154
53312.341735 20.141 0.072 53312.343402 19.662 0.02 53312.340069 19.431 0.019 53312.340902 19.202 0.022 53312.342569 19.214 0.067 50.357474 0.233154
53314.342926 19.998 0.056 53314.344592 19.692 0.018 53314.341259 19.425 0.017 53314.342092 19.248 0.018 53314.343759 19.248 0.067 50.357474 0.233154
53319.330724 20.221 0.076 53319.33239 19.656 0.016 53319.329057 19.431 0.018 53319.32989 19.234 0.02 53319.331557 19.256 0.089 50.357474 0.233154
53616.447276 20.032 0.058 53616.448942 19.57 0.014 53616.445609 19.392 0.016 53616.446442 19.191 0.019 53616.448109 19.176 0.074 50.357474 0.233154
53626.423706 -99.99 0.066 53626.425372 19.653 0.018 53626.422039 19.433 0.017 53626.422872 -99.99 0.018 53626.424539 -99.99 0.087 50.357474 0.233154
53628.40857 19.917 0.061 53628.410236 19.61 0.016 53628.406903 19.398 0.018 53628.407736 19.217 0.023 53628.409403 19.002 0.083 50.357474 0.233154
53639.455566 19.964 0.054 53639.457232 19.6 0.015 53639.453899 19.365 0.015 53639.454732 19.134 0.016 53639.456399 19.173 0.058 50.357474 0.233154
53641.454731 20.108 0.067 53641.456397 19.567 0.015 53641.453064 19.374 0.016 53641.453897 19.168 0.019 53641.455564 19.14 0.065 50.357474 0.233154
53657.413616 19.953 0.065 53657.415282 19.566 0.016 53657.411949 19.378 0.021 53657.412782 19.155 0.023 53657.414449 19.169 0.087 50.357474 0.233154
53663.398164 19.896 0.115 53663.39983 19.594 0.034 53663.396497 19.37 0.022 53663.39733 19.139 0.021 53663.398997 19.093 0.066 50.357474 0.233154
53665.376137 19.969 0.078 53665.377803 19.575 0.021 53665.37447 19.382 0.018 53665.375303 19.124 0.018 53665.37697 19.086 0.068 50.357474 0.233154
53666.468246 20.186 0.102 53666.469912 19.57 0.021 53666.466579 19.383 0.018 53666.467412 19.15 0.018 53666.469079 19.045 0.058 50.357474 0.233154
53668.387766 19.914 0.081 53668.389432 19.529 0.022 53668.386099 19.359 0.021 53668.386932 19.083 0.022 53668.388599 19.106 0.102 50.357474 0.233154
53669.475372 19.981 0.107 53669.477038 19.636 0.037 53669.473705 19.411 0.024 53669.474538 19.19 0.025 53669.476205 19.279 0.099 50.357474 0.233154
53670.392617 20.129 0.087 53670.394283 19.596 0.018 53670.39095 19.39 0.022 53670.391783 19.143 0.023 53670.39345 19.139 0.082 50.357474 0.233154
53673.360605 19.972 0.044 53673.362271 19.602 0.013 53673.358938 19.369 0.014 53673.359771 19.177 0.015 53673.361438 19.201 0.052 50.357474 0.233154
53675.357493 19.959 0.05 53675.359159 19.574 0.013 53675.355826 19.394 0.016 53675.356659 19.133 0.017 53675.358326 19.149 0.06 50.357474 0.233154
53676.477138 19.982 0.167 53676.478804 19.599 0.04 53676.475471 19.425 0.051 53676.476304 19.204 0.048 53676.477971 19.491 0.238 50.357474 0.233154
53680.365189 20.027 0.047 53680.366855 19.598 0.013 53680.363522 19.365 0.014 53680.364355 19.15 0.015 53680.366022 19.149 0.053 50.357474 0.233154
53683.423739 20.255 0.125 53683.425405 19.594 0.025 53683.422072 19.402 0.03 53683.422905 19.17 0.034 53683.424572 -99.99 0.17 50.357474 0.233154
53686.364621 20.003 0.086 53686.366287 19.59 0.025 53686.362954 19.424 0.022 53686.363787 19.152 0.019 53686.365454 19.163 0.067 50.357474 0.233154
53693.367079 19.898 0.157 53693.368745 19.68 0.038 53693.365412 19.356 0.032 53693.366245 19.189 0.028 53693.367912 19.139 0.085 50.357474 0.233154
53699.387915 20.128 0.075 53699.389581 19.622 0.018 53699.386248 19.401 0.016 53699.387081 19.171 0.016 53699.388748 19.094 0.057 50.357474 0.233154
53704.3504 20.109 0.064 53704.352066 19.656 0.015 53704.348733 19.442 0.017 53704.349566 19.18 0.019 53704.351233 19.268 0.078 50.357474 0.233154
53989.446502 19.981 0.08 53989.448169 19.638 0.025 53989.444836 19.42 0.024 53989.445669 19.169 0.021 53989.447336 19.084 0.048 50.357474 0.233154
53997.470009 20.048 0.041 53997.471675 19.638 0.016 53997.468342 19.462 0.015 53997.469175 19.202 0.016 53997.470842 19.149 0.048 50.357474 0.233154
54000.421869 20.117 0.07 54000.423536 19.619 0.024 54000.420203 19.363 0.019 54000.421036 19.184 0.02 54000.422703 19.105 0.069 50.357474 0.233154
54007.472018 19.939 0.044 54007.473684 19.617 0.017 54007.470351 19.413 0.018 54007.471184 19.168 0.02 54007.472851 19.162 0.052 50.357474 0.233154
54009.395814 19.983 0.039 54009.39748 19.655 0.016 54009.394147 19.418 0.018 54009.39498 19.195 0.016 54009.396647 19.126 0.041 50.357474 0.233154
54011.460292 20.028 0.039 54011.461958 19.618 0.018 54011.458625 19.408 0.028 54011.459458 19.197 0.021 54011.461125 19.185 0.042 50.357474 0.233154
54012.473118 19.911 0.048 54012.474784 19.614 0.023 54012.471451 19.383 0.021 54012.472284 19.192 0.018 54012.473951 19.034 0.057 50.357474 0.233154
54019.455317 19.832 0.069 54019.456983 19.644 0.032 54019.45365 19.388 0.02 54019.454483 19.182 0.022 54019.45615 19.156 0.056 50.357474 0.233154
54025.459286 20.097 0.059 54025.460952 19.607 0.02 54025.457619 19.429 0.022 54025.458452 19.197 0.025 54025.460119 19.073 0.059 50.357474 0.233154
54346.453078 19.964 0.074 54346.454744 19.617 0.025 54346.451411 19.368 0.023 54346.452244 19.146 0.021 54346.453911 19.193 0.057 50.357474 0.233154
54348.457029 19.948 0.054 54348.458696 19.589 0.02 54348.455363 19.377 0.02 54348.456196 19.102 0.027 54348.457863 19.129 0.055 50.357474 0.233154
54358.412875 19.946 0.053 54358.414542 19.573 0.033 54358.411208 19.396 0.03 54358.412042 19.145 0.025 54358.413708 19.05 0.065 50.357474 0.233154
54365.445956 19.957 0.04 54365.447622 19.644 0.02 54365.444289 19.355 0.016 54365.445122 19.154 0.018 54365.446789 19.1 0.042 50.357474 0.233154
54381.465497 20.106 0.055 54381.467164 19.631 0.018 54381.463831 19.395 0.019 54381.464664 19.198 0.026 54381.466331 19.137 0.055 50.357474 0.233154
54386.45783 20.135 0.052 54386.459496 19.609 0.024 54386.456163 19.396 0.02 54386.456996 19.194 0.019 54386.458663 19.25 0.052 50.357474 0.233154
54388.462102 20.096 0.055 54388.463769 19.662 0.015 54388.460436 19.41 0.02 54388.461269 19.164 0.024 54388.462936 19.099 0.051 50.357474 0.233154
54392.459623 20.119 0.074 54392.461289 -99.99 0.027 54392.457956 19.408 0.018 54392.458789 19.146 0.017 54392.460456 19.137 0.062 50.357474 0.233154
54403.375941 20.092 0.195 54403.377608 19.492 0.064 54403.374275 19.369 0.037 54403.375108 19.14 0.052 54403.376775 19.317 0.211 50.357474 0.233154
54404.433419 20.321 0.491 54404.435085 19.62 0.162 54404.431752 19.821 0.455 54404.432585 -99.99 0.135 54404.434252 -99.99 1.009 50.357474 0.233154
54406.36973 19.977 0.047 54406.371397 19.623 0.023 54406.368063 19.386 0.017 54406.368897 19.144 0.022 54406.370563 19.258 0.047 50.357474 0.233154
54409.374541 20.02 0.046 54409.376208 19.661 0.021 54409.372874 19.376 0.019 54409.373708 19.17 0.019 54409.375374 19.086 0.047 50.357474 0.233154
54412.395453 19.968 0.071 54412.39712 19.683 0.026 54412.393787 19.472 0.028 54412.39462 19.185 0.031 54412.396287 19.191 0.082 50.357474 0.233154
