51081.433812 22.064 0.272 51081.435478 21.548 0.066 51081.432145 20.998 0.057 51081.432978 20.628 0.059 51081.434645 20.86 0.325 54.243742 0.063175
51875.248779 21.809 0.164 51875.250445 21.507 0.052 51875.247112 20.988 0.047 51875.247945 20.657 0.049 51875.249612 20.812 0.255 54.243742 0.063175
52171.481201 22.281 0.294 52171.482867 21.531 0.055 52171.479534 21.165 0.054 52171.480367 20.704 0.05 52171.482034 20.803 0.241 54.243742 0.063175
52225.329622 21.917 0.21 52225.331288 21.31 0.042 52225.327955 21.024 0.048 52225.328788 20.597 0.045 52225.330455 20.667 0.22 54.243742 0.063175
52288.164048 21.854 0.199 52288.165714 21.546 0.054 52288.162381 21.044 0.049 52288.163214 20.619 0.048 52288.164881 20.712 0.219 54.243742 0.063175
52551.437329 22.336 0.301 52551.438995 21.886 0.065 52551.435662 21.426 0.065 52551.436495 20.927 0.057 52551.438162 20.695 0.218 54.243742 0.063175
52558.470202 22.57 0.311 52558.471868 21.768 0.052 52558.468535 21.356 0.055 52558.469368 20.925 0.057 52558.471035 21.253 0.329 54.243742 0.063175
52578.341814 22.087 0.29 52578.34348 21.83 0.075 52578.340147 21.271 0.066 52578.34098 20.78 0.058 52578.342647 20.606 0.246 54.243742 0.063175
52585.304795 22.619 0.336 52585.306461 21.869 0.059 52585.303128 21.377 0.057 52585.303961 20.907 0.063 52585.305628 21.142 0.335 54.243742 0.063175
52909.471426 21.766 0.157 52909.473092 21.44 0.041 52909.469759 20.995 0.039 52909.470592 20.7 0.042 52909.472259 20.567 0.166 54.243742 0.063175
52910.441668 21.795 0.238 52910.443334 21.32 0.047 52910.440001 20.937 0.045 52910.440834 20.629 0.046 52910.442501 -99.99 0.213 54.243742 0.063175
52935.368839 21.629 0.153 52935.370505 21.444 0.045 52935.367172 21.026 0.047 52935.368005 20.646 0.047 52935.369672 21.06 0.303 54.243742 0.063175
53351.214224 21.686 0.206 53351.21589 21.287 0.049 53351.212557 20.944 0.054 53351.21339 20.639 0.062 53351.215057 20.066 0.154 54.243742 0.063175
53622.471268 21.629 0.144 53622.472934 21.684 0.05 53622.469601 21.127 0.041 53622.470434 20.833 0.044 53622.472101 20.949 0.215 54.243742 0.063175
53627.428367 21.894 0.255 53627.430033 21.714 0.063 53627.4267 21.301 0.068 53627.427533 20.88 0.071 53627.4292 21.101 0.351 54.243742 0.063175
53634.42074 21.85 0.882 53634.422406 21.445 0.237 53634.419073 21.282 0.209 53634.419906 20.924 0.149 53634.421573 20.756 0.385 54.243742 0.063175
53638.462077 22.038 0.344 53638.463743 21.779 0.098 53638.46041 21.201 0.071 53638.461243 20.877 0.074 53638.46291 20.589 0.241 54.243742 0.063175
53640.426113 21.835 0.277 53640.427779 21.663 0.076 53640.424446 21.334 0.072 53640.425279 20.831 0.063 53640.426946 21.058 0.335 54.243742 0.063175
53643.468588 21.504 0.203 53643.470254 21.573 0.064 53643.466921 21.121 0.061 53643.467754 20.743 0.067 53643.469421 21.346 0.473 54.243742 0.063175
53657.306264 22.034 1.097 53657.30793 22.399 0.616 53657.304597 21.391 0.24 53657.30543 20.426 0.114 53657.307097 -99.99 1.186 54.243742 0.063175
53657.470553 22.222 0.382 53657.472219 21.677 0.068 53657.468886 21.221 0.063 53657.469719 20.744 0.054 53657.471386 21.075 0.361 54.243742 0.063175
53669.38249 21.809 0.31 53669.384156 21.536 0.077 53669.380823 21.143 0.073 53669.381656 20.734 0.065 53669.383323 20.797 0.284 54.243742 0.063175
53670.482453 21.994 0.767 53670.484119 21.554 0.15 53670.480786 21.2 0.17 53670.481619 20.61 0.128 53670.483286 20.405 0.438 54.243742 0.063175
53671.467232 21.584 0.271 53671.468898 21.722 0.088 53671.465565 20.967 0.066 53671.466398 20.717 0.072 53671.468065 21.365 0.471 54.243742 0.063175
53674.366726 23.046 1.027 53674.368392 21.615 0.082 53674.365059 21.207 0.091 53674.365892 20.924 0.104 53674.367559 21.437 0.695 54.243742 0.063175
53679.428081 22.25 0.401 53679.429747 21.67 0.069 53679.426414 21.137 0.078 53679.427247 20.712 0.07 53679.428914 20.962 0.376 54.243742 0.063175
53681.419594 22.736 0.696 53681.42126 21.616 0.067 53681.417927 21.313 0.091 53681.41876 20.756 0.069 53681.420427 21.071 0.375 54.243742 0.063175
53684.381094 21.787 0.272 53684.38276 21.649 0.063 53684.379427 21.234 0.077 53684.38026 20.788 0.077 53684.381927 20.736 0.295 54.243742 0.063175
53687.32241 26.397 1.915 53687.324076 21.055 0.245 53687.320743 21.256 0.176 53687.321576 20.803 0.148 53687.323243 -99.99 0.469 54.243742 0.063175
53694.392559 21.8 0.659 53694.394225 21.587 0.208 53694.390892 20.899 0.105 53694.391725 20.684 0.091 53694.393392 21.115 0.483 54.243742 0.063175
53696.385313 22.375 0.595 53696.386979 21.608 0.103 53696.383646 21.126 0.076 53696.384479 20.874 0.076 53696.386146 20.483 0.223 54.243742 0.063175
53697.37662 21.985 0.4 53697.378286 21.708 0.126 53697.374953 21.267 0.068 53697.375786 20.867 0.069 53697.377453 20.635 0.25 54.243742 0.063175
53700.375576 21.811 0.24 53700.377242 21.66 0.062 53700.373909 21.112 0.063 53700.374742 20.885 0.076 53700.376409 21.277 0.429 54.243742 0.063175
53705.362247 21.259 0.227 53705.363913 21.608 0.097 53705.36058 21.008 0.072 53705.361413 20.74 0.082 53705.36308 21.264 0.601 54.243742 0.063175
53975.447252 21.523 0.184 53975.448919 21.364 0.048 53975.445585 20.932 0.059 53975.446419 20.719 0.057 53975.448085 21.377 0.444 54.243742 0.063175
53994.470255 22.266 0.322 53994.471922 21.343 0.05 53994.468588 20.968 0.043 53994.469422 20.612 0.045 53994.471088 20.494 0.157 54.243742 0.063175
54005.467143 21.729 0.165 54005.468809 21.395 0.038 54005.465476 20.882 0.036 54005.466309 20.633 0.039 54005.467976 20.8 0.197 54.243742 0.063175
54009.480963 21.803 0.154 54009.48263 21.345 0.032 54009.479297 20.98 0.037 54009.48013 20.739 0.044 54009.481797 20.838 0.179 54.243742 0.063175
54010.408096 21.689 0.134 54010.409763 21.333 0.033 54010.406429 20.936 0.033 54010.407263 20.664 0.035 54010.408929 20.61 0.135 54.243742 0.063175
54012.400955 21.381 0.173 54012.402621 21.326 0.064 54012.399288 21.11 0.074 54012.400121 20.646 0.065 54012.401788 20.817 0.243 54.243742 0.063175
54020.438989 21.962 0.381 54020.440656 21.495 0.095 54020.437322 20.936 0.055 54020.438156 20.692 0.058 54020.439822 20.708 0.245 54.243742 0.063175
54024.488498 22.09 0.423 54024.490165 21.438 0.067 54024.486831 21.238 0.079 54024.487665 20.591 0.057 54024.489331 20.613 0.253 54.243742 0.063175
54028.476811 21.662 0.238 54028.478477 21.387 0.055 54028.475144 20.993 0.058 54028.475977 20.531 0.062 54028.477644 20.73 0.284 54.243742 0.063175
54030.432235 21.531 0.136 54030.433902 21.444 0.036 54030.430568 20.975 0.044 54030.431402 20.624 0.044 54030.433068 20.645 0.177 54.243742 0.063175
54035.476249 21.727 0.308 54035.477915 21.48 0.065 54035.474582 21.139 0.074 54035.475415 20.572 0.066 54035.477082 20.228 0.193 54.243742 0.063175
54037.381735 21.671 0.124 54037.383402 21.4 0.035 54037.380069 21.017 0.035 54037.380902 20.664 0.034 54037.382569 20.687 0.148 54.243742 0.063175
54040.396228 21.699 0.149 54040.397894 21.417 0.036 54040.394561 21.075 0.045 54040.395394 20.613 0.043 54040.397061 20.539 0.175 54.243742 0.063175
54041.431739 21.854 0.206 54041.433405 21.453 0.042 54041.430072 21.039 0.042 54041.430905 20.702 0.044 54041.432572 21.424 0.396 54.243742 0.063175
54047.426729 20.834 0.291 54047.428396 21.526 0.207 54047.425063 20.79 0.091 54047.425896 20.677 0.084 54047.427563 21.308 0.499 54.243742 0.063175
54049.42269 24.96 99.999 54049.424356 21.529 0.134 54049.421023 21.068 0.085 54049.421856 20.854 0.093 54049.423523 20.277 0.203 54.243742 0.063175
54050.382876 21.899 0.511 54050.384543 21.387 0.121 54050.38121 20.935 0.079 54050.382043 20.786 0.098 54050.38371 20.683 0.338 54.243742 0.063175
54053.402311 22.495 0.659 54053.403978 -99.99 0.086 54053.400645 -99.99 0.088 54053.401478 20.737 0.109 54053.403145 -99.99 0.363 54.243742 0.063175
54056.388717 21.64 0.189 54056.390384 21.423 0.046 54056.387051 20.978 0.049 54056.387884 20.592 0.049 54056.389551 20.476 0.215 54.243742 0.063175
54059.382931 21.481 0.172 54059.384597 21.34 0.047 54059.381264 20.931 0.051 54059.382097 20.666 0.064 54059.383764 20.85 0.327 54.243742 0.063175
54062.387823 22.208 0.271 54062.389489 21.43 0.043 54062.386156 21.056 0.044 54062.386989 20.685 0.048 54062.388656 20.593 0.18 54.243742 0.063175
54064.384301 22.132 0.342 54064.385967 21.462 0.051 54064.382634 21.108 0.058 54064.383467 20.729 0.065 54064.385134 22.347 1.29 54.243742 0.063175
54357.42616 22.305 0.227 54357.427827 21.84 0.052 54357.424493 21.219 0.04 54357.425327 20.876 0.042 54357.426993 20.38 0.13 54.243742 0.063175
54362.475937 22.231 0.254 54362.477604 21.754 0.047 54362.47427 21.251 0.047 54362.475104 20.836 0.048 54362.47677 20.886 0.203 54.243742 0.063175
54376.471023 22.159 0.306 54376.47269 22.013 0.096 54376.469357 21.273 0.055 54376.47019 20.932 0.053 54376.471857 20.865 0.225 54.243742 0.063175
54382.456154 22.43 0.393 54382.457821 21.841 0.063 54382.454488 21.286 0.059 54382.455321 20.847 0.063 54382.456988 21.079 0.358 54.243742 0.063175
54385.47395 22.406 0.366 54385.475616 21.795 0.065 54385.472283 21.175 0.051 54385.473116 20.813 0.049 54385.474783 21.098 0.318 54.243742 0.063175
54387.474467 22.085 0.334 54387.476134 21.612 0.058 54387.4728 21.179 0.056 54387.473634 20.879 0.062 54387.4753 20.497 0.217 54.243742 0.063175
