51075.439724 18.989 0.021 51075.44139 18.813 0.009 51075.438057 18.695 0.01 51075.43889 18.638 0.013 51075.440557 18.426 0.036 50.493358 -0.184094
51818.409387 19.084 0.025 51818.411053 18.889 0.009 51818.40772 18.778 0.01 51818.408553 18.686 0.012 51818.41022 18.441 0.031 50.493358 -0.184094
52171.397488 19.348 0.028 52171.399154 19.115 0.01 52171.395821 18.969 0.011 52171.396654 18.828 0.013 52171.398321 18.584 0.031 50.493358 -0.184094
52173.373736 19.352 0.031 52173.375402 19.109 0.011 52173.372069 18.947 0.012 52173.372902 18.832 0.014 52173.374569 18.523 0.04 50.493358 -0.184094
52224.353873 19.393 0.03 52224.355539 19.121 0.01 52224.352206 18.972 0.011 52224.353039 18.855 0.013 52224.354706 18.572 0.032 50.493358 -0.184094
52234.310388 19.418 0.032 52234.312054 19.138 0.011 52234.308721 18.947 0.012 52234.309554 18.82 0.013 52234.311221 18.651 0.036 50.493358 -0.184094
52261.273743 19.38 0.03 52261.275409 19.144 0.01 52261.272076 18.997 0.011 52261.272909 18.869 0.012 52261.274576 18.555 0.03 50.493358 -0.184094
52283.141117 19.381 0.031 52283.142783 19.141 0.012 52283.13945 19.004 0.014 52283.140283 18.868 0.017 52283.14195 18.484 0.044 50.493358 -0.184094
52287.154241 19.4 0.029 52287.155907 19.131 0.01 52287.152574 18.992 0.011 52287.153407 18.851 0.013 52287.155074 18.635 0.033 50.493358 -0.184094
52552.472932 19.728 0.038 52552.474598 19.418 0.012 52552.471265 19.23 0.012 52552.472098 19.048 0.014 52552.473765 18.744 0.038 50.493358 -0.184094
52557.44729 19.618 0.034 52557.448956 19.397 0.012 52557.445623 19.217 0.013 52557.446456 19.035 0.015 52557.448123 18.705 0.04 50.493358 -0.184094
52585.34862 19.653 0.031 52585.350286 19.445 0.012 52585.346953 19.25 0.012 52585.347786 19.075 0.014 52585.349453 18.771 0.037 50.493358 -0.184094
52908.421859 19.75 0.037 52908.423525 19.525 0.013 52908.420192 19.369 0.014 52908.421025 19.189 0.017 52908.422692 18.823 0.04 50.493358 -0.184094
52912.401298 19.735 0.038 52912.402964 19.533 0.013 52912.399631 19.382 0.014 52912.400464 19.181 0.016 52912.402131 18.811 0.042 50.493358 -0.184094
52934.353766 19.783 0.039 52934.355432 19.576 0.013 52934.352099 19.411 0.015 52934.352932 19.197 0.018 52934.354599 18.867 0.045 50.493358 -0.184094
52936.349692 19.835 0.037 52936.351358 19.595 0.013 52936.348025 19.377 0.014 52936.348858 19.182 0.016 52936.350525 18.9 0.042 50.493358 -0.184094
53270.413752 19.815 0.034 53270.415418 19.673 0.016 53270.412085 19.491 0.013 53270.412918 19.311 0.02 53270.414585 18.926 0.035 50.493358 -0.184094
53272.463688 19.942 0.043 53272.465354 19.675 0.014 53272.462021 19.52 0.015 53272.462854 19.289 0.018 53272.464521 18.976 0.043 50.493358 -0.184094
53286.432407 19.839 0.045 53286.434073 19.649 0.015 53286.43074 19.474 0.015 53286.431573 19.304 0.018 53286.43324 18.951 0.043 50.493358 -0.184094
53288.390903 19.9 0.042 53288.392569 19.649 0.014 53288.389236 19.481 0.016 53288.390069 19.293 0.017 53288.391736 18.934 0.046 50.493358 -0.184094
53294.438574 19.939 0.047 53294.44024 19.669 0.015 53294.436907 19.486 0.016 53294.43774 19.307 0.017 53294.439407 18.912 0.043 50.493358 -0.184094
53296.385579 19.822 0.04 53296.387246 19.629 0.026 53296.383912 19.484 0.028 53296.384746 19.252 0.025 53296.386412 18.923 0.048 50.493358 -0.184094
53298.435351 19.814 0.04 53298.437017 19.66 0.014 53298.433684 19.455 0.017 53298.434517 19.277 0.02 53298.436184 18.993 0.056 50.493358 -0.184094
53302.386571 19.843 0.075 53302.388237 19.635 0.019 53302.384904 19.467 0.018 53302.385737 19.317 0.02 53302.387404 18.93 0.043 50.493358 -0.184094
53312.34216 19.847 0.053 53312.343826 19.636 0.021 53312.340493 19.482 0.021 53312.341326 19.279 0.021 53312.342993 18.912 0.048 50.493358 -0.184094
53314.343303 19.815 0.044 53314.344969 19.662 0.017 53314.341636 19.488 0.017 53314.342469 19.272 0.02 53314.344136 18.918 0.047 50.493358 -0.184094
53319.3311 19.776 0.049 53319.332766 19.621 0.017 53319.329433 19.472 0.019 53319.330266 19.272 0.022 53319.331933 18.88 0.055 50.493358 -0.184094
53626.424082 -99.99 0.11 53626.425748 -99.99 0.028 53626.422415 19.487 0.02 53626.423248 -99.99 0.029 53626.424915 18.926 0.043 50.493358 -0.184094
53628.408946 19.937 0.058 53628.410612 19.749 0.018 53628.407279 19.564 0.02 53628.408112 19.341 0.026 53628.409779 19.012 0.066 50.493358 -0.184094
53639.455943 19.955 0.051 53639.457609 19.736 0.017 53639.454276 19.566 0.017 53639.455109 19.346 0.019 53639.456776 18.943 0.04 50.493358 -0.184094
53641.455109 19.848 0.05 53641.456775 19.699 0.017 53641.453442 19.556 0.019 53641.454275 19.379 0.021 53641.455942 18.971 0.047 50.493358 -0.184094
53657.413994 19.839 0.056 53657.41566 19.726 0.018 53657.412327 19.624 0.024 53657.41316 19.392 0.026 53657.414827 18.99 0.064 50.493358 -0.184094
53663.398542 19.959 0.113 53663.400208 19.778 0.039 53663.396875 19.557 0.027 53663.397708 19.373 0.027 53663.399375 19.075 0.063 50.493358 -0.184094
53665.376513 20.034 0.078 53665.378179 19.773 0.024 53665.374846 19.549 0.021 53665.375679 19.351 0.022 53665.377346 19.03 0.055 50.493358 -0.184094
53666.468624 19.82 0.072 53666.47029 19.765 0.027 53666.466957 19.576 0.022 53666.46779 19.359 0.021 53666.469457 18.928 0.048 50.493358 -0.184094
53668.388142 20.035 0.081 53668.389808 19.777 0.026 53668.386475 19.604 0.025 53668.387308 19.39 0.026 53668.388975 19.071 0.076 50.493358 -0.184094
53669.47575 19.996 0.092 53669.477416 19.776 0.025 53669.474083 19.554 0.026 53669.474916 19.345 0.029 53669.476583 19.037 0.072 50.493358 -0.184094
53670.392995 19.917 0.066 53670.394661 19.77 0.022 53670.391328 19.559 0.026 53670.392161 19.362 0.025 53670.393828 19.052 0.063 50.493358 -0.184094
53673.360982 19.954 0.042 53673.362648 19.744 0.015 53673.359315 19.624 0.016 53673.360148 19.387 0.017 53673.361815 19.006 0.04 50.493358 -0.184094
53675.35787 19.931 0.044 53675.359536 19.75 0.015 53675.356203 19.6 0.018 53675.357036 19.405 0.02 53675.358703 19.058 0.048 50.493358 -0.184094
53676.477504 20.006 0.156 53676.47917 -99.99 0.057 53676.475837 19.633 0.062 53676.47667 19.254 0.049 53676.478337 18.952 0.139 50.493358 -0.184094
53680.365567 19.986 0.043 53680.367233 19.748 0.014 53680.3639 19.596 0.016 53680.364733 19.386 0.017 53680.3664 19.062 0.042 50.493358 -0.184094
53683.424115 20.028 0.093 53683.425781 19.729 0.03 53683.422448 19.606 0.036 53683.423281 19.443 0.043 53683.424948 19.257 0.197 50.493358 -0.184094
53686.364999 19.929 0.076 53686.366665 19.776 0.03 53686.363332 19.606 0.025 53686.364165 19.397 0.024 53686.365832 19.118 0.057 50.493358 -0.184094
53687.42238 -99.99 0.176 53687.424046 -99.99 0.097 53687.420713 19.693 0.08 53687.421546 19.582 0.08 53687.423213 -99.99 0.152 50.493358 -0.184094
53693.367457 20.06 0.182 53693.369123 19.685 0.042 53693.36579 19.568 0.04 53693.366623 19.324 0.034 53693.36829 18.983 0.069 50.493358 -0.184094
53699.388292 20.019 0.064 53699.389958 19.815 0.02 53699.386625 19.624 0.019 53699.387458 19.404 0.02 53699.389125 18.958 0.044 50.493358 -0.184094
53704.350777 20.05 0.057 53704.352443 19.797 0.017 53704.34911 19.619 0.018 53704.349943 19.458 0.024 53704.35161 19.011 0.059 50.493358 -0.184094
53989.446841 20.125 0.087 53989.448507 19.884 0.031 53989.445174 19.679 0.025 53989.446007 19.477 0.031 53989.447674 19.057 0.042 50.493358 -0.184094
53997.470459 20.05 0.037 53997.472126 19.866 0.021 53997.468793 19.669 0.018 53997.469626 19.428 0.021 53997.471293 19.102 0.037 50.493358 -0.184094
54000.42225 20.055 0.049 54000.423916 19.87 0.027 54000.420583 19.666 0.027 54000.421416 19.433 0.024 54000.423083 19.038 0.056 50.493358 -0.184094
54007.472398 20.056 0.044 54007.474065 19.879 0.024 54007.470731 19.682 0.019 54007.471565 19.452 0.028 54007.473231 19.017 0.043 50.493358 -0.184094
54009.39617 20.067 0.037 54009.397837 19.895 0.02 54009.394503 19.652 0.021 54009.395337 19.477 0.027 54009.397003 19.079 0.035 50.493358 -0.184094
54011.460658 20.076 0.037 54011.462325 19.902 0.022 54011.458992 19.669 0.018 54011.459825 19.447 0.025 54011.461492 19.155 0.036 50.493358 -0.184094
54012.473466 20.082 0.048 54012.475133 19.891 0.023 54012.4718 19.65 0.025 54012.472633 19.5 0.024 54012.4743 19.053 0.05 50.493358 -0.184094
54019.455692 20.162 0.088 54019.457358 19.962 0.031 54019.454025 19.694 0.024 54019.454858 19.483 0.024 54019.456525 19.06 0.046 50.493358 -0.184094
54025.459673 20.255 0.063 54025.461339 19.9 0.026 54025.458006 19.694 0.021 54025.458839 19.448 0.022 54025.460506 19.111 0.053 50.493358 -0.184094
54346.453475 20.009 0.076 54346.455142 19.724 0.025 54346.451809 19.597 0.031 54346.452642 19.385 0.023 54346.454309 18.975 0.039 50.493358 -0.184094
54348.457413 19.943 0.054 54348.459079 19.763 0.021 54348.455746 19.565 0.022 54348.456579 19.368 0.029 54348.458246 19.007 0.043 50.493358 -0.184094
54358.413233 19.959 0.052 54358.414899 19.746 0.023 54358.411566 19.559 0.021 54358.412399 19.332 0.023 54358.414066 19.01 0.054 50.493358 -0.184094
54365.446324 19.985 0.041 54365.44799 19.733 0.021 54365.444657 19.521 0.021 54365.44549 19.364 0.022 54365.447157 19.035 0.039 50.493358 -0.184094
54381.465888 20.017 0.043 54381.467555 19.695 0.018 54381.464221 19.515 0.023 54381.465055 19.332 0.019 54381.466721 19.008 0.047 50.493358 -0.184094
54386.458181 19.904 0.041 54386.459848 19.688 0.018 54386.456514 19.489 0.02 54386.457348 19.323 0.026 54386.459014 18.99 0.042 50.493358 -0.184094
54388.462441 20.013 0.047 54388.464108 19.718 0.02 54388.460774 19.52 0.02 54388.461608 19.33 0.019 54388.463274 18.978 0.042 50.493358 -0.184094
54392.460016 19.921 0.048 54392.461682 19.702 0.018 54392.458349 19.526 0.017 54392.459182 19.316 0.023 54392.460849 18.921 0.048 50.493358 -0.184094
54403.376356 20.063 0.186 54403.378023 19.625 0.063 54403.374689 19.493 0.047 54403.375523 19.297 0.069 54403.377189 19.092 0.152 50.493358 -0.184094
54404.433971 -99.99 99.999 54404.435637 19.611 0.199 54404.432304 -99.99 0.215 54404.433137 19.303 0.126 54404.434804 -99.99 0.974 50.493358 -0.184094
54406.37015 19.956 0.044 54406.371817 19.683 0.02 54406.368484 19.52 0.024 54406.369317 19.309 0.019 54406.370984 19.014 0.037 50.493358 -0.184094
54409.374906 19.923 0.038 54409.376573 19.703 0.019 54409.37324 19.474 0.017 54409.374073 19.326 0.019 54409.37574 19.056 0.041 50.493358 -0.184094
54412.395835 19.971 0.068 54412.397502 19.674 0.021 54412.394168 19.461 0.025 54412.395002 19.31 0.03 54412.396668 18.83 0.054 50.493358 -0.184094
