51075.445153 18.538 0.018 51075.446819 17.988 0.006 51075.443486 17.773 0.006 51075.444319 17.828 0.008 51075.445986 17.542 0.019 52.451843 1.059339
51081.428885 18.558 0.021 51081.430551 17.95 0.006 51081.427218 17.769 0.006 51081.428051 17.8 0.008 51081.429718 17.481 0.036 52.451843 1.059339
51818.41479 18.634 0.019 51818.416456 17.989 0.006 51818.413123 17.797 0.006 51818.413956 17.866 0.008 51818.415623 17.545 0.018 52.451843 1.059339
52171.402911 18.505 0.018 52171.404577 17.985 0.006 52171.401244 17.751 0.006 52171.402077 17.809 0.008 52171.403744 17.554 0.017 52.451843 1.059339
52173.379158 18.53 0.02 52173.380824 17.953 0.006 52173.377491 17.754 0.006 52173.378324 17.856 0.008 52173.379991 17.529 0.019 52.451843 1.059339
52224.359315 18.594 0.019 52224.360981 18.031 0.007 52224.357648 17.826 0.007 52224.358481 17.887 0.008 52224.360148 17.61 0.017 52.451843 1.059339
52234.315811 18.524 0.019 52234.317477 18.041 0.006 52234.314144 17.818 0.006 52234.314977 17.88 0.008 52234.316644 17.637 0.018 52.451843 1.059339
52261.279167 18.605 0.019 52261.280833 17.991 0.006 52261.2775 17.855 0.007 52261.278333 17.935 0.008 52261.28 17.63 0.016 52.451843 1.059339
52283.146542 18.592 0.021 52283.148208 18.044 0.006 52283.144875 17.852 0.007 52283.145708 17.905 0.009 52283.147375 -99.99 0.02 52.451843 1.059339
52287.159666 18.676 0.019 52287.161332 18.041 0.006 52287.157999 17.857 0.006 52287.158832 17.892 0.008 52287.160499 17.642 0.017 52.451843 1.059339
52552.478354 18.512 0.017 52552.48002 18.01 0.006 52552.476687 17.843 0.006 52552.47752 17.913 0.008 52552.479187 17.62 0.017 52.451843 1.059339
52557.452714 18.557 0.018 52557.45438 18.036 0.006 52557.451047 17.845 0.007 52557.45188 17.924 0.009 52557.453547 17.641 0.019 52.451843 1.059339
52585.354045 18.449 0.016 52585.355711 17.991 0.006 52585.352378 17.836 0.006 52585.353211 17.914 0.008 52585.354878 17.668 0.018 52.451843 1.059339
52908.427283 18.994 0.025 52908.428949 18.38 0.007 52908.425616 18.185 0.007 52908.426449 18.266 0.01 52908.428116 17.884 0.021 52.451843 1.059339
52909.466461 19.023 0.024 52909.468127 18.391 0.007 52909.464794 18.164 0.008 52909.465627 18.21 0.009 52909.467294 17.849 0.019 52.451843 1.059339
52912.406722 19.013 0.025 52912.408388 18.378 0.007 52912.405055 18.203 0.007 52912.405888 18.232 0.01 52912.407555 17.882 0.021 52.451843 1.059339
52934.359191 19.03 0.025 52934.360857 18.395 0.007 52934.357524 18.198 0.008 52934.358357 18.271 0.01 52934.360024 17.967 0.027 52.451843 1.059339
52936.355116 19.037 0.024 52936.356782 18.405 0.007 52936.353449 18.198 0.008 52936.354282 18.268 0.025 52936.355949 -99.99 0.021 52.451843 1.059339
53270.41917 18.865 0.02 53270.420837 18.258 0.018 53270.417503 18.075 0.01 53270.418337 18.162 0.016 53270.420003 17.841 0.02 52.451843 1.059339
53272.469112 18.82 0.021 53272.470778 18.239 0.007 53272.467445 18.087 0.007 53272.468278 18.192 0.01 53272.469945 17.89 0.02 52.451843 1.059339
53286.437833 18.743 0.027 53286.439499 18.262 0.007 53286.436166 18.086 0.007 53286.436999 18.161 0.01 53286.438666 17.841 0.021 52.451843 1.059339
53288.396328 18.847 0.022 53288.397994 18.245 0.007 53288.394661 18.07 0.007 53288.395494 18.166 0.009 53288.397161 17.838 0.025 52.451843 1.059339
53294.443999 18.773 0.023 53294.445665 18.271 0.007 53294.442332 18.07 0.007 53294.443165 18.158 0.009 53294.444832 17.858 0.02 52.451843 1.059339
53296.39102 18.83 0.03 53296.392687 18.26 0.013 53296.389353 18.089 0.013 53296.390187 18.204 0.018 53296.391853 17.845 0.024 52.451843 1.059339
53298.440774 18.789 0.022 53298.44244 18.249 0.007 53298.439107 18.08 0.008 53298.43994 18.171 0.011 53298.441607 17.835 0.022 52.451843 1.059339
53312.347556 18.845 0.028 53312.349223 18.259 0.012 53312.34589 18.076 0.015 53312.346723 18.172 0.016 53312.34839 17.837 0.024 52.451843 1.059339
53314.348728 18.802 0.024 53314.350394 18.225 0.009 53314.347061 18.081 0.01 53314.347894 18.184 0.012 53314.349561 17.862 0.023 52.451843 1.059339
53319.336525 18.85 0.025 53319.338191 18.248 0.007 53319.334858 18.097 0.008 53319.335691 18.175 0.011 53319.337358 17.898 0.025 52.451843 1.059339
53616.453078 19.386 0.035 53616.454744 18.681 0.008 53616.451411 18.527 0.009 53616.452244 18.566 0.013 53616.453911 18.139 0.026 52.451843 1.059339
53626.429506 -99.99 0.188 53626.431172 -99.99 0.01 53626.427839 18.552 0.009 53626.428672 18.488 0.014 53626.430339 -99.99 0.039 52.451843 1.059339
53628.414371 19.451 0.036 53628.416037 18.723 0.009 53628.412704 18.537 0.01 53628.413537 18.628 0.015 53628.415204 18.151 0.03 52.451843 1.059339
53639.461366 19.386 0.036 53639.463032 18.734 0.009 53639.459699 18.578 0.009 53639.460532 18.617 0.012 53639.462199 18.167 0.023 52.451843 1.059339
53641.460534 19.425 0.041 53641.4622 18.746 0.01 53641.458867 18.58 0.01 53641.4597 18.615 0.014 53641.461367 18.166 0.027 52.451843 1.059339
53657.419419 19.383 0.041 53657.421085 18.693 0.009 53657.417752 18.557 0.011 53657.418585 18.594 0.014 53657.420252 18.139 0.031 52.451843 1.059339
53663.403966 19.374 0.069 53663.405632 18.639 0.014 53663.402299 18.54 0.015 53663.403132 18.606 0.018 53663.404799 18.124 0.025 52.451843 1.059339
53665.381938 19.268 0.049 53665.383604 18.665 0.012 53665.380271 18.558 0.014 53665.381104 18.582 0.017 53665.382771 18.206 0.069 52.451843 1.059339
53666.474045 19.345 0.049 53666.475711 18.723 0.012 53666.472378 18.553 0.011 53666.473211 18.591 0.013 53666.474878 18.137 0.026 52.451843 1.059339
53668.393567 19.28 0.041 53668.395233 18.642 0.01 53668.3919 18.556 0.011 53668.392733 18.606 0.015 53668.3944 18.174 0.032 52.451843 1.059339
53669.481172 19.317 0.053 53669.482838 18.67 0.011 53669.479505 18.529 0.011 53669.480338 18.594 0.017 53669.482005 18.167 0.033 52.451843 1.059339
53670.398418 19.299 0.039 53670.400084 18.663 0.01 53670.396751 18.567 0.011 53670.397584 18.567 0.014 53670.399251 18.108 0.028 52.451843 1.059339
53673.366406 19.23 0.03 53673.368072 18.645 0.012 53673.364739 18.528 0.013 53673.365572 18.609 0.015 53673.367239 18.187 0.026 52.451843 1.059339
53675.363295 19.235 0.028 53675.364961 18.656 0.008 53675.361628 18.528 0.009 53675.362461 18.586 0.012 53675.364128 18.11 0.025 52.451843 1.059339
53676.482924 19.538 0.125 53676.48459 18.628 0.018 53676.481257 18.576 0.027 53676.48209 18.54 0.034 53676.483757 18.107 0.063 52.451843 1.059339
53680.370992 19.312 0.029 53680.372658 18.654 0.008 53680.369325 18.542 0.009 53680.370158 18.597 0.011 53680.371825 18.173 0.023 52.451843 1.059339
53683.429538 19.203 0.078 53683.431204 18.699 0.016 53683.427871 18.518 0.02 53683.428704 18.523 0.03 53683.430371 18.088 0.076 52.451843 1.059339
53686.370423 19.23 0.044 53686.372089 18.671 0.012 53686.368756 18.531 0.012 53686.369589 18.593 0.016 53686.371256 18.196 0.028 52.451843 1.059339
53693.37288 19.33 0.079 53693.374546 18.642 0.017 53693.371213 18.531 0.016 53693.372046 18.554 0.018 53693.373713 18.131 0.031 52.451843 1.059339
53694.387595 19.498 0.081 53694.389261 18.64 0.016 53694.385928 18.538 0.014 53694.386761 18.55 0.017 53694.388428 18.167 0.034 52.451843 1.059339
53699.393714 19.265 0.04 53699.39538 18.667 0.009 53699.392047 18.572 0.01 53699.39288 18.575 0.013 53699.394547 18.159 0.025 52.451843 1.059339
53704.356201 19.302 0.036 53704.357867 18.69 0.01 53704.354534 18.535 0.011 53704.355367 18.585 0.015 53704.357034 18.205 0.03 52.451843 1.059339
53989.452285 19.346 0.048 53989.453952 18.689 0.018 53989.450618 18.528 0.015 53989.451452 18.588 0.018 53989.453118 -99.99 0.028 52.451843 1.059339
54000.427672 19.326 0.038 54000.429339 18.69 0.016 54000.426005 18.532 0.012 54000.426839 18.607 0.028 54000.428505 18.15 0.034 52.451843 1.059339
54007.477819 19.405 0.031 54007.479485 18.74 0.015 54007.476152 18.57 0.014 54007.476985 18.646 0.018 54007.478652 18.196 0.026 52.451843 1.059339
54009.401601 19.407 0.029 54009.403268 18.695 0.014 54009.399935 18.574 0.013 54009.400768 18.622 0.012 54009.402435 18.148 0.021 52.451843 1.059339
54011.466083 19.396 0.028 54011.467749 18.693 0.015 54011.464416 18.568 0.012 54011.465249 18.639 0.015 54011.466916 18.207 0.021 52.451843 1.059339
54012.478894 19.459 0.034 54012.480561 18.731 0.019 54012.477228 18.629 0.015 54012.478061 18.662 0.021 54012.479728 18.164 0.026 52.451843 1.059339
54019.461165 19.369 0.045 54019.462831 18.749 0.017 54019.459498 18.595 0.014 54019.460331 18.657 0.017 54019.461998 18.263 0.026 52.451843 1.059339
54025.465115 19.279 0.034 54025.466782 18.785 0.015 54025.463449 18.588 0.015 54025.464282 18.647 0.018 54025.465949 18.181 0.028 52.451843 1.059339
54346.45887 19.287 0.049 54346.460536 18.818 0.017 54346.457203 18.745 0.016 54346.458036 18.762 0.021 54346.459703 18.266 0.028 52.451843 1.059339
54348.46284 19.489 0.045 54348.464507 18.786 0.016 54348.461173 18.702 0.018 54348.462007 18.71 0.024 54348.463673 18.317 0.028 52.451843 1.059339
54358.418686 19.418 0.037 54358.420353 18.842 0.017 54358.417019 18.671 0.019 54358.417853 18.724 0.021 54358.419519 18.307 0.028 52.451843 1.059339
54365.451757 19.392 0.029 54365.453424 18.761 0.016 54365.45009 18.698 0.017 54365.450924 18.732 0.014 54365.45259 18.26 0.03 52.451843 1.059339
54381.471345 -99.99 0.035 54381.473012 18.757 0.019 54381.469679 18.624 0.015 54381.470512 18.66 0.017 54381.472179 18.312 0.026 52.451843 1.059339
54386.463615 19.127 0.045 54386.465281 18.712 0.015 54386.461948 18.569 0.016 54386.462781 18.667 0.017 54386.464448 18.254 0.026 52.451843 1.059339
54388.467898 19.267 0.033 54388.469565 18.719 0.017 54388.466231 18.617 0.022 54388.467065 18.732 0.016 54388.468731 18.254 0.03 52.451843 1.059339
54392.465472 19.267 0.033 54392.467139 18.72 0.03 54392.463806 18.631 0.02 54392.464639 18.654 0.015 54392.466306 18.297 0.039 52.451843 1.059339
54403.381699 19.292 0.046 54403.383366 18.701 0.017 54403.380032 18.6 0.02 54403.380866 18.687 0.018 54403.382532 18.201 0.026 52.451843 1.059339
54404.439272 19.184 0.226 54404.440939 -99.99 0.026 54404.437605 18.67 0.03 54404.438439 -99.99 0.1 54404.440105 18.205 0.168 52.451843 1.059339
54406.375489 19.324 0.031 54406.377155 18.745 0.013 54406.373822 18.603 0.014 54406.374655 18.691 0.017 54406.376322 18.277 0.023 52.451843 1.059339
54409.380342 19.343 0.027 54409.382009 18.751 0.017 54409.378676 18.644 0.017 54409.379509 18.698 0.017 54409.381176 18.248 0.026 52.451843 1.059339
54412.401255 19.367 0.046 54412.402922 18.768 0.02 54412.399588 18.608 0.017 54412.400422 18.731 0.023 54412.402088 18.29 0.035 52.451843 1.059339
