51075.442139 21.775 0.158 51075.443805 21.469 0.053 51075.440472 20.458 0.032 51075.441305 20.115 0.04 51075.442972 19.839 0.121 51.364084 0.672928
51818.411784 21.86 0.159 51818.41345 21.219 0.042 51818.410117 20.322 0.027 51818.41095 20.033 0.032 51818.412617 19.86 0.094 51.364084 0.672928
52171.399892 21.756 0.15 52171.401558 21.21 0.042 52171.398225 20.336 0.025 52171.399058 19.984 0.028 52171.400725 19.889 0.086 51.364084 0.672928
52173.376142 21.676 0.167 52173.377808 21.211 0.043 52173.374475 20.376 0.03 52173.375308 20.015 0.039 52173.376975 19.758 0.098 51.364084 0.672928
52224.356288 21.652 0.136 52224.357954 21.118 0.036 52224.354621 20.318 0.025 52224.355454 19.978 0.029 52224.357121 19.763 0.075 51.364084 0.672928
52234.312799 21.551 0.163 52234.314465 21.179 0.044 52234.311132 20.279 0.029 52234.311965 19.967 0.034 52234.313632 19.936 0.093 51.364084 0.672928
52261.276154 21.605 0.127 52261.27782 21.078 0.034 52261.274487 20.261 0.024 52261.27532 19.923 0.026 52261.276987 19.679 0.065 51.364084 0.672928
52283.143529 21.706 0.21 52283.145195 21.106 0.052 52283.141862 20.25 0.033 52283.142695 19.913 0.045 52283.144362 19.836 0.133 51.364084 0.672928
52287.156653 21.528 0.122 52287.158319 21.119 0.04 52287.154986 20.228 0.026 52287.155819 19.934 0.029 52287.157486 19.602 0.066 51.364084 0.672928
52552.475342 21.364 0.104 52552.477008 20.971 0.033 52552.473675 20.099 0.022 52552.474508 19.786 0.028 52552.476175 19.697 0.116 51.364084 0.672928
52557.449702 21.497 0.12 52557.451368 20.942 0.031 52557.448035 20.158 0.025 52557.448868 19.799 0.028 52557.450535 19.644 0.079 51.364084 0.672928
52585.351032 21.4 0.101 52585.352698 20.884 0.028 52585.349365 20.035 0.02 52585.350198 19.752 0.025 52585.351865 19.72 0.077 51.364084 0.672928
52908.424271 21.558 0.125 52908.425937 20.897 0.032 52908.422604 20.085 0.022 52908.423437 19.756 0.025 52908.425104 19.627 0.073 51.364084 0.672928
52912.403709 21.3 0.121 52912.405375 20.894 0.034 52912.402042 20.07 0.022 52912.402875 19.781 0.028 52912.404542 19.536 0.067 51.364084 0.672928
52934.356179 21.53 0.126 52934.357845 20.894 0.031 52934.354512 20.014 0.022 52934.355345 19.798 0.028 52934.357012 19.54 0.075 51.364084 0.672928
52936.352103 21.178 0.091 52936.353769 20.86 0.029 52936.350436 20.022 0.022 52936.351269 19.814 0.027 52936.352936 19.571 0.068 51.364084 0.672928
53270.416151 21.321 0.086 53270.417817 20.841 0.024 53270.414484 20.085 0.022 53270.415317 19.715 0.023 53270.416984 19.647 0.057 51.364084 0.672928
53272.4661 21.381 0.11 53272.467766 20.787 0.028 53272.464433 20.068 0.021 53272.465266 19.747 0.025 53272.466933 19.538 0.063 51.364084 0.672928
53286.434821 21.805 0.217 53286.436487 20.868 0.039 53286.433154 20.093 0.025 53286.433987 19.753 0.027 53286.435654 19.653 0.074 51.364084 0.672928
53288.393315 21.529 0.139 53288.394981 20.89 0.03 53288.391648 20.034 0.022 53288.392481 19.755 0.026 53288.394148 19.584 0.067 51.364084 0.672928
53294.440986 21.617 0.153 53294.442652 20.848 0.03 53294.439319 20.096 0.024 53294.440152 19.777 0.028 53294.441819 19.538 0.063 51.364084 0.672928
53296.387991 21.293 0.113 53296.389658 20.84 0.038 53296.386324 20.028 0.029 53296.387158 19.733 0.031 53296.388824 19.571 0.073 51.364084 0.672928
53298.437762 21.338 0.12 53298.439428 20.879 0.032 53298.436095 20.058 0.028 53298.436928 19.734 0.033 53298.438595 19.554 0.085 51.364084 0.672928
53302.388983 21.518 0.16 53302.390649 -99.99 0.095 53302.387316 20.097 0.03 53302.388149 19.767 0.029 53302.389816 19.547 0.069 51.364084 0.672928
53312.344525 21.448 0.19 53312.346192 20.788 0.052 53312.342858 20.073 0.027 53312.343692 19.804 0.031 53312.345358 19.568 0.085 51.364084 0.672928
53314.345714 21.321 0.138 53314.34738 20.902 0.041 53314.344047 20.051 0.026 53314.34488 19.73 0.029 53314.346547 19.616 0.074 51.364084 0.672928
53319.333511 21.389 0.167 53319.335177 20.928 0.044 53319.331844 20.078 0.031 53319.332677 19.757 0.036 53319.334344 19.57 0.088 51.364084 0.672928
53616.450065 21.37 0.132 53616.451731 20.944 0.036 53616.448398 20.137 0.026 53616.449231 19.828 0.03 53616.450898 19.714 0.087 51.364084 0.672928
53626.426493 21.468 0.162 53626.428159 20.918 0.035 53626.424826 20.129 0.027 53626.425659 -99.99 0.052 53626.427326 19.558 0.071 51.364084 0.672928
53628.411358 21.36 0.187 53628.413024 20.931 0.044 53628.409691 20.138 0.033 53628.410524 19.816 0.045 53628.412191 19.572 0.112 51.364084 0.672928
53639.458354 21.315 0.146 53639.46002 20.906 0.042 53639.456687 20.068 0.023 53639.45752 19.772 0.027 53639.459187 19.679 0.069 51.364084 0.672928
53641.457519 21.515 0.181 53641.459185 20.875 0.043 53641.455852 20.126 0.026 53641.456685 19.779 0.03 53641.458352 19.482 0.076 51.364084 0.672928
53657.416404 21.086 0.136 53657.41807 20.812 0.04 53657.414737 20.092 0.032 53657.41557 19.798 0.039 53657.417237 19.364 0.089 51.364084 0.672928
53663.400952 21.244 0.358 53663.402618 20.899 0.109 53663.399285 20.167 0.056 53663.400118 19.746 0.039 53663.401785 19.567 0.085 51.364084 0.672928
53665.378925 21.546 0.299 53665.380591 20.901 0.075 53665.377258 20.141 0.037 53665.378091 19.846 0.033 53665.379758 19.638 0.13 51.364084 0.672928
53666.471032 21.203 0.216 53666.472698 20.921 0.064 53666.469365 20.181 0.033 53666.470198 19.803 0.032 53666.471865 19.735 0.089 51.364084 0.672928
53669.478158 21.733 0.393 53669.479824 21.064 0.069 53669.476491 20.074 0.037 53669.477324 19.884 0.044 53669.478991 19.586 0.101 51.364084 0.672928
53670.395405 21.431 0.201 53670.397071 20.952 0.049 53670.393738 20.097 0.033 53670.394571 19.876 0.041 53670.396238 19.613 0.088 51.364084 0.672928
53673.363393 21.371 0.12 53673.365059 20.929 0.03 53673.361726 20.149 0.022 53673.362559 19.829 0.026 53673.364226 19.634 0.061 51.364084 0.672928
53675.36028 21.367 0.128 53675.361946 20.989 0.032 53675.358613 20.106 0.024 53675.359446 19.814 0.029 53675.361113 19.713 0.081 51.364084 0.672928
53680.367978 21.226 0.099 53680.369644 20.95 0.03 53680.366311 20.148 0.023 53680.367144 19.793 0.025 53680.368811 19.676 0.062 51.364084 0.672928
53683.426525 21.06 0.238 53683.428191 20.923 0.083 53683.424858 20.156 0.059 53683.425691 19.85 0.071 53683.427358 19.483 0.193 51.364084 0.672928
53686.367409 21.442 0.26 53686.369075 21.156 0.104 53686.365742 20.105 0.04 53686.366575 19.877 0.039 53686.368242 19.681 0.078 51.364084 0.672928
53693.369867 21.558 0.53 53693.371533 20.86 0.127 53693.3682 20.065 0.06 53693.369033 19.748 0.046 53693.3707 19.715 0.116 51.364084 0.672928
53699.390702 21.323 0.172 53699.392368 21.035 0.054 53699.389035 20.192 0.029 53699.389868 19.906 0.031 53699.391535 19.646 0.07 51.364084 0.672928
53704.353188 21.471 0.183 53704.354854 21.108 0.045 53704.351521 20.174 0.03 53704.352354 20.002 0.04 53704.354021 19.626 0.092 51.364084 0.672928
53989.449233 21.875 0.373 53989.4509 21.085 0.091 53989.447566 20.28 0.041 53989.4484 20.002 0.037 53989.450066 19.84 0.073 51.364084 0.672928
54000.424692 21.561 0.16 54000.426358 21.088 0.042 54000.423025 20.287 0.032 54000.423858 20.023 0.041 54000.425525 19.838 0.1 51.364084 0.672928
54007.474806 21.468 0.111 54007.476473 21.12 0.034 54007.47314 20.257 0.025 54007.473973 19.976 0.03 54007.47564 19.817 0.073 51.364084 0.672928
54009.398596 21.548 0.096 54009.400263 21.169 0.029 54009.396929 20.271 0.02 54009.397763 19.927 0.021 54009.399429 19.861 0.06 51.364084 0.672928
54011.463069 21.742 0.106 54011.464736 21.135 0.029 54011.461402 20.221 0.019 54011.462236 19.922 0.024 54011.463902 19.777 0.049 51.364084 0.672928
54012.475884 21.646 0.159 54012.47755 21.017 0.034 54012.474217 20.221 0.029 54012.47505 19.949 0.032 54012.476717 19.712 0.072 51.364084 0.672928
54019.458097 21.603 0.277 54019.459764 21.036 0.071 54019.45643 20.192 0.037 54019.457264 19.944 0.037 54019.45893 19.885 0.079 51.364084 0.672928
54025.46207 21.284 0.131 54025.463736 21.161 0.047 54025.460403 20.254 0.032 54025.461236 19.929 0.035 54025.462903 19.653 0.072 51.364084 0.672928
54346.455844 22.003 0.518 54346.457511 21.155 0.082 54346.454178 20.178 0.036 54346.455011 19.957 0.034 54346.456678 19.701 0.067 51.364084 0.672928
54348.459825 21.361 0.156 54348.461492 21.081 0.056 54348.458158 20.192 0.029 54348.458992 19.905 0.033 54348.460658 19.783 0.082 51.364084 0.672928
54358.415653 21.462 0.127 54358.417319 21.044 0.036 54358.413986 20.206 0.03 54358.414819 19.954 0.036 54358.416486 19.851 0.078 51.364084 0.672928
54365.448717 21.484 0.094 54365.450384 21.052 0.033 54365.44705 20.278 0.024 54365.447884 19.898 0.026 54365.44955 19.754 0.055 51.364084 0.672928
54381.468296 21.403 0.124 54381.469962 21.122 0.035 54381.466629 20.219 0.024 54381.467462 19.92 0.031 54381.469129 19.701 0.068 51.364084 0.672928
54386.460592 21.39 0.118 54386.462259 21.081 0.039 54386.458926 20.275 0.026 54386.459759 19.869 0.031 54386.461426 19.753 0.063 51.364084 0.672928
54388.464847 -99.99 0.122 54388.466514 21.064 0.033 54388.46318 20.225 0.025 54388.464014 19.898 0.026 54388.46568 19.743 0.077 51.364084 0.672928
54392.462422 21.546 0.137 54392.464088 21.058 0.035 54392.460755 20.234 0.031 54392.461588 19.883 0.029 54392.463255 19.803 0.073 51.364084 0.672928
54406.37249 21.654 0.152 54406.374157 21.135 0.039 54406.370823 20.182 0.025 54406.371657 19.928 0.024 54406.373323 19.819 0.056 51.364084 0.672928
54409.377317 21.672 0.13 54409.378984 21.101 0.031 54409.37565 20.217 0.024 54409.376484 19.92 0.028 54409.37815 19.779 0.063 51.364084 0.672928
54412.398273 21.922 0.247 54412.39994 21.099 0.045 54412.396607 20.265 0.04 54412.39744 19.864 0.037 54412.399107 19.779 0.098 51.364084 0.672928
