51075.450483 21.218 0.101 51075.452149 20.532 0.026 51075.448816 19.958 0.022 51075.449649 19.808 0.029 51075.451316 19.533 0.09 54.37761 -0.049149
51818.420117 20.83 0.084 51818.421783 20.43 0.025 51818.41845 19.888 0.021 51818.419283 19.804 0.029 51818.42095 19.527 0.076 54.37761 -0.049149
52171.408264 20.827 0.076 52171.40993 20.27 0.02 52171.406597 19.832 0.022 52171.40743 19.775 0.024 52171.409097 19.439 0.06 54.37761 -0.049149
52173.384515 20.743 0.082 52173.386181 20.277 0.022 52173.382848 19.816 0.021 52173.383681 19.65 0.028 52173.385348 19.376 0.078 54.37761 -0.049149
52224.364634 20.858 0.074 52224.3663 20.364 0.022 52224.362967 19.852 0.019 52224.3638 19.778 0.023 52224.365467 19.53 0.07 54.37761 -0.049149
52234.321146 20.664 0.075 52234.322812 20.376 0.026 52234.319479 19.807 0.019 52234.320312 19.767 0.024 52234.321979 19.591 0.073 54.37761 -0.049149
52261.284501 20.951 0.09 52261.286167 20.383 0.025 52261.282834 19.873 0.018 52261.283667 19.801 0.022 52261.285334 19.554 0.061 54.37761 -0.049149
52283.151877 21.046 0.103 52283.153543 20.37 0.026 52283.15021 19.835 0.025 52283.151043 19.847 0.033 52283.15271 19.418 0.091 54.37761 -0.049149
52287.164999 21.009 0.087 52287.166665 20.393 0.024 52287.163332 19.914 0.022 52287.164165 19.855 0.026 52287.165832 19.508 0.066 54.37761 -0.049149
52552.483688 21.063 0.087 52552.485354 20.525 0.023 52552.482021 20.051 0.021 52552.482854 19.835 0.024 52552.484521 19.601 0.069 54.37761 -0.049149
52557.458048 21.068 0.092 52557.459714 20.503 0.023 52557.456381 20.014 0.022 52557.457214 19.844 0.028 52557.458881 19.649 0.086 54.37761 -0.049149
52585.359378 21.127 0.092 52585.361044 20.538 0.022 52585.357711 20.033 0.021 52585.358544 19.929 0.028 52585.360211 19.612 0.079 54.37761 -0.049149
52908.432615 21.297 0.121 52908.434281 20.618 0.031 52908.430948 20.114 0.024 52908.431781 19.958 0.032 52908.433448 19.617 0.088 54.37761 -0.049149
52912.412056 21.296 0.138 52912.413722 20.607 0.028 52912.410389 20.087 0.023 52912.411222 19.901 0.029 52912.412889 19.511 0.078 54.37761 -0.049149
52934.364523 21.1 0.1 52934.366189 20.534 0.024 52934.362856 20.015 0.023 52934.363689 19.898 0.029 52934.365356 19.722 0.093 54.37761 -0.049149
52936.36045 21.142 0.094 52936.362116 20.533 0.024 52936.358783 20.041 0.022 52936.359616 19.925 0.026 52936.361283 19.74 0.08 54.37761 -0.049149
53270.424517 20.656 0.058 53270.426184 20.218 0.023 53270.422851 19.795 0.018 53270.423684 19.734 0.022 53270.425351 19.528 0.055 54.37761 -0.049149
53272.474445 20.807 0.072 53272.476111 20.275 0.019 53272.472778 19.807 0.017 53272.473611 19.715 0.021 53272.475278 19.461 0.058 54.37761 -0.049149
53286.443166 20.784 0.121 53286.444832 20.259 0.037 53286.441499 19.787 0.027 53286.442332 19.715 0.029 53286.443999 19.377 0.088 54.37761 -0.049149
53288.40166 20.752 0.076 53288.403326 20.26 0.021 53288.399993 19.791 0.018 53288.400826 19.693 0.022 53288.402493 19.449 0.06 54.37761 -0.049149
53294.449332 20.86 0.102 53294.450998 20.217 0.022 53294.447665 19.794 0.022 53294.448498 19.671 0.031 53294.450165 19.512 0.069 54.37761 -0.049149
53296.39639 20.743 0.077 53296.398057 20.273 0.02 53296.394723 19.797 0.022 53296.395557 19.661 0.026 53296.397223 19.423 0.07 54.37761 -0.049149
53298.446108 20.841 0.085 53298.447774 20.212 0.02 53298.444441 19.745 0.02 53298.445274 19.697 0.028 53298.446941 19.495 0.083 54.37761 -0.049149
53312.352882 20.977 0.147 53312.354548 20.229 0.035 53312.351215 19.754 0.023 53312.352048 19.669 0.028 53312.353715 19.475 0.091 54.37761 -0.049149
53314.35406 20.753 0.095 53314.355726 20.167 0.024 53314.352393 19.798 0.02 53314.353226 19.815 0.027 53314.354893 19.459 0.074 54.37761 -0.049149
53319.341857 20.701 0.11 53319.343523 20.205 0.028 53319.34019 19.751 0.025 53319.341023 19.776 0.036 53319.34269 19.426 0.099 54.37761 -0.049149
53616.45841 20.869 0.094 53616.460076 20.382 0.024 53616.456743 19.825 0.019 53616.457576 19.764 0.026 53616.459243 19.503 0.079 54.37761 -0.049149
53628.419704 20.953 0.12 53628.42137 20.301 0.03 53628.418037 19.83 0.024 53628.41887 19.693 0.031 53628.420537 19.571 0.137 54.37761 -0.049149
53639.466701 21.213 0.141 53639.468367 20.311 0.029 53639.465034 19.771 0.02 53639.465867 19.791 0.024 53639.467534 19.574 0.071 54.37761 -0.049149
53641.465866 20.978 0.14 53641.467532 20.268 0.028 53641.464199 19.837 0.021 53641.465032 19.722 0.027 53641.466699 19.515 0.086 54.37761 -0.049149
53657.424751 20.703 0.095 53657.426417 20.311 0.026 53657.423084 19.766 0.023 53657.423917 19.71 0.03 53657.425584 19.648 0.111 54.37761 -0.049149
53663.409299 20.959 0.241 53663.410965 20.408 0.058 53663.407632 19.793 0.036 53663.408465 19.757 0.036 53663.410132 19.584 0.08 54.37761 -0.049149
53665.387272 20.903 0.172 53665.388938 20.308 0.045 53665.385605 19.796 0.028 53665.386438 19.72 0.029 53665.388105 19.52 0.08 54.37761 -0.049149
53666.47938 21.032 0.197 53666.481046 20.331 0.038 53666.477713 19.828 0.027 53666.478546 19.711 0.028 53666.480213 19.532 0.077 54.37761 -0.049149
53668.3989 20.887 0.161 53668.400566 20.336 0.036 53668.397233 19.768 0.026 53668.398066 19.764 0.035 53668.399733 19.331 0.083 54.37761 -0.049149
53669.486505 20.757 0.152 53669.488171 20.374 0.034 53669.484838 19.836 0.028 53669.485671 19.712 0.03 53669.487338 19.639 0.102 54.37761 -0.049149
53670.403752 21.223 0.164 53670.405418 20.339 0.041 53670.402085 19.833 0.028 53670.402918 19.745 0.03 53670.404585 19.56 0.11 54.37761 -0.049149
53673.37174 21.023 0.096 53673.373406 20.311 0.02 53673.370073 19.812 0.019 53673.370906 19.707 0.023 53673.372573 19.458 0.059 54.37761 -0.049149
53675.368627 21.095 0.107 53675.370293 20.342 0.021 53675.36696 19.824 0.021 53675.367793 19.806 0.029 53675.36946 19.461 0.072 54.37761 -0.049149
53680.376325 20.93 0.086 53680.377991 20.372 0.021 53680.374658 19.82 0.018 53680.375491 19.962 0.026 53680.377158 19.396 0.054 54.37761 -0.049149
53683.434871 21.205 0.253 53683.436537 20.359 0.049 53683.433204 19.873 0.045 53683.434037 19.775 0.054 53683.435704 19.744 0.29 54.37761 -0.049149
53686.375756 20.828 0.155 53686.377422 20.391 0.046 53686.374089 19.886 0.031 53686.374922 19.779 0.032 53686.376589 19.453 0.074 54.37761 -0.049149
53687.433136 21.551 1.29 53687.434802 20.412 0.183 53687.431469 19.63 0.098 53687.432302 20.654 0.362 53687.433969 19.293 0.228 54.37761 -0.049149
53693.378213 20.702 0.277 53693.379879 20.415 0.077 53693.376546 19.897 0.047 53693.377379 19.77 0.044 53693.379046 19.527 0.101 54.37761 -0.049149
53699.399048 21.023 0.156 53699.400714 20.349 0.03 53699.397381 19.862 0.023 53699.398214 19.705 0.027 53699.399881 19.569 0.079 54.37761 -0.049149
53704.361534 20.873 0.113 53704.3632 20.451 0.027 53704.359867 19.864 0.022 53704.3607 19.745 0.028 53704.362367 19.666 0.106 54.37761 -0.049149
53989.457601 21.04 0.184 53989.459268 20.39 0.047 53989.455935 19.82 0.028 53989.456768 19.766 0.031 53989.458435 19.527 0.056 54.37761 -0.049149
54007.483224 20.84 0.083 54007.484891 20.344 0.024 54007.481558 19.881 0.021 54007.482391 19.79 0.025 54007.484058 19.438 0.056 54.37761 -0.049149
54008.44397 20.79 0.078 54008.445636 20.342 0.02 54008.442303 19.894 0.019 54008.443136 19.777 0.031 54008.444803 19.541 0.067 54.37761 -0.049149
54009.406935 20.875 0.069 54009.408601 20.331 0.019 54009.405268 19.887 0.017 54009.406101 20.103 0.037 54009.407768 19.598 0.05 54.37761 -0.049149
54011.471438 20.786 0.059 54011.473104 20.333 0.021 54011.469771 19.864 0.02 54011.470604 19.784 0.019 54011.472271 19.509 0.044 54.37761 -0.049149
54012.484223 20.76 0.077 54012.48589 20.334 0.027 54012.482557 19.881 0.02 54012.48339 19.701 0.028 54012.485057 19.445 0.063 54.37761 -0.049149
54019.466511 20.472 0.107 54019.468177 20.331 0.041 54019.464844 19.843 0.03 54019.465677 19.808 0.028 54019.467344 19.59 0.069 54.37761 -0.049149
54025.47044 20.862 0.097 54025.472106 20.332 0.026 54025.468773 19.884 0.023 54025.469606 19.757 0.031 54025.471273 19.394 0.062 54.37761 -0.049149
54346.464203 21.235 0.26 54346.46587 20.47 0.06 54346.462536 19.884 0.036 54346.46337 19.923 0.048 54346.465036 19.766 0.084 54.37761 -0.049149
54348.46817 20.825 0.128 54348.469837 20.399 0.038 54348.466504 19.942 0.029 54348.467337 19.864 0.035 54348.469004 19.564 0.077 54.37761 -0.049149
54358.424006 -99.99 0.086 54358.425673 20.387 0.03 54358.422339 19.921 0.023 54358.423173 19.884 0.027 54358.424839 19.515 0.056 54.37761 -0.049149
54365.457063 20.897 0.068 54365.45873 20.402 0.025 54365.455397 19.938 0.022 54365.45623 19.844 0.023 54365.457897 19.635 0.049 54.37761 -0.049149
54381.476622 21.06 0.104 54381.478289 20.37 0.026 54381.474955 19.872 0.022 54381.475789 19.795 0.024 54381.477455 19.534 0.076 54.37761 -0.049149
54386.468989 20.917 0.082 54386.470656 20.417 0.024 54386.467323 19.895 0.02 54386.468156 19.825 0.024 54386.469823 19.57 0.059 54.37761 -0.049149
54388.473216 20.708 0.078 54388.474882 20.372 0.025 54388.471549 19.88 0.021 54388.472382 19.793 0.024 54388.474049 19.601 0.073 54.37761 -0.049149
54392.47079 20.959 0.095 54392.472457 20.362 0.026 54392.469124 19.941 0.026 54392.469957 19.818 0.025 54392.471624 19.822 0.089 54.37761 -0.049149
54403.387026 20.573 0.147 54403.388693 -99.99 0.16 54403.385359 19.956 0.053 54403.386193 19.87 0.044 54403.387859 19.542 0.12 54.37761 -0.049149
54404.44453 21.232 0.263 54404.446197 20.453 0.065 54404.442864 19.838 0.05 54404.443697 19.87 0.058 54404.445364 19.64 0.112 54.37761 -0.049149
54406.38088 -99.99 0.089 54406.382547 20.337 0.023 54406.379213 19.897 0.022 54406.380047 19.818 0.023 54406.381713 19.615 0.055 54.37761 -0.049149
54409.385735 20.915 0.081 54409.387402 20.381 0.02 54409.384069 19.942 0.021 54409.384902 19.818 0.024 54409.386569 19.594 0.064 54.37761 -0.049149
54412.4066 20.906 0.126 54412.408267 20.345 0.028 54412.404934 19.903 0.029 54412.405767 19.835 0.032 54412.407434 19.534 0.091 54.37761 -0.049149
