52196.280738 20.432 0.062 52196.282404 20.06 0.019 52196.279071 19.759 0.021 52196.279904 19.667 0.03 52196.281571 19.567 0.088 -7.092097 0.793462
52197.293846 20.455 0.059 52197.295512 20.103 0.019 52197.292179 19.814 0.019 52197.293012 19.704 0.03 52197.294679 19.509 0.071 -7.092097 0.793462
52225.144019 20.481 0.056 52225.145685 20.087 0.018 52225.142352 19.767 0.019 52225.143185 19.742 0.027 52225.144852 19.449 0.064 -7.092097 0.793462
52231.179803 20.525 0.059 52231.181469 20.117 0.019 52231.178136 19.781 0.019 52231.178969 19.655 0.024 52231.180636 19.658 0.072 -7.092097 0.793462
52253.165976 20.435 0.091 52253.167642 20.111 0.026 52253.164309 19.761 0.026 52253.165142 19.595 0.033 52253.166809 19.501 0.094 -7.092097 0.793462
52578.183889 20.381 0.052 52578.185555 20.116 0.019 52578.182222 19.848 0.02 52578.183055 19.735 0.028 52578.184722 19.59 0.079 -7.092097 0.793462
52908.262373 20.517 0.069 52908.264039 20.225 0.022 52908.260706 19.898 0.022 52908.261539 19.852 0.032 52908.263206 19.606 0.085 -7.092097 0.793462
52911.276158 20.439 0.061 52911.277824 20.208 0.023 52911.274491 19.911 0.022 52911.275324 19.755 0.031 52911.276991 19.52 0.08 -7.092097 0.793462
52930.153532 20.591 0.067 52930.155198 20.209 0.021 52930.151865 19.904 0.02 52930.152698 19.809 0.028 52930.154365 19.704 0.083 -7.092097 0.793462
52934.194273 20.49 0.072 52934.195939 20.141 0.024 52934.192606 19.849 0.025 52934.193439 19.754 0.032 52934.195106 19.498 0.087 -7.092097 0.793462
52936.190199 20.568 0.061 52936.191865 20.187 0.019 52936.188532 19.921 0.02 52936.189365 19.83 0.028 52936.191032 19.686 0.073 -7.092097 0.793462
53270.254255 20.466 0.057 53270.255922 20.214 0.023 53270.252588 19.879 0.023 53270.253422 19.762 0.029 53270.255088 19.712 0.074 -7.092097 0.793462
53272.304204 20.398 0.094 53272.30587 20.09 0.038 53272.302537 19.793 0.031 53272.30337 19.728 0.034 53272.305037 19.625 0.114 -7.092097 0.793462
53288.231414 20.524 0.064 53288.23308 20.175 0.019 53288.229747 19.804 0.019 53288.23058 19.781 0.026 53288.232247 19.592 0.065 -7.092097 0.793462
53294.258728 20.42 0.057 53294.260395 20.213 0.038 53294.257061 19.906 0.028 53294.257895 19.8 0.032 53294.259561 19.673 0.091 -7.092097 0.793462
53314.183809 20.63 0.073 53314.185475 20.183 0.022 53314.182142 19.84 0.024 53314.182975 19.743 0.033 53314.184642 19.681 0.098 -7.092097 0.793462
53616.288176 20.319 0.084 53616.289842 20.064 0.025 53616.286509 19.751 0.025 53616.287342 19.625 0.036 53616.289009 19.38 0.095 -7.092097 0.793462
53626.264599 20.396 0.075 53626.266265 20.093 0.029 53626.262932 19.792 0.026 53626.263765 19.743 0.032 53626.265432 19.653 0.086 -7.092097 0.793462
53628.249465 20.168 0.132 53628.251131 20.066 0.054 53628.247798 19.813 0.039 53628.248631 19.69 0.042 53628.250298 19.676 0.113 -7.092097 0.793462
53639.296456 20.415 0.063 53639.298122 20.151 0.022 53639.294789 19.821 0.022 53639.295622 19.752 0.029 53639.297289 19.694 0.118 -7.092097 0.793462
53644.243533 20.42 0.049 53644.2452 20.148 0.022 53644.241867 19.919 0.023 53644.2427 19.818 0.03 53644.244367 19.695 0.062 -7.092097 0.793462
53654.278148 20.461 0.068 53654.279814 20.147 0.02 53654.276481 19.816 0.022 53654.277314 19.779 0.032 53654.278981 19.622 0.085 -7.092097 0.793462
53656.225743 20.795 0.276 53656.227409 19.93 0.063 53656.224076 19.795 0.047 53656.224909 19.641 0.055 53656.226576 19.575 0.133 -7.092097 0.793462
53663.239051 20.253 0.093 53663.240717 20.093 0.036 53663.237384 19.803 0.028 53663.238217 19.71 0.03 53663.239884 19.652 0.075 -7.092097 0.793462
53668.228652 20.201 0.071 53668.230318 -99.99 0.024 53668.226985 19.648 0.023 53668.227818 19.507 0.035 53668.229485 19.479 0.12 -7.092097 0.793462
53670.233505 20.318 0.057 53670.235171 20.064 0.019 53670.231838 19.776 0.02 53670.232671 19.603 0.026 53670.234338 19.531 0.073 -7.092097 0.793462
53673.201489 20.424 0.062 53673.203155 20.123 0.019 53673.199822 19.782 0.023 53673.200655 19.752 0.032 53673.202322 19.553 0.073 -7.092097 0.793462
53675.198377 20.209 0.06 53675.200043 20.053 0.022 53675.19671 19.734 0.025 53675.197543 19.618 0.034 53675.19921 19.583 0.101 -7.092097 0.793462
53677.219408 20.323 0.053 53677.221074 20.067 0.018 53677.217741 19.842 0.02 53677.218574 19.684 0.024 53677.220241 19.652 0.064 -7.092097 0.793462
53680.206074 20.338 0.058 53680.20774 20.074 0.02 53680.204407 19.777 0.02 53680.20524 19.674 0.027 53680.206907 19.572 0.072 -7.092097 0.793462
53704.191296 20.256 0.059 53704.192962 19.988 0.019 53704.189629 19.726 0.021 53704.190462 19.658 0.029 53704.192129 19.495 0.075 -7.092097 0.793462
53974.283964 20.565 0.053 53974.285631 20.135 0.022 53974.282297 19.892 0.019 53974.283131 19.858 0.024 53974.284797 19.732 0.066 -7.092097 0.793462
53989.287381 20.45 0.11 53989.289048 20.19 0.043 53989.285715 19.93 0.033 53989.286548 19.798 0.035 53989.288215 19.493 0.068 -7.092097 0.793462
53997.382981 20.237 0.062 53997.384647 -99.99 0.024 53997.381314 -99.99 0.023 53997.382147 19.756 0.031 53997.383814 -99.99 0.081 -7.092097 0.793462
54000.262771 20.436 0.067 54000.264438 20.128 0.031 54000.261105 19.823 0.025 54000.261938 19.705 0.03 54000.263605 19.599 0.088 -7.092097 0.793462
54007.312919 20.43 0.063 54007.314586 20.165 0.023 54007.311252 19.857 0.025 54007.312086 19.782 0.032 54007.313752 19.616 0.077 -7.092097 0.793462
54009.236745 20.381 0.059 54009.238411 20.102 0.024 54009.235078 19.847 0.025 54009.235911 19.784 0.03 54009.237578 19.592 0.064 -7.092097 0.793462
54019.251388 20.44 0.108 54019.253054 20.129 0.033 54019.249721 19.777 0.036 54019.250554 19.722 0.046 54019.252221 19.535 0.071 -7.092097 0.793462
54025.30019 20.186 0.076 54025.301856 20.094 0.029 54025.298523 19.787 0.029 54025.299356 19.652 0.034 54025.301023 19.539 0.085 -7.092097 0.793462
54029.230531 20.431 0.057 54029.232197 20.141 0.022 54029.228864 19.858 0.026 54029.229697 19.712 0.028 54029.231364 19.661 0.074 -7.092097 0.793462
54348.297924 20.46 0.066 54348.29959 20.156 0.024 54348.296257 19.852 0.033 54348.29709 19.761 0.032 54348.298757 19.58 0.071 -7.092097 0.793462
54358.253753 20.468 0.084 54358.25542 20.136 0.032 54358.252087 19.816 0.025 54358.25292 19.676 0.032 54358.254587 19.591 0.093 -7.092097 0.793462
54381.306448 20.377 0.052 54381.308115 20.166 0.025 54381.304781 19.836 0.026 54381.305615 19.822 0.029 54381.307281 19.73 0.074 -7.092097 0.793462
54386.2987 20.414 0.057 54386.300367 20.137 0.022 54386.297033 19.811 0.022 54386.297867 19.721 0.026 54386.299533 19.665 0.068 -7.092097 0.793462
54388.303004 20.291 0.056 54388.30467 20.179 0.022 54388.301337 19.795 0.021 54388.30217 19.735 0.028 54388.303837 19.694 0.071 -7.092097 0.793462
54403.216745 20.504 0.098 54403.218412 20.159 0.034 54403.215078 19.848 0.029 54403.215912 19.754 0.034 54403.217578 19.523 0.071 -7.092097 0.793462
54404.274331 20.507 0.095 54404.275997 20.167 0.03 54404.272664 19.876 0.026 54404.273497 19.778 0.031 54404.275164 19.6 0.066 -7.092097 0.793462
54405.272292 20.353 0.069 54405.273958 20.181 0.034 54405.270625 19.836 0.027 54405.271458 19.714 0.035 54405.273125 19.689 0.074 -7.092097 0.793462
54406.210618 20.563 0.067 54406.212285 20.189 0.028 54406.208951 19.852 0.024 54406.209785 19.674 0.034 54406.211451 19.53 0.068 -7.092097 0.793462
54412.2135 20.398 0.058 54412.215167 20.192 0.027 54412.211833 19.827 0.025 54412.212667 19.742 0.028 54412.214333 19.681 0.078 -7.092097 0.793462
