51081.431255 20.528 0.087 51081.432921 20.546 0.031 51081.429588 20.202 0.032 51081.430421 20.191 0.049 51081.432088 19.965 0.137 53.324129 0.908237
51875.246215 20.536 0.069 51875.247881 20.571 0.032 51875.244548 20.17 0.029 51875.245381 20.075 0.037 51875.247048 20.071 0.135 53.324129 0.908237
52171.478637 20.544 0.071 52171.480303 20.349 0.023 52171.47697 20.086 0.026 52171.477803 20.112 0.037 52171.47947 20.057 0.12 53.324129 0.908237
52225.327075 -99.99 0.058 52225.328741 20.335 0.022 52225.325408 20.068 0.023 52225.326241 20.029 0.031 52225.327908 19.996 0.101 53.324129 0.908237
52288.161501 20.54 0.07 52288.163167 20.254 0.021 52288.159834 19.997 0.023 52288.160667 19.942 0.03 52288.162334 19.877 0.091 53.324129 0.908237
52551.434783 20.483 0.069 52551.436449 20.319 0.021 52551.433116 20.091 0.026 52551.433949 19.965 0.036 52551.435616 20.097 0.13 53.324129 0.908237
52558.467656 20.444 0.059 52558.469322 20.374 0.021 52558.465989 20.055 0.022 52558.466822 20.024 0.032 52558.468489 20.077 0.114 53.324129 0.908237
52578.339268 20.593 0.07 52578.340934 20.379 0.023 52578.337601 20.111 0.023 52578.338434 20.024 0.03 52578.340101 20.081 0.115 53.324129 0.908237
52585.302249 20.57 0.062 52585.303915 20.366 0.021 52585.300582 20.093 0.023 52585.301415 20.112 0.036 52585.303082 20.066 0.128 53.324129 0.908237
52909.468878 20.254 0.049 52909.470544 20.291 0.02 52909.467211 20.055 0.021 52909.468044 20.04 0.03 52909.469711 20.166 0.113 53.324129 0.908237
52910.439122 20.366 0.067 52910.440788 20.359 0.022 52910.437455 20.083 0.022 52910.438288 20.074 0.036 52910.439955 20.233 0.127 53.324129 0.908237
52935.366293 20.467 0.062 52935.367959 20.341 0.021 52935.364626 20.019 0.025 52935.365459 20.07 0.038 52935.367126 19.916 0.12 53.324129 0.908237
53622.468723 20.459 0.058 53622.470389 20.328 0.02 53622.467056 20.045 0.02 53622.467889 20.146 0.03 53622.469556 19.997 0.084 53.324129 0.908237
53627.425822 20.362 0.071 53627.427488 20.346 0.026 53627.424155 20.044 0.024 53627.424988 20.011 0.037 53627.426655 20.021 0.118 53.324129 0.908237
53638.459531 20.185 0.074 53638.461197 20.285 0.031 53638.457864 19.998 0.03 53638.458697 20.05 0.046 53638.460364 19.997 0.142 53.324129 0.908237
53640.423568 20.471 0.089 53640.425234 20.299 0.027 53640.421901 20.035 0.027 53640.422734 19.983 0.036 53640.424401 20.274 0.161 53.324129 0.908237
53643.466042 20.112 0.062 53643.467708 20.271 0.024 53643.464375 20.053 0.025 53643.465208 19.979 0.035 53643.466875 20.145 0.131 53.324129 0.908237
53657.303721 20.233 0.219 53657.305387 20.281 0.089 53657.302054 20.154 0.068 53657.302887 19.939 0.078 53657.304554 19.943 0.256 53.324129 0.908237
53657.468008 20.215 0.075 53657.469674 20.245 0.023 53657.466341 19.947 0.026 53657.467174 20.019 0.041 53657.468841 19.907 0.119 53.324129 0.908237
53663.485389 20.376 0.203 53663.487055 20.512 0.087 53663.483722 20.173 0.061 53663.484555 20.052 0.061 53663.486222 20.281 0.19 53.324129 0.908237
53665.48532 20.379 0.151 53665.486986 20.269 0.046 53665.483653 20.061 0.041 53665.484486 20.007 0.052 53665.486153 20.013 0.18 53.324129 0.908237
53669.379944 20.488 0.095 53669.38161 20.278 0.028 53669.378277 20.126 0.031 53669.37911 20.031 0.04 53669.380777 20.206 0.168 53.324129 0.908237
53670.479908 -99.99 0.14 53670.481574 -99.99 0.039 53670.478241 20.113 0.04 53670.479074 19.994 0.056 53670.480741 20.493 0.375 53.324129 0.908237
53671.464686 20.351 0.096 53671.466352 20.35 0.031 53671.463019 20.05 0.034 53671.463852 20.029 0.048 53671.465519 19.992 0.134 53.324129 0.908237
53674.364181 20.429 0.098 53674.365847 20.335 0.028 53674.362514 20.098 0.037 53674.363347 20.004 0.053 53674.365014 20.019 0.175 53.324129 0.908237
53681.417048 20.207 0.088 53681.418714 20.337 0.029 53681.415381 19.991 0.032 53681.416214 19.949 0.04 53681.417881 20.045 0.156 53.324129 0.908237
53684.378548 -99.99 0.09 53684.380214 20.361 0.027 53684.376881 20.026 0.031 53684.377714 20.046 0.047 53684.379381 20.143 0.174 53.324129 0.908237
53694.390012 20.786 0.282 53694.391678 20.306 0.065 53694.388345 20.102 0.05 53694.389178 20.027 0.059 53694.390845 20.424 0.249 53.324129 0.908237
53696.382768 20.629 0.128 53696.384434 20.305 0.035 53696.381101 20.051 0.03 53696.381934 20.119 0.045 53696.383601 20.211 0.158 53.324129 0.908237
53697.374074 20.4 0.091 53697.37574 20.349 0.034 53697.372407 20.119 0.03 53697.37324 20.092 0.041 53697.374907 20.032 0.116 53.324129 0.908237
53700.37303 20.296 0.075 53700.374696 20.364 0.026 53700.371363 20.081 0.031 53700.372196 20.009 0.045 53700.373863 19.888 0.131 53.324129 0.908237
53705.359702 20.358 0.101 53705.361368 20.365 0.029 53705.358035 20.165 0.032 53705.358868 20.03 0.047 53705.360535 20.082 0.17 53.324129 0.908237
53975.444778 20.441 0.088 53975.446445 20.456 0.03 53975.443111 20.143 0.032 53975.443945 20.068 0.046 53975.445611 20.297 0.155 53.324129 0.908237
53994.46778 20.359 0.074 53994.469446 20.396 0.028 53994.466113 20.132 0.025 53994.466946 20.095 0.034 53994.468613 20.478 0.147 53.324129 0.908237
53996.451456 20.477 0.08 53996.453123 20.358 0.029 53996.449789 20.101 0.03 53996.450623 20.085 0.038 53996.452289 20.089 0.112 53.324129 0.908237
54005.464595 20.495 0.061 54005.466262 20.368 0.036 54005.462928 20.085 0.026 54005.463762 20.181 0.035 54005.465428 20.391 0.139 53.324129 0.908237
54009.478448 20.245 0.048 54009.480115 20.424 0.029 54009.476781 20.179 0.024 54009.477615 20.149 0.032 54009.479281 20.064 0.085 53.324129 0.908237
54010.405656 20.398 0.051 54010.407323 20.418 0.021 54010.40399 20.141 0.022 54010.404823 20.139 0.033 54010.40649 20.305 0.107 53.324129 0.908237
54012.398403 20.597 0.102 54012.40007 20.303 0.035 54012.396736 20.104 0.036 54012.39757 20.05 0.046 54012.399236 20.041 0.143 53.324129 0.908237
54020.436475 20.423 0.099 54020.438142 20.421 0.04 54020.434808 20.12 0.035 54020.435642 20.142 0.043 54020.437308 20.129 0.118 53.324129 0.908237
54024.485981 20.611 0.117 54024.487647 20.506 0.033 54024.484314 20.148 0.036 54024.485147 20.045 0.044 54024.486814 20.06 0.123 53.324129 0.908237
54030.429711 20.438 0.06 54030.431377 20.402 0.022 54030.428044 20.114 0.026 54030.428877 20.126 0.039 54030.430544 20.329 0.142 53.324129 0.908237
54035.473672 20.477 0.102 54035.475339 20.358 0.027 54035.472006 20.097 0.031 54035.472839 20.184 0.047 54035.474506 20.035 0.143 53.324129 0.908237
54037.37921 -99.99 0.046 54037.380876 20.331 0.02 54037.377543 20.071 0.021 54037.378376 20.047 0.031 54037.380043 19.889 0.073 53.324129 0.908237
54040.39372 20.35 0.058 54040.395386 20.359 0.022 54040.392053 20.113 0.025 54040.392886 20.068 0.037 54040.394553 20.221 0.137 53.324129 0.908237
54047.424349 -99.99 0.213 54047.426016 20.366 0.074 54047.422682 20.123 0.059 54047.423516 20.095 0.06 54047.425182 20.029 0.135 53.324129 0.908237
54049.420361 20.659 0.167 54049.422028 20.429 0.054 54049.418694 20.069 0.036 54049.419528 20.02 0.046 54049.421194 20.214 0.159 53.324129 0.908237
54050.380398 20.5 0.157 54050.382064 20.465 0.051 54050.378731 20.019 0.046 54050.379564 19.912 0.06 54050.381231 19.878 0.162 53.324129 0.908237
54056.386203 20.389 0.074 54056.387869 20.374 0.027 54056.384536 20.101 0.034 54056.385369 20.116 0.04 54056.387036 20.296 0.156 53.324129 0.908237
54059.380381 20.346 0.069 54059.382047 20.35 0.023 54059.378714 20.091 0.03 54059.379547 20.04 0.044 54059.381214 19.88 0.121 53.324129 0.908237
54061.391469 20.518 0.109 54061.393135 20.35 0.039 54061.389802 20.041 0.041 54061.390635 19.994 0.053 54061.392302 19.794 0.173 53.324129 0.908237
54062.385281 20.398 0.063 54062.386947 20.404 0.027 54062.383614 20.081 0.03 54062.384447 20.006 0.035 54062.386114 20.121 0.123 53.324129 0.908237
54064.381783 20.358 0.073 54064.383449 20.394 0.026 54064.380116 20.065 0.03 54064.380949 20.11 0.045 54064.382616 20.624 0.464 53.324129 0.908237
54068.365936 20.5 0.094 54068.367602 20.411 0.041 54068.364269 20.12 0.032 54068.365102 19.997 0.043 54068.366769 20.253 0.185 53.324129 0.908237
54357.423608 20.513 0.06 54357.425275 20.455 0.024 54357.421942 20.2 0.026 54357.422775 20.176 0.03 54357.424442 20.256 0.092 53.324129 0.908237
54362.473405 20.517 0.058 54362.475071 20.436 0.024 54362.471738 20.159 0.023 54362.472571 20.15 0.033 54362.474238 20.163 0.112 53.324129 0.908237
54376.468489 20.539 0.077 54376.470155 20.362 0.026 54376.466822 20.161 0.026 54376.467655 20.086 0.035 54376.469322 20.386 0.144 53.324129 0.908237
54382.453678 20.317 0.063 54382.455344 20.363 0.024 54382.452011 20.085 0.025 54382.452844 20.003 0.038 54382.454511 20.265 0.136 53.324129 0.908237
54385.471399 20.435 0.074 54385.473066 20.359 0.024 54385.469732 20.124 0.026 54385.470566 20.068 0.033 54385.472232 20.115 0.103 53.324129 0.908237
54387.471903 20.481 0.08 54387.47357 20.345 0.024 54387.470236 20.091 0.028 54387.47107 20.041 0.037 54387.472736 19.983 0.097 53.324129 0.908237
54390.464387 -99.99 1.196 54390.466054 -99.99 0.033 54390.46272 20.092 0.039 54390.463554 -99.99 0.177 54390.46522 19.79 0.19 53.324129 0.908237
54391.472797 20.266 0.092 54391.474464 20.333 0.033 54391.471131 20.108 0.038 54391.471964 20.078 0.052 54391.473631 19.611 0.139 53.324129 0.908237
54402.465099 20.403 0.212 54402.466766 20.447 0.087 54402.463433 20.145 0.065 54402.464266 20.008 0.063 54402.465933 20.04 0.161 53.324129 0.908237
