51075.447937 21.342 0.116 51075.449603 20.988 0.043 51075.44627 20.564 0.037 51075.447103 20.078 0.041 51075.44877 19.564 0.103 53.458498 -0.944815
51818.417659 -99.99 0.115 51818.419325 21.072 0.049 51818.415992 20.47 0.032 51818.416825 19.994 0.034 51818.418492 19.521 0.076 53.458498 -0.944815
52171.405684 21.458 0.136 52171.40735 20.986 0.04 52171.404017 20.491 0.033 52171.40485 19.958 0.029 52171.406517 19.372 0.065 53.458498 -0.944815
52173.381942 21.468 0.141 52173.383608 21.056 0.048 52173.380275 20.515 0.038 52173.381108 20.038 0.039 52173.382775 19.706 0.102 53.458498 -0.944815
52224.362096 21.387 0.112 52224.363762 20.98 0.035 52224.360429 20.404 0.027 52224.361262 19.976 0.029 52224.362929 19.558 0.072 53.458498 -0.944815
52234.318599 21.142 0.112 52234.320265 20.948 0.041 52234.316932 20.493 0.036 52234.317765 20.013 0.032 52234.319432 19.616 0.072 53.458498 -0.944815
52261.281955 21.326 0.105 52261.283621 20.984 0.036 52261.280288 20.419 0.026 52261.281121 19.987 0.026 52261.282788 19.517 0.057 53.458498 -0.944815
52283.149329 21.413 0.143 52283.150995 20.914 0.044 52283.147662 20.578 0.043 52283.148495 20.029 0.041 52283.150162 19.839 0.127 53.458498 -0.944815
52287.162452 21.347 0.112 52287.164118 20.876 0.042 52287.160785 20.445 0.032 52287.161618 19.94 0.029 52287.163285 19.495 0.069 53.458498 -0.944815
52552.481142 21.188 0.092 52552.482808 21.027 0.037 52552.479475 20.433 0.028 52552.480308 19.99 0.029 52552.481975 19.471 0.064 53.458498 -0.944815
52557.455502 21.261 0.11 52557.457168 20.986 0.037 52557.453835 20.443 0.03 52557.454668 20.013 0.035 52557.456335 19.634 0.088 53.458498 -0.944815
52585.356832 21.147 0.088 52585.358498 20.976 0.035 52585.355165 20.443 0.029 52585.355998 19.946 0.03 52585.357665 19.583 0.077 53.458498 -0.944815
52908.43007 21.395 0.123 52908.431736 21.003 0.043 52908.428403 20.472 0.03 52908.429236 19.955 0.029 52908.430903 19.562 0.075 53.458498 -0.944815
52912.409508 21.34 0.134 52912.411174 20.995 0.043 52912.407841 20.433 0.031 52912.408674 19.976 0.031 52912.410341 19.615 0.081 53.458498 -0.944815
52934.361976 21.52 0.144 52934.363642 21.073 0.041 52934.360309 20.508 0.034 52934.361142 20.042 0.035 52934.362809 19.573 0.086 53.458498 -0.944815
52936.357903 21.292 0.102 52936.359569 21.019 0.037 52936.356236 20.504 0.031 52936.357069 19.994 0.029 52936.358736 19.503 0.069 53.458498 -0.944815
53270.421951 21.303 0.092 53270.423618 21.097 0.037 53270.420285 20.533 0.026 53270.421118 20.021 0.027 53270.422785 19.537 0.056 53.458498 -0.944815
53272.471899 21.168 0.096 53272.473565 21.036 0.037 53272.470232 20.523 0.029 53272.471065 20.001 0.029 53272.472732 19.565 0.067 53.458498 -0.944815
53286.44062 21.245 0.166 53286.442286 21.04 0.061 53286.438953 20.525 0.036 53286.439786 20.022 0.034 53286.441453 19.492 0.085 53.458498 -0.944815
53288.399112 21.24 0.105 53288.400778 21.055 0.04 53288.397445 20.458 0.03 53288.398278 19.983 0.03 53288.399945 19.604 0.07 53.458498 -0.944815
53294.446786 21.202 0.136 53294.448452 20.921 0.059 53294.445119 20.409 0.043 53294.445952 20.039 0.047 53294.447619 19.554 0.08 53.458498 -0.944815
53296.393819 21.19 0.108 53296.395485 21.095 0.046 53296.392152 20.544 0.035 53296.392985 20.048 0.035 53296.394652 19.564 0.074 53.458498 -0.944815
53298.443562 21.437 0.126 53298.445228 21.054 0.042 53298.441895 20.459 0.035 53298.442728 20.024 0.036 53298.444395 19.629 0.091 53.458498 -0.944815
53312.350313 21.633 0.262 53312.35198 21.052 0.072 53312.348646 20.475 0.041 53312.34948 20.066 0.041 53312.351146 19.513 0.082 53.458498 -0.944815
53314.351514 21.097 0.127 53314.35318 21.161 0.056 53314.349847 20.499 0.037 53314.35068 20.004 0.033 53314.352347 19.46 0.072 53.458498 -0.944815
53319.33931 21.578 0.201 53319.340976 21.169 0.073 53319.337643 20.476 0.044 53319.338476 20.027 0.042 53319.340143 19.627 0.108 53.458498 -0.944815
53616.455863 21.396 0.131 53616.457529 21.025 0.041 53616.454196 20.543 0.032 53616.455029 20.065 0.033 53616.456696 19.513 0.072 53.458498 -0.944815
53628.417156 21.374 0.136 53628.418822 21.03 0.053 53628.415489 20.575 0.041 53628.416322 20.12 0.05 53628.417989 19.612 0.1 53.458498 -0.944815
53639.464152 21.496 0.176 53639.465818 21.063 0.053 53639.462485 20.505 0.036 53639.463318 20.057 0.031 53639.464985 19.565 0.072 53.458498 -0.944815
53641.463319 21.472 0.183 53641.464985 21.025 0.054 53641.461652 20.484 0.039 53641.462485 20.078 0.04 53641.464152 19.687 0.086 53.458498 -0.944815
53657.422204 21.369 0.161 53657.42387 21.031 0.052 53657.420537 20.458 0.041 53657.42137 19.927 0.038 53657.423037 19.595 0.099 53.458498 -0.944815
53663.406752 21.207 0.339 53663.408418 20.838 0.116 53663.405085 20.35 0.058 53663.405918 19.932 0.046 53663.407585 19.624 0.106 53.458498 -0.944815
53665.384724 21.314 0.271 53665.38639 -99.99 0.089 53665.383057 20.299 0.051 53665.38389 19.862 0.043 53665.385557 19.487 0.089 53.458498 -0.944815
53666.476832 21.159 0.226 53666.478498 20.978 0.073 53666.475165 20.484 0.043 53666.475998 20.043 0.037 53666.477665 19.644 0.089 53.458498 -0.944815
53668.396353 21.436 0.253 53668.398019 -99.99 0.062 53668.394686 20.492 0.051 53668.395519 19.968 0.044 53668.397186 19.763 0.116 53.458498 -0.944815
53669.483959 21.631 0.357 53669.485625 21.153 0.077 53669.482292 20.474 0.054 53669.483125 19.988 0.044 53669.484792 19.568 0.099 53.458498 -0.944815
53670.401205 21.403 0.224 53670.402871 21.105 0.061 53670.399538 20.548 0.048 53670.400371 20.05 0.048 53670.402038 19.508 0.097 53.458498 -0.944815
53673.369192 21.415 0.13 53673.370858 20.977 0.04 53673.367525 20.482 0.03 53673.368358 19.977 0.029 53673.370025 19.4 0.06 53.458498 -0.944815
53675.36608 21.31 0.115 53675.367746 21.004 0.042 53675.364413 20.546 0.037 53675.365246 20.073 0.04 53675.366913 19.551 0.079 53.458498 -0.944815
53676.485724 -99.99 0.975 53676.48739 -99.99 0.423 53676.484057 -99.99 0.108 53676.48489 -99.99 0.138 53676.486557 -99.99 0.42 53.458498 -0.944815
53680.373778 21.412 0.12 53680.375444 21.071 0.039 53680.372111 20.523 0.032 53680.372944 20.023 0.029 53680.374611 19.52 0.06 53.458498 -0.944815
53683.432327 21 0.213 53683.433993 20.927 0.077 53683.43066 20.389 0.102 53683.431493 -99.99 0.076 53683.43316 19.49 0.188 53.458498 -0.944815
53686.373209 21.544 0.285 53686.374875 20.855 0.079 53686.371542 20.475 0.052 53686.372375 20.012 0.039 53686.374042 19.685 0.092 53.458498 -0.944815
53693.375668 21.169 0.425 53693.377334 21.056 0.169 53693.374001 20.33 0.067 53693.374834 19.907 0.052 53693.376501 19.581 0.117 53.458498 -0.944815
53699.396501 21.911 0.338 53699.398167 21.037 0.061 53699.394834 20.467 0.037 53699.395667 20.006 0.034 53699.397334 19.483 0.072 53.458498 -0.944815
53704.358987 20.943 0.119 53704.360653 20.956 0.047 53704.35732 20.48 0.037 53704.358153 19.968 0.037 53704.35982 19.507 0.085 53.458498 -0.944815
53989.455063 21.598 0.316 53989.45673 20.791 0.075 53989.453397 20.426 0.047 53989.45423 19.933 0.034 53989.455897 19.43 0.055 53.458498 -0.944815
54000.430521 -99.99 0.158 54000.432187 20.865 0.043 54000.428854 20.367 0.036 54000.429687 19.913 0.037 54000.431354 -99.99 0.099 53.458498 -0.944815
54007.480638 21.18 0.1 54007.482305 20.871 0.038 54007.478972 20.307 0.024 54007.479805 19.848 0.024 54007.481472 19.465 0.064 53.458498 -0.944815
54008.441432 -99.99 0.096 54008.443099 20.862 0.036 54008.439766 20.331 0.028 54008.440599 19.904 0.03 54008.442266 19.507 0.065 53.458498 -0.944815
54009.40444 21.28 0.083 54009.406107 20.798 0.026 54009.402773 20.339 0.023 54009.403607 19.916 0.022 54009.405273 19.49 0.049 53.458498 -0.944815
54011.468864 21.247 0.083 54011.47053 20.868 0.032 54011.467197 20.397 0.021 54011.46803 19.924 0.022 54011.469697 19.402 0.041 53.458498 -0.944815
54012.4817 21.153 0.1 54012.483366 20.846 0.037 54012.480033 20.282 0.027 54012.480866 19.893 0.03 54012.482533 19.428 0.057 53.458498 -0.944815
54019.464016 21.412 0.295 54019.465682 -99.99 0.073 54019.462349 20.351 0.043 54019.463182 19.9 0.053 54019.464849 19.415 0.071 53.458498 -0.944815
54025.467873 21.126 0.129 54025.46954 20.844 0.039 54025.466206 20.374 0.035 54025.46704 19.936 0.031 54025.468706 19.541 0.071 53.458498 -0.944815
54346.461639 -99.99 0.275 54346.463305 20.706 0.077 54346.459972 20.14 0.045 54346.460805 19.713 0.033 54346.462472 19.361 0.063 53.458498 -0.944815
54348.465649 21.087 0.127 54348.467316 20.652 0.049 54348.463983 20.205 0.031 54348.464816 19.695 0.029 54348.466483 19.305 0.06 53.458498 -0.944815
54358.421494 21.023 0.095 54358.423161 20.661 0.03 54358.419827 20.188 0.025 54358.420661 19.715 0.027 54358.422327 19.337 0.055 53.458498 -0.944815
54365.454508 20.98 0.071 54365.456174 20.663 0.028 54365.452841 20.161 0.023 54365.453674 19.706 0.022 54365.455341 19.453 0.051 53.458498 -0.944815
54381.474127 20.923 0.088 54381.475794 20.636 0.035 54381.47246 20.195 0.027 54381.473294 19.783 0.027 54381.47496 19.289 0.057 53.458498 -0.944815
54386.466401 20.846 0.078 54386.468068 20.682 0.03 54386.464735 20.208 0.026 54386.465568 19.743 0.027 54386.467235 19.395 0.053 53.458498 -0.944815
54388.47068 21.026 0.104 54388.472346 20.652 0.032 54388.469013 20.2 0.026 54388.469846 19.725 0.025 54388.471513 19.289 0.058 53.458498 -0.944815
54392.468254 21.059 0.107 54392.469921 20.653 0.03 54392.466588 20.159 0.029 54392.467421 19.698 0.026 54392.469088 19.437 0.063 53.458498 -0.944815
54403.384457 21.275 0.347 54403.386124 20.807 0.083 54403.382791 20.184 0.037 54403.383624 19.791 0.042 54403.385291 19.228 0.092 53.458498 -0.944815
54404.441992 20.735 0.227 54404.443659 20.691 0.095 54404.440326 -99.99 0.244 54404.441159 19.695 0.062 54404.442826 19.236 0.114 53.458498 -0.944815
54406.378292 21.065 0.1 54406.379958 20.632 0.034 54406.376625 20.181 0.023 54406.377458 19.731 0.023 54406.379125 19.315 0.045 53.458498 -0.944815
54412.404106 20.843 0.127 54412.405773 20.657 0.041 54412.40244 20.15 0.037 54412.403273 19.734 0.036 54412.40494 19.429 0.094 53.458498 -0.944815
