51075.440886 19.96 0.043 51075.442552 19.506 0.013 51075.439219 18.931 0.012 51075.440052 18.742 0.015 51075.441719 18.62 0.045 50.911626 1.215025
51818.410593 20.048 0.044 51818.412259 19.458 0.012 51818.408926 18.904 0.011 51818.409759 18.67 0.013 51818.411426 18.528 0.035 50.911626 1.215025
52171.398636 19.74 0.038 52171.400302 19.295 0.011 52171.396969 18.784 0.01 52171.397802 18.583 0.012 52171.399469 18.545 0.032 50.911626 1.215025
52173.374936 19.719 0.042 52173.376602 19.325 0.012 52173.373269 18.786 0.011 52173.374102 18.582 0.013 52173.375769 18.465 0.038 50.911626 1.215025
52224.355029 19.804 0.039 52224.356695 19.308 0.011 52224.353362 18.795 0.01 52224.354195 18.577 0.012 52224.355862 18.436 0.031 50.911626 1.215025
52234.311546 19.826 0.046 52234.313212 19.33 0.012 52234.309879 18.812 0.011 52234.310712 18.597 0.013 52234.312379 18.466 0.033 50.911626 1.215025
52261.274902 19.756 0.037 52261.276568 19.324 0.012 52261.273235 18.805 0.01 52261.274068 18.587 0.012 52261.275735 18.462 0.038 50.911626 1.215025
52283.142276 19.864 0.05 52283.143942 19.306 0.013 52283.140609 18.801 0.012 52283.141442 18.584 0.014 52283.143109 18.478 0.047 50.911626 1.215025
52287.1554 19.788 0.037 52287.157066 19.328 0.011 52287.153733 18.804 0.01 52287.154566 18.579 0.011 52287.156233 18.449 0.029 50.911626 1.215025
52552.47409 19.925 0.04 52552.475756 19.358 0.011 52552.472423 18.828 0.011 52552.473256 18.62 0.015 52552.474923 18.523 0.034 50.911626 1.215025
52557.448448 19.814 0.038 52557.450114 19.393 0.012 52557.446781 18.844 0.011 52557.447614 18.601 0.013 52557.449281 18.623 0.078 50.911626 1.215025
52585.349779 -99.99 0.036 52585.351445 19.366 0.011 52585.348112 18.818 0.011 52585.348945 18.639 0.012 52585.350612 18.459 0.032 50.911626 1.215025
52908.423018 20.028 0.045 52908.424684 19.518 0.012 52908.421351 18.947 0.011 52908.422184 18.708 0.013 52908.423851 18.586 0.035 50.911626 1.215025
52912.402457 19.976 0.049 52912.404123 19.51 0.013 52912.40079 18.943 0.011 52912.401623 18.727 0.013 52912.40329 18.606 0.038 50.911626 1.215025
52934.354926 19.937 0.043 52934.356592 19.498 0.013 52934.353259 18.956 0.012 52934.354092 18.723 0.014 52934.355759 18.529 0.039 50.911626 1.215025
52936.35085 20.038 0.045 52936.352516 19.518 0.013 52936.349183 18.945 0.012 52936.350016 18.759 0.015 52936.351683 18.634 0.039 50.911626 1.215025
53270.4149 19.816 0.032 53270.416567 19.421 0.014 53270.413233 18.904 0.015 53270.414067 18.682 0.017 53270.415733 18.545 0.03 50.911626 1.215025
53272.464847 19.856 0.04 53272.466513 19.42 0.011 53272.46318 18.863 0.011 53272.464013 18.655 0.012 53272.46568 18.498 0.032 50.911626 1.215025
53286.433566 19.892 0.049 53286.435232 19.418 0.014 53286.431899 18.882 0.011 53286.432732 18.644 0.013 53286.434399 18.615 0.037 50.911626 1.215025
53288.392063 19.816 0.044 53288.393729 19.446 0.012 53288.390396 18.88 0.011 53288.391229 18.649 0.013 53288.392896 18.602 0.038 50.911626 1.215025
53294.439733 19.96 0.049 53294.441399 19.415 0.012 53294.438066 18.86 0.011 53294.438899 18.646 0.013 53294.440566 18.554 0.038 50.911626 1.215025
53296.386748 -99.99 0.046 53296.388414 19.401 0.022 53296.385081 18.893 0.022 53296.385914 18.656 0.026 53296.387581 18.632 0.046 50.911626 1.215025
53298.436509 19.855 0.044 53298.438175 19.421 0.012 53298.434842 18.875 0.013 53298.435675 18.694 0.017 53298.437342 18.567 0.042 50.911626 1.215025
53302.38773 19.855 0.047 53302.389396 19.424 0.016 53302.386063 -99.99 0.017 53302.386896 18.641 0.016 53302.388563 -99.99 0.035 50.911626 1.215025
53312.34327 19.741 0.053 53312.344937 19.428 0.02 53312.341603 18.857 0.018 53312.342437 18.655 0.016 53312.344103 18.631 0.044 50.911626 1.215025
53314.344461 19.943 0.053 53314.346127 19.39 0.015 53314.342794 18.893 0.014 53314.343627 18.653 0.014 53314.345294 18.588 0.039 50.911626 1.215025
53319.332258 19.821 0.052 53319.333924 19.401 0.014 53319.330591 18.899 0.013 53319.331424 18.685 0.016 53319.333091 18.465 0.04 50.911626 1.215025
53616.448813 20.068 0.056 53616.450479 19.545 0.013 53616.447146 18.936 0.011 53616.447979 18.73 0.015 53616.449646 18.595 0.038 50.911626 1.215025
53626.425241 20.085 0.064 53626.426907 19.553 0.015 53626.423574 -99.99 0.018 53626.424407 -99.99 0.023 53626.426074 -99.99 0.074 50.911626 1.215025
53628.410105 20.019 0.058 53628.411771 19.502 0.015 53628.408438 18.908 0.013 53628.409271 18.721 0.018 53628.410938 18.652 0.055 50.911626 1.215025
53639.457101 20.008 0.054 53639.458767 19.534 0.015 53639.455434 18.948 0.012 53639.456267 18.737 0.013 53639.457934 18.585 0.035 50.911626 1.215025
53641.456269 20.003 0.056 53641.457935 19.525 0.016 53641.454602 18.956 0.012 53641.455435 18.731 0.014 53641.457102 18.577 0.035 50.911626 1.215025
53657.415153 20.12 0.069 53657.416819 19.563 0.016 53657.413486 18.97 0.014 53657.414319 18.744 0.017 53657.415986 18.582 0.046 50.911626 1.215025
53663.399699 19.937 0.123 53663.401365 19.679 0.04 53663.398032 18.991 0.02 53663.398865 18.735 0.019 53663.400532 18.592 0.041 50.911626 1.215025
53665.377672 20.033 0.08 53665.379338 19.532 0.031 53665.376005 18.951 0.017 53665.376838 18.738 0.017 53665.378505 18.662 0.041 50.911626 1.215025
53666.46978 20.157 0.094 53666.471446 19.585 0.022 53666.468113 18.939 0.014 53666.468946 18.697 0.015 53666.470613 18.617 0.038 50.911626 1.215025
53668.389301 20.008 0.088 53668.390967 19.577 0.021 53668.387634 18.978 0.015 53668.388467 18.741 0.019 53668.390134 18.676 0.051 50.911626 1.215025
53669.476907 20.129 0.104 53669.478573 19.591 0.021 53669.47524 18.961 0.017 53669.476073 18.757 0.018 53669.47774 18.649 0.049 50.911626 1.215025
53670.394152 19.996 0.071 53670.395818 19.565 0.017 53670.392485 18.961 0.017 53670.393318 18.746 0.017 53670.394985 18.637 0.045 50.911626 1.215025
53673.362141 20.026 0.047 53673.363807 19.574 0.013 53673.360474 18.944 0.011 53673.361307 18.722 0.013 53673.362974 18.644 0.035 50.911626 1.215025
53675.359029 19.998 0.049 53675.360695 19.539 0.013 53675.357362 18.933 0.013 53675.358195 18.717 0.03 53675.359862 18.666 0.039 50.911626 1.215025
53676.47866 19.841 0.171 53676.480326 -99.99 0.043 53676.476993 18.952 0.034 53676.477826 18.775 0.037 53676.479493 18.427 0.1 50.911626 1.215025
53680.366726 20.121 0.049 53680.368392 19.563 0.013 53680.365059 18.97 0.013 53680.365892 18.753 0.013 53680.367559 18.75 0.036 50.911626 1.215025
53683.425273 20.066 0.113 53683.426939 19.579 0.026 53683.423606 18.982 0.026 53683.424439 18.763 0.03 53683.426106 -99.99 0.104 50.911626 1.215025
53686.366158 19.979 0.08 53686.367824 19.628 0.026 53686.364491 18.98 0.025 53686.365324 18.742 0.018 53686.366991 18.606 0.038 50.911626 1.215025
53693.368614 20.197 0.159 53693.37028 19.651 0.038 53693.366947 18.981 0.024 53693.36778 18.744 0.023 53693.369447 18.6 0.044 50.911626 1.215025
53699.389449 20.165 0.074 53699.391115 19.591 0.017 53699.387782 19.015 0.013 53699.388615 18.756 0.014 53699.390282 18.64 0.035 50.911626 1.215025
53704.351936 20.043 0.064 53704.353602 19.591 0.015 53704.350269 18.982 0.012 53704.351102 18.728 0.015 53704.352769 18.952 0.054 50.911626 1.215025
53989.448017 19.931 0.078 53989.449684 19.519 0.024 53989.44635 18.953 0.019 53989.447184 18.718 0.018 53989.44885 -99.99 0.035 50.911626 1.215025
53997.471572 19.916 0.035 53997.473239 19.467 0.02 53997.469905 18.916 0.013 53997.470739 -99.99 0.016 53997.472405 -99.99 0.029 50.911626 1.215025
54000.423457 19.99 0.057 54000.425124 19.427 0.018 54000.42179 18.942 0.022 54000.422624 18.709 0.024 54000.42429 18.577 0.039 50.911626 1.215025
54007.473561 19.882 0.039 54007.475228 19.459 0.02 54007.471895 18.889 0.015 54007.472728 18.667 0.016 54007.474395 18.545 0.033 50.911626 1.215025
54009.397375 19.94 0.038 54009.399042 19.449 0.013 54009.395709 18.928 0.017 54009.396542 18.724 0.016 54009.398209 18.583 0.031 50.911626 1.215025
54011.461814 19.825 0.035 54011.46348 19.44 0.016 54011.460147 18.863 0.012 54011.46098 18.65 0.014 54011.462647 18.588 0.028 50.911626 1.215025
54012.474621 19.869 0.045 54012.476287 19.424 0.018 54012.472954 18.894 0.019 54012.473787 18.672 0.021 54012.475454 18.611 0.038 50.911626 1.215025
54019.456825 19.779 0.066 54019.458491 19.415 0.022 54019.455158 18.856 0.017 54019.455991 18.717 0.019 54019.457658 18.59 0.034 50.911626 1.215025
54025.460818 19.856 0.054 54025.462485 19.402 0.018 54025.459152 18.861 0.015 54025.459985 18.651 0.018 54025.461652 18.602 0.036 50.911626 1.215025
54346.454647 20.037 0.075 54346.456314 19.523 0.022 54346.452981 18.922 0.016 54346.453814 18.709 0.018 54346.455481 18.592 0.03 50.911626 1.215025
54348.458583 20.003 0.055 54348.46025 19.494 0.02 54348.456916 18.927 0.019 54348.45775 18.711 0.016 54348.459416 18.609 0.038 50.911626 1.215025
54358.414406 20.014 0.058 54358.416073 19.531 0.017 54358.412739 18.946 0.016 54358.413573 18.682 0.02 54358.415239 18.629 0.039 50.911626 1.215025
54365.447513 20.026 0.039 54365.449179 19.537 0.018 54365.445846 18.948 0.016 54365.446679 18.718 0.019 54365.448346 18.573 0.034 50.911626 1.215025
54381.46706 19.989 0.048 54381.468726 19.588 0.02 54381.465393 18.959 0.019 54381.466226 18.698 0.02 54381.467893 18.649 0.034 50.911626 1.215025
54386.459338 19.966 0.049 54386.461005 19.59 0.018 54386.457672 18.946 0.014 54386.458505 18.737 0.016 54386.460172 18.628 0.033 50.911626 1.215025
54388.463611 20.068 0.05 54388.465278 19.535 0.019 54388.461944 18.964 0.015 54388.462778 18.706 0.015 54388.464444 18.575 0.032 50.911626 1.215025
54392.461187 20.056 0.053 54392.462853 19.583 0.017 54392.45952 18.976 0.016 54392.460353 18.743 0.016 54392.46202 18.58 0.034 50.911626 1.215025
54403.377431 19.895 0.178 54403.379098 19.63 0.057 54403.375764 18.868 0.048 54403.376598 18.728 0.053 54403.378264 18.699 0.123 50.911626 1.215025
54404.43499 -99.99 0.26 54404.436657 19.321 0.161 54404.433323 19.016 0.101 54404.434157 18.88 0.112 54404.435823 19.939 0.633 50.911626 1.215025
54406.371307 19.986 0.046 54406.372974 19.576 0.019 54406.369641 18.922 0.018 54406.370474 18.755 0.02 54406.372141 18.706 0.031 50.911626 1.215025
54409.376072 -99.99 0.047 54409.377739 19.557 0.018 54409.374405 18.946 0.015 54409.375239 18.712 0.017 54409.376905 18.687 0.037 50.911626 1.215025
54412.397041 19.96 0.059 54412.398708 19.548 0.021 54412.395374 18.988 0.019 54412.396208 18.718 0.021 54412.397874 18.647 0.045 50.911626 1.215025
