51075.446475 20.506 0.059 51075.448141 19.774 0.018 51075.444808 19.424 0.017 51075.445641 19.257 0.021 51075.447308 18.928 0.058 52.93058 -0.964472
51818.416101 20.452 0.059 51818.417767 19.755 0.018 51818.414434 19.367 0.014 51818.415267 19.197 0.019 51818.416934 18.892 0.046 52.93058 -0.964472
52171.404218 20.311 0.053 52171.405884 19.648 0.016 52171.402551 19.306 0.014 52171.403384 19.099 0.017 52171.405051 18.769 0.036 52.93058 -0.964472
52173.380533 20.323 0.061 52173.382199 19.654 0.017 52173.378866 19.279 0.015 52173.379699 19.125 0.019 52173.381366 18.837 0.048 52.93058 -0.964472
52224.360643 20.441 0.054 52224.362309 19.66 0.015 52224.358976 19.298 0.014 52224.359809 19.12 0.016 52224.361476 18.85 0.039 52.93058 -0.964472
52234.317137 20.325 0.06 52234.318803 19.645 0.016 52234.31547 19.284 0.014 52234.316303 19.103 0.016 52234.31797 18.709 0.036 52.93058 -0.964472
52261.280493 20.499 0.056 52261.282159 19.706 0.016 52261.278826 19.314 0.013 52261.279659 19.137 0.015 52261.281326 18.846 0.034 52.93058 -0.964472
52283.147867 20.496 0.072 52283.149533 19.715 0.018 52283.1462 19.297 0.017 52283.147033 19.122 0.021 52283.1487 18.861 0.054 52.93058 -0.964472
52287.16099 20.584 0.066 52287.162656 19.706 0.016 52287.159323 19.345 0.014 52287.160156 19.136 0.015 52287.161823 18.877 0.038 52.93058 -0.964472
52552.47968 20.412 0.052 52552.481346 19.769 0.016 52552.478013 19.363 0.014 52552.478846 19.161 0.017 52552.480513 18.885 0.042 52.93058 -0.964472
52557.45404 20.593 0.063 52557.455706 19.78 0.016 52557.452373 19.367 0.015 52557.453206 19.221 0.018 52557.454873 18.866 0.049 52.93058 -0.964472
52585.35537 20.497 0.055 52585.357036 19.764 0.015 52585.353703 19.374 0.014 52585.354536 19.183 0.017 52585.356203 18.876 0.044 52.93058 -0.964472
52908.428608 20.515 0.059 52908.430274 19.728 0.017 52908.426941 19.364 0.014 52908.427774 19.184 0.017 52908.429441 18.886 0.04 52.93058 -0.964472
52912.408047 20.471 0.064 52912.409713 19.728 0.018 52912.40638 19.378 0.015 52912.407213 19.177 0.017 52912.40888 18.883 0.042 52.93058 -0.964472
52934.360515 20.563 0.065 52934.362181 19.766 0.016 52934.358848 19.313 0.015 52934.359681 19.175 0.018 52934.361348 18.9 0.049 52.93058 -0.964472
52936.35644 20.49 0.056 52936.358106 19.739 0.015 52936.354773 19.342 0.014 52936.355606 19.169 0.017 52936.357273 18.809 0.038 52.93058 -0.964472
53270.420491 20.287 0.048 53270.422158 19.599 0.022 53270.418824 19.219 0.015 53270.419658 19.103 0.018 53270.421324 18.733 0.032 52.93058 -0.964472
53272.470437 20.246 0.048 53272.472103 19.584 0.014 53272.46877 19.224 0.012 53272.469603 19.072 0.015 53272.47127 18.791 0.037 52.93058 -0.964472
53286.439157 20.292 0.064 53286.440823 19.633 0.021 53286.43749 19.215 0.014 53286.438323 19.04 0.016 53286.43999 18.753 0.039 52.93058 -0.964472
53288.397651 20.287 0.052 53288.399317 19.592 0.014 53288.395984 19.22 0.013 53288.396817 19.065 0.015 53288.398484 18.728 0.037 52.93058 -0.964472
53294.445324 -99.99 0.089 53294.44699 19.586 0.018 53294.443657 19.19 0.014 53294.44449 19.052 0.016 53294.446157 18.573 0.042 52.93058 -0.964472
53296.392349 20.316 0.052 53296.394016 19.556 0.022 53296.390683 19.219 0.02 53296.391516 19.06 0.019 53296.393183 18.751 0.041 52.93058 -0.964472
53298.4421 20.314 0.053 53298.443766 19.587 0.015 53298.440433 19.245 0.014 53298.441266 19.046 0.017 53298.442933 18.743 0.044 52.93058 -0.964472
53312.348875 20.287 0.075 53312.350541 19.634 0.023 53312.347208 19.298 0.02 53312.348041 19.105 0.023 53312.349708 18.76 0.046 52.93058 -0.964472
53314.350052 20.357 0.065 53314.351718 19.624 0.018 53314.348385 19.246 0.015 53314.349218 19.074 0.017 53314.350885 18.764 0.039 52.93058 -0.964472
53319.337848 20.257 0.069 53319.339514 19.589 0.019 53319.336181 19.24 0.017 53319.337014 19.05 0.019 53319.338681 18.733 0.048 52.93058 -0.964472
53616.454401 20.49 0.065 53616.456067 19.749 0.017 53616.452734 19.321 0.015 53616.453567 19.178 0.018 53616.455234 18.913 0.045 52.93058 -0.964472
53628.415694 20.445 0.07 53628.41736 19.678 0.018 53628.414027 19.351 0.018 53628.41486 19.14 0.022 53628.416527 18.935 0.062 52.93058 -0.964472
53639.462691 20.5 0.082 53639.464357 19.76 0.02 53639.461024 19.394 0.015 53639.461857 19.155 0.017 53639.463524 18.781 0.037 52.93058 -0.964472
53641.461856 20.625 0.1 53641.463522 19.712 0.019 53641.460189 19.401 0.018 53641.461022 19.211 0.021 53641.462689 18.883 0.046 52.93058 -0.964472
53657.420741 20.546 0.085 53657.422407 19.755 0.019 53657.419074 19.373 0.019 53657.419907 19.146 0.022 53657.421574 18.728 0.048 52.93058 -0.964472
53663.405289 20.614 0.179 53663.406955 19.735 0.039 53663.403622 19.396 0.028 53663.404455 19.168 0.023 53663.406122 18.838 0.045 52.93058 -0.964472
53665.383261 20.502 0.118 53665.384927 19.802 0.029 53665.381594 19.459 0.024 53665.382427 19.291 0.034 53665.384094 18.767 0.047 52.93058 -0.964472
53666.475371 20.442 0.124 53666.477037 19.758 0.027 53666.473704 19.38 0.019 53666.474537 19.195 0.019 53666.476204 18.936 0.048 52.93058 -0.964472
53668.39489 20.386 0.096 53668.396556 19.761 0.025 53668.393223 19.344 0.019 53668.394056 19.214 0.023 53668.395723 18.96 0.059 52.93058 -0.964472
53669.482497 20.396 0.131 53669.484163 19.781 0.025 53669.48083 19.364 0.021 53669.481663 19.16 0.023 53669.48333 18.871 0.056 52.93058 -0.964472
53670.399743 20.47 0.093 53670.401409 19.743 0.024 53670.398076 19.361 0.018 53670.398909 19.195 0.022 53670.400576 18.922 0.063 52.93058 -0.964472
53673.36773 20.423 0.059 53673.369396 19.724 0.016 53673.366063 19.343 0.014 53673.366896 19.206 0.016 53673.368563 18.854 0.037 52.93058 -0.964472
53675.364618 20.339 0.058 53675.366284 19.716 0.016 53675.362951 19.365 0.015 53675.363784 19.171 0.017 53675.365451 18.879 0.051 52.93058 -0.964472
53676.484262 20.613 0.299 53676.485928 19.701 0.108 53676.482595 19.363 0.047 53676.483428 19.201 0.049 53676.485095 18.439 0.141 52.93058 -0.964472
53680.372315 20.424 0.057 53680.373981 19.705 0.016 53680.370648 19.327 0.014 53680.371481 19.189 0.017 53680.373148 18.783 0.034 52.93058 -0.964472
53683.430864 20.221 0.142 53683.43253 19.713 0.03 53683.429197 19.371 0.049 53683.43003 -99.99 0.051 53683.431697 -99.99 0.114 52.93058 -0.964472
53686.371747 20.218 0.093 53686.373413 19.655 0.029 53686.37008 19.334 0.021 53686.370913 19.119 0.022 53686.37258 18.783 0.042 52.93058 -0.964472
53693.374205 20.175 0.158 53693.375871 19.603 0.043 53693.372538 19.404 0.032 53693.373371 19.141 0.027 53693.375038 18.933 0.062 52.93058 -0.964472
53699.39504 20.321 0.084 53699.396706 19.688 0.021 53699.393373 19.302 0.016 53699.394206 19.149 0.018 53699.395873 18.821 0.041 52.93058 -0.964472
53704.357526 20.339 0.068 53704.359192 19.689 0.019 53704.355859 19.317 0.016 53704.356692 19.161 0.019 53704.358359 18.831 0.048 52.93058 -0.964472
53989.453584 20.467 0.114 53989.455251 19.66 0.034 53989.451917 19.287 0.019 53989.452751 19.08 0.02 53989.454417 18.775 0.034 52.93058 -0.964472
54000.429014 20.393 0.063 54000.430681 19.627 0.022 54000.427348 19.297 0.015 54000.428181 19.076 0.021 54000.429848 18.749 0.046 52.93058 -0.964472
54007.479141 20.306 0.048 54007.480808 19.627 0.022 54007.477474 19.271 0.018 54007.478308 19.12 0.019 54007.479974 18.808 0.038 52.93058 -0.964472
54009.402934 20.382 0.046 54009.4046 19.666 0.02 54009.401267 19.278 0.015 54009.4021 19.085 0.018 54009.403767 18.827 0.029 52.93058 -0.964472
54011.467411 20.249 0.043 54011.469078 19.627 0.021 54011.465744 19.284 0.017 54011.466578 19.136 0.023 54011.468244 18.807 0.03 52.93058 -0.964472
54012.480226 20.382 0.055 54012.481893 19.608 0.022 54012.47856 19.295 0.016 54012.479393 19.121 0.018 54012.48106 18.846 0.039 52.93058 -0.964472
54019.462455 20.183 0.098 54019.464122 19.647 0.03 54019.460789 19.246 0.022 54019.461622 19.105 0.019 54019.463289 18.733 0.055 52.93058 -0.964472
54025.466413 20.263 0.063 54025.468079 19.64 0.023 54025.464746 19.278 0.016 54025.465579 19.063 0.018 54025.467246 18.79 0.041 52.93058 -0.964472
54346.460178 20.808 0.153 54346.461845 19.878 0.036 54346.458512 19.435 0.022 54346.459345 19.256 0.023 54346.461012 18.939 0.043 52.93058 -0.964472
54348.464151 20.577 0.09 54348.465818 19.834 0.026 54348.462484 19.411 0.02 54348.463318 19.249 0.023 54348.464984 18.971 0.045 52.93058 -0.964472
54358.41998 20.76 0.078 54358.421647 19.818 0.023 54358.418313 19.449 0.024 54358.419147 19.246 0.019 54358.420813 18.862 0.042 52.93058 -0.964472
54365.453082 20.552 0.054 54365.454748 19.836 0.018 54365.451415 19.484 0.013 54365.452248 19.272 0.017 54365.453915 18.885 0.034 52.93058 -0.964472
54381.472621 20.656 0.076 54381.474287 19.85 0.028 54381.470954 19.451 0.022 54381.471787 19.31 0.021 54381.473454 18.882 0.041 52.93058 -0.964472
54386.464932 20.702 0.076 54386.466599 19.848 0.021 54386.463266 19.439 0.021 54386.464099 19.268 0.025 54386.465766 18.974 0.039 52.93058 -0.964472
54388.4692 20.522 0.068 54388.470866 19.784 0.024 54388.467533 19.427 0.02 54388.468366 19.29 0.023 54388.470033 18.897 0.042 52.93058 -0.964472
54392.466774 20.557 0.099 54392.468441 19.8 0.024 54392.465108 19.415 0.02 54392.465941 19.212 0.024 54392.467608 18.892 0.042 52.93058 -0.964472
54403.383008 20.436 0.111 54403.384674 19.796 0.052 54403.381341 19.458 0.024 54403.382174 19.238 0.021 54403.383841 18.928 0.06 52.93058 -0.964472
54404.440543 -99.99 0.599 54404.44221 19.793 0.045 54404.438877 -99.99 0.213 54404.43971 -99.99 0.237 54404.441377 19.156 0.111 52.93058 -0.964472
54406.376822 20.777 0.079 54406.378489 19.87 0.021 54406.375156 19.472 0.018 54406.375989 19.263 0.019 54406.377656 18.895 0.034 52.93058 -0.964472
54409.381666 20.616 0.06 54409.383332 19.832 0.019 54409.379999 19.464 0.016 54409.380832 19.284 0.019 54409.382499 -99.99 0.037 52.93058 -0.964472
54412.402599 20.558 0.1 54412.404266 19.881 0.027 54412.400932 19.446 0.024 54412.401766 19.208 0.027 54412.403432 18.98 0.064 52.93058 -0.964472
