51081.426349 19.794 0.042 51081.428015 19.261 0.013 51081.424682 18.795 0.011 51081.425515 18.711 0.014 51081.427182 18.641 0.039 51.540315 1.046279
51818.412287 20.038 0.045 51818.413953 19.524 0.013 51818.41062 19.001 0.011 51818.411453 18.886 0.015 51818.41312 18.808 0.043 51.540315 1.046279
51875.241262 19.917 0.043 51875.242928 19.454 0.014 51875.239595 18.975 0.012 51875.240428 18.836 0.016 51875.242095 18.757 0.043 51.540315 1.046279
52171.400465 19.968 0.044 52171.402131 19.498 0.012 52171.398798 18.977 0.011 52171.399631 18.836 0.013 52171.401298 18.877 0.043 51.540315 1.046279
52171.473737 19.956 0.044 52171.475403 19.469 0.013 52171.47207 18.988 0.011 52171.472903 18.858 0.014 52171.47457 18.756 0.038 51.540315 1.046279
52173.376632 19.928 0.048 52173.378298 19.44 0.013 52173.374965 18.975 0.012 52173.375798 18.861 0.016 52173.377465 18.766 0.046 51.540315 1.046279
52224.356776 19.898 0.039 52224.358442 19.388 0.012 52224.355109 18.923 0.011 52224.355942 18.809 0.013 52224.357609 18.838 0.04 51.540315 1.046279
52225.322135 19.908 0.04 52225.323801 19.394 0.012 52225.320468 18.915 0.011 52225.321301 18.802 0.013 52225.322968 18.777 0.038 51.540315 1.046279
52234.313287 19.847 0.045 52234.314953 19.402 0.013 52234.31162 18.925 0.012 52234.312453 18.807 0.014 52234.31412 18.857 0.043 51.540315 1.046279
52261.276642 19.824 0.04 52261.278308 19.384 0.012 52261.274975 18.937 0.011 52261.275808 18.82 0.012 52261.277475 18.769 0.033 51.540315 1.046279
52283.144019 19.975 0.053 52283.145685 19.385 0.013 52283.142352 18.918 0.013 52283.143185 18.835 0.018 52283.144852 18.82 0.062 51.540315 1.046279
52287.157141 19.924 0.042 52287.158807 19.38 0.012 52287.155474 18.94 0.011 52287.156307 18.781 0.013 52287.157974 18.77 0.038 51.540315 1.046279
52288.15656 19.891 0.043 52288.158226 19.42 0.012 52288.154893 18.931 0.011 52288.155726 18.806 0.013 52288.157393 18.818 0.037 51.540315 1.046279
52551.429844 20.312 0.063 52551.43151 19.627 0.013 52551.428177 19.077 0.013 52551.42901 18.976 0.018 52551.430677 18.947 0.053 51.540315 1.046279
52552.475831 20.2 0.048 52552.477497 19.603 0.014 52552.474164 19.084 0.012 52552.474997 18.946 0.015 52552.476664 18.988 0.046 51.540315 1.046279
52557.45019 20.142 0.048 52557.451856 19.672 0.013 52557.448523 19.109 0.013 52557.449356 18.985 0.016 52557.451023 18.915 0.049 51.540315 1.046279
52558.462716 20.21 0.048 52558.464382 19.639 0.013 52558.461049 19.109 0.012 52558.461882 18.952 0.015 52558.463549 18.946 0.046 51.540315 1.046279
52578.334327 20.178 0.048 52578.335993 19.613 0.013 52578.33266 19.088 0.012 52578.333493 18.946 0.016 52578.33516 18.901 0.04 51.540315 1.046279
52585.297308 20.237 0.046 52585.298974 19.627 0.014 52585.295641 19.095 0.013 52585.296474 18.974 0.017 52585.298141 19.03 0.058 51.540315 1.046279
52585.351521 20.174 0.045 52585.353187 19.584 0.012 52585.349854 19.092 0.012 52585.350687 18.977 0.015 52585.352354 18.905 0.043 51.540315 1.046279
52908.424758 20.176 0.05 52908.426424 19.54 0.013 52908.423091 19.062 0.012 52908.423924 18.96 0.015 52908.425591 18.949 0.045 51.540315 1.046279
52909.463938 19.971 0.043 52909.465604 19.541 0.013 52909.462271 19.068 0.012 52909.463104 18.936 0.015 52909.464771 18.912 0.043 51.540315 1.046279
52910.434182 20.018 0.054 52910.435848 19.541 0.014 52910.432515 19.07 0.012 52910.433348 18.953 0.018 52910.435015 18.861 0.043 51.540315 1.046279
52934.356666 19.954 0.047 52934.358332 19.52 0.013 52934.354999 19.064 0.012 52934.355832 18.94 0.016 52934.357499 18.886 0.05 51.540315 1.046279
52935.361353 19.973 0.046 52935.363019 19.504 0.013 52935.359686 19.059 0.014 52935.360519 18.923 0.018 52935.362186 18.91 0.055 51.540315 1.046279
52936.352591 19.89 0.04 52936.354257 19.501 0.012 52936.350924 19.071 0.012 52936.351757 18.971 0.016 52936.353424 18.892 0.045 51.540315 1.046279
52963.284431 19.996 0.042 52963.286097 19.477 0.013 52963.282764 19.021 0.012 52963.283597 18.92 0.023 52963.285264 18.845 0.042 51.540315 1.046279
53270.416658 20.235 0.044 53270.418324 19.697 0.019 53270.414991 19.185 0.013 53270.415824 19.081 0.017 53270.417491 19.032 0.037 51.540315 1.046279
53272.466588 20.219 0.051 53272.468254 19.708 0.014 53272.464921 19.167 0.012 53272.465754 19.076 0.016 53272.467421 18.988 0.045 51.540315 1.046279
53286.435308 20.216 0.065 53286.436974 19.71 0.017 53286.433641 19.17 0.014 53286.434474 19.034 0.017 53286.436141 18.985 0.049 51.540315 1.046279
53288.393804 20.22 0.054 53288.39547 19.691 0.015 53288.392137 19.151 0.013 53288.39297 19.071 0.017 53288.394637 18.965 0.045 51.540315 1.046279
53294.441474 20.155 0.055 53294.44314 19.67 0.014 53294.439807 19.174 0.014 53294.44064 19.061 0.019 53294.442307 18.986 0.043 51.540315 1.046279
53298.43825 20.096 0.053 53298.439916 19.673 0.015 53298.436583 19.149 0.015 53298.437416 18.989 0.019 53298.439083 18.938 0.055 51.540315 1.046279
53302.389471 20.092 0.057 53302.391137 -99.99 0.024 53302.387804 19.169 0.015 53302.388637 19.074 0.02 53302.390304 -99.99 0.068 51.540315 1.046279
53312.345003 20.25 0.078 53312.346669 19.623 0.02 53312.343336 19.175 0.019 53312.344169 19.026 0.02 53312.345836 19.08 0.06 51.540315 1.046279
53314.346203 20.083 0.054 53314.347869 19.66 0.017 53314.344536 19.155 0.014 53314.345369 19.012 0.019 53314.347036 19.042 0.051 51.540315 1.046279
53319.334 20.181 0.067 53319.335666 19.643 0.017 53319.332333 19.133 0.015 53319.333166 18.993 0.02 53319.334833 19.021 0.058 51.540315 1.046279
53351.206736 20.139 0.058 53351.208402 19.634 0.015 53351.205069 19.14 0.014 53351.205902 19.001 0.019 53351.207569 18.983 0.054 51.540315 1.046279
53616.450554 20.096 0.06 53616.45222 19.659 0.014 53616.448887 19.12 0.012 53616.44972 18.991 0.016 53616.451387 18.931 0.05 51.540315 1.046279
53622.463783 20.272 0.053 53622.465449 19.649 0.015 53622.462116 19.136 0.012 53622.462949 18.993 0.017 53622.464616 18.881 0.036 51.540315 1.046279
53626.426982 20.2 0.063 53626.428648 19.723 0.016 53626.425315 19.154 0.016 53626.426148 -99.99 0.031 53626.427815 19.003 0.049 51.540315 1.046279
53627.420882 20.248 0.059 53627.422548 19.642 0.014 53627.419215 19.143 0.013 53627.420048 19.013 0.016 53627.421715 18.925 0.045 51.540315 1.046279
53628.411846 20.151 0.068 53628.413512 19.664 0.016 53628.410179 19.048 0.015 53628.411012 19.061 0.023 53628.412679 18.915 0.061 51.540315 1.046279
53634.413255 20.078 0.115 53634.414921 19.635 0.034 53634.411588 19.089 0.021 53634.412421 18.96 0.021 53634.414088 18.762 0.045 51.540315 1.046279
53638.454591 20.171 0.074 53638.456257 19.649 0.019 53638.452924 19.17 0.016 53638.453757 18.975 0.019 53638.455424 18.984 0.058 51.540315 1.046279
53639.458843 20.078 0.058 53639.460509 19.66 0.017 53639.457176 19.138 0.013 53639.458009 19.038 0.017 53639.459676 18.971 0.043 51.540315 1.046279
53640.418628 20.374 0.073 53640.420294 19.617 0.016 53640.416961 19.107 0.014 53640.417794 18.96 0.018 53640.419461 19.008 0.053 51.540315 1.046279
53641.458009 20.078 0.064 53641.459675 19.667 0.016 53641.456342 19.103 0.013 53641.457175 19.012 0.017 53641.458842 19.065 0.054 51.540315 1.046279
53643.461102 20.264 0.069 53643.462768 19.651 0.016 53643.459435 19.121 0.013 53643.460268 18.976 0.017 53643.461935 18.954 0.049 51.540315 1.046279
53646.480034 20.238 0.067 53646.4817 19.638 0.015 53646.478367 19.122 0.016 53646.4792 18.997 0.019 53646.480867 18.897 0.05 51.540315 1.046279
53657.298781 20.564 0.265 53657.300447 19.608 0.045 53657.297114 19.117 0.032 53657.297947 19.03 0.033 53657.299614 18.931 0.095 51.540315 1.046279
53657.416894 20.354 0.087 53657.41856 19.667 0.016 53657.415227 19.129 0.016 53657.41606 18.956 0.02 53657.417727 18.986 0.065 51.540315 1.046279
53657.463068 20.171 0.077 53657.464734 19.651 0.015 53657.461401 19.161 0.014 53657.462234 18.998 0.018 53657.463901 18.856 0.048 51.540315 1.046279
53663.401441 -99.99 0.164 53663.403107 19.603 0.036 53663.399774 19.133 0.024 53663.400607 19.007 0.023 53663.402274 19.084 0.062 51.540315 1.046279
53663.480449 20.101 0.172 53663.482115 19.705 0.042 53663.478782 19.111 0.026 53663.479615 18.958 0.026 53663.481282 18.756 0.055 51.540315 1.046279
53664.415757 -99.99 0.323 53664.417423 19.546 0.09 53664.41409 19.118 0.088 53664.414923 19.041 0.146 53664.41659 18.73 0.197 51.540315 1.046279
53665.379413 20.391 0.139 53665.381079 19.713 0.026 53665.377746 19.135 0.017 53665.378579 19.044 0.018 53665.380246 18.978 0.065 51.540315 1.046279
53665.480381 20.283 0.123 53665.482047 19.719 0.028 53665.478714 19.149 0.022 53665.479547 19.023 0.038 53665.481214 18.906 0.062 51.540315 1.046279
53666.47152 20.318 0.111 53666.473186 19.685 0.022 53666.469853 19.139 0.015 53666.470686 19.018 0.017 53666.472353 18.986 0.051 51.540315 1.046279
53668.391043 20.093 0.092 53668.392709 19.679 0.024 53668.389376 19.172 0.019 53668.390209 18.994 0.022 53668.391876 -99.99 0.056 51.540315 1.046279
53668.468998 20.238 0.145 53668.470664 19.655 0.024 53668.467331 19.147 0.02 53668.468164 18.983 0.025 53668.469831 -99.99 0.083 51.540315 1.046279
53669.375003 20.215 0.071 53669.376669 19.688 0.017 53669.373336 19.15 0.015 53669.374169 19.001 0.018 53669.375836 19.022 0.053 51.540315 1.046279
53669.478648 20.476 0.139 53669.480314 19.696 0.024 53669.476981 19.147 0.018 53669.477814 19.04 0.021 53669.479481 18.971 0.061 51.540315 1.046279
53670.395893 20.229 0.097 53670.397559 19.683 0.018 53670.394226 19.144 0.017 53670.395059 19.019 0.02 53670.396726 18.935 0.053 51.540315 1.046279
53670.474968 20.084 0.11 53670.476634 19.72 0.023 53670.473301 19.113 0.02 53670.474134 19.008 0.025 53670.475801 18.913 0.079 51.540315 1.046279
53671.459747 20.301 0.076 53671.461413 19.708 0.017 53671.45808 19.167 0.016 53671.458913 19.01 0.021 53671.46058 19.001 0.053 51.540315 1.046279
53673.363882 20.22 0.054 53673.365548 19.682 0.014 53673.362215 19.16 0.013 53673.363048 19.013 0.015 53673.364715 18.982 0.041 51.540315 1.046279
53674.35924 20.268 0.079 53674.360906 19.691 0.017 53674.357573 19.159 0.015 53674.358406 19.003 0.021 53674.360073 18.895 0.06 51.540315 1.046279
53675.36077 20.322 0.06 53675.362436 19.697 0.014 53675.359103 19.161 0.013 53675.359936 19.05 0.017 53675.361603 18.955 0.049 51.540315 1.046279
53676.448689 -99.99 0.088 53676.450355 -99.99 0.017 53676.447022 19.199 0.018 53676.447855 19.054 0.022 53676.449522 -99.99 0.059 51.540315 1.046279
53676.4804 20.052 0.218 53676.482066 19.731 0.043 53676.478733 19.166 0.046 53676.479566 19.053 0.052 53676.481233 -99.99 0.17 51.540315 1.046279
53679.420594 20.908 0.125 53679.42226 19.659 0.016 53679.418927 19.143 0.016 53679.41976 19 0.021 53679.421427 18.993 0.061 51.540315 1.046279
53680.368467 20.325 0.056 53680.370133 19.705 0.014 53680.3668 19.165 0.013 53680.367633 19.013 0.019 53680.3693 19.021 0.041 51.540315 1.046279
53681.412108 20.321 0.087 53681.413774 19.682 0.019 53681.410441 19.18 0.017 53681.411274 19.024 0.019 53681.412941 19.005 0.06 51.540315 1.046279
53683.427014 20.241 0.142 53683.42868 19.679 0.032 53683.425347 19.224 0.028 53683.42618 19.003 0.037 53683.427847 19.2 0.156 51.540315 1.046279
53684.373607 20.294 0.077 53684.375273 19.74 0.019 53684.37194 19.19 0.018 53684.372773 19.071 0.024 53684.37444 18.937 0.063 51.540315 1.046279
53686.367899 20.323 0.103 53686.369565 19.753 0.029 53686.366232 19.217 0.02 53686.367065 19.066 0.034 53686.368732 18.941 0.048 51.540315 1.046279
53687.314924 20.324 0.207 53687.31659 19.746 0.049 53687.313257 19.206 0.031 53687.31409 -99.99 0.036 53687.315757 19.231 0.096 51.540315 1.046279
53693.370355 20.523 0.227 53693.372021 19.689 0.041 53693.368688 19.182 0.025 53693.369521 19.039 0.025 53693.371188 18.917 0.061 51.540315 1.046279
53694.385069 20.365 0.169 53694.386735 19.747 0.035 53694.383402 19.181 0.023 53694.384235 19.021 0.025 53694.385902 19.014 0.064 51.540315 1.046279
53696.377828 20.308 0.098 53696.379494 19.729 0.022 53696.376161 19.191 0.017 53696.376994 18.997 0.02 53696.378661 19.002 0.056 51.540315 1.046279
53697.369135 20.593 0.11 53697.370801 19.688 0.02 53697.367468 19.166 0.015 53697.368301 19.016 0.018 53697.369968 18.887 0.049 51.540315 1.046279
53699.39119 20.271 0.082 53699.392856 19.724 0.019 53699.389523 19.16 0.014 53699.390356 19.038 0.016 53699.392023 18.986 0.047 51.540315 1.046279
53700.368091 20.464 0.095 53700.369757 19.747 0.017 53700.366424 19.181 0.016 53700.367257 19.025 0.022 53700.368924 19.133 0.084 51.540315 1.046279
53704.353677 20.432 0.09 53704.355343 19.766 0.017 53704.35201 19.156 0.015 53704.352843 19.053 0.02 53704.35451 19.009 0.054 51.540315 1.046279
53705.354761 20.263 0.082 53705.356427 19.731 0.017 53705.353094 19.192 0.015 53705.353927 18.994 0.02 53705.355594 18.897 0.059 51.540315 1.046279
53975.439909 20.258 0.079 53975.441576 19.683 0.024 53975.438242 19.172 0.027 53975.439076 19.025 0.029 53975.440742 18.972 0.06 51.540315 1.046279
53989.449724 20.242 0.097 53989.45139 19.63 0.029 53989.448057 19.145 0.02 53989.44889 19.054 0.02 53989.450557 -99.99 0.04 51.540315 1.046279
53994.462763 20.215 0.051 53994.46443 19.684 0.02 53994.461097 19.153 0.014 53994.46193 18.995 0.019 53994.463597 18.986 0.044 51.540315 1.046279
53996.446502 20.224 0.059 53996.448168 19.613 0.015 53996.444835 19.116 0.026 53996.445668 18.962 0.022 53996.447335 18.946 0.056 51.540315 1.046279
54000.425153 19.979 0.056 54000.42682 19.644 0.02 54000.423487 19.118 0.019 54000.42432 19.02 0.018 54000.425987 18.946 0.051 51.540315 1.046279
54005.459653 20.127 0.051 54005.46132 19.614 0.019 54005.457987 19.098 0.016 54005.45882 18.943 0.02 54005.460487 18.827 0.039 51.540315 1.046279
54007.475333 19.942 0.044 54007.477 19.596 0.018 54007.473666 19.083 0.014 54007.4745 18.994 0.017 54007.476166 18.92 0.039 51.540315 1.046279
54009.399103 19.985 0.04 54009.40077 19.593 0.016 54009.397436 19.098 0.014 54009.39827 19.019 0.015 54009.399936 -99.99 0.033 51.540315 1.046279
54009.4735 20.119 0.044 54009.475167 19.597 0.021 54009.471833 19.123 0.015 54009.472667 18.977 0.02 54009.474333 18.996 0.041 51.540315 1.046279
54010.400624 20.114 0.042 54010.402291 19.65 0.018 54010.398957 19.151 0.017 54010.399791 18.974 0.015 54010.401457 18.952 0.039 51.540315 1.046279
54011.463579 20.162 0.041 54011.465246 19.619 0.015 54011.461913 19.11 0.012 54011.462746 18.992 0.014 54011.464413 18.98 0.03 51.540315 1.046279
54012.393512 20.239 0.069 54012.395178 19.677 0.024 54012.391845 19.13 0.019 54012.392678 18.952 0.019 54012.394345 18.914 0.055 51.540315 1.046279
54012.476387 20.204 0.056 54012.478054 19.577 0.024 54012.47472 19.096 0.019 54012.475554 18.992 0.019 54012.47722 18.994 0.051 51.540315 1.046279
54019.458675 20.081 0.081 54019.460342 19.604 0.023 54019.457009 19.106 0.017 54019.457842 18.987 0.019 54019.459509 19.035 0.046 51.540315 1.046279
54020.431507 20.167 0.081 54020.433174 19.609 0.023 54020.429841 19.132 0.018 54020.430674 18.974 0.02 54020.432341 18.896 0.059 51.540315 1.046279
54024.48102 -99.99 0.079 54024.482686 19.622 0.021 54024.479353 19.105 0.018 54024.480186 18.949 0.024 54024.481853 18.921 0.061 51.540315 1.046279
54025.462592 20.058 0.057 54025.464259 19.572 0.023 54025.460925 19.083 0.019 54025.461759 18.993 0.021 54025.463425 18.978 0.045 51.540315 1.046279
54028.469317 -99.99 0.062 54028.470984 19.603 0.02 54028.467651 19.152 0.022 54028.468484 18.963 0.029 54028.470151 18.962 0.053 51.540315 1.046279
54030.424743 20.105 0.051 54030.426409 19.592 0.016 54030.423076 19.082 0.017 54030.423909 18.987 0.02 54030.425576 18.903 0.045 51.540315 1.046279
54035.468806 20.256 0.091 54035.470472 19.592 0.022 54035.467139 19.117 0.021 54035.467972 18.958 0.021 54035.469639 18.781 0.054 51.540315 1.046279
54037.374242 20.136 0.048 54037.375908 19.609 0.022 54037.372575 19.152 0.014 54037.373408 19.004 0.017 54037.375075 18.822 0.036 51.540315 1.046279
54040.38871 20.202 0.055 54040.390377 19.631 0.015 54040.387043 19.132 0.014 54040.387877 18.954 0.019 54040.389543 18.959 0.047 51.540315 1.046279
54041.424263 20.18 0.055 54041.42593 19.622 0.02 54041.422597 19.148 0.014 54041.42343 18.907 0.02 54041.425097 18.858 0.043 51.540315 1.046279
54047.419403 -99.99 0.147 54047.421069 19.644 0.043 54047.417736 19.097 0.025 54047.418569 18.923 0.024 54047.420236 18.913 0.062 51.540315 1.046279
54049.415159 20.307 0.123 54049.416826 19.593 0.028 54049.413492 19.145 0.019 54049.414326 19.011 0.023 54049.415992 18.798 0.049 51.540315 1.046279
54050.375476 19.962 0.095 54050.377143 19.608 0.03 54050.37381 19.095 0.026 54050.374643 18.906 0.031 54050.37631 -99.99 0.083 51.540315 1.046279
54053.394865 20.057 0.072 54053.396532 19.642 0.022 54053.393198 19.068 0.029 54053.394032 -99.99 0.024 54053.395698 -99.99 0.067 51.540315 1.046279
54056.38116 -99.99 0.062 54056.382827 19.599 0.023 54056.379494 19.082 0.028 54056.380327 18.922 0.022 54056.381994 18.842 0.05 51.540315 1.046279
54059.375462 20.21 0.072 54059.377129 19.586 0.019 54059.373795 19.124 0.021 54059.374629 18.925 0.025 54059.376295 18.783 0.064 51.540315 1.046279
54061.38657 20.091 0.071 54061.388237 19.621 0.02 54061.384904 19.09 0.044 54061.385737 18.959 0.023 54061.387404 18.885 0.05 51.540315 1.046279
54062.380328 20.136 0.058 54062.381995 19.604 0.023 54062.378662 -99.99 0.017 54062.379495 -99.99 0.02 54062.381162 18.862 0.073 51.540315 1.046279
54064.376772 20.036 0.064 54064.378439 19.562 0.017 54064.375106 19.074 0.018 54064.375939 18.948 0.022 54064.377606 18.832 0.061 51.540315 1.046279
54068.36091 20.17 0.096 54068.362577 19.58 0.023 54068.359244 19.064 0.022 54068.360077 18.974 0.025 54068.361744 18.89 0.057 51.540315 1.046279
54348.460353 20.151 0.069 54348.46202 19.589 0.022 54348.458687 19.093 0.017 54348.45952 18.933 0.023 54348.461187 18.86 0.044 51.540315 1.046279
54357.418739 20.154 0.046 54357.420406 19.624 0.017 54357.417072 19.106 0.016 54357.417906 18.946 0.018 54357.419572 18.97 0.048 51.540315 1.046279
54358.41616 20.207 0.052 54358.417827 19.61 0.02 54358.414494 19.102 0.019 54358.415327 18.995 0.019 54358.416994 18.93 0.044 51.540315 1.046279
54362.468451 20.135 0.047 54362.470118 19.605 0.02 54362.466785 19.108 0.019 54362.467618 19.031 0.018 54362.469285 18.863 0.038 51.540315 1.046279
54376.463579 20.151 0.06 54376.465246 19.621 0.02 54376.461913 19.113 0.016 54376.462746 18.967 0.018 54376.464413 18.897 0.045 51.540315 1.046279
54381.468788 20.169 0.057 54381.470455 19.606 0.018 54381.467121 19.1 0.015 54381.467955 18.981 0.021 54381.469621 18.942 0.038 51.540315 1.046279
54382.448723 20.206 0.052 54382.45039 19.581 0.016 54382.447056 19.132 0.021 54382.44789 18.975 0.021 54382.449556 18.962 0.046 51.540315 1.046279
54385.466463 20.17 0.059 54385.468129 19.646 0.017 54385.464796 19.098 0.023 54385.465629 18.961 0.02 54385.467296 18.845 0.04 51.540315 1.046279
54386.461098 20.171 0.055 54386.462765 19.6 0.021 54386.459431 19.087 0.014 54386.460265 18.949 0.016 54386.461931 19.012 0.041 51.540315 1.046279
54387.466997 20.135 0.059 54387.468663 19.624 0.015 54387.46533 19.113 0.017 54387.466163 18.944 0.017 54387.46783 18.848 0.036 51.540315 1.046279
54388.465339 20.02 0.054 54388.467006 19.638 0.02 54388.463673 19.114 0.014 54388.464506 18.953 0.017 54388.466173 18.911 0.039 51.540315 1.046279
54391.467787 20.272 0.101 54391.469454 19.576 0.022 54391.46612 19.137 0.019 54391.466954 18.974 0.028 54391.46862 18.81 0.073 51.540315 1.046279
54392.462912 19.984 0.048 54392.464579 19.583 0.019 54392.461245 19.094 0.02 54392.462079 18.992 0.022 54392.463745 18.929 0.043 51.540315 1.046279
54402.460144 20.336 0.216 54402.461811 19.687 0.043 54402.458478 19.13 0.029 54402.459311 18.985 0.028 54402.460978 18.932 0.06 51.540315 1.046279
54403.379259 19.941 0.146 54403.380926 19.633 0.025 54403.377593 19.13 0.058 54403.378426 18.95 0.059 54403.380093 18.868 0.07 51.540315 1.046279
54406.372991 20.092 0.05 54406.374657 19.635 0.022 54406.371324 19.08 0.016 54406.372157 18.957 0.015 54406.373824 18.893 0.032 51.540315 1.046279
54409.377843 20.132 0.046 54409.37951 19.599 0.019 54409.376177 19.077 0.017 54409.37701 18.936 0.015 54409.378677 18.991 0.04 51.540315 1.046279
54412.398763 20.132 0.069 54412.400429 19.627 0.021 54412.397096 19.135 0.023 54412.397929 18.943 0.023 54412.399596 18.874 0.054 51.540315 1.046279
