51075.443306 21.227 0.105 51075.444972 20.862 0.033 51075.441639 20.408 0.031 51075.442472 19.979 0.036 51075.444139 20.013 0.142 51.785137 0.788157
51818.412931 21.48 0.124 51818.414597 20.823 0.031 51818.411264 20.316 0.026 51818.412097 19.84 0.03 51818.413764 19.601 0.073 51.785137 0.788157
52171.401068 21.222 0.108 52171.402734 20.829 0.032 52171.399401 20.288 0.025 52171.400234 19.843 0.026 52171.401901 19.688 0.073 51.785137 0.788157
52173.377314 21.311 0.12 52173.37898 20.742 0.032 52173.375647 20.301 0.03 52173.37648 19.81 0.031 52173.378147 19.551 0.081 51.785137 0.788157
52224.35755 21.097 0.087 52224.359216 20.715 0.027 52224.355883 20.279 0.026 52224.356716 19.811 0.026 52224.358383 19.563 0.069 51.785137 0.788157
52234.313965 20.876 0.096 52234.315631 20.654 0.03 52234.312298 20.209 0.031 52234.313131 19.735 0.03 52234.314798 19.64 0.078 51.785137 0.788157
52261.27732 21.103 0.088 52261.278986 20.774 0.028 52261.275653 20.277 0.025 52261.276486 19.835 0.025 52261.278153 19.62 0.06 51.785137 0.788157
52283.144696 20.943 0.109 52283.146362 20.61 0.033 52283.143029 20.218 0.037 52283.143862 19.819 0.042 52283.145529 19.404 0.092 51.785137 0.788157
52287.157818 20.956 0.083 52287.159484 20.713 0.028 52287.156151 20.241 0.026 52287.156984 19.803 0.028 52287.158651 19.624 0.065 51.785137 0.788157
52552.476509 21.025 0.08 52552.478175 20.638 0.025 52552.474842 20.177 0.023 52552.475675 19.725 0.026 52552.477342 19.621 0.071 51.785137 0.788157
52557.450868 20.937 0.077 52557.452534 20.622 0.026 52557.449201 20.188 0.025 52557.450034 19.759 0.028 52557.451701 19.59 0.077 51.785137 0.788157
52585.352197 20.873 0.068 52585.353863 20.585 0.024 52585.35053 20.167 0.024 52585.351363 19.729 0.026 52585.35303 19.456 0.064 51.785137 0.788157
52908.425437 20.933 0.083 52908.427103 20.637 0.027 52908.42377 20.263 0.026 52908.424603 19.763 0.026 52908.42627 19.453 0.064 51.785137 0.788157
52912.404876 21.156 0.108 52912.406542 20.675 0.029 52912.403209 20.23 0.026 52912.404042 19.738 0.027 52912.405709 19.548 0.071 51.785137 0.788157
52934.357344 20.971 0.082 52934.35901 20.735 0.029 52934.355677 20.236 0.026 52934.35651 19.783 0.029 52934.358177 19.498 0.074 51.785137 0.788157
52936.353269 21.023 0.078 52936.354935 20.668 0.026 52936.351602 20.18 0.025 52936.352435 19.791 0.029 52936.354102 19.502 0.066 51.785137 0.788157
53270.417338 21.131 0.07 53270.419005 20.832 0.025 53270.415672 20.318 0.022 53270.416505 19.841 0.023 53270.418172 19.501 0.05 51.785137 0.788157
53272.467266 21.203 0.096 53272.468932 20.788 0.032 53272.465599 20.331 0.026 53272.466432 19.838 0.028 53272.468099 19.599 0.067 51.785137 0.788157
53286.435987 21.023 0.109 53286.437653 20.785 0.037 53286.43432 20.334 0.031 53286.435153 19.841 0.031 53286.43682 19.52 0.069 51.785137 0.788157
53288.394481 21.117 0.097 53288.396147 20.804 0.029 53288.392814 20.305 0.028 53288.393647 19.825 0.029 53288.395314 19.554 0.069 51.785137 0.788157
53294.442152 21.051 0.09 53294.443818 20.792 0.032 53294.440485 20.273 0.031 53294.441318 19.866 0.032 53294.442985 19.564 0.061 51.785137 0.788157
53296.389162 21.101 0.112 53296.390829 20.735 0.028 53296.387496 20.269 0.034 53296.388329 19.824 0.032 53296.389996 19.613 0.075 51.785137 0.788157
53298.438928 21.071 0.091 53298.440594 20.789 0.029 53298.437261 20.283 0.032 53298.438094 19.837 0.035 53298.439761 19.7 0.091 51.785137 0.788157
53312.345741 21.045 0.151 53312.347408 20.739 0.051 53312.344074 20.335 0.035 53312.344908 19.903 0.035 53312.346574 19.666 0.086 51.785137 0.788157
53314.34688 21.035 0.109 53314.348546 20.787 0.04 53314.345213 20.311 0.034 53314.346046 19.856 0.033 53314.347713 19.619 0.083 51.785137 0.788157
53319.334678 21.333 0.158 53319.336344 20.873 0.044 53319.333011 20.324 0.039 53319.333844 19.87 0.039 53319.335511 19.526 0.087 51.785137 0.788157
53616.45123 21.141 0.12 53616.452896 20.805 0.034 53616.449563 20.297 0.029 53616.450396 19.862 0.033 53616.452063 19.653 0.086 51.785137 0.788157
53626.427659 21.111 0.119 53626.429325 -99.99 0.426 53626.425992 -99.99 0.068 53626.426825 19.881 0.032 53626.428492 19.491 0.062 51.785137 0.788157
53628.412524 21.335 0.163 53628.41419 20.78 0.036 53628.410857 20.355 0.042 53628.41169 19.916 0.05 53628.413357 19.705 0.111 51.785137 0.788157
53639.45952 21.336 0.148 53639.461186 20.854 0.039 53639.457853 20.36 0.031 53639.458686 19.893 0.029 53639.460353 19.584 0.066 51.785137 0.788157
53641.458685 21.072 0.136 53641.460351 20.888 0.044 53641.457018 20.381 0.032 53641.457851 19.905 0.034 53641.459518 19.707 0.09 51.785137 0.788157
53657.41757 21.021 0.143 53657.419236 20.812 0.044 53657.415903 20.334 0.04 53657.416736 19.871 0.044 53657.418403 19.519 0.095 51.785137 0.788157
53663.402118 21.073 0.308 53663.403784 20.942 0.119 53663.400451 20.294 0.06 53663.401284 19.93 0.053 53663.402951 19.713 0.103 51.785137 0.788157
53665.380091 21.479 0.301 53665.381757 20.829 0.07 53665.378424 20.247 0.036 53665.379257 19.912 0.061 53665.380924 19.559 0.089 51.785137 0.788157
53666.472198 21.353 0.272 53666.473864 20.755 0.053 53666.470531 20.331 0.039 53666.471364 19.925 0.035 53666.473031 19.533 0.07 51.785137 0.788157
53668.391719 21.131 0.184 53668.393385 20.739 0.05 53668.390052 20.252 0.044 53668.390885 19.872 0.048 53668.392552 19.529 0.096 51.785137 0.788157
53669.479324 20.969 0.198 53669.48099 20.801 0.055 53669.477657 20.295 0.044 53669.47849 19.929 0.046 53669.480157 19.509 0.103 51.785137 0.788157
53670.396572 21.086 0.152 53670.398238 20.83 0.046 53670.394905 20.315 0.042 53670.395738 19.832 0.045 53670.397405 19.664 0.094 51.785137 0.788157
53673.364559 21.144 0.1 53673.366225 20.799 0.028 53673.362892 20.375 0.031 53673.363725 19.846 0.026 53673.365392 19.563 0.06 51.785137 0.788157
53675.361447 21.082 0.101 53675.363113 20.764 0.028 53675.35978 20.334 0.03 53675.360613 19.851 0.031 53675.36228 19.63 0.074 51.785137 0.788157
53676.481089 20.963 0.449 53676.482755 20.882 0.134 53676.479422 20.026 0.123 53676.480255 19.62 0.113 53676.481922 19.135 0.22 51.785137 0.788157
53680.369143 21.246 0.1 53680.370809 20.752 0.028 53680.367476 20.304 0.027 53680.368309 19.849 0.027 53680.369976 19.66 0.064 51.785137 0.788157
53683.427691 21.591 0.404 53683.429357 20.906 0.097 53683.426024 20.214 0.073 53683.426857 19.742 0.075 53683.428524 19.76 0.287 51.785137 0.788157
53686.368575 21.515 0.272 53686.370241 20.887 0.081 53686.366908 20.299 0.048 53686.367741 19.879 0.04 53686.369408 19.534 0.076 51.785137 0.788157
53693.371033 22.229 1.05 53693.372699 20.826 0.114 53693.369366 20.397 0.068 53693.370199 19.882 0.05 53693.371866 19.533 0.094 51.785137 0.788157
53699.391867 21.24 0.176 53699.393533 20.9 0.047 53699.3902 20.382 0.033 53699.391033 19.923 0.031 53699.3927 19.583 0.07 51.785137 0.788157
53704.354354 21.025 0.115 53704.35602 20.922 0.037 53704.352687 20.381 0.034 53704.35352 19.879 0.038 53704.355187 19.895 0.124 51.785137 0.788157
53989.450521 21.045 0.176 53989.452187 20.867 0.077 53989.448854 20.326 0.047 53989.449687 19.932 0.037 53989.451354 19.576 0.063 51.785137 0.788157
54000.425839 21.143 0.119 54000.427505 20.836 0.037 54000.424172 20.297 0.03 54000.425005 19.865 0.034 54000.426672 19.852 0.104 51.785137 0.788157
54007.475974 21.094 0.083 54007.477641 20.73 0.027 54007.474308 20.319 0.029 54007.475141 19.895 0.027 54007.476808 19.781 0.072 51.785137 0.788157
54009.399758 21.052 0.067 54009.401425 20.747 0.024 54009.398092 20.322 0.021 54009.398925 19.853 0.025 54009.400592 19.662 0.054 51.785137 0.788157
54011.464312 21.119 0.069 54011.465978 20.793 0.024 54011.462645 20.315 0.022 54011.463478 19.838 0.024 54011.465145 19.6 0.043 51.785137 0.788157
54012.477053 21.048 0.099 54012.478719 20.818 0.034 54012.475386 20.254 0.031 54012.476219 19.876 0.032 54012.477886 19.587 0.065 51.785137 0.788157
54019.45927 21.567 0.26 54019.460936 20.799 0.059 54019.457603 20.226 0.038 54019.458436 19.858 0.034 54019.460103 19.623 0.067 51.785137 0.788157
54025.463258 21.079 0.114 54025.464925 20.663 0.029 54025.461592 20.236 0.033 54025.462425 19.838 0.032 54025.464092 19.845 0.085 51.785137 0.788157
54346.457026 21.303 0.225 54346.458692 20.942 0.079 54346.455359 20.348 0.04 54346.456192 19.91 0.034 54346.457859 19.66 0.061 51.785137 0.788157
54358.416811 21.189 0.1 54358.418478 20.881 0.032 54358.415144 20.337 0.03 54358.415978 19.966 0.033 54358.417644 19.844 0.079 51.785137 0.788157
54365.449884 21.367 0.094 54365.451551 20.904 0.027 54365.448217 20.424 0.023 54365.449051 19.965 0.026 54365.450717 19.627 0.05 51.785137 0.788157
54381.469443 21.253 0.104 54381.47111 20.895 0.035 54381.467777 20.416 0.031 54381.46861 19.927 0.033 54381.470277 19.774 0.069 51.785137 0.788157
54386.461786 21.177 0.097 54386.463453 20.984 0.053 54386.46012 20.382 0.03 54386.460953 19.884 0.029 54386.46262 19.885 0.087 51.785137 0.788157
54388.466075 21.073 0.103 54388.467741 20.874 0.035 54388.464408 20.429 0.029 54388.465241 19.908 0.029 54388.466908 19.669 0.067 51.785137 0.788157
54392.463585 21.143 0.103 54392.465252 20.889 0.032 54392.461919 20.393 0.031 54392.462752 19.88 0.03 54392.464419 19.73 0.074 51.785137 0.788157
54403.379899 20.842 0.18 54403.381566 20.78 0.061 54403.378232 20.391 0.149 54403.379066 19.778 0.12 54403.380732 19.66 0.089 51.785137 0.788157
54406.373678 21.375 0.121 54406.375345 20.886 0.032 54406.372012 20.372 0.025 54406.372845 19.963 0.027 54406.374512 19.687 0.051 51.785137 0.788157
54409.378485 21.187 0.088 54409.380152 20.93 0.029 54409.376818 20.453 0.029 54409.377652 19.94 0.029 54409.379318 19.73 0.065 51.785137 0.788157
54412.399421 21.11 0.13 54412.401088 20.958 0.047 54412.397755 20.413 0.039 54412.398588 19.911 0.038 54412.400255 19.459 0.076 51.785137 0.788157
