51075.280221 19.885 0.046 51075.281887 19.391 0.013 51075.278554 19.393 0.016 51075.279387 19.426 0.024 51075.281054 19.16 0.071 -7.087604 -0.408097
51081.263917 19.899 0.054 51081.265583 19.418 0.015 51081.26225 19.37 0.017 51081.263083 19.424 0.027 51081.26475 19.323 0.083 -7.087604 -0.408097
51467.359074 19.753 0.062 51467.36074 19.401 0.017 51467.357407 19.327 0.019 51467.35824 19.468 0.03 51467.359907 19.331 0.11 -7.087604 -0.408097
51819.335081 19.69 0.038 51819.336747 19.313 0.012 51819.333414 19.277 0.013 51819.334247 19.431 0.019 51819.335914 19.223 0.057 -7.087604 -0.408097
52558.300349 20.18 0.053 52558.302015 19.712 0.014 52558.298682 19.666 0.017 52558.299515 19.664 0.022 52558.301182 19.608 0.069 -7.087604 -0.408097
52577.187847 20.181 0.058 52577.189513 19.712 0.015 52577.18618 19.662 0.02 52577.187013 19.795 0.032 52577.18868 19.54 0.101 -7.087604 -0.408097
52586.191326 20.246 0.051 52586.192992 19.721 0.015 52586.189659 19.712 0.02 52586.190492 19.674 0.028 52586.192159 19.533 0.093 -7.087604 -0.408097
52910.271808 19.706 0.032 52910.273474 19.371 0.011 52910.270141 19.347 0.013 52910.270974 19.463 0.017 52910.272641 19.326 0.053 -7.087604 -0.408097
52931.202009 19.777 0.039 52931.203675 19.41 0.012 52931.200342 19.35 0.014 52931.201175 19.438 0.019 52931.202842 19.288 0.06 -7.087604 -0.408097
52935.198972 19.737 0.038 52935.200638 19.422 0.012 52935.197305 19.356 0.015 52935.198138 19.469 0.021 52935.199805 19.346 0.07 -7.087604 -0.408097
52959.142299 -99.99 0.042 52959.143965 19.5 0.012 52959.140632 19.437 0.014 52959.141465 19.586 0.02 52959.143132 19.345 0.056 -7.087604 -0.408097
52963.122043 19.94 0.037 52963.123709 19.509 0.012 52963.120376 19.462 0.014 52963.121209 19.56 0.019 52963.122876 19.357 0.051 -7.087604 -0.408097
53313.192173 19.756 0.05 53313.193839 19.342 0.015 53313.190506 19.334 0.017 53313.191339 19.453 0.026 53313.193006 19.343 0.093 -7.087604 -0.408097
53352.09311 19.663 0.034 53352.094776 19.317 0.011 53352.091443 19.312 0.013 53352.092276 19.407 0.019 53352.093943 19.268 0.064 -7.087604 -0.408097
53622.301415 19.758 0.047 53622.303081 19.305 0.013 53622.299748 19.283 0.017 53622.300581 19.373 0.025 53622.302248 19.338 0.08 -7.087604 -0.408097
53634.250885 19.576 0.114 53634.252551 19.387 0.041 53634.249218 19.267 0.039 53634.250051 19.466 0.046 53634.251718 -99.99 0.106 -7.087604 -0.408097
53636.256419 19.562 0.059 53636.258085 19.321 0.024 53636.254752 19.308 0.019 53636.255585 19.444 0.026 53636.257252 19.369 0.102 -7.087604 -0.408097
53638.292219 19.735 0.044 53638.293885 19.32 0.013 53638.290552 19.32 0.014 53638.291385 19.45 0.019 53638.293052 19.255 0.056 -7.087604 -0.408097
53640.256254 -99.99 0.076 53640.25792 19.035 0.016 53640.254587 -99.99 0.174 53640.25542 -99.99 0.032 53640.257087 -99.99 0.116 -7.087604 -0.408097
53664.253382 19.749 0.073 53664.255048 19.38 0.025 53664.251715 19.392 0.023 53664.252548 19.485 0.031 53664.254215 19.414 0.086 -7.087604 -0.408097
53666.216985 19.87 0.045 53666.218651 19.399 0.013 53666.215318 19.382 0.015 53666.216151 19.53 0.021 53666.217818 19.416 0.065 -7.087604 -0.408097
53669.212624 19.799 0.039 53669.21429 19.41 0.012 53669.210957 19.346 0.014 53669.21179 19.488 0.02 53669.213457 19.366 0.067 -7.087604 -0.408097
53671.297401 19.789 0.056 53671.299067 19.44 0.014 53671.295734 19.37 0.017 53671.296567 19.477 0.024 53671.298234 19.302 0.074 -7.087604 -0.408097
53674.196858 19.786 0.04 53674.198524 19.393 0.012 53674.195191 19.371 0.015 53674.196024 19.449 0.019 53674.197691 19.289 0.055 -7.087604 -0.408097
53676.286345 19.811 0.051 53676.288011 19.41 0.014 53676.284678 19.391 0.017 53676.285511 19.526 0.022 53676.287178 19.382 0.064 -7.087604 -0.408097
53679.258232 19.693 0.049 53679.259898 19.384 0.014 53679.256565 19.415 0.019 53679.257398 19.534 0.026 53679.259065 19.263 0.081 -7.087604 -0.408097
53681.249745 19.802 0.044 53681.251411 19.411 0.012 53681.248078 19.372 0.016 53681.248911 19.455 0.02 53681.250578 19.362 0.058 -7.087604 -0.408097
53685.208795 19.767 0.152 53685.210461 19.507 0.059 53685.207128 19.275 0.055 53685.207961 -99.99 0.068 53685.209628 19.222 0.139 -7.087604 -0.408097
53687.247134 -99.99 0.094 53687.2488 19.385 0.032 53687.245467 19.384 0.027 53687.2463 19.535 0.031 53687.247967 19.343 0.07 -7.087604 -0.408097
53697.206767 19.761 0.065 53697.208433 19.396 0.019 53697.2051 19.412 0.03 53697.205933 19.52 0.034 53697.2076 19.271 0.095 -7.087604 -0.408097
53700.205727 19.924 0.053 53700.207393 19.413 0.013 53700.20406 19.414 0.017 53700.204893 19.468 0.024 53700.20656 19.338 0.077 -7.087604 -0.408097
53705.192397 19.821 0.044 53705.194063 19.426 0.013 53705.19073 19.387 0.015 53705.191563 19.455 0.02 53705.19323 19.395 0.061 -7.087604 -0.408097
53975.277406 -99.99 0.061 53975.279073 19.669 0.027 53975.275739 19.543 0.019 53975.276573 19.688 0.029 53975.278239 19.402 0.085 -7.087604 -0.408097
53993.345198 20.127 0.062 53993.346864 -99.99 0.028 53993.343531 19.59 0.024 53993.344364 19.75 0.027 53993.346031 -99.99 0.096 -7.087604 -0.408097
53996.284154 20.048 0.04 53996.285821 19.635 0.016 53996.282488 19.577 0.02 53996.283321 19.715 0.023 53996.284988 19.489 0.067 -7.087604 -0.408097
53998.252783 20.09 0.04 53998.25445 19.649 0.021 53998.251116 19.587 0.021 53998.25195 19.739 0.026 53998.253616 19.59 0.056 -7.087604 -0.408097
54005.283025 20.471 0.081 54005.284691 19.63 0.022 54005.281358 19.589 0.018 54005.282191 19.651 0.022 54005.283858 19.548 0.059 -7.087604 -0.408097
54010.23823 20.048 0.049 54010.239896 19.608 0.022 54010.236563 19.558 0.018 54010.237396 19.747 0.029 54010.239063 19.521 0.053 -7.087604 -0.408097
54012.231088 20.129 0.092 54012.232754 19.552 0.029 54012.229421 19.611 0.028 54012.230254 19.713 0.035 54012.231921 19.549 0.067 -7.087604 -0.408097
54020.237156 20.025 0.057 54020.238822 19.617 0.02 54020.235489 19.606 0.024 54020.236322 19.62 0.031 54020.237989 19.376 0.07 -7.087604 -0.408097
54022.286379 -99.99 0.074 54022.288046 -99.99 0.028 54022.284713 19.637 0.024 54022.285546 19.782 0.04 54022.287213 19.496 0.147 -7.087604 -0.408097
54028.227551 19.961 0.05 54028.229218 19.603 0.025 54028.225884 19.566 0.022 54028.226718 19.651 0.028 54028.228384 19.547 0.085 -7.087604 -0.408097
54030.230628 20.088 0.041 54030.232295 19.625 0.018 54030.228962 19.607 0.018 54030.229795 19.716 0.02 54030.231462 19.595 0.063 -7.087604 -0.408097
54035.306448 20.082 0.069 54035.308115 19.608 0.024 54035.304782 19.56 0.029 54035.305615 19.655 0.032 54035.307282 19.44 0.093 -7.087604 -0.408097
54037.211854 20.018 0.057 54037.213521 19.635 0.019 54037.210187 19.582 0.026 54037.211021 19.785 0.037 54037.212687 19.428 0.089 -7.087604 -0.408097
54040.226352 20.152 0.099 54040.228019 19.662 0.034 54040.224686 19.609 0.029 54040.225519 19.721 0.045 54040.227186 19.52 0.084 -7.087604 -0.408097
54047.25689 21.413 0.68 54047.258557 19.754 0.05 54047.255223 19.653 0.051 54047.256057 19.815 0.083 54047.257723 19.754 0.135 -7.087604 -0.408097
54049.252872 20.132 0.098 54049.254539 19.617 0.03 54049.251206 19.556 0.026 54049.252039 19.601 0.031 54049.253706 19.402 0.086 -7.087604 -0.408097
54053.217135 20.105 0.048 54053.218801 19.592 0.021 54053.215468 19.548 0.023 54053.216301 19.694 0.025 54053.217968 19.404 0.064 -7.087604 -0.408097
54056.218818 20.262 0.096 54056.220484 19.545 0.028 54056.217151 19.532 0.024 54056.217984 19.635 0.032 54056.219651 19.488 0.127 -7.087604 -0.408097
54059.213104 20.014 0.069 54059.21477 19.556 0.019 54059.211437 19.531 0.045 54059.21227 19.593 0.033 54059.213937 19.331 0.082 -7.087604 -0.408097
54062.21803 20.059 0.071 54062.219697 19.552 0.047 54062.216363 19.536 0.025 54062.217197 19.607 0.043 54062.218863 19.229 0.089 -7.087604 -0.408097
54357.25634 19.894 0.058 54357.258007 19.463 0.024 54357.254674 19.415 0.023 54357.255507 19.503 0.023 54357.257174 19.434 0.065 -7.087604 -0.408097
54362.306087 20.007 0.048 54362.307754 19.454 0.028 54362.30442 19.442 0.02 54362.305254 19.517 0.027 54362.30692 19.41 0.077 -7.087604 -0.408097
54385.304142 20.053 0.051 54385.305809 19.499 0.021 54385.302476 19.465 0.025 54385.303309 19.524 0.026 54385.304976 19.376 0.058 -7.087604 -0.408097
54387.304602 -99.99 0.048 54387.306268 19.49 0.021 54387.302935 19.481 0.022 54387.303768 19.61 0.031 54387.305435 19.307 0.067 -7.087604 -0.408097
54392.299403 -99.99 0.055 54392.301069 19.514 0.02 54392.297736 19.496 0.026 54392.298569 19.647 0.028 54392.300236 19.372 0.074 -7.087604 -0.408097
54402.297827 -99.99 0.121 54402.299494 -99.99 0.031 54402.296161 19.468 0.029 54402.296994 19.556 0.03 54402.298661 19.448 0.078 -7.087604 -0.408097
