51081.279211 20.381 0.08 51081.280877 19.879 0.023 51081.277544 19.901 0.03 51081.278377 19.714 0.035 51081.280044 19.647 0.12 -1.563115 -0.772637
51467.374409 20.569 0.131 51467.376075 19.959 0.025 51467.372742 19.887 0.029 51467.373575 19.795 0.037 51467.375242 19.629 0.128 -1.563115 -0.772637
51819.350391 20.247 0.075 51819.352057 19.667 0.016 51819.348724 19.666 0.021 51819.349557 19.573 0.024 51819.351224 19.396 0.073 -1.563115 -0.772637
52558.315648 20.281 0.06 52558.317314 19.79 0.015 52558.313981 19.769 0.018 52558.314814 19.733 0.02 52558.316481 19.473 0.053 -1.563115 -0.772637
52577.203149 20.305 0.059 52577.204815 19.744 0.015 52577.201482 19.763 0.022 52577.202315 19.714 0.026 52577.203982 19.521 0.075 -1.563115 -0.772637
52586.206627 20.371 0.065 52586.208293 19.794 0.015 52586.20496 19.785 0.022 52586.205793 19.711 0.028 52586.20746 19.56 0.096 -1.563115 -0.772637
52910.287108 20.267 0.055 52910.288774 19.77 0.015 52910.285441 19.776 0.018 52910.286274 19.768 0.022 52910.287941 19.359 0.056 -1.563115 -0.772637
52931.21731 20.364 0.071 52931.218976 19.768 0.017 52931.215643 19.78 0.021 52931.216476 19.73 0.023 52931.218143 19.497 0.068 -1.563115 -0.772637
52935.214275 20.356 0.068 52935.215941 19.798 0.016 52935.212608 19.757 0.02 52935.213441 19.726 0.024 52935.215108 19.581 0.077 -1.563115 -0.772637
52959.157602 20.321 0.054 52959.159268 19.79 0.015 52959.155935 19.796 0.018 52959.156768 19.745 0.02 52959.158435 19.601 0.058 -1.563115 -0.772637
52963.137345 20.339 0.053 52963.139011 19.802 0.015 52963.135678 19.722 0.016 52963.136511 19.71 0.019 52963.138178 19.383 0.046 -1.563115 -0.772637
53313.207474 20.575 0.115 53313.20914 20.059 0.025 53313.205807 20.028 0.036 53313.20664 -99.99 0.036 53313.208307 -99.99 0.147 -1.563115 -0.772637
53352.108411 20.55 0.069 53352.110077 20.05 0.019 53352.106744 20.044 0.023 53352.107577 19.929 0.027 53352.109244 19.581 0.077 -1.563115 -0.772637
53622.316713 20.033 0.068 53622.318379 19.62 0.017 53622.315046 19.617 0.02 53622.315879 19.596 0.027 53622.317546 19.34 0.084 -1.563115 -0.772637
53634.266184 20.218 0.154 53634.26785 19.612 0.035 53634.264517 19.661 0.034 53634.26535 19.562 0.036 53634.267017 19.352 0.079 -1.563115 -0.772637
53636.271718 20.297 0.114 53636.273384 -99.99 0.027 53636.270051 -99.99 0.053 53636.270884 -99.99 0.076 53636.272551 19.536 0.098 -1.563115 -0.772637
53638.307518 20.109 0.064 53638.309184 19.664 0.017 53638.305851 19.684 0.02 53638.306684 19.648 0.022 53638.308351 19.386 0.059 -1.563115 -0.772637
53640.271553 20.127 0.085 53640.273219 19.641 0.018 53640.269886 19.69 0.026 53640.270719 19.614 0.032 53640.272386 -99.99 0.129 -1.563115 -0.772637
53655.243724 20.356 0.155 53655.24539 19.639 0.036 53655.242057 19.749 0.044 53655.24289 19.551 0.041 53655.244557 19.384 0.111 -1.563115 -0.772637
53664.268681 20.064 0.102 53664.270347 19.643 0.033 53664.267014 19.616 0.046 53664.267847 19.557 0.041 53664.269514 19.311 0.072 -1.563115 -0.772637
53666.232286 20.149 0.065 53666.233952 19.706 0.018 53666.230619 19.635 0.02 53666.231452 19.64 0.023 53666.233119 19.455 0.07 -1.563115 -0.772637
53669.227924 20.214 0.053 53669.22959 19.699 0.014 53669.226257 19.723 0.017 53669.22709 19.674 0.021 53669.228757 19.405 0.06 -1.563115 -0.772637
53671.312699 20.124 0.093 53671.314365 19.72 0.02 53671.311032 19.701 0.025 53671.311865 19.69 0.028 53671.313532 19.479 0.099 -1.563115 -0.772637
53674.212159 20.181 0.062 53674.213825 19.651 0.015 53674.210492 19.679 0.019 53674.211325 19.682 0.024 53674.212992 19.442 0.063 -1.563115 -0.772637
53676.301641 20.084 0.07 53676.303307 19.721 0.016 53676.299974 19.749 0.02 53676.300807 19.705 0.022 53676.302474 19.485 0.061 -1.563115 -0.772637
53679.273531 20.194 0.074 53679.275197 19.687 0.017 53679.271864 19.7 0.023 53679.272697 19.743 0.029 53679.274364 19.396 0.083 -1.563115 -0.772637
53681.265043 20.191 0.074 53681.266709 19.744 0.017 53681.263376 19.683 0.023 53681.264209 19.645 0.024 53681.265876 19.433 0.075 -1.563115 -0.772637
53685.224094 20.389 0.262 53685.22576 -99.99 0.073 53685.222427 19.649 0.056 53685.22326 19.59 0.054 53685.224927 19.484 0.125 -1.563115 -0.772637
53694.237974 20.336 0.307 53694.23964 -99.99 0.057 53694.236307 19.762 0.053 53694.23714 19.749 0.057 53694.238807 19.146 0.117 -1.563115 -0.772637
53697.222067 20.21 0.09 53697.223733 19.79 0.022 53697.2204 19.746 0.032 53697.221233 19.666 0.03 53697.2229 19.361 0.08 -1.563115 -0.772637
53700.221026 20.117 0.068 53700.222692 19.7 0.017 53700.219359 19.657 0.02 53700.220192 19.618 0.024 53700.221859 19.356 0.07 -1.563115 -0.772637
53705.207696 20.138 0.064 53705.209362 19.727 0.016 53705.206029 19.699 0.019 53705.206862 19.648 0.022 53705.208529 19.47 0.061 -1.563115 -0.772637
53975.292765 20.527 0.083 53975.294432 -99.99 0.02 53975.291098 19.907 0.022 53975.291932 19.816 0.028 53975.293598 19.657 0.09 -1.563115 -0.772637
53993.360512 20.469 0.094 53993.362179 -99.99 0.031 53993.358845 19.947 0.029 53993.359679 19.776 0.029 53993.361345 19.562 0.071 -1.563115 -0.772637
53994.315753 20.351 0.06 53994.31742 19.906 0.02 53994.314086 19.893 0.021 53994.31492 19.853 0.023 53994.316586 19.665 0.077 -1.563115 -0.772637
53996.299426 20.388 0.064 53996.301093 19.872 0.02 53996.29776 19.858 0.021 53996.298593 19.796 0.026 53996.30026 19.585 0.069 -1.563115 -0.772637
53998.26806 20.365 0.059 53998.269726 -99.99 0.019 53998.266393 19.891 0.02 53998.267226 19.795 0.02 53998.268893 19.606 0.06 -1.563115 -0.772637
54005.298297 20.36 0.057 54005.299963 19.852 0.018 54005.29663 19.838 0.021 54005.297463 19.812 0.022 54005.29913 19.505 0.056 -1.563115 -0.772637
54010.253559 20.386 0.078 54010.255225 19.888 0.024 54010.251892 19.883 0.021 54010.252725 19.777 0.021 54010.254392 19.656 0.058 -1.563115 -0.772637
54012.246461 20.256 0.12 54012.248127 19.942 0.04 54012.244794 19.833 0.032 54012.245627 19.756 0.03 54012.247294 19.49 0.063 -1.563115 -0.772637
54020.252354 20.183 0.088 54020.254021 19.822 0.026 54020.250687 19.846 0.028 54020.251521 19.763 0.033 54020.253187 19.694 0.104 -1.563115 -0.772637
54024.333991 20.36 0.104 54024.335657 19.839 0.021 54024.332324 19.823 0.025 54024.333157 19.786 0.033 54024.334824 19.588 0.106 -1.563115 -0.772637
54028.242739 20.42 0.078 54028.244406 19.846 0.029 54028.241073 19.856 0.024 54028.241906 19.792 0.027 54028.243573 19.509 0.068 -1.563115 -0.772637
54030.245945 20.322 0.059 54030.247611 19.829 0.023 54030.244278 19.846 0.02 54030.245111 19.789 0.02 54030.246778 19.483 0.059 -1.563115 -0.772637
54035.321701 20.487 0.119 54035.323368 19.845 0.025 54035.320035 19.9 0.031 54035.320868 19.744 0.034 54035.322535 19.671 0.113 -1.563115 -0.772637
54037.227192 20.201 0.067 54037.228858 19.873 0.02 54037.225525 19.853 0.026 54037.226358 19.794 0.03 54037.228025 19.512 0.081 -1.563115 -0.772637
54040.241714 20.512 0.138 54040.243381 19.806 0.043 54040.240047 19.79 0.035 54040.240881 19.794 0.033 54040.242547 19.621 0.082 -1.563115 -0.772637
54049.268123 20.344 0.152 54049.269789 19.879 0.041 54049.266456 19.876 0.035 54049.267289 19.825 0.041 54049.268956 19.602 0.108 -1.563115 -0.772637
54053.232435 20.259 0.066 54053.234102 19.894 0.023 54053.230769 19.898 0.028 54053.231602 19.749 0.026 54053.233269 19.372 0.062 -1.563115 -0.772637
54062.233272 20.4 0.108 54062.234939 19.849 0.024 54062.231606 19.888 0.029 54062.232439 19.879 0.039 54062.234106 19.605 0.119 -1.563115 -0.772637
54068.21388 20.232 0.151 54068.215547 19.899 0.046 54068.212214 19.966 0.064 54068.213047 19.802 0.053 54068.214714 19.537 0.098 -1.563115 -0.772637
54357.271576 20.504 0.072 54357.273242 19.891 0.025 54357.269909 19.843 0.023 54357.270742 19.796 0.027 54357.272409 19.645 0.067 -1.563115 -0.772637
54382.301652 20.346 0.082 54382.303319 19.911 0.022 54382.299985 19.905 0.026 54382.300819 19.837 0.037 54382.302485 19.679 0.102 -1.563115 -0.772637
54385.319397 20.484 0.068 54385.321063 19.949 0.026 54385.31773 19.89 0.022 54385.318563 19.848 0.026 54385.32023 19.516 0.057 -1.563115 -0.772637
54387.319916 20.455 0.087 54387.321582 19.966 0.02 54387.318249 19.934 0.026 54387.319082 19.828 0.029 54387.320749 19.584 0.084 -1.563115 -0.772637
54392.314672 20.626 0.1 54392.316339 20.004 0.026 54392.313005 19.872 0.025 54392.313839 19.822 0.029 54392.315505 19.927 0.107 -1.563115 -0.772637
54402.313077 20.386 0.185 54402.314743 19.987 0.044 54402.31141 19.952 0.038 54402.312243 19.799 0.035 54402.31391 19.584 0.083 -1.563115 -0.772637
