51075.294464 20.776 0.081 51075.29613 20.25 0.026 51075.292797 19.943 0.024 51075.29363 19.698 0.027 51075.295297 19.631 0.11 -1.94599 -0.490878
52196.294968 20.448 0.07 52196.296634 20.055 0.018 52196.293301 19.781 0.019 52196.294134 19.517 0.02 52196.295801 19.323 0.063 -1.94599 -0.490878
52197.308076 20.319 0.067 52197.309742 20.068 0.018 52197.306409 19.743 0.018 52197.307242 19.484 0.019 52197.308909 19.522 0.072 -1.94599 -0.490878
52225.158272 20.374 0.058 52225.159938 20.018 0.017 52225.156605 19.759 0.018 52225.157438 19.513 0.019 52225.159105 19.416 0.062 -1.94599 -0.490878
52231.194057 20.397 0.06 52231.195723 20 0.017 52231.19239 19.699 0.017 52231.193223 19.472 0.017 52231.19489 19.562 0.065 -1.94599 -0.490878
52253.180228 20.339 0.104 52253.181894 20.029 0.024 52253.178561 19.75 0.026 52253.179394 19.493 0.026 52253.181061 19.506 0.095 -1.94599 -0.490878
52557.302059 20.32 0.071 52557.303725 19.862 0.018 52557.300392 19.579 0.017 52557.301225 19.348 0.019 52557.302892 19.247 0.072 -1.94599 -0.490878
52578.198143 20.251 0.054 52578.199809 19.933 0.016 52578.196476 19.629 0.017 52578.197309 19.368 0.017 52578.198976 19.338 0.055 -1.94599 -0.490878
52908.276625 20.349 0.069 52908.278291 20.019 0.019 52908.274958 19.7 0.02 52908.275791 19.48 0.022 52908.277458 19.421 0.075 -1.94599 -0.490878
52911.290412 20.484 0.086 52911.292078 -99.99 0.023 52911.288745 19.725 0.021 52911.289578 19.48 0.023 52911.291245 19.36 0.086 -1.94599 -0.490878
52930.167784 20.427 0.073 52930.16945 20.057 0.019 52930.166117 19.769 0.021 52930.16695 19.485 0.021 52930.168617 19.382 0.065 -1.94599 -0.490878
52934.208527 20.302 0.071 52934.210193 19.989 0.019 52934.20686 19.697 0.022 52934.207693 19.443 0.021 52934.20936 19.46 0.083 -1.94599 -0.490878
52936.204453 20.345 0.059 52936.206119 20.003 0.016 52936.202786 19.734 0.018 52936.203619 19.453 0.017 52936.205286 19.434 0.055 -1.94599 -0.490878
52962.129974 20.266 0.063 52962.13164 20.004 0.019 52962.128307 19.693 0.02 52962.12914 19.455 0.02 52962.130807 19.305 0.063 -1.94599 -0.490878
53270.268508 20.455 0.064 53270.270174 20.042 0.021 53270.266841 19.809 0.022 53270.267674 19.546 0.019 53270.269341 19.514 0.055 -1.94599 -0.490878
53272.318456 20.596 0.101 53272.320122 20.047 0.029 53272.316789 19.699 0.022 53272.317622 19.474 0.02 53272.319289 19.358 0.059 -1.94599 -0.490878
53286.287176 20.243 0.082 53286.288842 20.047 0.021 53286.285509 19.727 0.028 53286.286342 19.446 0.026 53286.288009 19.282 0.062 -1.94599 -0.490878
53288.245666 20.526 0.069 53288.247332 20.102 0.018 53288.243999 19.746 0.018 53288.244832 19.518 0.017 53288.246499 19.382 0.05 -1.94599 -0.490878
53294.293341 20.355 0.077 53294.295007 20.07 0.022 53294.291674 19.754 0.024 53294.292507 19.506 0.022 53294.294174 19.538 0.08 -1.94599 -0.490878
53302.241333 20.57 0.147 53302.242999 20.005 0.04 53302.239666 19.698 0.03 53302.240499 19.454 0.026 53302.242166 19.414 0.072 -1.94599 -0.490878
53312.196931 20.26 0.073 53312.198597 20.041 0.027 53312.195264 19.753 0.028 53312.196097 19.47 0.029 53312.197764 19.352 0.078 -1.94599 -0.490878
53314.198062 20.442 0.066 53314.199728 20.04 0.018 53314.196395 19.752 0.02 53314.197228 19.484 0.021 53314.198895 19.416 0.068 -1.94599 -0.490878
53616.302427 20.438 0.103 53616.304093 20.085 0.023 53616.30076 19.73 0.022 53616.301593 19.538 0.024 53616.30326 19.548 0.119 -1.94599 -0.490878
53623.292638 20.561 0.089 53623.294304 -99.99 0.088 53623.290971 19.776 0.022 53623.291804 19.546 0.025 53623.293471 19.435 0.097 -1.94599 -0.490878
53626.278851 20.48 0.081 53626.280517 20.134 0.03 53626.277184 19.795 0.023 53626.278017 19.55 0.022 53626.279684 19.322 0.058 -1.94599 -0.490878
53628.263716 20.357 0.173 53628.265382 20.11 0.056 53628.262049 19.771 0.037 53628.262882 19.545 0.033 53628.264549 19.43 0.089 -1.94599 -0.490878
53637.265332 20.448 0.125 53637.266998 20.024 0.031 53637.263665 19.708 0.03 53637.264498 19.508 0.032 53637.266165 19.41 0.102 -1.94599 -0.490878
53639.310709 20.359 0.075 53639.312375 20.114 0.023 53639.309042 19.806 0.021 53639.309875 19.5 0.02 53639.311542 19.352 0.058 -1.94599 -0.490878
53644.257788 20.384 0.066 53644.259454 20.12 0.024 53644.256121 19.768 0.024 53644.256954 19.563 0.024 53644.258621 19.473 0.057 -1.94599 -0.490878
53654.292402 20.431 0.072 53654.294068 20.16 0.02 53654.290735 19.769 0.019 53654.291568 19.549 0.02 53654.293235 19.515 0.071 -1.94599 -0.490878
53656.239996 20.689 0.241 53656.241662 20.063 0.051 53656.238329 19.735 0.039 53656.239162 19.476 0.032 53656.240829 19.382 0.084 -1.94599 -0.490878
53663.253304 20.601 0.145 53663.25497 20.154 0.036 53663.251637 19.823 0.024 53663.25247 19.545 0.02 53663.254137 19.412 0.058 -1.94599 -0.490878
53665.231274 -99.99 0.522 53665.23294 -99.99 0.157 53665.229607 -99.99 0.13 53665.23044 19.525 0.137 53665.232107 -99.99 0.294 -1.94599 -0.490878
53668.242904 20.314 0.083 53668.24457 20.139 0.023 53668.241237 19.793 0.024 53668.24207 19.49 0.028 53668.243737 19.507 0.101 -1.94599 -0.490878
53670.247758 -99.99 0.076 53670.249424 20.143 0.02 53670.246091 19.794 0.019 53670.246924 19.507 0.02 53670.248591 19.446 0.067 -1.94599 -0.490878
53673.215741 20.483 0.074 53673.217407 20.103 0.02 53673.214074 19.8 0.02 53673.214907 19.517 0.021 53673.216574 19.415 0.063 -1.94599 -0.490878
53675.212629 20.431 0.077 53675.214295 20.077 0.021 53675.210962 19.776 0.024 53675.211795 19.491 0.024 53675.213462 19.292 0.065 -1.94599 -0.490878
53677.233662 20.35 0.058 53677.235328 20.09 0.018 53677.231995 19.807 0.017 53677.232828 19.558 0.017 53677.234495 19.444 0.049 -1.94599 -0.490878
53680.220327 20.455 0.073 53680.221993 20.092 0.018 53680.21866 19.792 0.021 53680.219493 19.536 0.02 53680.22116 19.485 0.057 -1.94599 -0.490878
53693.222225 20.666 0.2 53693.223891 20.033 0.043 53693.220558 19.764 0.031 53693.221391 19.468 0.026 53693.223058 19.395 0.07 -1.94599 -0.490878
53698.219617 -99.99 0.927 53698.221283 20.091 0.027 53698.21795 -99.99 0.099 53698.218783 -99.99 0.023 53698.22045 -99.99 0.597 -1.94599 -0.490878
53704.205549 20.386 0.071 53704.207215 20.051 0.02 53704.203882 19.77 0.019 53704.204715 19.455 0.019 53704.206382 19.367 0.064 -1.94599 -0.490878
53974.298206 20.402 0.064 53974.299872 20.063 0.028 53974.296539 19.759 0.021 53974.297372 19.512 0.023 53974.299039 19.437 0.053 -1.94599 -0.490878
53989.301619 20.325 0.114 53989.303286 20.014 0.038 53989.299953 19.788 0.03 53989.300786 19.479 0.027 53989.302453 19.487 0.071 -1.94599 -0.490878
53997.397263 20.37 0.064 53997.39893 20.067 0.022 53997.395597 19.729 0.021 53997.39643 19.538 0.021 53997.398097 19.46 0.055 -1.94599 -0.490878
54000.277013 20.418 0.081 54000.27868 20.072 0.026 54000.275346 19.756 0.03 54000.27618 19.434 0.029 54000.277846 19.346 0.068 -1.94599 -0.490878
54007.327179 20.373 0.071 54007.328846 20.11 0.028 54007.325512 19.782 0.027 54007.326346 19.524 0.023 54007.328012 19.376 0.063 -1.94599 -0.490878
54009.250963 20.355 0.062 54009.252629 20.118 0.024 54009.249296 19.79 0.022 54009.250129 19.54 0.025 54009.251796 19.541 0.069 -1.94599 -0.490878
54011.315462 20.498 0.089 54011.317129 20.118 0.029 54011.313796 19.777 0.025 54011.314629 19.574 0.023 54011.316296 19.436 0.049 -1.94599 -0.490878
54019.265637 20.434 0.089 54019.267303 20.137 0.03 54019.26397 19.771 0.023 54019.264803 19.566 0.019 54019.26647 19.483 0.053 -1.94599 -0.490878
54025.314449 20.599 0.089 54025.316115 20.131 0.023 54025.312782 19.81 0.025 54025.313615 19.533 0.025 54025.315282 19.525 0.078 -1.94599 -0.490878
54029.24478 20.45 0.089 54029.246447 20.118 0.025 54029.243113 19.801 0.022 54029.243947 19.527 0.024 54029.245613 19.495 0.07 -1.94599 -0.490878
54348.312194 20.471 0.082 54348.31386 20.18 0.042 54348.310527 19.854 0.025 54348.31136 19.589 0.025 54348.313027 19.489 0.077 -1.94599 -0.490878
54358.26801 20.552 0.096 54358.269677 20.266 0.031 54358.266344 19.862 0.027 54358.267177 19.596 0.03 54358.268844 19.409 0.072 -1.94599 -0.490878
54365.301078 20.449 0.087 54365.302745 20.136 0.03 54365.299412 19.91 0.025 54365.300245 19.558 0.026 54365.301912 19.423 0.071 -1.94599 -0.490878
54373.375318 20.782 0.307 54373.376984 -99.99 0.071 54373.373651 19.858 0.038 54373.374484 19.603 0.031 54373.376151 19.389 0.099 -1.94599 -0.490878
54381.320664 20.572 0.072 54381.322331 20.262 0.027 54381.318998 19.899 0.022 54381.319831 19.659 0.026 54381.321498 19.526 0.066 -1.94599 -0.490878
54386.312948 20.872 0.121 54386.314614 20.301 0.033 54386.311281 19.866 0.026 54386.312114 19.58 0.023 54386.313781 19.497 0.086 -1.94599 -0.490878
54388.317245 20.556 0.08 54388.318912 20.228 0.023 54388.315578 19.932 0.024 54388.316412 19.681 0.021 54388.318078 19.538 0.062 -1.94599 -0.490878
54403.230996 20.484 0.148 54403.232663 20.226 0.038 54403.22933 19.913 0.029 54403.230163 19.636 0.026 54403.23183 19.602 0.108 -1.94599 -0.490878
54404.288561 20.61 0.116 54404.290227 20.216 0.034 54404.286894 19.931 0.024 54404.287727 19.674 0.024 54404.289394 19.38 0.051 -1.94599 -0.490878
54405.28655 20.434 0.084 54405.288217 20.279 0.031 54405.284884 19.881 0.025 54405.285717 19.634 0.023 54405.287384 19.569 0.071 -1.94599 -0.490878
54406.224824 20.45 0.058 54406.226491 20.211 0.025 54406.223158 19.91 0.027 54406.223991 19.627 0.025 54406.225658 19.512 0.058 -1.94599 -0.490878
54412.227752 20.471 0.099 54412.229418 20.238 0.026 54412.226085 19.869 0.029 54412.226918 19.56 0.032 54412.228585 19.49 0.093 -1.94599 -0.490878
