51081.282453 20.897 0.134 51081.284119 20.597 0.041 51081.280786 20.393 0.048 51081.281619 20.148 0.052 51081.283286 20.039 0.171 -0.408501 -0.68203
51819.353582 20.616 0.087 51819.355248 20.55 0.027 51819.351915 20.373 0.031 51819.352748 20.162 0.032 51819.354415 20.313 0.147 -0.408501 -0.68203
52558.318846 21.103 0.127 52558.320512 21.301 0.051 52558.317179 20.922 0.042 52558.318012 20.598 0.039 52558.319679 21.208 0.266 -0.408501 -0.68203
52586.209825 21.194 0.128 52586.211491 21.369 0.047 52586.208158 21.013 0.057 52586.208991 20.847 0.072 52586.210658 20.117 0.146 -0.408501 -0.68203
52910.290306 21.731 0.179 52910.291972 21.466 0.047 52910.288639 20.961 0.042 52910.289472 20.803 0.049 52910.291139 20.725 0.184 -0.408501 -0.68203
52931.220508 21.561 0.187 52931.222174 21.486 0.062 52931.218841 21.076 0.057 52931.219674 20.812 0.059 52931.221341 20.775 0.22 -0.408501 -0.68203
52935.217472 21.415 0.167 52935.219138 21.466 0.056 52935.215805 21.013 0.056 52935.216638 20.627 0.053 52935.218305 21.006 0.296 -0.408501 -0.68203
52959.1608 21.761 0.168 52959.162466 21.387 0.043 52959.159133 21.079 0.046 52959.159966 20.838 0.046 52959.161633 20.54 0.134 -0.408501 -0.68203
53352.111609 21.234 0.117 53352.113275 21.045 0.036 53352.109942 20.744 0.039 53352.110775 20.557 0.046 53352.112442 20.485 0.175 -0.408501 -0.68203
53634.269381 21.267 0.435 53634.271047 21.482 0.249 53634.267714 20.772 0.098 53634.268547 20.364 0.085 53634.270214 20.048 0.175 -0.408501 -0.68203
53640.274751 21.258 0.264 53640.276417 -99.99 0.176 53640.273084 20.717 0.061 53640.273917 20.533 0.064 53640.275584 20.132 0.276 -0.408501 -0.68203
53655.246922 21.165 0.355 53655.248588 21.382 0.161 53655.245255 20.822 0.104 53655.246088 20.556 0.095 53655.247755 20.684 0.326 -0.408501 -0.68203
53666.235484 21.449 0.185 53666.23715 21.218 0.059 53666.233817 20.912 0.049 53666.23465 20.603 0.05 53666.236317 20.935 0.253 -0.408501 -0.68203
53674.215357 21.409 0.167 53674.217023 21.219 0.048 53674.21369 20.958 0.051 53674.214523 20.588 0.049 53674.21619 20.88 0.243 -0.408501 -0.68203
53681.268241 21.431 0.211 53681.269907 21.247 0.047 53681.266574 20.887 0.059 53681.267407 20.681 0.057 53681.269074 20.828 0.222 -0.408501 -0.68203
53685.227291 22.839 2.128 53685.228957 21.302 0.266 53685.225624 20.745 0.175 53685.226457 20.455 0.112 53685.228124 20.52 0.313 -0.408501 -0.68203
53700.224223 21.252 0.176 53700.225889 21.13 0.05 53700.222556 20.822 0.052 53700.223389 20.457 0.051 53700.225056 21.441 0.435 -0.408501 -0.68203
53705.210893 21.251 0.168 53705.212559 21.187 0.05 53705.209226 20.816 0.046 53705.210059 20.533 0.045 53705.211726 20.882 0.219 -0.408501 -0.68203
53975.29591 21.165 0.137 53975.297577 21.352 0.045 53975.294244 20.914 0.05 53975.295077 20.732 0.065 53975.296744 20.59 0.189 -0.408501 -0.68203
53993.36372 21.417 0.17 53993.365386 -99.99 0.064 53993.362053 20.998 0.065 53993.362886 20.701 0.064 53993.364553 20.498 0.144 -0.408501 -0.68203
53996.302619 21.2 0.115 53996.304286 21.133 0.041 53996.300953 20.991 0.047 53996.301786 20.806 0.053 53996.303453 21.245 0.308 -0.408501 -0.68203
53998.271258 21.05 0.233 53998.272925 -99.99 1.655 53998.269592 20.962 0.041 53998.270425 20.615 0.086 53998.272092 99.985 99.999 -0.408501 -0.68203
54005.301489 21.207 0.106 54005.303156 21.299 0.039 54005.299823 20.919 0.033 54005.300656 20.788 0.039 54005.302323 20.79 0.157 -0.408501 -0.68203
54030.249118 21.517 0.144 54030.250785 21.405 0.04 54030.247452 21.075 0.042 54030.248285 20.878 0.045 54030.249952 20.875 0.185 -0.408501 -0.68203
54035.325004 21.394 0.254 54035.326671 21.306 0.07 54035.323338 21.02 0.076 54035.324171 20.84 0.086 54035.325838 20.614 0.263 -0.408501 -0.68203
54037.230355 21.457 0.164 54037.232022 21.437 0.053 54037.228689 21.062 0.06 54037.229522 20.681 0.052 54037.231189 21.013 0.259 -0.408501 -0.68203
54040.24486 21.501 0.36 54040.246527 21.372 0.136 54040.243193 21.092 0.1 54040.244027 20.837 0.076 54040.245693 21.056 0.298 -0.408501 -0.68203
54049.271303 21.86 0.676 54049.272969 21.23 0.125 54049.269636 21.156 0.116 54049.270469 20.726 0.084 54049.272136 21.187 0.463 -0.408501 -0.68203
54053.235615 21.508 0.175 54053.237282 21.42 0.052 54053.233948 20.987 0.047 54053.234782 20.824 0.051 54053.236448 21.24 0.296 -0.408501 -0.68203
54062.236486 21.205 0.215 54062.238152 21.275 0.073 54062.234819 20.844 0.061 54062.235652 20.752 0.088 54062.237319 20.644 0.321 -0.408501 -0.68203
54068.217058 21.497 0.425 54068.218725 21.294 0.147 54068.215392 20.976 0.116 54068.216225 20.613 0.082 54068.217892 20.889 0.326 -0.408501 -0.68203
54357.274781 21.123 0.133 54357.276448 21.12 0.043 54357.273115 20.838 0.042 54357.273948 20.653 0.043 54357.275615 20.697 0.181 -0.408501 -0.68203
54362.324649 -99.99 4.651 54362.326315 21.182 0.04 54362.322982 -99.99 0.101 54362.323815 -99.99 0.169 54362.325482 -99.99 0.447 -0.408501 -0.68203
54382.304796 21.251 0.176 54382.306463 21.215 0.05 54382.30313 20.972 0.06 54382.303963 20.538 0.055 54382.30563 20.94 0.317 -0.408501 -0.68203
54385.322605 21.095 0.112 54385.324272 21.268 0.041 54385.320938 21.051 0.048 54385.321772 20.601 0.043 54385.323438 20.69 0.166 -0.408501 -0.68203
54392.317817 21.53 0.261 54392.319483 21.341 0.056 54392.31615 20.914 0.054 54392.316983 20.711 0.064 54392.31865 21.008 0.283 -0.408501 -0.68203
