51081.27167 20.519 0.103 51081.273336 20.201 0.027 51081.270003 20.061 0.033 51081.270836 19.672 0.034 51081.272503 19.441 0.088 -4.340282 -0.623362
52196.288364 20.484 0.071 52196.29003 20.311 0.024 52196.286697 20.065 0.023 52196.28753 19.617 0.022 52196.289197 19.501 0.077 -4.340282 -0.623362
52197.301472 20.553 0.071 52197.303138 20.299 0.02 52197.299805 20.062 0.024 52197.300638 19.657 0.02 52197.302305 19.382 0.062 -4.340282 -0.623362
52225.151641 20.517 0.064 52225.153307 20.28 0.021 52225.149974 20.094 0.024 52225.150807 19.682 0.022 52225.152474 19.549 0.074 -4.340282 -0.623362
52231.187425 20.58 0.071 52231.189091 20.295 0.021 52231.185758 20.133 0.023 52231.186591 19.664 0.02 52231.188258 19.473 0.062 -4.340282 -0.623362
52253.173597 20.496 0.118 52253.175263 20.328 0.03 52253.17193 20.134 0.036 52253.172763 19.703 0.029 52253.17443 19.52 0.088 -4.340282 -0.623362
52557.295429 20.677 0.096 52557.297095 20.482 0.029 52557.293762 20.137 0.026 52557.294595 19.719 0.026 52557.296262 19.512 0.08 -4.340282 -0.623362
52578.191512 20.627 0.068 52578.193178 20.389 0.022 52578.189845 20.174 0.024 52578.190678 19.736 0.022 52578.192345 19.543 0.07 -4.340282 -0.623362
52908.269994 20.484 0.074 52908.27166 20.404 0.026 52908.268327 20.184 0.029 52908.26916 19.742 0.027 52908.270827 19.591 0.084 -4.340282 -0.623362
52911.28378 20.527 0.075 52911.285446 20.384 0.025 52911.282113 20.205 0.028 52911.282946 19.74 0.025 52911.284613 19.717 0.088 -4.340282 -0.623362
52930.161153 20.641 0.108 52930.162819 20.385 0.027 52930.159486 20.194 0.028 52930.160319 19.75 0.03 52930.161986 19.585 0.088 -4.340282 -0.623362
52934.201894 20.603 0.081 52934.20356 20.376 0.024 52934.200227 20.164 0.027 52934.20106 19.745 0.026 52934.202727 19.619 0.08 -4.340282 -0.623362
52936.197821 20.516 0.068 52936.199487 20.397 0.023 52936.196154 20.166 0.025 52936.196987 19.76 0.023 52936.198654 19.529 0.062 -4.340282 -0.623362
52962.123342 20.609 0.081 52962.125008 20.419 0.026 52962.121675 20.178 0.028 52962.122508 19.665 0.025 52962.124175 19.495 0.073 -4.340282 -0.623362
53270.26188 20.239 0.051 53270.263546 20.103 0.024 53270.260213 19.955 0.022 53270.261046 19.566 0.022 53270.262713 19.522 0.053 -4.340282 -0.623362
53272.311825 20.254 0.079 53272.313491 20.119 0.034 53272.310158 19.939 0.027 53272.310991 19.574 0.024 53272.312658 19.394 0.06 -4.340282 -0.623362
53286.280544 20.337 0.11 53286.28221 20.056 0.025 53286.278877 19.945 0.029 53286.27971 19.55 0.028 53286.281377 19.314 0.079 -4.340282 -0.623362
53288.239033 20.302 0.061 53288.240699 20.127 0.018 53288.237366 19.961 0.02 53288.238199 19.609 0.019 53288.239866 19.456 0.055 -4.340282 -0.623362
53294.266347 20.349 0.068 53294.268014 20.128 0.023 53294.264681 19.983 0.026 53294.265514 19.575 0.025 53294.267181 19.455 0.074 -4.340282 -0.623362
53302.234701 20.336 0.138 53302.236367 20.16 0.053 53302.233034 19.983 0.038 53302.233867 19.574 0.029 53302.235534 19.469 0.079 -4.340282 -0.623362
53312.190243 20.326 0.08 53312.19191 20.081 0.032 53312.188577 19.969 0.03 53312.18941 19.608 0.032 53312.191077 19.554 0.098 -4.340282 -0.623362
53314.19143 20.325 0.063 53314.193096 20.133 0.02 53314.189763 19.943 0.024 53314.190596 19.593 0.023 53314.192263 19.431 0.069 -4.340282 -0.623362
53616.295795 20.534 0.092 53616.297461 20.34 0.031 53616.294128 20.076 0.031 53616.294961 19.692 0.029 53616.296628 19.58 0.116 -4.340282 -0.623362
53622.309021 20.551 0.091 53622.310687 20.316 0.027 53622.307354 20.127 0.029 53622.308187 19.748 0.029 53622.309854 19.474 0.086 -4.340282 -0.623362
53623.286006 -99.99 0.089 53623.287672 20.354 0.026 53623.284339 20.081 0.025 53623.285172 -99.99 0.038 53623.286839 19.689 0.085 -4.340282 -0.623362
53626.27222 20.568 0.093 53626.273886 -99.99 0.045 53626.270553 20.116 0.031 53626.271386 19.705 0.027 53626.273053 19.512 0.072 -4.340282 -0.623362
53628.257085 20.349 0.157 53628.258751 20.317 0.067 53628.255418 20.189 0.056 53628.256251 19.651 0.035 53628.257918 19.391 0.089 -4.340282 -0.623362
53637.2587 20.348 0.116 53637.260366 20.444 0.047 53637.257033 20.091 0.04 53637.257866 19.832 0.041 53637.259533 19.485 0.11 -4.340282 -0.623362
53639.304078 20.816 0.102 53639.305744 20.373 0.025 53639.302411 20.189 0.028 53639.303244 19.755 0.023 53639.304911 19.497 0.063 -4.340282 -0.623362
53644.251165 20.579 0.069 53644.252832 20.386 0.03 53644.249499 20.191 0.024 53644.250332 19.74 0.02 53644.251999 19.57 0.057 -4.340282 -0.623362
53654.285771 20.624 0.091 53654.287437 20.364 0.024 53654.284104 20.169 0.025 53654.284937 19.729 0.024 53654.286604 19.575 0.083 -4.340282 -0.623362
53656.233365 20.29 0.176 53656.235031 20.415 0.079 53656.231698 20.084 0.06 53656.232531 19.582 0.039 53656.234198 19.417 0.11 -4.340282 -0.623362
53663.246673 20.569 0.137 53663.248339 20.375 0.045 53663.245006 20.188 0.034 53663.245839 19.782 0.025 53663.247506 19.484 0.065 -4.340282 -0.623362
53668.236273 20.683 0.134 53668.237939 20.357 0.029 53668.234606 20.12 0.039 53668.235439 19.713 0.038 53668.237106 19.444 0.108 -4.340282 -0.623362
53670.241126 20.672 0.086 53670.242792 20.375 0.023 53670.239459 20.21 0.027 53670.240292 19.747 0.024 53670.241959 19.494 0.068 -4.340282 -0.623362
53673.20911 20.586 0.077 53673.210776 20.431 0.023 53673.207443 20.175 0.029 53673.208276 19.748 0.023 53673.209943 19.616 0.071 -4.340282 -0.623362
53675.205998 20.618 0.101 53675.207664 20.393 0.025 53675.204331 20.191 0.034 53675.205164 19.71 0.031 53675.206831 19.581 0.09 -4.340282 -0.623362
53677.22703 20.666 0.075 53677.228696 20.393 0.021 53677.225363 20.13 0.022 53677.226196 19.763 0.02 53677.227863 19.581 0.057 -4.340282 -0.623362
53680.213695 20.743 0.089 53680.215361 20.381 0.023 53680.212028 20.138 0.027 53680.212861 19.773 0.023 53680.214528 19.531 0.061 -4.340282 -0.623362
53693.215594 20.481 0.159 53693.21726 20.293 0.054 53693.213927 20.048 0.039 53693.21476 19.623 0.028 53693.216427 19.421 0.073 -4.340282 -0.623362
53704.198917 20.497 0.076 53704.200583 20.357 0.023 53704.19725 20.113 0.024 53704.198083 19.737 0.024 53704.19975 19.43 0.065 -4.340282 -0.623362
53974.291642 20.632 0.071 53974.293309 20.405 0.022 53974.289975 20.126 0.026 53974.290809 19.773 0.023 53974.292475 19.514 0.061 -4.340282 -0.623362
53989.294969 20.682 0.154 53989.296636 20.301 0.048 53989.293303 20.141 0.04 53989.294136 19.789 0.03 53989.295803 19.494 0.061 -4.340282 -0.623362
53997.390643 20.848 0.113 53997.39231 20.388 0.039 53997.388977 20.136 0.031 53997.38981 19.69 0.029 53997.391477 19.502 0.074 -4.340282 -0.623362
54000.27038 20.576 0.082 54000.272047 20.354 0.04 54000.268713 20.153 0.032 54000.269547 19.727 0.026 54000.271213 19.622 0.091 -4.340282 -0.623362
54007.320564 20.484 0.073 54007.322231 20.339 0.029 54007.318898 20.121 0.027 54007.319731 19.748 0.025 54007.321398 19.483 0.082 -4.340282 -0.623362
54009.244326 20.645 0.082 54009.245992 20.339 0.03 54009.242659 20.143 0.032 54009.243492 19.707 0.025 54009.245159 19.504 0.06 -4.340282 -0.623362
54011.308795 20.581 0.099 54011.310461 20.321 0.041 54011.307128 20.166 0.036 54011.307961 19.688 0.026 54011.309628 19.464 0.052 -4.340282 -0.623362
54019.259013 20.562 0.095 54019.26068 20.384 0.033 54019.257346 20.149 0.027 54019.25818 19.757 0.025 54019.259846 19.503 0.052 -4.340282 -0.623362
54024.326349 -99.99 0.11 54024.328016 20.335 0.028 54024.324683 20.099 0.034 54024.325516 19.71 0.032 54024.327183 19.484 0.095 -4.340282 -0.623362
54025.307827 20.614 0.133 54025.309493 20.38 0.029 54025.30616 20.195 0.042 54025.306993 19.804 0.041 54025.30866 19.674 0.098 -4.340282 -0.623362
54029.238164 20.574 0.086 54029.23983 20.357 0.03 54029.236497 20.188 0.028 54029.23733 19.787 0.024 54029.238997 19.473 0.08 -4.340282 -0.623362
54059.220739 100.014 99.999 54059.222405 99.99 99.999 54059.219072 20.189 0.037 54059.219905 19.748 0.032 54059.221572 19.338 0.086 -4.340282 -0.623362
54348.305579 20.36 0.079 54348.307245 20.15 0.023 54348.303912 20.023 0.025 54348.304745 19.595 0.03 54348.306412 19.57 0.081 -4.340282 -0.623362
54357.263961 100.02 99.999 54357.265627 99.992 99.999 54357.262294 19.964 0.026 54357.263127 -99.99 99.999 54357.264794 99.998 99.999 -4.340282 -0.623362
54358.261424 20.269 0.075 54358.263091 20.157 0.035 54358.259758 20.04 0.03 54358.260591 19.608 0.026 54358.262258 19.4 0.068 -4.340282 -0.623362
54362.313701 20.46 0.116 54362.315368 -99.99 0.053 54362.312034 -99.99 0.064 54362.312868 -99.99 1.012 54362.314534 -99.99 0.155 -4.340282 -0.623362
54365.294514 20.176 0.115 54365.296181 20.259 0.04 54365.292847 20.049 0.043 54365.293681 19.622 0.037 54365.295347 19.551 0.105 -4.340282 -0.623362
54373.36868 20.452 0.197 54373.370347 20.187 0.065 54373.367013 20.033 0.042 54373.367847 19.718 0.033 54373.369513 19.414 0.075 -4.340282 -0.623362
54381.314029 20.52 0.07 54381.315695 20.26 0.022 54381.312362 20.086 0.025 54381.313195 19.677 0.023 54381.314862 19.578 0.071 -4.340282 -0.623362
54386.306332 20.588 0.089 54386.307999 20.263 0.028 54386.304665 20.063 0.026 54386.305499 19.656 0.025 54386.307165 19.412 0.066 -4.340282 -0.623362
54388.310585 20.479 0.073 54388.312252 20.283 0.026 54388.308919 20.112 0.023 54388.309752 19.654 0.026 54388.311419 19.404 0.06 -4.340282 -0.623362
54403.224374 20.359 0.109 54403.226041 20.294 0.045 54403.222707 20.057 0.039 54403.223541 19.632 0.03 54403.225207 19.463 0.078 -4.340282 -0.623362
54404.28197 20.35 0.087 54404.283637 20.259 0.035 54404.280303 20.096 0.026 54404.281137 19.688 0.021 54404.282803 19.526 0.061 -4.340282 -0.623362
54405.279904 20.434 0.094 54405.28157 20.275 0.033 54405.278237 20.079 0.026 54405.27907 19.733 0.023 54405.280737 19.555 0.068 -4.340282 -0.623362
54406.218198 20.475 0.089 54406.219865 20.273 0.03 54406.216531 20.052 0.037 54406.217365 19.755 0.033 54406.219031 19.577 0.065 -4.340282 -0.623362
54412.221123 20.55 0.082 54412.22279 20.266 0.033 54412.219457 20.127 0.033 54412.22029 19.708 0.037 54412.221957 19.428 0.079 -4.340282 -0.623362
