51075.292145 19.72 0.035 51075.293811 19.373 0.013 51075.290478 19.091 0.014 51075.291311 19.024 0.018 51075.292978 18.955 0.072 -2.783533 0.273511
52196.292673 19.308 0.029 52196.294339 19.112 0.01 52196.291006 18.914 0.011 52196.291839 18.844 0.014 52196.293506 18.896 0.051 -2.783533 0.273511
52197.305781 19.322 0.028 52197.307447 19.109 0.01 52197.304114 18.919 0.011 52197.304947 18.88 0.013 52197.306614 18.79 0.044 -2.783533 0.273511
52225.155953 19.236 0.026 52225.157619 19.098 0.01 52225.154286 18.89 0.011 52225.155119 18.853 0.013 52225.156786 18.802 0.042 -2.783533 0.273511
52231.191736 19.249 0.027 52231.193402 19.094 0.01 52231.190069 18.899 0.011 52231.190902 18.843 0.012 52231.192569 18.857 0.043 -2.783533 0.273511
52253.177908 19.28 0.041 52253.179574 19.082 0.013 52253.176241 18.862 0.013 52253.177074 18.805 0.016 52253.178741 18.691 0.056 -2.783533 0.273511
52557.299741 19.33 0.033 52557.301407 19.115 0.011 52557.298074 18.912 0.012 52557.298907 18.836 0.014 52557.300574 18.733 0.045 -2.783533 0.273511
52578.195823 19.282 0.026 52578.197489 19.133 0.01 52578.194156 18.887 0.01 52578.194989 18.849 0.013 52578.196656 18.836 0.044 -2.783533 0.273511
52908.274307 19.552 0.038 52908.275973 19.309 0.012 52908.27264 19.088 0.012 52908.273473 18.994 0.016 52908.27514 18.922 0.055 -2.783533 0.273511
52911.288092 19.502 0.04 52911.289758 19.297 0.013 52911.286425 19.083 0.015 52911.287258 19.006 0.019 52911.288925 18.82 0.059 -2.783533 0.273511
52930.165465 19.546 0.039 52930.167131 19.341 0.012 52930.163798 19.071 0.012 52930.164631 19.009 0.016 52930.166298 18.922 0.058 -2.783533 0.273511
52934.206207 19.646 0.043 52934.207873 19.316 0.012 52934.20454 19.076 0.013 52934.205373 19.019 0.017 52934.20704 19.025 0.066 -2.783533 0.273511
52936.202133 19.573 0.034 52936.203799 19.235 0.01 52936.200466 19.092 0.012 52936.201299 19.032 0.014 52936.202966 18.956 0.048 -2.783533 0.273511
52962.127654 19.598 0.036 52962.12932 19.381 0.012 52962.125987 19.085 0.014 52962.12682 19.032 0.016 52962.128487 18.999 0.06 -2.783533 0.273511
53270.26624 19.687 0.032 53270.267906 19.387 0.016 53270.264573 19.172 0.019 53270.265406 19.09 0.016 53270.267073 18.839 0.041 -2.783533 0.273511
53272.316137 19.687 0.046 53272.317803 19.425 0.016 53272.31447 19.177 0.016 53272.315303 19.116 0.017 53272.31697 18.992 0.051 -2.783533 0.273511
53286.284856 19.629 0.052 53286.286522 19.413 0.017 53286.283189 19.161 0.018 53286.284022 19.099 0.02 53286.285689 19.056 0.09 -2.783533 0.273511
53288.243347 19.584 0.035 53288.245013 19.389 0.011 53288.24168 19.144 0.012 53288.242513 19.096 0.014 53288.24418 18.93 0.044 -2.783533 0.273511
53294.291022 19.642 0.045 53294.292688 19.399 0.013 53294.289355 19.154 0.015 53294.290188 19.112 0.02 53294.291855 19.13 0.074 -2.783533 0.273511
53302.239013 19.668 0.059 53302.240679 19.42 0.023 53302.237346 19.176 0.019 53302.238179 19.094 0.02 53302.239846 19.003 0.056 -2.783533 0.273511
53312.194572 19.64 0.043 53312.196239 19.432 0.022 53312.192906 19.19 0.019 53312.193739 19.145 0.021 53312.195406 19.013 0.07 -2.783533 0.273511
53314.195744 19.649 0.038 53314.19741 19.406 0.012 53314.194077 19.161 0.013 53314.19491 19.079 0.016 53314.196577 19.02 0.058 -2.783533 0.273511
53616.300107 19.464 0.045 53616.301773 19.253 0.013 53616.29844 19.029 0.013 53616.299273 18.962 0.019 53616.30094 18.888 0.066 -2.783533 0.273511
53623.290318 19.465 0.038 53623.291984 19.238 0.013 53623.288651 19.001 0.012 53623.289484 18.945 0.015 53623.291151 -99.99 0.075 -2.783533 0.273511
53626.276532 19.535 0.04 53626.278198 19.241 0.014 53626.274865 18.993 0.013 53626.275698 -99.99 0.038 53626.277365 18.929 0.054 -2.783533 0.273511
53628.261397 19.428 0.07 53628.263063 19.215 0.025 53628.25973 19.047 0.019 53628.260563 18.966 0.021 53628.26223 18.903 0.068 -2.783533 0.273511
53637.263012 19.45 0.054 53637.264678 19.197 0.016 53637.261345 18.962 0.016 53637.262178 18.935 0.02 53637.263845 18.893 0.079 -2.783533 0.273511
53639.308389 19.391 0.035 53639.310055 19.202 0.012 53639.306722 18.957 0.012 53639.307555 18.943 0.014 53639.309222 18.921 0.052 -2.783533 0.273511
53644.255506 19.36 0.029 53644.257173 19.198 0.018 53644.25384 19.004 0.02 53644.254673 18.948 0.023 53644.25634 18.813 0.043 -2.783533 0.273511
53654.290082 19.342 0.035 53654.291748 19.195 0.016 53654.288415 18.972 0.016 53654.289248 18.917 0.02 53654.290915 18.795 0.049 -2.783533 0.273511
53656.237677 19.369 0.057 53656.239343 19.185 0.024 53656.23601 18.99 0.019 53656.236843 18.897 0.019 53656.23851 18.87 0.067 -2.783533 0.273511
53663.250985 19.359 0.041 53663.252651 19.167 0.015 53663.249318 18.982 0.013 53663.250151 18.941 0.014 53663.251818 18.88 0.042 -2.783533 0.273511
53665.228954 19.297 0.107 53665.23062 19.061 0.06 53665.227287 18.922 0.055 53665.22812 18.869 0.065 53665.229787 18.704 0.185 -2.783533 0.273511
53668.240585 19.428 0.041 53668.242251 19.225 0.012 53668.238918 18.977 0.015 53668.239751 18.961 0.019 53668.241418 18.888 0.063 -2.783533 0.273511
53670.245438 19.436 0.034 53670.247104 19.206 0.01 53670.243771 18.979 0.011 53670.244604 18.905 0.014 53670.246271 18.839 0.044 -2.783533 0.273511
53673.213422 19.393 0.032 53673.215088 19.192 0.01 53673.211755 18.975 0.011 53673.212588 18.937 0.014 53673.214255 18.89 0.047 -2.783533 0.273511
53675.21031 19.447 0.035 53675.211976 19.187 0.011 53675.208643 18.961 0.013 53675.209476 18.921 0.016 53675.211143 18.873 0.057 -2.783533 0.273511
53677.231341 19.4 0.03 53677.233007 19.181 0.01 53677.229674 18.988 0.011 53677.230507 18.932 0.013 53677.232174 18.919 0.039 -2.783533 0.273511
53680.218007 19.375 0.034 53680.219673 19.196 0.011 53680.21634 18.963 0.011 53680.217173 18.903 0.013 53680.21884 18.882 0.048 -2.783533 0.273511
53693.219906 19.299 0.057 53693.221572 19.181 0.02 53693.218239 18.939 0.016 53693.219072 18.883 0.016 53693.220739 18.795 0.053 -2.783533 0.273511
53704.203229 19.519 0.037 53704.204895 19.224 0.011 53704.201562 18.991 0.011 53704.202395 18.932 0.014 53704.204062 18.902 0.049 -2.783533 0.273511
53974.295891 19.425 0.029 53974.297557 19.278 0.022 53974.294224 19.006 0.015 53974.295057 18.934 0.015 53974.296724 18.874 0.041 -2.783533 0.273511
53989.299272 19.481 0.066 53989.300939 19.312 0.022 53989.297606 19.054 0.019 53989.298439 18.972 0.019 53989.300106 18.873 0.044 -2.783533 0.273511
53997.394917 19.606 0.046 53997.396583 -99.99 0.023 53997.39325 -99.99 0.019 53997.394083 18.925 0.02 53997.39575 -99.99 0.041 -2.783533 0.273511
54000.274721 19.599 0.042 54000.276387 19.309 0.019 54000.273054 19.021 0.018 54000.273887 18.93 0.023 54000.275554 18.882 0.056 -2.783533 0.273511
54007.324925 -99.99 0.037 54007.326591 19.297 0.022 54007.323258 19.02 0.019 54007.324091 18.964 0.019 54007.325758 18.92 0.046 -2.783533 0.273511
54009.248636 19.501 0.041 54009.250303 19.307 0.019 54009.24697 19.015 0.018 54009.247803 18.934 0.023 54009.24947 18.86 0.051 -2.783533 0.273511
54011.313105 19.605 0.043 54011.314772 19.282 0.016 54011.311438 19.016 0.019 54011.312272 18.933 0.016 54011.313938 18.88 0.038 -2.783533 0.273511
54019.263357 19.582 0.041 54019.265024 19.312 0.02 54019.26169 19.026 0.016 54019.262524 18.952 0.017 54019.26419 18.9 0.04 -2.783533 0.273511
54025.312121 19.6 0.043 54025.313788 19.341 0.019 54025.310454 19.031 0.017 54025.311288 18.934 0.018 54025.312954 18.78 0.05 -2.783533 0.273511
54029.242526 19.542 0.035 54029.244192 19.309 0.021 54029.240859 19.052 0.017 54029.241692 18.93 0.017 54029.243359 18.979 0.053 -2.783533 0.273511
54348.309853 19.507 0.04 54348.31152 19.249 0.021 54348.308186 18.959 0.02 54348.30902 18.904 0.027 54348.310686 18.775 0.05 -2.783533 0.273511
54358.265699 19.554 0.041 54358.267365 19.253 0.028 54358.264032 18.952 0.022 54358.264865 18.911 0.023 54358.266532 18.718 0.05 -2.783533 0.273511
54365.298765 19.541 0.043 54365.300432 -99.99 0.02 54365.297099 19.007 0.022 54365.297932 18.882 0.024 54365.299599 18.871 0.052 -2.783533 0.273511
54373.372971 19.479 0.077 54373.374638 19.288 0.027 54373.371304 18.981 0.019 54373.372138 18.947 0.022 54373.373804 18.925 0.062 -2.783533 0.273511
54381.318338 19.551 0.032 54381.320004 19.282 0.02 54381.316671 19.002 0.02 54381.317504 18.886 0.02 54381.319171 18.814 0.042 -2.783533 0.273511
54386.310694 19.544 0.041 54386.31236 19.256 0.016 54386.309027 19.014 0.018 54386.30986 18.886 0.018 54386.311527 18.833 0.05 -2.783533 0.273511
54388.314894 19.609 0.043 54388.316561 19.267 0.015 54388.313227 18.958 0.017 54388.314061 18.875 0.02 54388.315727 18.949 0.048 -2.783533 0.273511
54403.228818 19.526 0.056 54403.230484 19.321 0.02 54403.227151 19.015 0.018 54403.227984 18.906 0.02 54403.229651 18.813 0.046 -2.783533 0.273511
54404.286256 19.594 0.048 54404.287923 19.315 0.023 54404.284589 18.984 0.018 54404.285423 18.916 0.019 54404.287089 18.839 0.041 -2.783533 0.273511
54405.284233 19.627 0.047 54405.2859 19.293 0.024 54405.282567 18.976 0.014 54405.2834 18.898 0.018 54405.285067 18.949 0.051 -2.783533 0.273511
54406.222525 19.561 0.036 54406.224192 19.283 0.021 54406.220859 18.987 0.016 54406.221692 18.903 0.019 54406.223359 18.834 0.04 -2.783533 0.273511
54412.225478 19.516 0.049 54412.227145 19.316 0.02 54412.223811 18.994 0.017 54412.224645 18.928 0.021 54412.226311 19.016 0.08 -2.783533 0.273511
