51075.295938 22.537 0.391 51075.297604 20.62 0.031 51075.294271 20.208 0.028 51075.295104 19.996 0.037 51075.296771 19.972 0.15 -1.414171 -0.592788
52196.296533 22.703 0.437 52196.298199 20.663 0.028 52196.294866 20.273 0.029 52196.295699 20.078 0.03 52196.297366 19.976 0.106 -1.414171 -0.592788
52197.309641 24.283 1.23 52197.311307 20.732 0.028 52197.307974 20.29 0.029 52197.308807 20.064 0.029 52197.310474 20.019 0.101 -1.414171 -0.592788
52225.159746 -99.99 0.521 52225.161412 20.745 0.028 52225.158079 20.373 0.03 52225.158912 20.217 0.033 52225.160579 20.119 0.113 -1.414171 -0.592788
52231.195531 23.597 0.752 52231.197197 20.738 0.028 52231.193864 20.364 0.026 52231.194697 20.109 0.026 52231.196364 19.984 0.089 -1.414171 -0.592788
52253.181701 22.789 0.811 52253.183367 20.628 0.039 52253.180034 20.33 0.044 52253.180867 20.108 0.044 52253.182534 19.81 0.116 -1.414171 -0.592788
52557.303532 22.651 0.535 52557.305198 20.585 0.03 52557.301865 20.159 0.028 52557.302698 20.031 0.036 52557.304365 20.094 0.147 -1.414171 -0.592788
52578.199616 22.676 0.404 52578.201282 20.567 0.028 52578.197949 20.2 0.025 52578.198782 19.974 0.026 52578.200449 19.974 0.1 -1.414171 -0.592788
52908.278099 22.504 0.432 52908.279765 20.573 0.029 52908.276432 20.151 0.027 52908.277265 19.907 0.029 52908.278932 19.816 0.103 -1.414171 -0.592788
52911.291885 22.263 0.488 52911.293551 20.474 0.03 52911.290218 20.068 0.029 52911.291051 19.891 0.036 52911.292718 19.995 0.167 -1.414171 -0.592788
52930.169257 -99.99 0.531 52930.170923 20.526 0.029 52930.16759 20.065 0.026 52930.168423 19.905 0.029 52930.17009 19.787 0.099 -1.414171 -0.592788
52934.209999 23.388 0.961 52934.211665 20.463 0.03 52934.208332 20.072 0.028 52934.209165 19.889 0.033 52934.210832 20.004 0.128 -1.414171 -0.592788
52936.205925 22.131 0.232 52936.207591 20.559 0.024 52936.204258 20.164 0.023 52936.205091 19.944 0.024 52936.206758 19.732 0.067 -1.414171 -0.592788
52962.131447 22.951 0.58 52962.133113 20.575 0.032 52962.12978 20.159 0.028 52962.130613 19.901 0.03 52962.13228 19.687 0.094 -1.414171 -0.592788
53270.270098 22.81 0.442 53270.271765 20.732 0.038 53270.268431 20.304 0.027 53270.269265 20.126 0.028 53270.270931 20.055 0.096 -1.414171 -0.592788
53272.319929 23.043 0.798 53272.321595 20.796 0.05 53272.318262 20.355 0.037 53272.319095 20.081 0.032 53272.320762 20.1 0.105 -1.414171 -0.592788
53286.288649 -99.99 0.602 53286.290315 20.753 0.033 53286.286982 20.319 0.038 53286.287815 20.114 0.034 53286.289482 19.944 0.099 -1.414171 -0.592788
53288.247139 -99.99 0.669 53288.248805 20.725 0.028 53288.245472 20.303 0.027 53288.246305 20.093 0.027 53288.247972 20.042 0.09 -1.414171 -0.592788
53294.294813 -99.99 0.439 53294.296479 20.761 0.039 53294.293146 20.334 0.035 53294.293979 19.969 0.033 53294.295646 20.168 0.14 -1.414171 -0.592788
53302.242806 23.17 1.38 53302.244472 20.644 0.066 53302.241139 20.407 0.052 53302.241972 20.162 0.044 53302.243639 19.978 0.107 -1.414171 -0.592788
53312.198368 -99.99 0.645 53312.200035 20.781 0.048 53312.196701 20.343 0.041 53312.197535 20.164 0.044 53312.199201 19.854 0.115 -1.414171 -0.592788
53314.199535 23.111 0.601 53314.201201 20.774 0.03 53314.197868 20.36 0.032 53314.198701 20.08 0.033 53314.200368 19.905 0.103 -1.414171 -0.592788
53616.303899 23.897 1.638 53616.305565 20.559 0.034 53616.302232 20.178 0.033 53616.303065 19.972 0.045 53616.304732 19.818 0.118 -1.414171 -0.592788
53623.294111 -99.99 1.179 53623.295777 20.6 0.035 53623.292444 20.243 0.029 53623.293277 20.028 0.034 53623.294944 -99.99 0.181 -1.414171 -0.592788
53626.280323 22.797 0.602 53626.281989 20.641 0.038 53626.278656 20.254 0.033 53626.279489 19.998 0.031 53626.281156 20.042 0.101 -1.414171 -0.592788
53628.265189 -99.99 1.027 53628.266855 20.434 0.076 53628.263522 20.223 0.063 53628.264355 19.985 0.051 53628.266022 19.847 0.135 -1.414171 -0.592788
53637.266805 23.176 1.283 53637.268471 20.61 0.055 53637.265138 20.211 0.041 53637.265971 20.037 0.045 53637.267638 20.119 0.186 -1.414171 -0.592788
53639.312182 23.21 0.789 53639.313848 20.643 0.034 53639.310515 20.244 0.03 53639.311348 20.074 0.032 53639.313015 20.071 0.106 -1.414171 -0.592788
53644.259271 22.141 0.269 53644.260937 20.689 0.032 53644.257604 20.288 0.03 53644.258437 20.002 0.038 53644.260104 19.848 0.081 -1.414171 -0.592788
53654.293875 23.027 0.634 53654.295541 20.666 0.028 53654.292208 20.229 0.026 53654.293041 20.063 0.03 53654.294708 20.055 0.115 -1.414171 -0.592788
53656.241469 23.247 1.95 53656.243135 20.591 0.081 53656.239802 20.245 0.065 53656.240635 20.022 0.049 53656.242302 19.767 0.11 -1.414171 -0.592788
53663.254778 23.213 1.348 53663.256444 20.659 0.053 53663.253111 20.248 0.035 53663.253944 19.924 0.028 53663.255611 20.093 0.097 -1.414171 -0.592788
53665.232747 -99.99 2.58 53665.234413 20.007 0.152 53665.23108 -99.99 0.23 53665.231913 -99.99 0.189 53665.23358 19.762 0.453 -1.414171 -0.592788
53668.244378 22.607 0.644 53668.246044 20.632 0.036 53668.242711 20.267 0.037 53668.243544 20.022 0.04 53668.245211 19.928 0.157 -1.414171 -0.592788
53670.24923 23.068 0.632 53670.250896 20.647 0.029 53670.247563 20.211 0.027 53670.248396 19.981 0.028 53670.250063 19.868 0.096 -1.414171 -0.592788
53673.217214 22.174 0.31 53673.21888 20.737 0.033 53673.215547 20.317 0.031 53673.21638 20 0.028 53673.218047 19.986 0.1 -1.414171 -0.592788
53675.214103 23.476 0.902 53675.215769 20.601 0.029 53675.212436 20.224 0.033 53675.213269 20.037 0.033 53675.214936 19.779 0.103 -1.414171 -0.592788
53677.235134 22.834 0.439 53677.2368 20.637 0.026 53677.233467 20.314 0.025 53677.2343 19.981 0.023 53677.235967 20.068 0.082 -1.414171 -0.592788
53680.2218 23.049 0.568 53680.223466 20.637 0.026 53680.220133 20.285 0.029 53680.220966 20.007 0.026 53680.222633 19.964 0.085 -1.414171 -0.592788
53693.223698 -99.99 2.456 53693.225364 20.674 0.072 53693.222031 20.169 0.042 53693.222864 20.076 0.037 53693.224531 19.837 0.1 -1.414171 -0.592788
53704.207021 22.948 0.623 53704.208687 20.602 0.03 53704.205354 20.237 0.027 53704.206187 19.964 0.028 53704.207854 -99.99 0.101 -1.414171 -0.592788
53974.299783 22.557 0.327 53974.301449 20.634 0.026 53974.298116 20.221 0.024 53974.298949 20.057 0.025 53974.300616 19.963 0.078 -1.414171 -0.592788
53989.303081 22.382 0.695 53989.304747 20.581 0.064 53989.301414 20.257 0.042 53989.302247 20.105 0.037 53989.303914 19.748 0.075 -1.414171 -0.592788
53997.398782 24.133 1.751 53997.400448 20.615 0.038 53997.397115 20.295 0.026 53997.397948 20.064 0.028 53997.399615 20.061 0.096 -1.414171 -0.592788
54000.278679 22.279 0.365 54000.280346 20.637 0.036 54000.277013 20.256 0.037 54000.277846 20 0.035 54000.279513 19.609 0.086 -1.414171 -0.592788
54007.328648 24.668 3.012 54007.330315 20.628 0.029 54007.326982 20.251 0.028 54007.327815 19.953 0.031 54007.329482 19.932 0.094 -1.414171 -0.592788
54009.252593 23.588 1.051 54009.254259 20.637 0.037 54009.250926 20.269 0.031 54009.251759 19.984 0.028 54009.253426 19.946 0.09 -1.414171 -0.592788
54011.317024 22.834 0.694 54011.318691 20.752 0.047 54011.315357 20.251 0.03 54011.316191 20.027 0.029 54011.317857 19.89 0.073 -1.414171 -0.592788
54019.267112 -99.99 1.816 54019.268778 20.658 0.041 54019.265445 20.257 0.026 54019.266278 20.039 0.028 54019.267945 20.115 0.096 -1.414171 -0.592788
54025.316039 22.13 0.348 54025.317706 20.613 0.037 54025.314372 20.294 0.032 54025.315206 20.033 0.032 54025.316872 20.27 0.154 -1.414171 -0.592788
54029.246406 24.193 1.962 54029.248073 20.591 0.029 54029.24474 20.251 0.038 54029.245573 20.032 0.033 54029.24724 19.966 0.115 -1.414171 -0.592788
54348.313664 30.066 99.999 54348.31533 20.62 0.053 54348.311997 20.255 0.029 54348.31283 20.075 0.04 54348.314497 19.916 0.109 -1.414171 -0.592788
54358.269509 22.5 0.516 54358.271175 20.64 0.04 54358.267842 20.277 0.036 54358.268675 20.018 0.043 54358.270342 19.856 0.112 -1.414171 -0.592788
54365.302656 22.628 0.509 54365.304323 20.686 0.044 54365.300989 20.189 0.032 54365.301823 20.003 0.033 54365.303489 19.944 0.106 -1.414171 -0.592788
54373.376724 -99.99 0.806 54373.378391 20.743 0.111 54373.375058 20.209 0.053 54373.375891 19.871 0.059 54373.377558 19.859 0.125 -1.414171 -0.592788
54386.314572 23.491 1.335 54386.316239 20.572 0.036 54386.312906 20.233 0.034 54386.313739 20.002 0.035 54386.315406 19.729 0.106 -1.414171 -0.592788
54388.318705 23.021 0.662 54388.320372 20.659 0.034 54388.317038 20.292 0.029 54388.317872 20.006 0.033 54388.319538 19.976 0.091 -1.414171 -0.592788
54403.232479 23.112 1.325 54403.234146 20.444 0.053 54403.230813 20.245 0.044 54403.231646 20.011 0.052 54403.233313 19.919 0.102 -1.414171 -0.592788
54404.290116 22.519 0.583 54404.291783 20.672 0.05 54404.288449 20.289 0.031 54404.289283 19.914 0.025 54404.290949 19.942 0.088 -1.414171 -0.592788
54405.288049 23.666 1.634 54405.289716 20.584 0.04 54405.286383 20.222 0.029 54405.287216 20.087 0.031 54405.288883 19.917 0.094 -1.414171 -0.592788
54406.226441 24.107 1.38 54406.228108 20.631 0.028 54406.224774 20.249 0.025 54406.225608 19.985 0.028 54406.227274 19.872 0.071 -1.414171 -0.592788
54412.229248 -99.99 1.445 54412.230915 20.598 0.039 54412.227581 20.297 0.038 54412.228415 19.972 0.038 54412.230081 19.768 0.125 -1.414171 -0.592788
