51075.291671 20.166 0.052 51075.293337 19.85 0.017 51075.290004 19.752 0.022 51075.290837 19.393 0.027 51075.292504 19.585 0.113 -2.956049 1.097619
52196.292196 19.941 0.045 52196.293862 19.724 0.015 52196.290529 19.625 0.018 52196.291362 19.322 0.021 52196.293029 19.398 0.073 -2.956049 1.097619
52197.305321 19.989 0.046 52197.306987 19.746 0.014 52197.303654 19.617 0.016 52197.304487 19.343 0.019 52197.306154 19.234 0.056 -2.956049 1.097619
52225.155475 20.062 0.043 52225.157141 19.737 0.014 52225.153808 19.637 0.018 52225.154641 19.355 0.02 52225.156308 19.305 0.061 -2.956049 1.097619
52231.191259 19.908 0.042 52231.192925 19.72 0.014 52231.189592 19.625 0.017 52231.190425 19.337 0.02 52231.192092 19.141 0.05 -2.956049 1.097619
52253.17743 19.956 0.071 52253.179096 19.691 0.02 52253.175763 19.572 0.022 52253.176596 19.339 0.025 52253.178263 19.204 0.071 -2.956049 1.097619
52557.299263 19.925 0.052 52557.300929 19.638 0.015 52557.297596 19.588 0.019 52557.298429 19.359 0.023 52557.300096 19.225 0.065 -2.956049 1.097619
52578.195345 19.919 0.039 52578.197011 19.667 0.013 52578.193678 19.606 0.017 52578.194511 19.365 0.02 52578.196178 19.301 0.059 -2.956049 1.097619
52908.273829 20.156 0.057 52908.275495 19.684 0.015 52908.272162 19.597 0.017 52908.272995 19.393 0.023 52908.274662 19.197 0.068 -2.956049 1.097619
52911.287614 20.016 0.054 52911.28928 19.721 0.016 52911.285947 19.572 0.019 52911.28678 19.385 0.026 52911.288447 19.264 0.075 -2.956049 1.097619
52930.164987 20.002 0.054 52930.166653 19.668 0.015 52930.16332 19.575 0.018 52930.164153 19.325 0.023 52930.16582 19.172 0.066 -2.956049 1.097619
52934.20573 20.016 0.055 52934.207396 19.714 0.015 52934.204063 19.597 0.019 52934.204896 19.32 0.023 52934.206563 19.294 0.079 -2.956049 1.097619
52936.201655 20.009 0.045 52936.203321 19.721 0.014 52936.199988 19.593 0.016 52936.200821 19.374 0.02 52936.202488 19.232 0.059 -2.956049 1.097619
52962.127177 20.07 0.051 52962.128843 19.738 0.016 52962.12551 19.6 0.02 52962.126343 19.305 0.023 52962.12801 19.157 0.06 -2.956049 1.097619
53270.265721 19.796 0.049 53270.267388 19.453 0.017 53270.264054 19.394 0.019 53270.264888 19.17 0.021 53270.266554 19.081 0.043 -2.956049 1.097619
53272.315659 19.689 0.047 53272.317325 19.416 0.018 53272.313992 19.396 0.019 53272.314825 19.159 0.021 53272.316492 19.072 0.054 -2.956049 1.097619
53286.284379 19.635 0.051 53286.286045 19.464 0.02 53286.282712 19.405 0.021 53286.283545 19.191 0.024 53286.285212 19.126 0.071 -2.956049 1.097619
53288.24287 19.796 0.039 53288.244536 19.433 0.012 53288.241203 19.39 0.014 53288.242036 19.155 0.018 53288.243703 19.106 0.048 -2.956049 1.097619
53294.290544 19.793 0.049 53294.29221 19.468 0.013 53294.288877 19.372 0.017 53294.28971 19.15 0.022 53294.291377 19.134 0.068 -2.956049 1.097619
53302.238535 19.814 0.077 53302.240201 19.503 0.025 53302.236868 19.419 0.025 53302.237701 19.156 0.025 53302.239368 19.109 0.06 -2.956049 1.097619
53312.194072 19.814 0.049 53312.195738 19.5 0.019 53312.192405 19.382 0.021 53312.193238 19.146 0.025 53312.194905 19.03 0.063 -2.956049 1.097619
53314.195265 19.809 0.042 53314.196931 19.48 0.013 53314.193598 19.383 0.016 53314.194431 19.161 0.02 53314.196098 19.11 0.06 -2.956049 1.097619
53616.299632 19.83 0.059 53616.301298 19.566 0.018 53616.297965 19.464 0.018 53616.298798 19.212 0.024 53616.300465 19.091 0.069 -2.956049 1.097619
53623.289843 -99.99 0.048 53623.291509 19.594 0.024 53623.288176 19.45 0.02 53623.289009 19.196 0.023 53623.290676 19.149 0.064 -2.956049 1.097619
53626.276055 -99.99 0.088 53626.277721 19.598 0.019 53626.274388 19.471 0.024 53626.275221 19.2 0.021 53626.276888 19.112 0.057 -2.956049 1.097619
53628.26092 19.86 0.109 53628.262586 19.489 0.034 53628.259253 19.429 0.029 53628.260086 19.157 0.027 53628.261753 19.064 0.071 -2.956049 1.097619
53637.262536 19.874 0.07 53637.264202 19.554 0.022 53637.260869 19.465 0.023 53637.261702 19.158 0.026 53637.263369 19.314 0.102 -2.956049 1.097619
53639.307914 19.761 0.046 53639.30958 19.549 0.015 53639.306247 19.444 0.016 53639.30708 19.224 0.019 53639.308747 19.021 0.047 -2.956049 1.097619
53644.25499 19.835 0.044 53644.256657 19.531 0.024 53644.253323 19.465 0.018 53644.254157 19.227 0.021 53644.255823 19.179 0.046 -2.956049 1.097619
53654.289605 19.926 0.046 53654.291271 19.555 0.013 53654.287938 19.435 0.016 53654.288771 19.219 0.02 53654.290438 19.032 0.05 -2.956049 1.097619
53656.2372 19.827 0.085 53656.238866 19.525 0.031 53656.235533 19.399 0.028 53656.236366 19.148 0.028 53656.238033 19.128 0.073 -2.956049 1.097619
53663.250509 19.859 0.065 53663.252175 19.574 0.022 53663.248842 19.421 0.02 53663.249675 19.227 0.02 53663.251342 19.032 0.045 -2.956049 1.097619
53668.24011 19.635 0.05 53668.241776 19.476 0.014 53668.238443 19.446 0.019 53668.239276 19.173 0.025 53668.240943 19.027 0.069 -2.956049 1.097619
53670.24496 19.728 0.043 53670.246626 19.509 0.013 53670.243293 19.395 0.017 53670.244126 19.152 0.019 53670.245793 19.071 0.05 -2.956049 1.097619
53673.212945 19.826 0.044 53673.214611 19.529 0.013 53673.211278 19.416 0.015 53673.212111 19.169 0.018 53673.213778 19.081 0.051 -2.956049 1.097619
53675.209833 19.846 0.049 53675.211499 19.504 0.013 53675.208166 19.406 0.02 53675.208999 19.141 0.024 53675.210666 19.115 0.065 -2.956049 1.097619
53677.230864 19.801 0.039 53677.23253 19.508 0.012 53677.229197 19.396 0.015 53677.23003 19.182 0.016 53677.231697 19.12 0.042 -2.956049 1.097619
53680.21753 19.783 0.043 53680.219196 19.521 0.014 53680.215863 19.413 0.015 53680.216696 19.163 0.017 53680.218363 19.15 0.052 -2.956049 1.097619
53693.219427 19.66 0.073 53693.221093 19.476 0.027 53693.21776 19.39 0.022 53693.218593 19.162 0.023 53693.22026 18.99 0.05 -2.956049 1.097619
53704.202753 19.718 0.041 53704.204419 19.473 0.013 53704.201086 19.387 0.016 53704.201919 19.184 0.018 53704.203586 19.1 0.052 -2.956049 1.097619
53974.295439 19.765 0.038 53974.297106 19.508 0.021 53974.293772 19.381 0.022 53974.294606 19.16 0.02 53974.296272 19.053 0.045 -2.956049 1.097619
53989.298879 19.846 0.07 53989.300546 19.511 0.026 53989.297212 19.397 0.03 53989.298046 19.128 0.021 53989.299712 18.888 0.047 -2.956049 1.097619
53997.394465 19.764 0.05 53997.396132 19.504 0.016 53997.392798 19.395 0.019 53997.393632 -99.99 0.024 53997.395298 -99.99 0.04 -2.956049 1.097619
54000.2743 19.82 0.049 54000.275967 19.501 0.018 54000.272633 19.391 0.022 54000.273467 19.119 0.022 54000.275133 19.17 0.065 -2.956049 1.097619
54007.324456 19.876 0.042 54007.326123 19.548 0.019 54007.322789 19.408 0.025 54007.323623 19.131 0.022 54007.325289 19.154 0.055 -2.956049 1.097619
54009.248149 19.814 0.04 54009.249815 19.508 0.015 54009.246482 19.407 0.018 54009.247315 19.145 0.019 54009.248982 19.175 0.055 -2.956049 1.097619
54011.312645 19.793 0.047 54011.314311 19.541 0.023 54011.310978 19.414 0.021 54011.311811 19.16 0.021 54011.313478 -99.99 0.044 -2.956049 1.097619
54019.262934 19.796 0.048 54019.264601 19.567 0.022 54019.261267 19.386 0.017 54019.262101 19.188 0.017 54019.263767 19.076 0.043 -2.956049 1.097619
54025.311658 19.738 0.042 54025.313325 19.551 0.019 54025.309992 19.429 0.023 54025.310825 19.17 0.023 54025.312492 19.141 0.06 -2.956049 1.097619
54029.242058 19.767 0.045 54029.243725 19.522 0.019 54029.240392 19.426 0.021 54029.241225 19.189 0.022 54029.242892 19.153 0.066 -2.956049 1.097619
54348.309453 19.996 0.061 54348.31112 19.707 0.025 54348.307787 19.587 0.019 54348.30862 19.295 0.027 54348.310287 19.136 0.058 -2.956049 1.097619
54358.265281 19.799 0.053 54358.266948 19.642 0.024 54358.263615 19.528 0.025 54358.264448 19.206 0.028 54358.266115 19.075 0.057 -2.956049 1.097619
54365.298345 19.835 0.049 54365.300011 19.647 0.023 54365.296678 19.511 0.029 54365.297511 19.23 0.027 54365.299178 19.232 0.064 -2.956049 1.097619
54373.372579 20.122 0.127 54373.374245 19.544 0.036 54373.370912 19.443 0.029 54373.371745 19.231 0.029 54373.373412 19.185 0.061 -2.956049 1.097619
54381.317849 19.787 0.038 54381.319516 19.562 0.018 54381.316183 19.467 0.018 54381.317016 19.204 0.024 54381.318683 19.185 0.05 -2.956049 1.097619
54386.310225 19.864 0.047 54386.311892 19.539 0.018 54386.308558 19.485 0.018 54386.309392 19.21 0.022 54386.311058 19.099 0.052 -2.956049 1.097619
54388.314473 19.756 0.041 54388.316139 19.577 0.022 54388.312806 19.455 0.018 54388.313639 19.235 0.022 54388.315306 19.172 0.048 -2.956049 1.097619
54403.228199 19.569 0.059 54403.229866 19.476 0.022 54403.226532 19.393 0.023 54403.227366 19.157 0.023 54403.229032 19.043 0.058 -2.956049 1.097619
54404.285762 19.664 0.05 54404.287428 19.515 0.024 54404.284095 19.425 0.018 54404.284928 19.176 0.02 54404.286595 19.079 0.045 -2.956049 1.097619
54405.283728 19.618 0.046 54405.285395 19.506 0.023 54405.282061 19.416 0.021 54405.282895 19.129 0.021 54405.284561 19.079 0.048 -2.956049 1.097619
54406.222094 19.698 0.043 54406.223761 19.481 0.021 54406.220427 19.406 0.017 54406.221261 19.123 0.02 54406.222927 19.05 0.045 -2.956049 1.097619
54412.22496 19.65 0.045 54412.226626 -99.99 0.024 54412.223293 19.38 0.021 54412.224126 -99.99 0.024 54412.225793 -99.99 0.065 -2.956049 1.097619
