51081.280319 -99.99 0.019 51081.281985 18.063 0.006 51081.278652 17.839 0.007 51081.279485 17.831 0.008 51081.281152 17.865 0.031 -1.16421 0.129912
51467.375493 18.748 0.027 51467.377159 18.325 0.008 51467.373826 18.044 0.008 51467.374659 18.005 0.01 51467.376326 17.979 0.035 -1.16421 0.129912
51819.351486 18.511 0.02 51819.353152 18.097 0.006 51819.349819 17.865 0.007 51819.350652 17.858 0.008 51819.352319 17.85 0.024 -1.16421 0.129912
52558.316753 18.744 0.021 52558.318419 18.338 0.007 52558.315086 18.126 0.007 52558.315919 18.116 0.008 52558.317586 18.132 0.024 -1.16421 0.129912
52577.204254 18.804 0.02 52577.20592 18.356 0.007 52577.202587 18.129 0.007 52577.20342 18.129 0.009 52577.205087 18.142 0.028 -1.16421 0.129912
52586.207732 18.742 0.021 52586.209398 18.368 0.007 52586.206065 18.127 0.008 52586.206898 18.132 0.01 52586.208565 18.203 0.033 -1.16421 0.129912
52910.288213 18.936 0.023 52910.289879 18.485 0.007 52910.286546 18.253 0.008 52910.287379 18.255 0.009 52910.289046 18.22 0.028 -1.16421 0.129912
52931.218415 18.893 0.024 52931.220081 18.475 0.007 52931.216748 18.223 0.008 52931.217581 18.242 0.009 52931.219248 18.281 0.031 -1.16421 0.129912
52935.215379 18.885 0.023 52935.217045 18.466 0.007 52935.213712 18.233 0.008 52935.214545 18.207 0.009 52935.216212 18.248 0.031 -1.16421 0.129912
52959.158707 18.866 0.022 52959.160373 18.469 0.007 52959.15704 18.205 0.008 52959.157873 18.223 0.009 52959.15954 18.212 0.024 -1.16421 0.129912
52963.138451 18.847 0.021 52963.140117 18.456 0.007 52963.136784 18.234 0.008 52963.137617 18.242 0.009 52963.139284 18.211 0.024 -1.16421 0.129912
53313.20858 19.01 0.034 53313.210246 18.494 0.008 53313.206913 18.246 0.009 53313.207746 18.223 0.011 53313.209413 18.137 0.04 -1.16421 0.129912
53352.109516 19.059 0.025 53352.111182 18.559 0.008 53352.107849 18.29 0.008 53352.108682 18.286 0.01 53352.110349 18.247 0.03 -1.16421 0.129912
53622.317819 19.033 0.032 53622.319485 18.57 0.009 53622.316152 18.344 0.009 53622.316985 18.358 0.012 53622.318652 18.31 0.041 -1.16421 0.129912
53634.26729 18.815 0.042 53634.268956 18.558 0.016 53634.265623 18.331 0.012 53634.266456 18.301 0.013 53634.268123 18.282 0.041 -1.16421 0.129912
53636.272822 19.022 0.041 53636.274488 18.574 0.012 53636.271155 -99.99 0.016 53636.271988 -99.99 0.013 53636.273655 -99.99 0.04 -1.16421 0.129912
53638.308623 18.889 0.026 53638.310289 18.567 0.008 53638.306956 18.33 0.009 53638.307789 18.311 0.01 53638.309456 18.263 0.031 -1.16421 0.129912
53640.272659 19.012 0.035 53640.274325 -99.99 0.009 53640.270992 18.321 0.009 53640.271825 18.237 0.012 53640.273492 18.267 0.041 -1.16421 0.129912
53655.24483 18.863 0.042 53655.246496 18.545 0.014 53655.243163 18.284 0.012 53655.243996 18.294 0.014 53655.245663 18.286 0.051 -1.16421 0.129912
53664.269787 18.837 0.036 53664.271453 18.562 0.011 53664.26812 18.299 0.012 53664.268953 18.283 0.011 53664.27062 18.369 0.037 -1.16421 0.129912
53666.233391 18.91 0.025 53666.235057 18.54 0.009 53666.231724 18.304 0.008 53666.232557 18.309 0.01 53666.234224 18.321 0.032 -1.16421 0.129912
53669.229029 18.863 0.023 53669.230695 18.522 0.007 53669.227362 18.311 0.008 53669.228195 18.304 0.01 53669.229862 18.326 0.03 -1.16421 0.129912
53671.313803 -99.99 0.038 53671.315469 18.539 0.008 53671.312136 18.295 0.009 53671.312969 18.325 0.011 53671.314636 18.238 0.037 -1.16421 0.129912
53674.213265 18.908 0.026 53674.214931 18.544 0.007 53674.211598 18.298 0.008 53674.212431 18.314 0.01 53674.214098 18.258 0.03 -1.16421 0.129912
53676.302745 18.844 0.027 53676.304411 18.546 0.008 53676.301078 18.291 0.008 53676.301911 18.306 0.01 53676.303578 18.33 0.031 -1.16421 0.129912
53679.274636 18.832 0.029 53679.276302 18.553 0.008 53679.272969 18.277 0.009 53679.273802 18.266 0.011 53679.275469 18.246 0.036 -1.16421 0.129912
53681.266148 -99.99 0.028 53681.267814 18.527 0.008 53681.264481 18.296 0.009 53681.265314 18.273 0.01 53681.266981 18.299 0.034 -1.16421 0.129912
53685.225199 19.012 0.067 53685.226865 18.566 0.019 53685.223532 18.332 0.017 53685.224365 18.339 0.017 53685.226032 18.353 0.052 -1.16421 0.129912
53694.239079 18.883 0.072 53694.240745 -99.99 0.018 53694.237412 18.301 0.016 53694.238245 18.338 0.02 53694.239912 18.252 0.059 -1.16421 0.129912
53697.223171 18.828 0.035 53697.224837 18.531 0.01 53697.221504 18.293 0.011 53697.222337 18.28 0.012 53697.224004 18.263 0.037 -1.16421 0.129912
53700.222129 18.819 0.027 53700.223795 18.497 0.008 53700.220462 18.256 0.008 53700.221295 18.272 0.01 53700.222962 18.227 0.032 -1.16421 0.129912
53705.2088 18.821 0.026 53705.210466 18.513 0.008 53705.207133 18.275 0.008 53705.207966 18.261 0.009 53705.209633 18.277 0.028 -1.16421 0.129912
53975.293868 19.164 0.05 53975.295534 18.715 0.017 53975.292201 18.432 0.017 53975.293034 18.399 0.012 53975.294701 18.352 0.046 -1.16421 0.129912
53993.361626 -99.99 0.031 53993.363293 18.754 0.018 53993.359959 18.441 0.034 53993.360793 18.393 0.017 53993.362459 -99.99 0.04 -1.16421 0.129912
53994.316846 19.235 0.029 53994.318513 18.731 0.02 53994.315179 18.426 0.015 53994.316013 18.407 0.014 53994.317679 18.425 0.034 -1.16421 0.129912
53996.300546 19.246 0.033 53996.302212 18.727 0.032 53996.298879 18.424 0.014 53996.299712 18.415 0.016 53996.301379 18.238 0.033 -1.16421 0.129912
53998.269165 -99.99 0.029 53998.270832 -99.99 0.018 53998.267499 18.424 0.013 53998.268332 -99.99 0.009 53998.269999 -99.99 0.037 -1.16421 0.129912
54005.299414 19.208 0.035 54005.301081 18.707 0.016 54005.297747 18.419 0.018 54005.298581 18.4 0.016 54005.300247 18.465 0.029 -1.16421 0.129912
54010.254717 19.19 0.031 54010.256384 18.693 0.017 54010.25305 18.416 0.015 54010.253884 18.395 0.015 54010.25555 18.383 0.028 -1.16421 0.129912
54012.247505 19.159 0.047 54012.249172 18.707 0.019 54012.245838 18.414 0.013 54012.246672 18.396 0.016 54012.248338 18.318 0.028 -1.16421 0.129912
54020.253492 19.215 0.039 54020.255159 18.685 0.028 54020.251826 18.416 0.015 54020.252659 18.445 0.023 54020.254326 18.376 0.04 -1.16421 0.129912
54024.335093 19.15 0.039 54024.33676 18.724 0.014 54024.333427 18.404 0.016 54024.33426 18.39 0.019 54024.335927 18.329 0.042 -1.16421 0.129912
54028.243856 19.202 0.028 54028.245523 18.734 0.02 54028.24219 18.41 0.015 54028.243023 18.396 0.025 54028.24469 18.363 0.034 -1.16421 0.129912
54030.247019 19.263 0.029 54030.248686 18.74 0.014 54030.245352 18.404 0.019 54030.246186 18.412 0.021 54030.247852 18.355 0.028 -1.16421 0.129912
54035.322799 19.253 0.046 54035.324466 18.751 0.02 54035.321132 18.407 0.018 54035.321966 18.396 0.023 54035.323632 18.335 0.041 -1.16421 0.129912
54037.228262 19.234 0.04 54037.229928 18.748 0.017 54037.226595 18.437 0.015 54037.227428 18.405 0.016 54037.229095 18.409 0.035 -1.16421 0.129912
54040.242833 19.24 0.045 54040.2445 18.735 0.018 54040.241166 18.442 0.013 54040.242 18.403 0.014 54040.243666 18.422 0.035 -1.16421 0.129912
54047.27339 -99.99 0.124 54047.275057 -99.99 0.026 54047.271724 18.472 0.032 54047.272557 18.415 0.019 54047.274224 18.378 0.057 -1.16421 0.129912
54049.269205 19.241 0.066 54049.270872 18.755 0.024 54049.267539 18.432 0.015 54049.268372 18.447 0.017 54049.270039 18.438 0.052 -1.16421 0.129912
54053.233527 19.219 0.044 54053.235194 18.759 0.012 54053.23186 18.427 0.017 54053.232694 18.406 0.015 54053.23436 18.416 0.035 -1.16421 0.129912
54056.2352 -99.99 0.145 54056.236867 18.786 0.041 54056.233534 -99.99 0.116 54056.234367 -99.99 0.021 54056.236034 -99.99 0.054 -1.16421 0.129912
54059.229517 19.274 0.055 54059.231184 18.785 0.024 54059.227851 18.416 0.034 54059.228684 18.454 0.021 54059.230351 18.374 0.078 -1.16421 0.129912
54062.234378 19.237 0.046 54062.236045 18.785 0.016 54062.232711 18.443 0.023 54062.233545 -99.99 0.015 54062.235211 18.295 0.048 -1.16421 0.129912
54068.214962 19.335 0.061 54068.216629 18.815 0.017 54068.213296 18.473 0.016 54068.214129 18.435 0.02 54068.215796 18.413 0.04 -1.16421 0.129912
54357.272706 19.219 0.035 54357.274373 18.748 0.025 54357.27104 18.446 0.016 54357.271873 18.406 0.022 54357.27354 18.42 0.033 -1.16421 0.129912
54362.322607 -99.99 0.119 54362.324273 -99.99 0.062 54362.32094 -99.99 0.09 54362.321773 18.448 0.017 54362.32344 -99.99 0.08 -1.16421 0.129912
54382.302752 19.172 0.034 54382.304419 18.701 0.021 54382.301085 18.372 0.02 54382.301919 18.389 0.012 54382.303585 18.403 0.042 -1.16421 0.129912
54385.320539 19.135 0.03 54385.322206 18.678 0.029 54385.318873 -99.99 0.027 54385.319706 18.379 0.026 54385.321373 18.409 0.038 -1.16421 0.129912
54387.321029 19.224 0.034 54387.322696 18.657 0.019 54387.319363 18.375 0.014 54387.320196 18.354 0.013 54387.321863 18.308 0.033 -1.16421 0.129912
54392.315791 19.128 0.035 54392.317457 18.639 0.021 54392.314124 18.386 0.018 54392.314957 18.331 0.016 54392.316624 18.369 0.039 -1.16421 0.129912
54402.314225 19.038 0.058 54402.315892 18.644 0.023 54402.312559 18.382 0.015 54402.313392 18.345 0.018 54402.315059 18.311 0.036 -1.16421 0.129912
