51081.270529 19.255 0.033 51081.272195 19.148 0.012 51081.268862 18.922 0.012 51081.269695 18.961 0.017 51081.271362 18.986 0.071 -4.7072 -0.394867
51467.365661 19.495 0.045 51467.367327 19.268 0.014 51467.363994 19.024 0.015 51467.364827 19.062 0.02 51467.366494 19.143 0.087 -4.7072 -0.394867
51819.341674 19.118 0.028 51819.34334 18.949 0.01 51819.340007 18.774 0.01 51819.34084 18.834 0.013 51819.342507 18.78 0.042 -4.7072 -0.394867
52558.306943 19.384 0.029 52558.308609 19.282 0.011 52558.305276 19.026 0.011 52558.306109 19.114 0.014 52558.307776 19.015 0.04 -4.7072 -0.394867
52577.19444 19.413 0.031 52577.196106 19.291 0.012 52577.192773 19.031 0.012 52577.193606 19.108 0.017 52577.195273 19 0.064 -4.7072 -0.394867
52586.197919 19.443 0.032 52586.199585 19.312 0.012 52586.196252 19.01 0.014 52586.197085 19.149 0.021 52586.198752 18.965 0.065 -4.7072 -0.394867
52910.278401 19.677 0.032 52910.280067 19.517 0.012 52910.276734 19.207 0.012 52910.277567 19.301 0.016 52910.279234 19.197 0.05 -4.7072 -0.394867
52931.208602 19.677 0.036 52931.210268 19.484 0.013 52931.206935 19.213 0.013 52931.207768 19.294 0.017 52931.209435 19.134 0.05 -4.7072 -0.394867
52935.205566 19.69 0.038 52935.207232 19.483 0.013 52935.203899 19.18 0.013 52935.204732 19.27 0.018 52935.206399 19.063 0.054 -4.7072 -0.394867
52959.148893 19.647 0.033 52959.150559 19.433 0.012 52959.147226 19.18 0.012 52959.148059 19.286 0.016 52959.149726 19.075 0.043 -4.7072 -0.394867
52963.128638 19.619 0.029 52963.130304 19.41 0.011 52963.126971 19.18 0.012 52963.127804 19.295 0.015 52963.129471 19.137 0.04 -4.7072 -0.394867
53313.198766 19.591 0.044 53313.200432 19.412 0.014 53313.197099 19.162 0.017 53313.197932 19.22 0.024 53313.199599 19.226 0.082 -4.7072 -0.394867
53352.099703 19.438 0.029 53352.101369 19.312 0.011 53352.098036 19.111 0.012 53352.098869 19.161 0.016 53352.100536 19.07 0.051 -4.7072 -0.394867
53622.308007 19.196 0.031 53622.309673 19.093 0.011 53622.30634 18.909 0.012 53622.307173 18.959 0.017 53622.30884 18.924 0.057 -4.7072 -0.394867
53634.257478 19.3 0.074 53634.259144 19.08 0.027 53634.255811 18.937 0.021 53634.256644 18.96 0.024 53634.258311 18.96 0.072 -4.7072 -0.394867
53636.263012 19.109 0.043 53636.264678 -99.99 0.023 53636.261345 18.901 0.015 53636.262178 18.953 0.019 53636.263845 18.973 0.059 -4.7072 -0.394867
53638.298813 19.136 0.028 53638.300479 19.091 0.011 53638.297146 18.912 0.011 53638.297979 18.982 0.014 53638.299646 18.965 0.043 -4.7072 -0.394867
53640.262847 -99.99 0.048 53640.264513 -99.99 0.03 53640.26118 18.88 0.012 53640.262013 18.974 0.017 53640.26368 -99.99 0.108 -4.7072 -0.394867
53655.235017 19.045 0.053 53655.236683 19.015 0.024 53655.23335 18.846 0.021 53655.234183 18.87 0.028 53655.23585 18.732 0.081 -4.7072 -0.394867
53664.259975 19.067 0.045 53664.261641 19.127 0.018 53664.258308 18.914 0.017 53664.259141 19.003 0.025 53664.260808 18.932 0.057 -4.7072 -0.394867
53666.223578 19.214 0.028 53666.225244 19.118 0.012 53666.221911 18.9 0.011 53666.222744 18.97 0.015 53666.224411 19.025 0.049 -4.7072 -0.394867
53669.219217 19.162 0.025 53669.220883 19.106 0.01 53669.21755 18.905 0.011 53669.218383 19.015 0.014 53669.22005 18.952 0.045 -4.7072 -0.394867
53671.303993 19.278 0.039 53671.305659 19.146 0.012 53671.302326 18.897 0.013 53671.303159 18.993 0.017 53671.304826 18.959 0.057 -4.7072 -0.394867
53674.203451 19.168 0.03 53674.205117 19.133 0.011 53674.201784 18.916 0.012 53674.202617 18.984 0.015 53674.204284 18.965 0.054 -4.7072 -0.394867
53676.292936 19.178 0.034 53676.294602 19.116 0.011 53676.291269 18.929 0.012 53676.292102 19.042 0.016 53676.293769 18.9 0.044 -4.7072 -0.394867
53679.264824 19.296 0.035 53679.26649 19.139 0.011 53679.263157 18.934 0.013 53679.26399 19.017 0.019 53679.265657 19.05 0.059 -4.7072 -0.394867
53681.256337 19.257 0.03 53681.258003 19.163 0.011 53681.25467 18.934 0.011 53681.255503 18.987 0.014 53681.25717 18.965 0.043 -4.7072 -0.394867
53685.215388 19.258 0.101 53685.217054 19.194 0.054 53685.213721 18.947 0.034 53685.214554 19.013 0.038 53685.216221 -99.99 0.154 -4.7072 -0.394867
53694.229267 -99.99 0.114 53694.230933 19.077 0.035 53694.2276 18.809 0.027 53694.228433 -99.99 0.034 53694.2301 -99.99 0.108 -4.7072 -0.394867
53697.21336 19.287 0.053 53697.215026 19.212 0.016 53697.211693 18.964 0.021 53697.212526 19.052 0.026 53697.214193 18.994 0.074 -4.7072 -0.394867
53700.21232 19.407 0.038 53700.213986 19.214 0.012 53700.210653 18.966 0.012 53700.211486 19.042 0.017 53700.213153 18.958 0.057 -4.7072 -0.394867
53705.198989 19.333 0.032 53705.200655 19.186 0.011 53705.197322 18.951 0.011 53705.198155 19.013 0.015 53705.199822 18.981 0.045 -4.7072 -0.394867
53975.284034 19.145 0.037 53975.285701 19.035 0.029 53975.282368 18.876 0.019 53975.283201 19.002 0.032 53975.284868 18.915 0.054 -4.7072 -0.394867
53993.351821 -99.99 0.03 53993.353488 -99.99 0.035 53993.350154 18.872 0.015 53993.350988 -99.99 0.021 53993.352654 -99.99 0.183 -4.7072 -0.394867
53994.307022 19.056 0.023 53994.308689 19.04 0.026 53994.305356 18.856 0.016 53994.306189 18.93 0.026 53994.307856 18.868 0.037 -4.7072 -0.394867
53996.290778 19.07 0.069 53996.292445 19.028 0.02 53996.289111 18.827 0.02 53996.289945 18.952 0.026 53996.291611 18.807 0.053 -4.7072 -0.394867
53998.25935 19.115 0.023 53998.261016 19.046 0.013 53998.257683 18.835 0.018 53998.258516 18.955 0.017 53998.260183 18.841 0.034 -4.7072 -0.394867
54005.289646 -99.99 0.026 54005.291313 19.081 0.012 54005.28798 18.856 0.016 54005.288813 19.008 0.018 54005.29048 18.94 0.037 -4.7072 -0.394867
54010.244844 19.183 0.028 54010.24651 19.109 0.015 54010.243177 18.921 0.018 54010.24401 18.974 0.022 54010.245677 18.906 0.035 -4.7072 -0.394867
54012.237696 19.199 0.043 54012.239363 19.072 0.021 54012.23603 18.909 0.017 54012.236863 18.986 0.02 54012.23853 18.93 0.042 -4.7072 -0.394867
54020.243682 19.273 0.034 54020.245348 19.102 0.022 54020.242015 18.926 0.017 54020.242848 18.998 0.022 54020.244515 18.919 0.049 -4.7072 -0.394867
54022.293017 -99.99 0.133 54022.294683 -99.99 0.057 54022.29135 18.883 0.018 54022.292183 19.027 0.049 54022.29385 -99.99 0.5 -4.7072 -0.394867
54024.325251 19.305 0.037 54024.326917 19.136 0.017 54024.323584 18.929 0.018 54024.324417 18.977 0.02 54024.326084 19.016 0.067 -4.7072 -0.394867
54028.234077 19.257 0.029 54028.235743 19.082 0.021 54028.23241 18.922 0.017 54028.233243 18.99 0.02 54028.23491 18.955 0.048 -4.7072 -0.394867
54030.237251 19.27 0.024 54030.238918 19.18 0.019 54030.235584 18.927 0.011 54030.236418 19.009 0.021 54030.238084 18.922 0.037 -4.7072 -0.394867
54035.312971 19.3 0.043 54035.314637 19.156 0.017 54035.311304 18.908 0.022 54035.312137 19.004 0.023 54035.313804 18.948 0.065 -4.7072 -0.394867
54037.218454 19.277 0.033 54037.220121 19.132 0.018 54037.216787 18.897 0.015 54037.217621 19.059 0.025 54037.219287 18.953 0.047 -4.7072 -0.394867
54040.232982 19.228 0.041 54040.234649 19.129 0.025 54040.231316 18.907 0.017 54040.232149 19.018 0.021 54040.233816 18.987 0.051 -4.7072 -0.394867
54049.259397 19.242 0.05 54049.261063 19.132 0.021 54049.25773 18.937 0.018 54049.258563 18.992 0.021 54049.26023 18.992 0.06 -4.7072 -0.394867
54053.223728 19.265 0.028 54053.225395 19.159 0.023 54053.222061 18.926 0.013 54053.222895 19.055 0.022 54053.224561 18.901 0.046 -4.7072 -0.394867
54056.225405 19.273 0.038 54056.227072 19.15 0.019 54056.223738 18.904 0.025 54056.224572 18.975 0.02 54056.226238 18.809 0.057 -4.7072 -0.394867
54059.219709 19.321 0.039 54059.221376 19.154 0.055 54059.218042 18.905 0.014 54059.218876 18.969 0.02 54059.220542 18.856 0.067 -4.7072 -0.394867
54062.224569 19.286 0.037 54062.226236 19.16 0.027 54062.222902 18.985 0.024 54062.223736 19.011 0.022 54062.225402 19.029 0.075 -4.7072 -0.394867
54357.262881 19.129 0.031 54357.264548 18.984 0.016 54357.261214 18.817 0.019 54357.262048 18.913 0.034 54357.263714 18.844 0.037 -4.7072 -0.394867
54362.312685 -99.99 0.103 54362.314351 18.975 0.02 54362.311018 -99.99 0.032 54362.311851 18.927 0.054 54362.313518 -99.99 0.077 -4.7072 -0.394867
54382.292919 19.077 0.03 54382.294586 18.991 0.041 54382.291253 18.814 0.018 54382.292086 18.945 0.026 54382.293753 18.737 0.053 -4.7072 -0.394867
54385.310687 19.052 0.062 54385.312353 18.972 0.027 54385.30902 18.801 0.019 54385.309853 18.843 0.024 54385.31152 18.919 0.045 -4.7072 -0.394867
54387.311223 19.115 0.035 54387.312889 19.007 0.02 54387.309556 18.778 0.013 54387.310389 18.836 0.017 54387.312056 18.804 0.046 -4.7072 -0.394867
54392.305942 19.18 0.029 54392.307609 18.967 0.02 54392.304275 18.763 0.022 54392.305109 18.882 0.02 54392.306775 18.827 0.043 -4.7072 -0.394867
54402.304375 19.109 0.056 54402.306042 18.894 0.025 54402.302708 18.739 0.021 54402.303542 18.866 0.021 54402.305208 18.782 0.044 -4.7072 -0.394867
