51081.270839 19.414 0.038 51081.272505 19.236 0.013 51081.269172 19.01 0.013 51081.270005 19.073 0.021 51081.271672 19.153 0.077 -4.583652 0.61231
51819.342002 19.615 0.038 51819.343668 19.386 0.013 51819.340335 19.084 0.012 51819.341168 19.105 0.018 51819.342835 19.13 0.054 -4.583652 0.61231
52558.307283 19.609 0.033 52558.308949 19.395 0.013 52558.305616 19.109 0.012 52558.306449 19.185 0.016 52558.308116 19.228 0.043 -4.583652 0.61231
52577.194782 19.587 0.034 52577.196448 19.351 0.012 52577.193115 19.092 0.012 52577.193948 19.17 0.02 52577.195615 19.124 0.071 -4.583652 0.61231
52586.19826 19.565 0.033 52586.199926 19.373 0.013 52586.196593 19.102 0.015 52586.197426 19.174 0.024 52586.199093 19.274 0.084 -4.583652 0.61231
52910.278743 19.523 0.028 52910.280409 19.244 0.011 52910.277076 19.048 0.011 52910.277909 19.083 0.016 52910.279576 19.058 0.045 -4.583652 0.61231
52931.208944 19.5 0.031 52931.21061 19.254 0.011 52931.207277 19.001 0.011 52931.20811 19.108 0.017 52931.209777 19.104 0.049 -4.583652 0.61231
52935.205909 19.439 0.031 52935.207575 19.223 0.011 52935.204242 18.992 0.012 52935.205075 19.067 0.018 52935.206742 19.08 0.053 -4.583652 0.61231
52959.149236 -99.99 0.027 52959.150902 19.227 0.011 52959.147569 19.004 0.011 52959.148402 19.067 0.015 52959.150069 19.022 0.039 -4.583652 0.61231
52963.12898 19.411 0.026 52963.130646 19.217 0.01 52963.127313 18.991 0.011 52963.128146 19.065 0.014 52963.129813 19.11 0.04 -4.583652 0.61231
53313.199108 19.181 0.032 53313.200774 19.035 0.012 53313.197441 18.851 0.013 53313.198274 18.884 0.021 53313.199941 18.983 0.065 -4.583652 0.61231
53352.100046 19.256 0.025 53352.101712 19.068 0.01 53352.098379 18.826 0.01 53352.099212 18.911 0.015 53352.100879 18.958 0.045 -4.583652 0.61231
53622.308349 19.616 0.041 53622.310015 19.323 0.013 53622.306682 19.046 0.013 53622.307515 19.102 0.021 53622.309182 19.046 0.056 -4.583652 0.61231
53634.257819 19.548 0.086 53634.259485 19.273 0.031 53634.256152 18.996 0.021 53634.256985 19.079 0.03 53634.258652 18.934 0.071 -4.583652 0.61231
53636.263353 19.529 0.058 53636.265019 19.286 0.029 53636.261686 19.019 0.016 53636.262519 19.036 0.024 53636.264186 19.128 0.075 -4.583652 0.61231
53638.299153 19.497 0.035 53638.300819 19.296 0.013 53638.297486 19.017 0.012 53638.298319 19.099 0.017 53638.299986 19.066 0.046 -4.583652 0.61231
53640.263189 19.546 0.064 53640.264855 -99.99 0.021 53640.261522 18.99 0.013 53640.262355 19.054 0.02 53640.264022 -99.99 0.114 -4.583652 0.61231
53655.235359 19.57 0.083 53655.237025 19.25 0.029 53655.233692 19.052 0.023 53655.234525 19.065 0.037 53655.236192 19.017 0.095 -4.583652 0.61231
53664.260316 19.587 0.066 53664.261982 19.308 0.02 53664.258649 19.047 0.02 53664.259482 19.106 0.029 53664.261149 19.018 0.059 -4.583652 0.61231
53666.22392 19.548 0.034 53666.225586 19.332 0.014 53666.222253 19.01 0.012 53666.223086 19.138 0.018 53666.224753 19.165 0.053 -4.583652 0.61231
53669.219558 19.55 0.031 53669.221224 19.308 0.011 53669.217891 19.04 0.011 53669.218724 19.125 0.017 53669.220391 19.071 0.047 -4.583652 0.61231
53671.304333 19.579 0.047 53671.305999 19.39 0.014 53671.302666 19.049 0.015 53671.303499 19.161 0.021 53671.305166 19.024 0.053 -4.583652 0.61231
53674.203794 19.542 0.039 53674.20546 19.301 0.013 53674.202127 19.028 0.013 53674.20296 19.099 0.02 53674.204627 19.013 0.055 -4.583652 0.61231
53676.293276 19.638 0.046 53676.294942 19.323 0.013 53676.291609 19.061 0.014 53676.292442 19.112 0.018 53676.294109 19.086 0.049 -4.583652 0.61231
53679.265165 19.552 0.04 53679.266831 19.347 0.013 53679.263498 19.059 0.015 53679.264331 19.156 0.024 53679.265998 19.143 0.061 -4.583652 0.61231
53681.256677 19.575 0.036 53681.258343 19.341 0.013 53681.25501 19.052 0.012 53681.255843 19.145 0.017 53681.25751 19.076 0.043 -4.583652 0.61231
53685.215728 19.644 0.151 53685.217394 19.331 0.063 53685.214061 19.098 0.042 53685.214894 19.158 0.049 53685.216561 19.151 0.149 -4.583652 0.61231
53694.229608 19.552 0.129 53694.231274 19.377 0.043 53694.227941 19.067 0.029 53694.228774 19.066 0.038 53694.230441 19.287 0.139 -4.583652 0.61231
53697.213701 19.634 0.066 53697.215367 19.378 0.018 53697.212034 19.099 0.025 53697.212867 19.126 0.03 53697.214534 18.92 0.062 -4.583652 0.61231
53700.21266 19.635 0.042 53700.214326 19.343 0.013 53700.210993 19.066 0.013 53700.211826 19.184 0.021 53700.213493 19.157 0.062 -4.583652 0.61231
53705.19933 19.572 0.036 53705.200996 19.351 0.013 53705.197663 19.067 0.013 53705.198496 19.14 0.017 53705.200163 19.15 0.045 -4.583652 0.61231
53975.284342 19.733 0.045 53975.286008 19.364 0.017 53975.282675 19.09 0.018 53975.283508 19.185 0.03 53975.285175 19.252 0.066 -4.583652 0.61231
53993.352143 -99.99 0.049 53993.35381 -99.99 0.03 53993.350477 19.065 0.02 53993.35131 19.169 0.03 53993.352977 19.403 0.144 -4.583652 0.61231
53994.307326 19.628 0.03 53994.308993 19.431 0.02 53994.305659 19.115 0.022 53994.306493 19.149 0.02 53994.308159 19.137 0.046 -4.583652 0.61231
53996.291055 19.601 0.048 53996.292722 19.385 0.02 53996.289388 19.066 0.018 53996.290222 19.121 0.032 53996.291888 19.067 0.056 -4.583652 0.61231
53998.2597 19.65 0.031 53998.261366 19.374 0.018 53998.258033 19.109 0.015 53998.258866 19.187 0.018 53998.260533 19.132 0.041 -4.583652 0.61231
54005.289923 19.628 0.031 54005.29159 19.408 0.019 54005.288256 19.08 0.016 54005.28909 19.13 0.017 54005.290756 19.088 0.04 -4.583652 0.61231
54010.245164 19.555 0.038 54010.246831 19.413 0.016 54010.243498 19.073 0.015 54010.244331 19.186 0.021 54010.245998 19.057 0.039 -4.583652 0.61231
54012.23806 19.662 0.062 54012.239727 19.394 0.028 54012.236394 19.11 0.021 54012.237227 19.166 0.025 54012.238894 19.263 0.059 -4.583652 0.61231
54020.243987 19.626 0.042 54020.245654 19.336 0.019 54020.242321 19.096 0.021 54020.243154 19.142 0.028 54020.244821 19.132 0.053 -4.583652 0.61231
54022.293318 -99.99 0.365 54022.294985 -99.99 0.073 54022.291651 -99.99 0.027 54022.292485 19.125 0.067 54022.294151 18.882 0.342 -4.583652 0.61231
54024.325622 19.498 0.042 54024.327289 19.392 0.017 54024.323955 19.092 0.019 54024.324789 19.116 0.024 54024.326455 19.135 0.065 -4.583652 0.61231
54028.234371 19.615 0.036 54028.236038 19.385 0.022 54028.232705 19.102 0.016 54028.233538 19.175 0.023 54028.235205 19.145 0.053 -4.583652 0.61231
54030.237547 19.666 0.032 54030.239214 19.45 0.019 54030.23588 19.091 0.017 54030.236714 19.188 0.02 54030.23838 19.138 0.041 -4.583652 0.61231
54035.313319 19.67 0.058 54035.314985 19.403 0.022 54035.311652 19.097 0.017 54035.312485 19.193 0.024 54035.314152 19.177 0.063 -4.583652 0.61231
54037.218816 19.603 0.038 54037.220483 19.362 0.019 54037.21715 19.131 0.019 54037.217983 19.172 0.025 54037.21965 19.157 0.055 -4.583652 0.61231
54040.233286 19.591 0.058 54040.234952 19.366 0.027 54040.231619 19.103 0.021 54040.232452 19.194 0.027 54040.234119 19.129 0.057 -4.583652 0.61231
54047.263944 -99.99 0.125 54047.26561 19.368 0.047 54047.262277 -99.99 0.04 54047.26311 19.212 0.058 54047.264777 19.067 0.084 -4.583652 0.61231
54049.259802 19.622 0.062 54049.261468 19.476 0.026 54049.258135 19.131 0.021 54049.258968 19.201 0.025 54049.260635 19.152 0.063 -4.583652 0.61231
54053.224066 19.71 0.037 54053.225733 19.428 0.025 54053.2224 19.133 0.017 54053.223233 19.169 0.02 54053.2249 19.131 0.05 -4.583652 0.61231
54056.225807 19.638 0.044 54056.227474 19.435 0.016 54056.22414 19.136 0.02 54056.224974 19.178 0.027 54056.22664 19.181 0.075 -4.583652 0.61231
54059.220015 19.692 0.048 54059.221682 19.403 0.054 54059.218348 19.09 0.019 54059.219182 19.161 0.027 54059.220848 19.123 0.065 -4.583652 0.61231
54062.2249 19.605 0.05 54062.226566 19.436 0.026 54062.223233 19.156 0.022 54062.224066 19.187 0.029 54062.225733 19.229 0.08 -4.583652 0.61231
54357.263233 19.523 0.038 54357.264899 19.259 0.025 54357.261566 18.994 0.023 54357.262399 19.107 0.026 54357.264066 19.106 0.045 -4.583652 0.61231
54362.313024 -99.99 0.251 54362.31469 19.238 0.037 54362.311357 -99.99 0.03 54362.31219 19.055 0.06 54362.313857 19.15 0.07 -4.583652 0.61231
54382.293239 19.353 0.036 54382.294906 19.173 0.047 54382.291572 18.926 0.024 54382.292406 19.075 0.021 54382.294072 19.033 0.058 -4.583652 0.61231
54385.311037 19.315 0.033 54385.312704 19.23 0.025 54385.30937 18.971 0.018 54385.310204 19.109 0.022 54385.31187 19.038 0.041 -4.583652 0.61231
54387.311529 19.378 0.036 54387.313195 19.198 0.019 54387.309862 18.98 0.016 54387.310695 19.059 0.023 54387.312362 19.029 0.049 -4.583652 0.61231
54392.30626 19.454 0.037 54392.307927 -99.99 0.024 54392.304594 18.97 0.016 54392.305427 19.047 0.025 54392.307094 19.014 0.047 -4.583652 0.61231
54402.304792 19.5 0.075 54402.306459 19.246 0.028 54402.303126 18.961 0.02 54402.303959 19.046 0.025 54402.305626 19.03 0.048 -4.583652 0.61231
