51081.275482 -99.99 0.033 51081.277148 19.023 0.011 51081.273815 18.966 0.013 51081.274648 18.912 0.018 51081.276315 18.686 0.048 -2.918396 0.955964
51467.370628 19.231 0.04 51467.372294 18.936 0.011 51467.368961 18.828 0.014 51467.369794 18.787 0.02 51467.371461 18.687 0.057 -2.918396 0.955964
51819.346626 -99.99 0.035 51819.348292 18.957 0.011 51819.344959 18.866 0.011 51819.345792 18.807 0.016 51819.347459 18.651 0.048 -2.918396 0.955964
52558.311895 19.086 0.024 52558.313561 18.737 0.008 52558.310228 18.653 0.009 52558.311061 18.647 0.012 52558.312728 18.418 0.026 -2.918396 0.955964
52577.199395 19.035 0.025 52577.201061 18.746 0.008 52577.197728 18.691 0.01 52577.198561 18.62 0.016 52577.200228 18.447 0.037 -2.918396 0.955964
52586.202873 19.061 0.027 52586.204539 18.783 0.008 52586.201206 18.689 0.011 52586.202039 18.651 0.015 52586.203706 18.483 0.044 -2.918396 0.955964
52910.283355 19.184 0.026 52910.285021 18.834 0.009 52910.281688 18.749 0.009 52910.282521 18.706 0.012 52910.284188 18.507 0.033 -2.918396 0.955964
52931.213557 19.178 0.026 52931.215223 18.864 0.009 52931.21189 18.792 0.01 52931.212723 18.741 0.014 52931.21439 18.485 0.034 -2.918396 0.955964
52935.210522 19.185 0.028 52935.212188 18.866 0.009 52935.208855 18.795 0.01 52935.209688 18.694 0.014 52935.211355 18.524 0.038 -2.918396 0.955964
52959.153848 19.212 0.026 52959.155514 18.879 0.009 52959.152181 18.787 0.01 52959.153014 18.713 0.012 52959.154681 18.506 0.027 -2.918396 0.955964
52963.133592 19.213 0.024 52963.135258 18.9 0.009 52963.131925 18.796 0.009 52963.132758 18.738 0.012 52963.134425 18.524 0.028 -2.918396 0.955964
53313.20372 19.218 0.035 53313.205386 -99.99 0.01 53313.202053 18.804 0.012 53313.202886 18.754 0.018 53313.204553 18.524 0.046 -2.918396 0.955964
53352.104658 19.123 0.025 53352.106324 18.868 0.009 53352.102991 18.796 0.01 53352.103824 18.72 0.014 53352.105491 18.564 0.038 -2.918396 0.955964
53622.312963 19.078 0.03 53622.314629 18.805 0.009 53622.311296 18.741 0.011 53622.312129 18.641 0.015 53622.313796 18.498 0.04 -2.918396 0.955964
53634.262432 -99.99 0.06 53634.264098 18.772 0.018 53634.260765 18.723 0.018 53634.261598 18.679 0.02 53634.263265 18.542 0.047 -2.918396 0.955964
53636.267966 19.182 0.091 53636.269632 18.796 0.021 53636.266299 18.716 0.032 53636.267132 -99.99 0.046 53636.268799 -99.99 0.055 -2.918396 0.955964
53638.303767 19.104 0.029 53638.305433 18.799 0.009 53638.3021 18.737 0.01 53638.302933 18.695 0.013 53638.3046 18.492 0.032 -2.918396 0.955964
53640.267802 -99.99 1.435 53640.269468 -99.99 0.01 53640.266135 -99.99 0.049 53640.266968 -99.99 0.069 53640.268635 -99.99 0.138 -2.918396 0.955964
53655.239972 -99.99 0.058 53655.241638 18.809 0.018 53655.238305 18.755 0.017 53655.239138 18.695 0.023 53655.240805 18.447 0.05 -2.918396 0.955964
53664.264929 19.116 0.065 53664.266595 18.82 0.021 53664.263262 18.758 0.017 53664.264095 18.629 0.028 53664.265762 18.38 0.071 -2.918396 0.955964
53666.228532 19.142 0.029 53666.230198 18.82 0.01 53666.226865 18.742 0.011 53666.227698 18.667 0.014 53666.229365 18.442 0.033 -2.918396 0.955964
53669.224172 19.066 0.024 53669.225838 18.823 0.008 53669.222505 18.753 0.01 53669.223338 18.692 0.012 53669.225005 18.496 0.032 -2.918396 0.955964
53671.308946 19.054 0.037 53671.310612 18.797 0.01 53671.307279 18.748 0.012 53671.308112 18.657 0.015 53671.309779 18.538 0.04 -2.918396 0.955964
53674.208408 19.132 0.028 53674.210074 18.826 0.009 53674.206741 18.735 0.01 53674.207574 18.689 0.013 53674.209241 18.454 0.031 -2.918396 0.955964
53676.297887 19.157 0.031 53676.299553 18.836 0.009 53676.29622 18.756 0.011 53676.297053 18.68 0.013 53676.29872 18.48 0.029 -2.918396 0.955964
53679.269778 19.128 0.034 53679.271444 18.832 0.009 53679.268111 18.722 0.011 53679.268944 18.704 0.016 53679.270611 18.504 0.039 -2.918396 0.955964
53681.26129 19.103 0.032 53681.262956 18.831 0.01 53681.259623 18.758 0.011 53681.260456 18.696 0.014 53681.262123 18.577 0.036 -2.918396 0.955964
53685.220341 18.881 0.068 53685.222007 18.875 0.03 53685.218674 18.694 0.04 53685.219507 18.679 0.045 53685.221174 18.642 0.074 -2.918396 0.955964
53694.234221 -99.99 0.096 53694.235887 -99.99 0.026 53694.232554 -99.99 0.027 53694.233387 -99.99 0.029 53694.235054 -99.99 0.078 -2.918396 0.955964
53697.218315 19.119 0.045 53697.219981 18.818 0.013 53697.216648 18.762 0.019 53697.217481 18.728 0.021 53697.219148 18.525 0.05 -2.918396 0.955964
53700.217273 19.125 0.03 53700.218939 18.835 0.009 53700.215606 18.75 0.011 53700.216439 18.65 0.014 53700.218106 18.505 0.035 -2.918396 0.955964
53705.203943 19.187 0.03 53705.205609 18.842 0.009 53705.202276 18.754 0.01 53705.203109 18.726 0.013 53705.204776 18.534 0.029 -2.918396 0.955964
53975.28906 19.163 0.039 53975.290727 18.907 0.018 53975.287393 18.767 0.016 53975.288227 18.752 0.024 53975.289893 18.505 0.045 -2.918396 0.955964
53993.35676 19.147 0.04 53993.358426 18.84 0.015 53993.355093 18.766 0.017 53993.355926 18.711 0.015 53993.357593 18.496 0.033 -2.918396 0.955964
53994.311952 19.179 0.027 53994.313618 18.871 0.013 53994.310285 18.766 0.013 53994.311118 18.678 0.016 53994.312785 18.523 0.037 -2.918396 0.955964
53996.295719 19.134 0.045 53996.297385 -99.99 0.021 53996.294052 18.778 0.013 53996.294885 18.71 0.023 53996.296552 18.512 0.036 -2.918396 0.955964
53998.264314 19.195 0.026 53998.265981 18.847 0.016 53998.262647 18.776 0.011 53998.263481 18.715 0.014 53998.265147 -99.99 0.031 -2.918396 0.955964
54005.294549 19.184 0.024 54005.296215 18.862 0.016 54005.292882 18.731 0.013 54005.293715 18.704 0.017 54005.295382 18.497 0.03 -2.918396 0.955964
54010.249795 -99.99 0.03 54010.251462 18.871 0.021 54010.248129 18.78 0.016 54010.248962 18.699 0.018 54010.250629 -99.99 0.029 -2.918396 0.955964
54012.242635 19.149 0.051 54012.244301 18.899 0.02 54012.240968 18.782 0.019 54012.241801 18.667 0.019 54012.243468 -99.99 0.036 -2.918396 0.955964
54020.248633 -99.99 0.035 54020.2503 18.87 0.033 54020.246966 18.795 0.02 54020.2478 18.756 0.019 54020.249466 18.557 0.045 -2.918396 0.955964
54024.330259 19.196 0.042 54024.331925 18.893 0.015 54024.328592 18.789 0.016 54024.329425 18.72 0.031 54024.331092 18.546 0.051 -2.918396 0.955964
54028.239029 19.182 0.027 54028.240696 18.874 0.021 54028.237362 18.795 0.014 54028.238196 18.732 0.017 54028.239862 18.519 0.038 -2.918396 0.955964
54030.242162 19.19 0.031 54030.243829 18.906 0.017 54030.240496 18.77 0.017 54030.241329 18.729 0.015 54030.242996 18.531 0.032 -2.918396 0.955964
54035.317989 19.147 0.043 54035.319656 18.883 0.017 54035.316322 18.808 0.014 54035.317156 18.722 0.018 54035.318822 18.549 0.047 -2.918396 0.955964
54037.223436 19.129 0.029 54037.225102 18.865 0.02 54037.221769 18.777 0.017 54037.222602 18.719 0.018 54037.224269 18.553 0.04 -2.918396 0.955964
54040.238004 19.132 0.051 54040.239671 18.903 0.019 54040.236338 18.801 0.019 54040.237171 18.736 0.021 54040.238838 18.549 0.038 -2.918396 0.955964
54047.268462 -99.99 0.066 54047.270129 18.896 0.028 54047.266796 18.821 0.022 54047.267629 18.706 0.022 54047.269296 18.587 0.045 -2.918396 0.955964
54049.264344 19.231 0.05 54049.26601 18.9 0.02 54049.262677 18.792 0.019 54049.26351 18.716 0.019 54049.265177 18.532 0.042 -2.918396 0.955964
54053.228706 19.198 0.033 54053.230373 18.899 0.019 54053.227039 18.843 0.016 54053.227873 18.743 0.016 54053.229539 18.545 0.033 -2.918396 0.955964
54056.230353 -99.99 0.119 54056.23202 -99.99 0.017 54056.228687 18.76 0.018 54056.22952 18.699 0.043 54056.231187 18.726 0.063 -2.918396 0.955964
54059.224659 19.286 0.051 54059.226326 18.868 0.013 54059.222992 18.797 0.028 54059.223826 18.755 0.027 54059.225492 18.505 0.05 -2.918396 0.955964
54062.229519 19.129 0.04 54062.231186 -99.99 0.018 54062.227853 18.803 0.019 54062.228686 18.725 0.021 54062.230353 18.576 0.05 -2.918396 0.955964
54357.267821 19.155 0.034 54357.269487 18.81 0.018 54357.266154 18.728 0.018 54357.266987 18.704 0.021 54357.268654 18.52 0.036 -2.918396 0.955964
54362.318039 -99.99 0.551 54362.319706 -99.99 0.026 54362.316373 -99.99 0.014 54362.317206 -99.99 0.021 54362.318873 -99.99 0.095 -2.918396 0.955964
54382.297942 19.065 0.037 54382.299609 18.835 0.038 54382.296276 18.771 0.018 54382.297109 18.664 0.023 54382.298776 18.538 0.046 -2.918396 0.955964
54385.31568 19.155 0.03 54385.317347 18.857 0.017 54385.314013 18.748 0.014 54385.314847 18.705 0.018 54385.316513 18.527 0.03 -2.918396 0.955964
54387.31616 19.201 0.073 54387.317827 18.842 0.018 54387.314493 18.757 0.016 54387.315327 18.717 0.017 54387.316993 18.577 0.04 -2.918396 0.955964
54392.31087 19.082 0.031 54392.312537 18.83 0.019 54392.309203 18.742 0.015 54392.310037 18.992 0.039 54392.311703 18.503 0.032 -2.918396 0.955964
54402.309417 -99.99 0.067 54402.311084 18.825 0.028 54402.30775 18.755 0.019 54402.308584 18.7 0.021 54402.31025 18.568 0.043 -2.918396 0.955964
