51081.271536 20.516 0.098 51081.273202 20.448 0.032 51081.269869 20.483 0.045 51081.270702 20.248 0.058 51081.272369 20.288 0.183 -4.347617 0.58117
51467.366656 20.588 0.112 51467.368322 20.357 0.033 51467.364989 20.444 0.048 51467.365822 20.218 0.062 51467.367489 20.18 0.209 -4.347617 0.58117
51819.342698 20.51 0.071 51819.344364 20.229 0.023 51819.341031 20.236 0.028 51819.341864 20.126 0.04 51819.343531 20.116 0.125 -4.347617 0.58117
52558.307937 20.482 0.061 52558.309603 20.431 0.025 52558.30627 20.413 0.029 52558.307103 20.17 0.034 52558.30877 20.156 0.105 -4.347617 0.58117
52586.198914 20.671 0.078 52586.20058 20.493 0.029 52586.197247 20.506 0.045 52586.19808 20.193 0.055 52586.199747 20.362 0.24 -4.347617 0.58117
52910.279398 20.488 0.055 52910.281064 20.253 0.021 52910.277731 20.282 0.024 52910.278564 20.063 0.032 52910.280231 20.027 0.098 -4.347617 0.58117
52931.209599 20.485 0.062 52931.211265 20.267 0.023 52931.207932 20.302 0.028 52931.208765 20.045 0.033 52931.210432 20.212 0.125 -4.347617 0.58117
52935.206562 20.33 0.057 52935.208228 20.262 0.022 52935.204895 20.314 0.03 52935.205728 20.078 0.038 52935.207395 20.031 0.116 -4.347617 0.58117
52959.149889 20.356 0.05 52959.151555 20.285 0.02 52959.148222 20.297 0.025 52959.149055 20.116 0.032 52959.150722 20.155 0.093 -4.347617 0.58117
52963.129634 20.352 0.046 52963.1313 20.269 0.02 52963.127967 20.333 0.026 52963.1288 20.078 0.031 52963.130467 20.193 0.096 -4.347617 0.58117
53313.199763 20.326 0.072 53313.201429 20.474 0.032 53313.198096 20.508 0.051 53313.198929 20.229 0.062 53313.200596 20.052 0.173 -4.347617 0.58117
53352.100699 20.528 0.057 53352.102365 20.417 0.022 53352.099032 20.449 0.031 53352.099865 20.204 0.041 53352.101532 20.031 0.109 -4.347617 0.58117
53622.309003 21.11 0.119 53622.310669 20.802 0.037 53622.307336 20.776 0.049 53622.308169 20.377 0.059 53622.309836 20.325 0.177 -4.347617 0.58117
53634.258473 21.439 0.536 53634.260139 20.696 0.119 53634.256806 20.856 0.118 53634.257639 20.309 0.083 53634.259306 20.123 0.2 -4.347617 0.58117
53636.264006 20.967 0.193 53636.265672 20.544 0.153 53636.262339 20.774 0.071 53636.263172 20.308 0.073 53636.264839 20.459 0.288 -4.347617 0.58117
53638.299807 20.962 0.106 53638.301473 20.807 0.039 53638.29814 20.771 0.042 53638.298973 20.371 0.044 53638.30064 20.458 0.144 -4.347617 0.58117
53640.263843 21.21 0.378 53640.265509 -99.99 0.931 53640.262176 20.716 0.052 53640.263009 -99.99 0.09 53640.264676 -99.99 0.893 -4.347617 0.58117
53669.220212 20.881 0.079 53669.221878 20.757 0.027 53669.218545 20.686 0.037 53669.219378 20.355 0.046 53669.221045 20.585 0.17 -4.347617 0.58117
53671.304987 20.763 0.126 53671.306653 20.846 0.04 53671.30332 20.706 0.051 53671.304153 20.304 0.052 53671.30582 20.176 0.144 -4.347617 0.58117
53674.204447 20.747 0.099 53674.206113 20.798 0.035 53674.20278 20.689 0.048 53674.203613 20.385 0.056 53674.20528 20.153 0.142 -4.347617 0.58117
53676.29393 20.932 0.117 53676.295596 20.824 0.034 53676.292263 20.724 0.046 53676.293096 20.371 0.049 53676.294763 20.277 0.122 -4.347617 0.58117
53681.257332 21.037 0.103 53681.258998 20.885 0.069 53681.255665 20.739 0.042 53681.256498 20.319 0.042 53681.258165 20.386 0.13 -4.347617 0.58117
53685.216382 21.208 0.702 53685.218048 21.112 0.318 53685.214715 20.47 0.146 53685.215548 20.451 0.215 53685.217215 19.799 0.298 -4.347617 0.58117
53694.230262 21.577 0.856 53694.231928 20.975 0.158 53694.228595 20.731 0.127 53694.229428 20.384 0.122 53694.231095 20.499 0.371 -4.347617 0.58117
53700.213314 20.801 0.103 53700.21498 20.768 0.034 53700.211647 20.605 0.044 53700.21248 20.425 0.063 53700.214147 20.339 0.179 -4.347617 0.58117
53705.199984 20.937 0.104 53705.20165 20.795 0.035 53705.198317 20.785 0.045 53705.19915 20.349 0.043 53705.200817 20.195 0.11 -4.347617 0.58117
53975.284989 20.633 0.077 53975.286656 20.488 0.029 53975.283322 20.471 0.038 53975.284156 20.19 0.044 53975.285822 20.243 0.157 -4.347617 0.58117
53994.307974 20.553 0.055 53994.309641 20.483 0.024 53994.306308 20.521 0.032 53994.307141 20.255 0.038 53994.308808 20.217 0.115 -4.347617 0.58117
53998.26039 20.649 0.061 53998.262057 20.455 0.024 53998.258723 20.473 0.028 53998.259557 20.227 0.034 53998.261223 20.12 0.091 -4.347617 0.58117
54005.29058 20.578 0.055 54005.292247 20.437 0.023 54005.288914 20.443 0.026 54005.289747 20.255 0.034 54005.291414 20.138 0.093 -4.347617 0.58117
54010.245848 20.636 0.075 54010.247514 20.55 0.034 54010.244181 20.404 0.031 54010.245014 20.188 0.033 54010.246681 20.07 0.084 -4.347617 0.58117
54012.238799 20.583 0.138 54012.240466 20.43 0.061 54012.237133 20.474 0.058 54012.237966 20.238 0.056 54012.239633 20.323 0.149 -4.347617 0.58117
54020.244653 20.67 0.088 54020.246319 20.569 0.042 54020.242986 20.541 0.046 54020.243819 20.173 0.048 54020.245486 20.171 0.141 -4.347617 0.58117
54024.326265 20.512 0.091 54024.327931 20.495 0.029 54024.324598 20.514 0.046 54024.325431 20.193 0.052 54024.327098 20.59 0.224 -4.347617 0.58117
54028.235022 20.757 0.075 54028.236688 20.498 0.026 54028.233355 20.495 0.036 54028.234188 20.221 0.041 54028.235855 20.135 0.114 -4.347617 0.58117
54030.238219 20.747 0.066 54030.239886 20.517 0.023 54030.236552 20.554 0.029 54030.237386 20.253 0.035 54030.239052 19.911 0.11 -4.347617 0.58117
54035.313977 20.769 0.122 54035.315644 20.552 0.039 54035.31231 20.539 0.049 54035.313144 20.229 0.056 54035.31481 20.161 0.158 -4.347617 0.58117
54037.219468 20.859 0.087 54037.221134 20.446 0.028 54037.217801 20.615 0.047 54037.218634 20.179 0.048 54037.220301 20.292 0.147 -4.347617 0.58117
54049.2604 20.535 0.149 54049.262067 20.579 0.061 54049.258734 20.497 0.054 54049.259567 20.243 0.055 54049.261234 20.287 0.177 -4.347617 0.58117
54053.224712 20.571 0.07 54053.226378 20.586 0.03 54053.223045 20.489 0.035 54053.223878 20.24 0.04 54053.225545 20.295 0.123 -4.347617 0.58117
54056.226408 20.67 0.123 54056.228074 20.698 0.041 54056.224741 20.54 0.045 54056.225574 20.257 0.051 54056.227241 20.104 0.195 -4.347617 0.58117
54059.220712 -99.99 0.09 54059.222379 -99.99 0.056 54059.219045 20.475 0.041 54059.219879 20.215 0.053 54059.221545 20.588 0.234 -4.347617 0.58117
54062.225603 20.899 0.124 54062.227269 20.503 0.035 54062.223936 20.496 0.05 54062.224769 20.319 0.068 54062.226436 20.452 0.243 -4.347617 0.58117
54357.263868 20.798 0.078 54357.265534 20.51 0.029 54357.262201 20.513 0.037 54357.263034 20.141 0.055 54357.264701 20.121 0.103 -4.347617 0.58117
54382.293892 20.618 0.091 54382.295558 20.501 0.031 54382.292225 20.475 0.041 54382.293058 20.077 0.048 54382.294725 20.157 0.151 -4.347617 0.58117
54385.311701 20.525 0.063 54385.313368 20.468 0.027 54385.310034 20.504 0.037 54385.310868 20.152 0.037 54385.312534 20.119 0.125 -4.347617 0.58117
54387.312191 20.79 0.098 54387.313858 20.53 0.033 54387.310524 20.442 0.037 54387.311358 20.14 0.046 54387.313024 20.437 0.16 -4.347617 0.58117
54392.306912 20.607 0.078 54392.308579 20.46 0.032 54392.305246 20.445 0.034 54392.306079 20.205 0.043 54392.307746 20.186 0.123 -4.347617 0.58117
54402.305354 20.457 0.167 54402.30702 20.487 0.067 54402.303687 20.546 0.066 54402.30452 20.231 0.055 54402.306187 20.332 0.15 -4.347617 0.58117
