51081.280094 19.405 0.036 51081.28176 19.349 0.016 51081.278427 19.096 0.015 51081.27926 19.163 0.022 51081.280927 19.085 0.074 -1.242595 -1.140237
51467.375253 19.407 0.043 51467.376919 19.27 0.016 51467.373586 19.058 0.016 51467.374419 19.103 0.024 51467.376086 19.079 0.074 -1.242595 -1.140237
51819.351273 19.339 0.032 51819.352939 19.208 0.013 51819.349606 18.957 0.012 51819.350439 18.996 0.017 51819.352106 18.992 0.05 -1.242595 -1.140237
52558.316537 19.495 0.029 52558.318203 19.33 0.012 52558.31487 19.034 0.011 52558.315703 19.033 0.014 52558.31737 19.119 0.042 -1.242595 -1.140237
52577.204036 19.461 0.027 52577.205702 19.277 0.012 52577.202369 18.998 0.012 52577.203202 19.059 0.017 52577.204869 19.041 0.053 -1.242595 -1.140237
52586.207514 19.48 0.029 52586.20918 19.32 0.013 52586.205847 19.017 0.013 52586.20668 19.049 0.018 52586.208347 19.133 0.063 -1.242595 -1.140237
52910.287995 19.311 0.026 52910.289661 19.168 0.011 52910.286328 18.98 0.011 52910.287161 19.032 0.015 52910.288828 19.112 0.047 -1.242595 -1.140237
52931.218197 19.269 0.034 52931.219863 19.213 0.013 52931.21653 18.999 0.012 52931.217363 19.03 0.016 52931.21903 18.936 0.045 -1.242595 -1.140237
52935.215161 19.231 0.026 52935.216827 19.222 0.012 52935.213494 18.999 0.012 52935.214327 19.063 0.017 52935.215994 19.036 0.049 -1.242595 -1.140237
52959.158489 19.251 0.024 52959.160155 19.196 0.011 52959.156822 18.961 0.011 52959.157655 19.003 0.014 52959.159322 19.107 0.041 -1.242595 -1.140237
52963.138233 19.237 0.032 52963.139899 19.188 0.011 52963.136566 18.966 0.011 52963.137399 19.024 0.014 52963.139066 19.009 0.036 -1.242595 -1.140237
53313.208361 19.299 0.037 53313.210027 19.16 0.014 53313.206694 18.958 0.014 53313.207527 18.935 0.022 53313.209194 18.991 0.067 -1.242595 -1.140237
53352.109299 19.379 0.029 53352.110965 19.242 0.012 53352.107632 18.96 0.011 53352.108465 18.978 0.015 53352.110132 19.039 0.051 -1.242595 -1.140237
53622.3176 19.353 0.034 53622.319266 19.199 0.015 53622.315933 18.972 0.013 53622.316766 19.002 0.02 53622.318433 18.945 0.061 -1.242595 -1.140237
53634.267072 19.374 0.068 53634.268738 19.253 0.031 53634.265405 18.935 0.021 53634.266238 18.995 0.024 53634.267905 19.1 0.063 -1.242595 -1.140237
53636.272604 19.299 0.049 53636.27427 19.187 0.021 53636.270937 18.988 0.035 53636.27177 18.963 0.021 53636.273437 18.985 0.064 -1.242595 -1.140237
53638.308406 19.341 0.032 53638.310072 19.225 0.013 53638.306739 18.982 0.012 53638.307572 19.024 0.016 53638.309239 19.059 0.049 -1.242595 -1.140237
53640.27244 19.397 0.044 53640.274106 19.189 0.014 53640.270773 18.98 0.014 53640.271606 18.968 0.019 53640.273273 18.926 0.057 -1.242595 -1.140237
53655.244611 19.26 0.056 53655.246277 19.138 0.025 53655.242944 18.992 0.023 53655.243777 18.998 0.026 53655.245444 18.976 0.084 -1.242595 -1.140237
53664.269569 19.259 0.049 53664.271235 19.112 0.019 53664.267902 18.917 0.021 53664.268735 18.957 0.019 53664.270402 18.974 0.07 -1.242595 -1.140237
53666.233173 19.227 0.03 53666.234839 19.149 0.013 53666.231506 18.914 0.012 53666.232339 18.975 0.015 53666.234006 19.016 0.048 -1.242595 -1.140237
53669.228811 19.309 0.025 53669.230477 19.131 0.011 53669.227144 18.928 0.011 53669.227977 18.951 0.014 53669.229644 18.925 0.042 -1.242595 -1.140237
53671.313586 19.258 0.042 53671.315252 19.158 0.015 53671.311919 18.91 0.015 53671.312752 18.936 0.019 53671.314419 19.076 0.064 -1.242595 -1.140237
53674.213046 19.229 0.027 53674.214712 19.147 0.012 53674.211379 18.915 0.011 53674.212212 18.958 0.015 53674.213879 18.963 0.044 -1.242595 -1.140237
53676.302529 19.237 0.032 53676.304195 19.148 0.012 53676.300862 18.922 0.011 53676.301695 18.998 0.015 53676.303362 19.043 0.046 -1.242595 -1.140237
53679.274418 19.244 0.032 53679.276084 19.129 0.013 53679.272751 18.925 0.013 53679.273584 18.982 0.018 53679.275251 18.994 0.059 -1.242595 -1.140237
53681.265931 19.291 0.034 53681.267597 19.181 0.013 53681.264264 18.905 0.012 53681.265097 18.978 0.016 53681.266764 19.018 0.051 -1.242595 -1.140237
53685.224981 19.363 0.083 53685.226647 19.113 0.036 53685.223314 18.919 0.028 53685.224147 18.949 0.032 53685.225814 -99.99 0.092 -1.242595 -1.140237
53694.238861 19.287 0.096 53694.240527 19.216 0.034 53694.237194 18.967 0.026 53694.238027 18.894 0.033 53694.239694 -99.99 0.095 -1.242595 -1.140237
53697.222954 19.317 0.044 53697.22462 19.193 0.017 53697.221287 18.941 0.016 53697.22212 18.969 0.019 53697.223787 18.953 0.054 -1.242595 -1.140237
53700.221913 19.246 0.031 53700.223579 19.149 0.013 53700.220246 18.925 0.012 53700.221079 18.964 0.016 53700.222746 19.086 0.056 -1.242595 -1.140237
53705.208583 19.236 0.03 53705.210249 19.131 0.012 53705.206916 18.9 0.011 53705.207749 18.94 0.014 53705.209416 18.984 0.04 -1.242595 -1.140237
53975.293585 19.148 0.026 53975.295252 -99.99 0.022 53975.291919 18.832 0.021 53975.292752 18.86 0.019 53975.294419 18.977 0.055 -1.242595 -1.140237
53993.361471 19.079 0.053 53993.363138 19.034 0.022 53993.359805 18.803 0.015 53993.360638 18.809 0.017 53993.362305 18.841 0.053 -1.242595 -1.140237
53994.316575 19.158 0.025 53994.318241 -99.99 0.017 53994.314908 18.809 0.015 53994.315741 18.845 0.018 53994.317408 18.818 0.041 -1.242595 -1.140237
53996.300368 19.073 0.023 53996.302035 19.032 0.02 53996.298701 18.797 0.018 53996.299535 18.835 0.02 53996.301201 18.862 0.043 -1.242595 -1.140237
53998.268954 19.095 0.042 53998.270621 -99.99 0.024 53998.267288 18.787 0.018 53998.268121 18.838 0.014 53998.269788 18.913 0.044 -1.242595 -1.140237
54005.299238 19.122 0.031 54005.300904 -99.99 0.027 54005.297571 18.806 0.014 54005.298404 18.844 0.018 54005.300071 18.897 0.036 -1.242595 -1.140237
54010.254441 -99.99 0.029 54010.256107 19.04 0.032 54010.252774 18.85 0.013 54010.253607 18.829 0.017 54010.255274 18.919 0.037 -1.242595 -1.140237
54012.247347 19.165 0.045 54012.249013 19.023 0.027 54012.24568 18.825 0.022 54012.246513 18.909 0.024 54012.24818 18.928 0.043 -1.242595 -1.140237
54020.253241 19.17 0.032 54020.254908 19.005 0.028 54020.251574 18.789 0.017 54020.252408 18.8 0.019 54020.254074 18.993 0.058 -1.242595 -1.140237
54024.334865 19.12 0.034 54024.336532 19.021 0.016 54024.333199 18.813 0.018 54024.334032 18.848 0.024 54024.335699 18.964 0.058 -1.242595 -1.140237
54028.24362 19.126 0.025 54028.245287 19.004 0.02 54028.241954 18.809 0.016 54028.242787 18.819 0.025 54028.244454 19.002 0.052 -1.242595 -1.140237
54030.246847 19.131 0.026 54030.248513 19.022 0.024 54030.24518 18.833 0.015 54030.246013 18.842 0.016 54030.24768 18.853 0.036 -1.242595 -1.140237
54035.32258 19.122 0.039 54035.324246 19.011 0.018 54035.320913 18.783 0.026 54035.321746 18.826 0.022 54035.323413 18.883 0.056 -1.242595 -1.140237
54037.228045 19.187 0.031 54037.229711 19.015 0.017 54037.226378 18.816 0.018 54037.227211 18.844 0.02 54037.228878 18.904 0.049 -1.242595 -1.140237
54040.242524 19.119 0.042 54040.244191 19.007 0.029 54040.240857 18.829 0.019 54040.241691 18.846 0.025 54040.243357 18.922 0.05 -1.242595 -1.140237
54047.273128 19.105 0.093 54047.274794 -99.99 0.039 54047.271461 -99.99 0.057 54047.272294 18.815 0.031 54047.273961 18.997 0.078 -1.242595 -1.140237
54049.269006 19.108 0.052 54049.270672 18.989 0.024 54049.267339 18.778 0.016 54049.268172 18.817 0.025 54049.269839 18.976 0.067 -1.242595 -1.140237
54053.233311 19.092 0.027 54053.234978 19.009 0.02 54053.231645 18.797 0.027 54053.232478 18.786 0.02 54053.234145 18.95 0.045 -1.242595 -1.140237
54056.235003 -99.99 0.04 54056.236669 18.99 0.026 54056.233336 18.76 0.025 54056.234169 -99.99 0.038 54056.235836 19.018 0.077 -1.242595 -1.140237
54062.234186 19.122 0.042 54062.235853 18.993 0.02 54062.23252 18.825 0.021 54062.233353 18.803 0.026 54062.23502 18.91 0.065 -1.242595 -1.140237
54068.214751 19.162 0.053 54068.216417 18.997 0.023 54068.213084 18.753 0.021 54068.213917 18.864 0.026 54068.215584 18.975 0.059 -1.242595 -1.140237
54357.272456 19.195 0.029 54357.274122 19.037 0.026 54357.270789 18.807 0.015 54357.271622 18.826 0.02 54357.273289 18.912 0.041 -1.242595 -1.140237
54362.322312 -99.99 0.064 54362.323979 -99.99 0.111 54362.320646 -99.99 0.049 54362.321479 -99.99 0.027 54362.323146 -99.99 0.092 -1.242595 -1.140237
54382.302499 19.16 0.031 54382.304166 19.009 0.022 54382.300832 18.824 0.028 54382.301666 18.773 0.018 54382.303332 18.767 0.049 -1.242595 -1.140237
54385.320282 19.113 0.025 54385.321948 19.03 0.017 54385.318615 18.773 0.021 54385.319448 18.817 0.023 54385.321115 18.803 0.041 -1.242595 -1.140237
54387.320811 19.094 0.028 54387.322477 19.008 0.021 54387.319144 18.755 0.014 54387.319977 18.795 0.015 54387.321644 18.884 0.045 -1.242595 -1.140237
54392.31552 19.117 0.029 54392.317187 18.997 0.019 54392.313853 18.762 0.017 54392.314687 18.779 0.019 54392.316353 18.821 0.043 -1.242595 -1.140237
54402.313969 19.124 0.058 54402.315635 18.992 0.032 54402.312302 18.783 0.023 54402.313135 18.743 0.028 54402.314802 18.834 0.05 -1.242595 -1.140237
