51081.273211 19.792 0.047 51081.274877 19.708 0.017 51081.271544 19.576 0.025 51081.272377 19.329 0.023 51081.274044 19.196 0.084 -3.735471 0.115294
51467.368397 19.65 0.053 51467.370063 19.581 0.019 51467.36673 19.522 0.023 51467.367563 19.275 0.026 51467.36923 19.226 0.119 -3.735471 0.115294
51819.344373 19.942 0.048 51819.346039 19.702 0.017 51819.342706 19.628 0.018 51819.343539 19.35 0.02 51819.345206 19.41 0.083 -3.735471 0.115294
52558.309632 20.037 0.049 52558.311298 19.959 0.017 52558.307965 19.886 0.019 52558.308798 19.587 0.02 52558.310465 19.55 0.073 -3.735471 0.115294
52577.197132 20.142 0.051 52577.198798 19.942 0.018 52577.195465 19.873 0.025 52577.196298 19.601 0.029 52577.197965 19.524 0.11 -3.735471 0.115294
52586.20061 19.909 0.051 52586.202276 19.85 0.017 52586.198943 19.854 0.025 52586.199776 19.567 0.032 52586.201443 19.743 0.147 -3.735471 0.115294
52910.281093 19.998 0.045 52910.282759 19.902 0.015 52910.279426 19.847 0.018 52910.280259 19.57 0.02 52910.281926 19.588 0.081 -3.735471 0.115294
52931.211293 20.06 0.051 52931.212959 19.896 0.017 52931.209626 19.834 0.021 52931.210459 19.539 0.021 52931.212126 19.661 0.1 -3.735471 0.115294
52935.208258 19.948 0.046 52935.209924 19.883 0.016 52935.206591 19.822 0.02 52935.207424 19.552 0.022 52935.209091 19.393 0.082 -3.735471 0.115294
52959.151585 19.913 0.039 52959.153251 19.796 0.014 52959.149918 19.763 0.018 52959.150751 19.547 0.019 52959.152418 19.4 0.061 -3.735471 0.115294
52963.131329 19.968 0.039 52963.132995 19.802 0.014 52963.129662 19.799 0.017 52963.130495 19.556 0.018 52963.132162 19.485 0.061 -3.735471 0.115294
53313.201458 20.057 0.068 53313.203124 19.946 0.021 53313.199791 19.805 0.027 53313.200624 19.578 0.034 53313.202291 19.563 0.134 -3.735471 0.115294
53352.102394 20.038 0.043 53352.10406 19.934 0.016 53352.100727 19.863 0.019 53352.10156 19.631 0.022 53352.103227 19.516 0.082 -3.735471 0.115294
53622.310697 20.549 0.093 53622.312363 20.284 0.025 53622.30903 20.115 0.027 53622.309863 19.778 0.031 53622.31153 19.482 0.112 -3.735471 0.115294
53634.260168 20.481 0.228 53634.261834 20.229 0.066 53634.258501 20.061 0.061 53634.259334 19.649 0.046 53634.261001 19.476 0.136 -3.735471 0.115294
53636.265702 20.643 0.326 53636.267368 20.277 0.094 53636.264035 20.054 0.04 53636.264868 19.722 0.054 53636.266535 19.7 0.28 -3.735471 0.115294
53638.301502 20.448 0.076 53638.303168 20.266 0.024 53638.299835 20.077 0.024 53638.300668 19.732 0.024 53638.302335 19.608 0.084 -3.735471 0.115294
53655.237708 20.534 0.2 53655.239374 20.434 0.075 53655.236041 20.163 0.067 53655.236874 19.842 0.061 53655.238541 19.854 0.216 -3.735471 0.115294
53664.262665 20.449 0.141 53664.264331 20.19 0.072 53664.260998 20.119 0.042 53664.261831 19.741 0.035 53664.263498 19.962 0.21 -3.735471 0.115294
53666.226269 20.381 0.073 53666.227935 20.207 0.025 53666.224602 20.049 0.025 53666.225435 19.706 0.025 53666.227102 19.693 0.105 -3.735471 0.115294
53669.221908 20.408 0.058 53669.223574 20.282 0.019 53669.220241 20.085 0.022 53669.221074 19.708 0.023 53669.222741 19.564 0.081 -3.735471 0.115294
53671.306682 20.334 0.096 53671.308348 20.338 0.029 53671.305015 20.111 0.032 53671.305848 19.744 0.03 53671.307515 19.668 0.126 -3.735471 0.115294
53674.206143 20.283 0.071 53674.207809 20.203 0.02 53674.204476 20.07 0.028 53674.205309 19.726 0.029 53674.206976 19.712 0.101 -3.735471 0.115294
53676.295625 20.35 0.081 53676.297291 20.225 0.021 53676.293958 20.033 0.026 53676.294791 19.713 0.025 53676.296458 19.548 0.083 -3.735471 0.115294
53679.267514 20.303 0.077 53679.26918 20.254 0.025 53679.265847 20.112 0.031 53679.26668 19.801 0.032 53679.268347 19.566 0.104 -3.735471 0.115294
53681.259027 20.4 0.075 53681.260693 20.198 0.022 53681.25736 20.087 0.025 53681.258193 19.742 0.024 53681.25986 19.873 0.11 -3.735471 0.115294
53685.218078 20.362 0.306 53685.219744 20.245 0.134 53685.216411 19.798 0.11 53685.217244 19.616 0.103 53685.218911 19.837 0.377 -3.735471 0.115294
53694.231958 19.915 0.177 53694.233624 20.069 0.084 53694.230291 19.959 0.073 53694.231124 19.496 0.053 53694.232791 19.974 0.357 -3.735471 0.115294
53697.216051 20.255 0.111 53697.217717 20.177 0.032 53697.214384 20.1 0.048 53697.215217 19.719 0.039 53697.216884 19.904 0.225 -3.735471 0.115294
53700.215009 20.248 0.071 53700.216675 20.144 0.02 53700.213342 20.038 0.028 53700.214175 19.743 0.031 53700.215842 19.579 0.1 -3.735471 0.115294
53705.201679 20.294 0.07 53705.203345 20.156 0.02 53705.200012 20.087 0.026 53705.200845 19.779 0.026 53705.202512 19.669 0.091 -3.735471 0.115294
53975.286674 19.707 0.06 53975.288341 -99.99 0.021 53975.285008 19.621 0.021 53975.285841 19.373 0.024 53975.287508 19.496 0.102 -3.735471 0.115294
53993.354492 19.731 0.049 53993.356159 19.593 0.022 53993.352826 -99.99 0.049 53993.353659 -99.99 0.074 53993.355326 19.254 0.064 -3.735471 0.115294
53994.30967 19.75 0.041 53994.311337 19.586 0.02 53994.308004 19.616 0.017 53994.308837 19.423 0.021 53994.310504 19.48 0.069 -3.735471 0.115294
53996.293406 19.792 0.045 53996.295073 19.599 0.023 53996.291739 19.623 0.028 53996.292573 19.397 0.023 53996.294239 19.478 0.097 -3.735471 0.115294
53998.26211 19.785 0.035 53998.263776 19.628 0.024 53998.260443 19.613 0.017 53998.261276 19.41 0.018 53998.262943 19.348 0.056 -3.735471 0.115294
54005.29232 19.801 0.045 54005.293987 19.648 0.019 54005.290653 19.646 0.016 54005.291487 19.372 0.018 54005.293153 19.459 0.06 -3.735471 0.115294
54010.24754 19.8 0.041 54010.249207 19.605 0.022 54010.245874 19.679 0.021 54010.246707 19.395 0.024 54010.248374 19.224 0.046 -3.735471 0.115294
54012.240492 19.939 0.079 54012.242159 19.673 0.029 54012.238825 19.615 0.028 54012.239659 19.431 0.028 54012.241325 19.32 0.061 -3.735471 0.115294
54020.246378 -99.99 0.058 54020.248045 19.657 0.023 54020.244712 19.636 0.022 54020.245545 19.411 0.024 54020.247212 19.308 0.094 -3.735471 0.115294
54024.327981 19.811 0.055 54024.329648 19.653 0.021 54024.326315 19.629 0.022 54024.327148 19.411 0.026 54024.328815 19.356 0.098 -3.735471 0.115294
54028.236721 19.83 0.038 54028.238388 19.641 0.019 54028.235055 19.647 0.025 54028.235888 19.372 0.034 54028.237555 19.405 0.071 -3.735471 0.115294
54030.23993 19.795 0.04 54030.241597 19.656 0.016 54030.238263 19.575 0.018 54030.239097 19.372 0.018 54030.240763 19.247 0.05 -3.735471 0.115294
54035.315708 19.842 0.067 54035.317375 19.688 0.019 54035.314042 19.599 0.023 54035.314875 19.365 0.025 54035.316542 19.439 0.104 -3.735471 0.115294
54037.22114 19.884 0.049 54037.222807 19.631 0.022 54037.219474 19.619 0.022 54037.220307 19.385 0.024 54037.221974 19.426 0.07 -3.735471 0.115294
54040.23562 19.722 0.067 54040.237287 19.597 0.03 54040.233954 19.604 0.03 54040.234787 19.394 0.027 54040.236454 19.21 0.065 -3.735471 0.115294
54047.266227 -99.99 0.142 54047.267894 19.72 0.045 54047.264561 -99.99 0.079 54047.265394 19.437 0.058 54047.267061 19.528 0.117 -3.735471 0.115294
54049.262266 19.696 0.077 54049.263933 19.625 0.034 54049.2606 19.643 0.029 54049.261433 19.42 0.028 54049.2631 19.387 0.1 -3.735471 0.115294
54053.226403 19.831 0.044 54053.22807 19.673 0.022 54053.224737 19.64 0.02 54053.22557 19.418 0.023 54053.227237 19.327 0.074 -3.735471 0.115294
54056.228082 19.802 0.085 54056.229749 19.687 0.035 54056.226415 19.643 0.035 54056.227249 19.441 0.03 54056.228915 19.475 0.136 -3.735471 0.115294
54059.222361 -99.99 0.079 54059.224028 19.643 0.03 54059.220695 19.648 0.026 54059.221528 19.406 0.029 54059.223195 19.332 0.117 -3.735471 0.115294
54062.227278 19.795 0.065 54062.228945 19.631 0.034 54062.225611 19.636 0.03 54062.226445 19.411 0.031 54062.228111 19.909 0.182 -3.735471 0.115294
54357.265573 20.091 0.052 54357.26724 19.923 0.023 54357.263906 19.791 0.02 54357.26474 19.541 0.025 54357.266406 19.521 0.086 -3.735471 0.115294
54362.315426 20.013 0.154 54362.317093 -99.99 0.072 54362.313759 19.828 0.03 54362.314593 19.533 0.038 54362.316259 19.43 0.125 -3.735471 0.115294
54382.29561 20.069 0.068 54382.297277 19.978 0.026 54382.293944 19.8 0.025 54382.294777 19.515 0.031 54382.296444 19.574 0.123 -3.735471 0.115294
54385.313376 20.078 0.054 54385.315043 19.973 0.022 54385.311709 19.867 0.023 54385.312543 19.541 0.022 54385.314209 19.6 0.076 -3.735471 0.115294
54387.313968 20.106 0.07 54387.315634 19.971 0.021 54387.312301 19.814 0.022 54387.313134 19.536 0.027 54387.314801 19.714 0.117 -3.735471 0.115294
54392.308631 20.177 0.075 54392.310298 19.936 0.02 54392.306965 19.822 0.023 54392.307798 19.555 0.035 54392.309465 19.48 0.088 -3.735471 0.115294
54402.307221 20.09 0.139 54402.308888 20.006 0.051 54402.305554 19.844 0.033 54402.306388 19.517 0.03 54402.308054 19.463 0.088 -3.735471 0.115294
