51467.352072 20.632 0.122 51467.353738 20.474 0.04 51467.350405 20.302 0.041 51467.351238 20.011 0.054 51467.352905 19.939 0.17 -9.613641 -1.124377
51819.328079 20.465 0.067 51819.329745 20.242 0.025 51819.326412 20.151 0.025 51819.327245 19.802 0.026 51819.328912 19.633 0.078 -9.613641 -1.124377
52558.293353 20.341 0.064 52558.295019 20.194 0.024 52558.291686 20.033 0.023 52558.292519 19.795 0.028 52558.294186 19.684 0.084 -9.613641 -1.124377
52577.18085 20.402 0.061 52577.182516 20.147 0.023 52577.179183 20.01 0.026 52577.180016 19.726 0.032 52577.181683 19.69 0.11 -9.613641 -1.124377
52586.184328 20.36 0.053 52586.185994 20.177 0.024 52586.182661 20.066 0.026 52586.183494 19.729 0.03 52586.185161 19.768 0.11 -9.613641 -1.124377
52910.264811 20.264 0.047 52910.266477 20.064 0.019 52910.263144 19.97 0.019 52910.263977 19.732 0.023 52910.265644 19.688 0.074 -9.613641 -1.124377
52931.195012 20.261 0.053 52931.196678 20.074 0.021 52931.193345 20.032 0.023 52931.194178 19.792 0.027 52931.195845 19.76 0.08 -9.613641 -1.124377
52935.191976 20.344 0.072 52935.193642 20.158 0.023 52935.190309 20.063 0.025 52935.191142 19.774 0.028 52935.192809 19.798 0.106 -9.613641 -1.124377
52959.135301 20.272 0.047 52959.136967 20.143 0.02 52959.133634 20.081 0.025 52959.134467 19.778 0.025 52959.136134 19.849 0.077 -9.613641 -1.124377
52963.115045 20.303 0.045 52963.116711 20.111 0.019 52963.113378 20.036 0.021 52963.114211 19.724 0.023 52963.115878 19.791 0.073 -9.613641 -1.124377
53313.185176 20.658 0.092 53313.186842 20.282 0.028 53313.183509 20.19 0.032 53313.184342 19.896 0.036 53313.186009 19.881 0.122 -9.613641 -1.124377
53352.086111 20.536 0.061 53352.087777 20.273 0.024 53352.084444 20.19 0.026 53352.085277 19.839 0.031 53352.086944 19.838 0.105 -9.613641 -1.124377
53622.294416 20.284 0.078 53622.296082 20.155 0.031 53622.292749 20.192 0.034 53622.293582 19.814 0.041 53622.295249 19.951 0.173 -9.613641 -1.124377
53636.249419 20.159 0.098 53636.251085 20.265 0.043 53636.247752 20.184 0.045 53636.248585 19.936 0.046 53636.250252 19.733 0.114 -9.613641 -1.124377
53638.285221 20.195 0.058 53638.286887 20.255 0.027 53638.283554 20.131 0.025 53638.284387 19.865 0.027 53638.286054 19.818 0.088 -9.613641 -1.124377
53655.221426 20.422 0.176 53655.223092 20.252 0.072 53655.219759 20.113 0.063 53655.220592 19.798 0.057 53655.222259 -99.99 0.208 -9.613641 -1.124377
53664.246384 20.309 0.112 53664.24805 20.211 0.047 53664.244717 20.179 0.044 53664.24555 19.812 0.039 53664.247217 19.624 0.106 -9.613641 -1.124377
53666.209986 20.273 0.054 53666.211652 20.199 0.025 53666.208319 20.164 0.026 53666.209152 19.84 0.028 53666.210819 19.897 0.099 -9.613641 -1.124377
53669.205626 20.336 0.05 53669.207292 20.203 0.023 53669.203959 20.169 0.024 53669.204792 19.843 0.027 53669.206459 19.837 0.102 -9.613641 -1.124377
53671.290405 20.324 0.083 53671.292071 20.236 0.027 53671.288738 20.147 0.03 53671.289571 19.897 0.031 53671.291238 19.923 0.114 -9.613641 -1.124377
53674.189861 20.37 0.06 53674.191527 20.178 0.023 53674.188194 20.162 0.027 53674.189027 19.807 0.028 53674.190694 19.787 0.086 -9.613641 -1.124377
53676.279348 20.355 0.074 53676.281014 20.269 0.029 53676.277681 20.169 0.03 53676.278514 19.87 0.032 53676.280181 19.893 0.102 -9.613641 -1.124377
53679.251236 20.329 0.075 53679.252902 20.188 0.028 53679.249569 20.169 0.035 53679.250402 19.867 0.036 53679.252069 19.669 0.104 -9.613641 -1.124377
53681.242746 20.308 0.062 53681.244412 20.225 0.023 53681.241079 20.133 0.029 53681.241912 19.821 0.028 53681.243579 19.795 0.082 -9.613641 -1.124377
53685.201796 20.343 0.313 53685.203462 20.126 0.13 53685.200129 20.15 0.107 53685.200962 19.645 0.092 53685.202629 20.421 0.466 -9.613641 -1.124377
53687.240137 -99.99 0.257 53687.241803 20.134 0.069 53687.23847 20.11 0.05 53687.239303 19.776 0.041 53687.24097 19.678 0.116 -9.613641 -1.124377
53700.19873 20.165 0.062 53700.200396 20.251 0.025 53700.197063 20.127 0.031 53700.197896 19.863 0.038 53700.199563 19.744 0.109 -9.613641 -1.124377
53705.185399 20.513 0.07 53705.187065 20.257 0.026 53705.183732 20.181 0.028 53705.184565 19.84 0.028 53705.186232 19.866 0.088 -9.613641 -1.124377
53975.270406 20.377 0.06 53975.272073 20.249 0.025 53975.268739 20.163 0.029 53975.269573 19.884 0.034 53975.271239 19.812 0.097 -9.613641 -1.124377
53993.33839 -99.99 0.707 53993.340056 -99.99 0.053 53993.336723 -99.99 0.049 53993.337556 -99.99 0.686 53993.339223 -99.99 0.443 -9.613641 -1.124377
53996.277145 20.36 0.058 53996.278812 20.289 0.026 53996.275478 20.153 0.025 53996.276312 19.837 0.031 53996.277978 19.942 0.094 -9.613641 -1.124377
53998.245791 20.436 0.052 53998.247458 20.284 0.024 53998.244124 20.233 0.024 53998.244958 19.865 0.023 53998.246624 19.924 0.079 -9.613641 -1.124377
54005.276016 -99.99 0.054 54005.277682 20.284 0.024 54005.274349 20.218 0.024 54005.275182 19.91 0.031 54005.276849 19.919 0.079 -9.613641 -1.124377
54010.231245 20.391 0.068 54010.232912 20.36 0.033 54010.229579 20.228 0.026 54010.230412 19.888 0.027 54010.232079 19.871 0.072 -9.613641 -1.124377
54012.2241 20.733 0.156 54012.225767 20.347 0.059 54012.222434 20.182 0.041 54012.223267 19.861 0.036 54012.224934 19.876 0.093 -9.613641 -1.124377
54020.230083 20.471 0.076 54020.23175 20.275 0.033 54020.228416 20.154 0.035 54020.22925 19.796 0.03 54020.230916 19.778 0.106 -9.613641 -1.124377
54022.279343 20.308 0.075 54022.281009 20.211 0.034 54022.277676 20.212 0.036 54022.278509 19.827 0.034 54022.280176 19.986 0.153 -9.613641 -1.124377
54028.220497 20.345 0.059 54028.222164 20.24 0.028 54028.218831 20.148 0.034 54028.219664 19.875 0.038 54028.221331 20.014 0.138 -9.613641 -1.124377
54030.223618 20.336 0.049 54030.225284 20.276 0.027 54030.221951 20.177 0.025 54030.222784 19.886 0.025 54030.224451 19.924 0.079 -9.613641 -1.124377
54035.299469 20.348 0.099 54035.301135 20.204 0.035 54035.297802 20.257 0.042 54035.298635 19.856 0.041 54035.300302 19.949 0.17 -9.613641 -1.124377
54037.204857 20.558 0.082 54037.206523 20.257 0.036 54037.20319 20.136 0.031 54037.204023 19.795 0.036 54037.20569 19.816 0.099 -9.613641 -1.124377
54040.219351 20.502 0.137 54040.221018 20.241 0.057 54040.217684 20.139 0.046 54040.218518 19.957 0.044 54040.220184 19.807 0.105 -9.613641 -1.124377
54049.245823 20.506 0.162 54049.24749 20.297 0.058 54049.244157 20.228 0.049 54049.24499 19.823 0.045 54049.246657 20.193 0.173 -9.613641 -1.124377
54050.203981 20.402 0.117 54050.205648 20.231 0.048 54050.202315 20.169 0.043 54050.203148 19.83 0.06 54050.204815 19.993 0.213 -9.613641 -1.124377
54053.210137 20.44 0.068 54053.211803 20.316 0.03 54053.20847 20.227 0.032 54053.209303 19.819 0.032 54053.21097 19.949 0.101 -9.613641 -1.124377
54056.211796 20.331 0.082 54056.213462 20.256 0.035 54056.210129 -99.99 0.067 54056.210962 19.899 0.089 54056.212629 20.017 0.189 -9.613641 -1.124377
54059.206099 20.348 0.098 54059.207765 20.315 0.041 54059.204432 20.133 0.049 54059.205265 19.91 0.046 54059.206932 19.913 0.146 -9.613641 -1.124377
54062.211025 20.471 0.102 54062.212692 20.3 0.038 54062.209358 20.206 0.041 54062.210192 19.804 0.047 54062.211858 20.017 0.182 -9.613641 -1.124377
54357.249275 20.393 0.055 54357.250942 20.288 0.023 54357.247608 20.195 0.028 54357.248442 19.863 0.03 54357.250108 19.741 0.073 -9.613641 -1.124377
54362.299093 20.322 0.06 54362.30076 20.255 0.027 54362.297427 20.141 0.03 54362.29826 19.95 0.033 54362.299927 19.88 0.107 -9.613641 -1.124377
54385.297133 20.345 0.059 54385.2988 20.245 0.026 54385.295467 20.201 0.025 54385.2963 19.949 0.028 54385.297967 19.799 0.084 -9.613641 -1.124377
54387.297631 20.467 0.077 54387.299298 20.246 0.027 54387.295964 20.257 0.031 54387.296798 19.851 0.032 54387.298464 19.743 0.095 -9.613641 -1.124377
54392.292342 20.416 0.066 54392.294009 20.301 0.029 54392.290676 20.231 0.03 54392.291509 19.944 0.032 54392.293176 19.844 0.097 -9.613641 -1.124377
54402.290779 20.226 0.168 54402.292446 20.292 0.067 54402.289112 20.188 0.043 54402.289946 19.997 0.05 54402.291612 20.111 0.146 -9.613641 -1.124377
