51075.289155 19.818 0.036 51075.290821 19.53 0.014 51075.287488 19.244 0.014 51075.288321 19.076 0.018 51075.289988 19.113 0.067 -3.862224 -0.189714
52196.289666 19.595 0.035 52196.291332 19.388 0.012 52196.287999 19.169 0.013 52196.288832 18.953 0.014 52196.290499 18.989 0.05 -3.862224 -0.189714
52197.302763 19.678 0.036 52197.304429 19.391 0.012 52197.301096 19.154 0.012 52197.301929 18.978 0.014 52197.303596 19.105 0.048 -3.862224 -0.189714
52225.152965 19.715 0.039 52225.154631 19.396 0.012 52225.151298 19.2 0.013 52225.152131 18.987 0.015 52225.153798 19.016 0.048 -3.862224 -0.189714
52231.18875 19.738 0.034 52231.190416 19.448 0.012 52231.187083 19.188 0.012 52231.187916 18.997 0.014 52231.189583 19.067 0.047 -3.862224 -0.189714
52253.174922 19.827 0.051 52253.176588 19.451 0.016 52253.173255 19.183 0.017 52253.174088 -99.99 0.018 52253.175755 19.133 0.065 -3.862224 -0.189714
52557.296753 -99.99 0.035 52557.298419 19.233 0.012 52557.295086 19.039 0.013 52557.295919 18.872 0.014 52557.297586 18.906 0.048 -3.862224 -0.189714
52578.192835 19.467 0.03 52578.194501 19.23 0.01 52578.191168 19.074 0.012 52578.192001 18.891 0.013 52578.193668 18.936 0.043 -3.862224 -0.189714
52908.271319 19.597 0.036 52908.272985 19.362 0.012 52908.269652 19.114 0.013 52908.270485 18.962 0.015 52908.272152 19.055 0.053 -3.862224 -0.189714
52911.285104 19.68 0.038 52911.28677 19.368 0.013 52911.283437 19.135 0.013 52911.28427 18.96 0.015 52911.285937 19.018 0.055 -3.862224 -0.189714
52930.162476 -99.99 0.04 52930.164142 19.296 0.012 52930.160809 19.111 0.014 52930.161642 18.932 0.016 52930.163309 19.031 0.058 -3.862224 -0.189714
52934.203219 19.688 0.037 52934.204885 19.496 0.016 52934.201552 19.118 0.013 52934.202385 18.979 0.015 52934.204052 19.138 0.059 -3.862224 -0.189714
52936.199145 19.605 0.033 52936.200811 19.251 0.011 52936.197478 19.1 0.012 52936.198311 18.926 0.013 52936.199978 19.038 0.045 -3.862224 -0.189714
52962.124666 19.513 0.033 52962.126332 19.284 0.013 52962.122999 19.062 0.012 52962.123832 18.943 0.014 52962.125499 18.956 0.05 -3.862224 -0.189714
53270.26322 19.2 0.025 53270.264887 19.06 0.016 53270.261554 18.934 0.018 53270.262387 18.784 0.018 53270.264054 18.914 0.037 -3.862224 -0.189714
53272.313149 19.388 0.035 53272.314815 19.049 0.014 53272.311482 18.929 0.013 53272.312315 18.748 0.013 53272.313982 18.798 0.041 -3.862224 -0.189714
53286.28187 19.151 0.038 53286.283536 19.012 0.013 53286.280203 18.927 0.016 53286.281036 18.785 0.019 53286.282703 18.866 0.054 -3.862224 -0.189714
53288.240358 19.293 0.028 53288.242024 19.052 0.01 53288.238691 18.923 0.011 53288.239524 18.789 0.012 53288.241191 18.856 0.037 -3.862224 -0.189714
53294.267675 19.343 0.028 53294.269342 19.065 0.023 53294.266008 18.914 0.016 53294.266842 18.771 0.016 53294.268508 18.895 0.052 -3.862224 -0.189714
53302.236026 19.248 0.051 53302.237692 19.006 0.018 53302.234359 18.911 0.017 53302.235192 18.757 0.017 53302.236859 18.814 0.045 -3.862224 -0.189714
53312.191597 19.315 0.036 53312.193264 19.034 0.017 53312.18993 18.92 0.017 53312.190764 18.841 0.023 53312.19243 18.767 0.053 -3.862224 -0.189714
53314.192756 19.228 0.027 53314.194422 19.028 0.01 53314.191089 18.927 0.011 53314.191922 18.773 0.013 53314.193589 18.8 0.046 -3.862224 -0.189714
53616.297121 19.441 0.045 53616.298787 19.212 0.013 53616.295454 19.019 0.013 53616.296287 18.878 0.016 53616.297954 18.983 0.064 -3.862224 -0.189714
53623.287332 19.467 0.037 53623.288998 19.201 0.012 53623.285665 -99.99 0.018 53623.286498 18.906 0.015 53623.288165 18.898 0.047 -3.862224 -0.189714
53626.273545 19.472 0.038 53626.275211 19.209 0.015 53626.271878 19.02 0.014 53626.272711 18.872 0.015 53626.274378 18.877 0.055 -3.862224 -0.189714
53628.25841 19.431 0.065 53628.260076 19.24 0.025 53628.256743 19.043 0.02 53628.257576 18.911 0.02 53628.259243 19.012 0.064 -3.862224 -0.189714
53637.260026 19.394 0.047 53637.261692 19.186 0.017 53637.258359 19.02 0.016 53637.259192 18.91 0.02 53637.260859 18.963 0.069 -3.862224 -0.189714
53639.305403 19.446 0.034 53639.307069 19.19 0.012 53639.303736 19.048 0.012 53639.304569 18.9 0.014 53639.306236 18.94 0.044 -3.862224 -0.189714
53644.252495 19.471 0.03 53644.254162 19.182 0.02 53644.250828 19.01 0.018 53644.251662 18.899 0.017 53644.253328 18.935 0.037 -3.862224 -0.189714
53654.287096 19.467 0.035 53654.288762 19.201 0.011 53654.285429 19.044 0.013 53654.286262 18.877 0.014 53654.287929 18.993 0.051 -3.862224 -0.189714
53656.234689 19.489 0.077 53656.236355 19.254 0.024 53656.233022 18.993 0.021 53656.233855 18.832 0.022 53656.235522 19.094 0.069 -3.862224 -0.189714
53663.247999 19.48 0.052 53663.249665 19.217 0.017 53663.246332 19.047 0.015 53663.247165 18.907 0.015 53663.248832 19.029 0.043 -3.862224 -0.189714
53665.225968 -99.99 0.177 53665.227634 19.191 0.064 53665.224301 18.754 0.11 53665.225134 18.551 0.119 53665.226801 19.021 0.223 -3.862224 -0.189714
53668.237599 -99.99 0.043 53668.239265 19.218 0.012 53668.235932 19.008 0.015 53668.236765 18.925 0.02 53668.238432 19.032 0.073 -3.862224 -0.189714
53670.242452 19.493 0.034 53670.244118 19.219 0.011 53670.240785 19.028 0.012 53670.241618 18.908 0.014 53670.243285 18.997 0.05 -3.862224 -0.189714
53673.210436 19.444 0.032 53673.212102 19.23 0.011 53673.208769 19.054 0.012 53673.209602 18.884 0.014 53673.211269 18.926 0.042 -3.862224 -0.189714
53675.207323 19.475 0.035 53675.208989 19.187 0.012 53675.205656 19.004 0.014 53675.206489 18.891 0.016 53675.208156 18.96 0.062 -3.862224 -0.189714
53677.228356 19.474 0.031 53677.230022 19.179 0.011 53677.226689 19.011 0.011 53677.227522 18.866 0.012 53677.229189 18.952 0.038 -3.862224 -0.189714
53680.215021 19.458 0.032 53680.216687 19.191 0.011 53680.213354 19.027 0.012 53680.214187 18.889 0.013 53680.215854 19.024 0.043 -3.862224 -0.189714
53693.216919 19.422 0.059 53693.218585 19.222 0.021 53693.215252 19.029 0.015 53693.216085 18.899 0.016 53693.217752 18.966 0.05 -3.862224 -0.189714
53704.200244 19.512 0.035 53704.20191 19.221 0.011 53704.198577 19.02 0.012 53704.19941 18.9 0.014 53704.201077 18.972 0.046 -3.862224 -0.189714
53974.292897 19.459 0.029 53974.294564 19.204 0.017 53974.291231 19.044 0.017 53974.292064 18.927 0.02 53974.293731 19.028 0.043 -3.862224 -0.189714
53989.296321 19.37 0.045 53989.297988 19.239 0.021 53989.294654 19.044 0.019 53989.295488 18.936 0.02 53989.297154 19 0.05 -3.862224 -0.189714
53997.391972 19.438 0.031 53997.393639 -99.99 0.015 53997.390305 19.067 0.023 53997.391139 -99.99 0.018 53997.392805 -99.99 0.042 -3.862224 -0.189714
54000.271729 19.328 0.032 54000.273395 19.22 0.021 54000.270062 19.011 0.018 54000.270895 18.885 0.022 54000.272562 19.019 0.058 -3.862224 -0.189714
54007.321885 19.278 0.045 54007.323552 19.197 0.023 54007.320219 19.049 0.015 54007.321052 18.893 0.024 54007.322719 18.922 0.048 -3.862224 -0.189714
54009.245643 19.389 0.035 54009.24731 19.234 0.022 54009.243976 19.044 0.019 54009.24481 18.928 0.021 54009.246476 19.017 0.039 -3.862224 -0.189714
54011.310117 19.46 0.037 54011.311784 19.211 0.018 54011.30845 19.076 0.018 54011.309284 18.927 0.016 54011.31095 19.007 0.039 -3.862224 -0.189714
54019.260329 19.46 0.037 54019.261995 19.214 0.015 54019.258662 19.038 0.021 54019.259495 18.927 0.019 54019.261162 18.984 0.036 -3.862224 -0.189714
54025.309131 19.507 0.035 54025.310798 19.204 0.016 54025.307465 19.047 0.019 54025.308298 18.861 0.045 54025.309965 18.971 0.053 -3.862224 -0.189714
54029.239478 19.467 0.031 54029.241145 19.222 0.023 54029.237811 19.03 0.02 54029.238645 18.893 0.018 54029.240311 18.959 0.052 -3.862224 -0.189714
54348.306866 19.626 0.038 54348.308532 19.395 0.021 54348.305199 19.191 0.02 54348.306032 19.05 0.021 54348.307699 19.097 0.049 -3.862224 -0.189714
54358.262692 19.743 0.047 54358.264358 19.467 0.02 54358.261025 19.238 0.019 54358.261858 19.062 0.02 54358.263525 19.116 0.065 -3.862224 -0.189714
54365.295764 -99.99 0.056 54365.297431 19.487 0.018 54365.294098 19.211 0.027 54365.294931 -99.99 0.037 54365.296598 19.07 0.061 -3.862224 -0.189714
54373.370013 19.7 0.101 54373.371679 19.468 0.032 54373.368346 19.203 0.022 54373.369179 19.06 0.027 54373.370846 19.205 0.069 -3.862224 -0.189714
54381.315347 19.663 0.039 54381.317013 19.406 0.023 54381.31368 19.207 0.017 54381.314513 19.082 0.019 54381.31618 19.166 0.05 -3.862224 -0.189714
54386.307655 19.691 0.036 54386.309322 19.414 0.023 54386.305989 19.215 0.015 54386.306822 19.077 0.019 54386.308489 19.124 0.051 -3.862224 -0.189714
54388.311902 19.708 0.039 54388.313569 19.408 0.016 54388.310236 19.219 0.02 54388.311069 19.051 0.017 54388.312736 19.112 0.045 -3.862224 -0.189714
54403.225745 19.675 0.057 54403.227411 19.418 0.024 54403.224078 19.22 0.023 54403.224911 19.041 0.022 54403.226578 19.269 0.069 -3.862224 -0.189714
54404.28325 -99.99 0.048 54404.284917 19.477 0.022 54404.281584 19.205 0.016 54404.282417 19.08 0.016 54404.284084 19.168 0.049 -3.862224 -0.189714
54405.281256 19.76 0.044 54405.282923 19.475 0.021 54405.279589 19.215 0.02 54405.280423 19.11 0.017 54405.282089 19.115 0.052 -3.862224 -0.189714
54406.21952 19.687 0.036 54406.221187 19.455 0.014 54406.217853 19.257 0.028 54406.218687 19.057 0.024 54406.220353 19.174 0.046 -3.862224 -0.189714
54412.222477 19.715 0.052 54412.224143 19.489 0.023 54412.22081 19.215 0.018 54412.221643 19.12 0.021 54412.22331 19.098 0.064 -3.862224 -0.189714
