51075.291103 19.63 0.036 51075.292769 19.513 0.014 51075.289436 19.246 0.015 51075.290269 19.206 0.022 51075.291936 19.176 0.077 -3.160999 1.131901
52196.291646 19.778 0.041 52196.293312 19.674 0.014 52196.289979 19.359 0.015 52196.290812 19.324 0.021 52196.292479 19.371 0.067 -3.160999 1.131901
52197.304753 19.712 0.037 52197.306419 19.689 0.014 52197.303086 19.363 0.014 52197.303919 19.342 0.019 52197.305586 19.422 0.07 -3.160999 1.131901
52225.154908 19.746 0.037 52225.156574 19.733 0.014 52225.153241 19.388 0.016 52225.154074 19.362 0.021 52225.155741 19.354 0.065 -3.160999 1.131901
52231.190692 19.89 0.041 52231.192358 19.794 0.015 52231.189025 19.391 0.015 52231.189858 19.456 0.021 52231.191525 19.43 0.064 -3.160999 1.131901
52253.176863 19.964 0.066 52253.178529 19.904 0.023 52253.175196 19.439 0.019 52253.176029 19.491 0.028 52253.177696 19.5 0.098 -3.160999 1.131901
52557.298695 19.65 0.042 52557.300361 19.624 0.014 52557.297028 19.368 0.016 52557.297861 19.343 0.023 52557.299528 19.336 0.077 -3.160999 1.131901
52578.194777 19.651 0.033 52578.196443 19.563 0.013 52578.19311 19.333 0.014 52578.193943 19.286 0.019 52578.19561 19.321 0.061 -3.160999 1.131901
52908.273261 19.583 0.038 52908.274927 19.527 0.013 52908.271594 19.261 0.014 52908.272427 19.211 0.021 52908.274094 19.276 0.075 -3.160999 1.131901
52911.287047 19.502 0.039 52911.288713 19.544 0.014 52911.28538 19.279 0.015 52911.286213 19.26 0.023 52911.28788 19.434 0.089 -3.160999 1.131901
52930.16442 19.672 0.044 52930.166086 19.542 0.014 52930.162753 19.275 0.016 52930.163586 19.321 0.022 52930.165253 19.274 0.072 -3.160999 1.131901
52934.205162 19.736 0.046 52934.206828 19.523 0.014 52934.203495 19.264 0.016 52934.204328 19.246 0.021 52934.205995 19.123 0.069 -3.160999 1.131901
52936.201088 19.557 0.034 52936.202754 19.557 0.032 52936.199421 19.275 0.014 52936.200254 19.238 0.019 52936.201921 19.297 0.059 -3.160999 1.131901
52962.126609 19.559 0.036 52962.128275 19.515 0.013 52962.124942 19.232 0.015 52962.125775 19.196 0.021 52962.127442 19.241 0.066 -3.160999 1.131901
53270.265151 19.438 0.034 53270.266817 19.374 0.017 53270.263484 19.14 0.019 53270.264317 19.174 0.024 53270.265984 19.172 0.048 -3.160999 1.131901
53272.315092 19.387 0.037 53272.316758 19.375 0.017 53272.313425 19.161 0.016 53272.314258 19.165 0.021 53272.315925 19.324 0.068 -3.160999 1.131901
53286.283811 19.331 0.042 53286.285477 19.369 0.017 53286.282144 19.199 0.019 53286.282977 19.167 0.024 53286.284644 19.3 0.081 -3.160999 1.131901
53288.242303 19.393 0.031 53288.243969 19.379 0.012 53288.240636 19.125 0.012 53288.241469 19.156 0.018 53288.243136 19.117 0.048 -3.160999 1.131901
53294.269626 19.448 0.033 53294.271293 -99.99 0.026 53294.267959 19.147 0.021 53294.268793 19.178 0.028 53294.270459 19.216 0.064 -3.160999 1.131901
53294.289976 19.392 0.038 53294.291642 19.347 0.014 53294.288309 19.202 0.016 53294.289142 19.173 0.023 53294.290809 18.959 0.06 -3.160999 1.131901
53302.237968 19.516 0.058 53302.239634 19.373 0.024 53302.236301 19.223 0.024 53302.237134 19.154 0.024 53302.238801 19.191 0.068 -3.160999 1.131901
53312.193514 19.541 0.04 53312.19518 19.444 0.018 53312.191847 19.182 0.019 53312.19268 19.156 0.027 53312.194347 19.18 0.072 -3.160999 1.131901
53314.194698 19.396 0.032 53314.196364 19.398 0.012 53314.193031 19.189 0.014 53314.193864 19.207 0.021 53314.195531 19.186 0.065 -3.160999 1.131901
53616.299064 19.654 0.054 53616.30073 19.578 0.016 53616.297397 19.245 0.016 53616.29823 19.211 0.024 53616.299897 19.208 0.078 -3.160999 1.131901
53623.289276 19.628 0.04 53623.290942 19.547 0.016 53623.287609 19.264 0.014 53623.288442 19.261 0.025 53623.290109 19.208 0.06 -3.160999 1.131901
53626.275487 -99.99 0.048 53626.277153 19.549 0.018 53626.27382 19.236 0.016 53626.274653 19.191 0.022 53626.27632 -99.99 0.086 -3.160999 1.131901
53628.260352 19.594 0.081 53628.262018 19.511 0.033 53628.258685 19.25 0.024 53628.259518 19.231 0.028 53628.261185 19.426 0.1 -3.160999 1.131901
53637.261969 19.49 0.053 53637.263635 19.506 0.021 53637.260302 19.238 0.02 53637.261135 19.206 0.027 53637.262802 19.208 0.088 -3.160999 1.131901
53639.307346 19.563 0.039 53639.309012 19.555 0.015 53639.305679 19.239 0.014 53639.306512 19.202 0.019 53639.308179 19.169 0.055 -3.160999 1.131901
53644.254452 19.594 0.045 53644.256118 19.532 0.027 53644.252785 19.235 0.015 53644.253618 19.232 0.024 53644.255285 19.306 0.055 -3.160999 1.131901
53654.289037 19.523 0.037 53654.290703 19.546 0.014 53654.28737 19.26 0.015 53654.288203 19.223 0.02 53654.28987 19.231 0.061 -3.160999 1.131901
53656.236633 19.564 0.071 53656.238299 19.516 0.031 53656.234966 19.248 0.026 53656.235799 -99.99 0.029 53656.237466 19.249 0.075 -3.160999 1.131901
53663.249941 19.593 0.051 53663.251607 19.577 0.021 53663.248274 19.251 0.018 53663.249107 19.269 0.02 53663.250774 19.141 0.05 -3.160999 1.131901
53665.227909 -99.99 0.139 53665.229575 19.378 0.072 53665.226242 19.013 0.081 53665.227075 -99.99 0.084 53665.228742 -99.99 0.3 -3.160999 1.131901
53668.239542 19.662 0.049 53668.241208 19.495 0.014 53668.237875 19.236 0.018 53668.238708 19.212 0.026 53668.240375 19.253 0.088 -3.160999 1.131901
53670.244393 19.539 0.036 53670.246059 19.521 0.012 53670.242726 19.257 0.015 53670.243559 19.215 0.02 53670.245226 19.178 0.059 -3.160999 1.131901
53673.212378 19.566 0.036 53673.214044 19.536 0.013 53673.210711 19.24 0.014 53673.211544 19.208 0.018 53673.213211 19.358 0.063 -3.160999 1.131901
53675.209266 -99.99 0.045 53675.210932 19.546 0.014 53675.207599 19.239 0.016 53675.208432 19.232 0.025 53675.210099 19.335 0.076 -3.160999 1.131901
53677.230297 19.639 0.035 53677.231963 19.535 0.012 53677.22863 19.212 0.013 53677.229463 19.276 0.041 53677.23113 19.207 0.047 -3.160999 1.131901
53680.216963 19.657 0.04 53680.218629 19.529 0.014 53680.215296 19.245 0.014 53680.216129 19.215 0.02 53680.217796 19.258 0.055 -3.160999 1.131901
53693.21886 19.542 0.068 53693.220526 19.461 0.026 53693.217193 19.215 0.02 53693.218026 19.18 0.023 53693.219693 19.234 0.065 -3.160999 1.131901
53704.202186 19.611 0.039 53704.203852 19.569 0.013 53704.200519 19.253 0.014 53704.201352 19.212 0.019 53704.203019 19.24 0.057 -3.160999 1.131901
53974.294844 19.422 0.04 53974.296511 19.357 0.018 53974.293177 19.123 0.018 53974.294011 19.11 0.018 53974.295677 19.218 0.052 -3.160999 1.131901
53989.29828 19.438 0.057 53989.299946 19.41 0.026 53989.296613 19.127 0.019 53989.297446 19.154 0.024 53989.299113 -99.99 0.061 -3.160999 1.131901
53997.393875 19.366 0.068 53997.395542 19.348 0.018 53997.392208 19.09 0.017 53997.393042 -99.99 0.022 53997.394708 -99.99 0.051 -3.160999 1.131901
54000.273673 19.39 0.035 54000.27534 19.346 0.019 54000.272006 19.11 0.023 54000.27284 19.127 0.024 54000.274506 19.071 0.061 -3.160999 1.131901
54007.323863 19.451 0.04 54007.32553 19.334 0.021 54007.322196 19.128 0.026 54007.32303 19.097 0.02 54007.324696 19.225 0.06 -3.160999 1.131901
54009.247575 19.448 0.031 54009.249241 19.337 0.029 54009.245908 19.123 0.018 54009.246741 19.111 0.02 54009.248408 19.087 0.054 -3.160999 1.131901
54011.312075 19.431 0.037 54011.313741 19.379 0.028 54011.310408 19.124 0.02 54011.311241 19.155 0.02 54011.312908 -99.99 0.049 -3.160999 1.131901
54019.262306 19.349 0.036 54019.263973 19.348 0.022 54019.260639 19.091 0.016 54019.261473 19.118 0.017 54019.263139 19.091 0.045 -3.160999 1.131901
54025.311087 19.326 0.043 54025.312754 19.339 0.018 54025.30942 19.082 0.017 54025.310254 19.047 0.021 54025.31192 19.101 0.058 -3.160999 1.131901
54029.241465 19.392 0.042 54029.243132 19.314 0.017 54029.239798 19.127 0.017 54029.240632 19.073 0.021 54029.242298 19.125 0.062 -3.160999 1.131901
54348.308885 19.45 0.048 54348.310552 19.437 0.026 54348.307219 19.142 0.017 54348.308052 19.132 0.022 54348.309719 19.178 0.065 -3.160999 1.131901
54358.264731 19.605 0.051 54358.266398 19.467 0.022 54358.263065 19.176 0.022 54358.263898 19.187 0.022 54358.265565 19.228 0.069 -3.160999 1.131901
54365.297723 19.602 0.047 54365.299389 19.49 0.022 54365.296056 19.174 0.019 54365.296889 -99.99 0.035 54365.298556 19.148 0.059 -3.160999 1.131901
54373.371923 -99.99 0.079 54373.373589 19.532 0.033 54373.370256 19.216 0.025 54373.371089 19.167 0.029 54373.372756 19.247 0.064 -3.160999 1.131901
54381.317275 19.485 0.032 54381.318942 19.481 0.02 54381.315609 19.171 0.015 54381.316442 19.141 0.021 54381.318109 19.239 0.051 -3.160999 1.131901
54386.309621 19.538 0.04 54386.311288 19.468 0.016 54386.307954 19.19 0.017 54386.308788 19.141 0.02 54386.310454 19.284 0.058 -3.160999 1.131901
54388.313851 19.523 0.034 54388.315518 19.487 0.015 54388.312185 19.168 0.016 54388.313018 19.205 0.019 54388.314685 19.135 0.049 -3.160999 1.131901
54403.22766 19.589 0.054 54403.229327 19.496 0.025 54403.225993 19.186 0.019 54403.226827 19.18 0.024 54403.228493 19.043 0.069 -3.160999 1.131901
54404.285328 19.597 0.051 54404.286995 19.511 0.025 54404.283662 19.178 0.017 54404.284495 19.172 0.02 54404.286162 19.167 0.049 -3.160999 1.131901
54405.283263 19.466 0.045 54405.284929 19.519 0.017 54405.281596 19.2 0.016 54405.282429 19.157 0.021 54405.284096 19.121 0.052 -3.160999 1.131901
54406.22149 19.617 0.037 54406.223157 19.474 0.017 54406.219823 19.201 0.022 54406.220657 19.15 0.026 54406.222323 19.212 0.05 -3.160999 1.131901
54412.224392 19.511 0.057 54412.226058 19.439 0.02 54412.222725 19.151 0.03 54412.223558 -99.99 0.024 54412.225225 -99.99 0.069 -3.160999 1.131901
