51081.279875 19.236 0.033 51081.281541 19.053 0.011 51081.278208 18.93 0.014 51081.279041 18.743 0.016 51081.280708 18.11 0.032 -1.336887 0.964428
51467.37498 19.186 0.04 51467.376646 19.014 0.012 51467.373313 18.877 0.014 51467.374146 18.699 0.017 51467.375813 18.155 0.036 -1.336887 0.964428
51819.351013 18.87 0.026 51819.352679 18.677 0.009 51819.349346 18.643 0.012 51819.350179 18.479 0.013 51819.351846 17.911 0.024 -1.336887 0.964428
52558.316275 19.356 0.031 52558.317941 19.357 0.012 52558.314608 19.197 0.012 52558.315441 19.014 0.015 52558.317108 18.219 0.024 -1.336887 0.964428
52577.203775 19.389 0.03 52577.205441 19.366 0.011 52577.202108 19.204 0.015 52577.202941 18.962 0.018 52577.204608 18.219 0.029 -1.336887 0.964428
52586.207253 19.454 0.033 52586.208919 19.4 0.013 52586.205586 19.257 0.015 52586.206419 19.057 0.022 52586.208086 18.327 0.036 -1.336887 0.964428
52910.287736 19.707 0.038 52910.289402 19.743 0.015 52910.286069 19.535 0.017 52910.286902 19.218 0.02 52910.288569 18.522 0.035 -1.336887 0.964428
52931.217938 19.778 0.042 52931.219604 19.83 0.017 52931.216271 19.534 0.018 52931.217104 19.206 0.02 52931.218771 18.465 0.035 -1.336887 0.964428
52935.214902 19.774 0.042 52935.216568 19.781 0.016 52935.213235 19.55 0.019 52935.214068 19.207 0.021 52935.215735 18.462 0.037 -1.336887 0.964428
52959.158229 19.644 0.034 52959.159895 19.683 0.014 52959.156562 19.482 0.016 52959.157395 19.192 0.017 52959.159062 18.467 0.029 -1.336887 0.964428
52963.137973 19.605 0.033 52963.139639 19.687 0.014 52963.136306 19.523 0.016 52963.137139 19.288 0.018 52963.138806 18.456 0.029 -1.336887 0.964428
53313.208102 19.769 0.061 53313.209768 19.789 0.02 53313.206435 19.542 0.022 53313.207268 19.178 0.028 53313.208935 18.669 0.06 -1.336887 0.964428
53352.109039 19.977 0.045 53352.110705 19.927 0.017 53352.107372 19.642 0.019 53352.108205 19.341 0.024 53352.109872 18.473 0.037 -1.336887 0.964428
53622.317343 20.112 0.071 53622.319009 20.083 0.023 53622.315676 19.776 0.024 53622.316509 19.402 0.029 53622.318176 18.691 0.054 -1.336887 0.964428
53634.266813 19.787 0.106 53634.268479 19.962 0.055 53634.265146 19.783 0.043 53634.265979 19.425 0.035 53634.267646 18.62 0.045 -1.336887 0.964428
53636.272347 20.045 0.109 53636.274013 19.968 0.042 53636.27068 -99.99 0.062 53636.271513 19.327 0.037 53636.27318 18.565 0.05 -1.336887 0.964428
53638.308148 20.093 0.061 53638.309814 -99.99 0.023 53638.306481 19.833 0.023 53638.307314 19.515 0.026 53638.308981 18.669 0.04 -1.336887 0.964428
53640.272182 -99.99 0.088 53640.273848 -99.99 0.024 53640.270515 -99.99 0.036 53640.271348 19.399 0.03 53640.273015 18.73 0.055 -1.336887 0.964428
53655.244352 20.169 0.14 53655.246018 20.233 0.059 53655.242685 -99.99 0.051 53655.243518 19.39 0.041 53655.245185 -99.99 0.066 -1.336887 0.964428
53664.269309 20.152 0.11 53664.270975 20.233 0.041 53664.267642 -99.99 0.054 53664.268475 19.397 0.033 53664.270142 18.745 0.055 -1.336887 0.964428
53666.232913 20.076 0.064 53666.234579 20.154 0.028 53666.231246 19.828 0.027 53666.232079 19.415 0.028 53666.233746 18.655 0.044 -1.336887 0.964428
53669.228552 20.03 0.046 53669.230218 20.211 0.019 53669.226885 19.898 0.022 53669.227718 19.485 0.028 53669.229385 18.74 0.041 -1.336887 0.964428
53671.313325 20.014 0.087 53671.314991 -99.99 0.025 53671.311658 19.865 0.029 53671.312491 19.453 0.03 53671.314158 18.635 0.05 -1.336887 0.964428
53674.212788 20.129 0.056 53674.214454 20.238 0.021 53674.211121 19.898 0.025 53674.211954 19.51 0.026 53674.213621 18.729 0.04 -1.336887 0.964428
53676.302267 20.103 0.062 53676.303933 20.228 0.022 53676.3006 19.906 0.023 53676.301433 19.445 0.05 53676.3031 18.726 0.038 -1.336887 0.964428
53679.274158 20.122 0.068 53679.275824 20.156 0.023 53679.272491 19.846 0.027 53679.273324 19.395 0.026 53679.274991 18.746 0.052 -1.336887 0.964428
53681.26567 -99.99 0.071 53681.267336 20.18 0.023 53681.264003 19.824 0.026 53681.264836 19.398 0.026 53681.266503 18.674 0.044 -1.336887 0.964428
53685.224721 20.018 0.156 53685.226387 20.211 0.093 53685.223054 19.87 0.074 53685.223887 19.509 0.061 53685.225554 18.761 0.079 -1.336887 0.964428
53694.238601 20.15 0.239 53694.240267 20.206 0.079 53694.236934 19.737 0.055 53694.237767 19.364 0.053 53694.239434 18.77 0.086 -1.336887 0.964428
53697.222695 20.101 0.085 53697.224361 20.21 0.029 53697.221028 19.947 0.038 53697.221861 19.513 0.033 53697.223528 18.799 0.056 -1.336887 0.964428
53700.221653 20.191 0.068 53700.223319 20.192 0.022 53700.219986 19.866 0.024 53700.220819 19.454 0.026 53700.222486 18.8 0.045 -1.336887 0.964428
53705.208323 20.099 0.061 53705.209989 20.224 0.022 53705.206656 19.916 0.024 53705.207489 19.467 0.023 53705.209156 18.696 0.034 -1.336887 0.964428
53975.293318 20.187 0.063 53975.294984 20.336 0.033 53975.291651 19.994 0.029 53975.292484 19.517 0.025 53975.294151 18.864 0.057 -1.336887 0.964428
53993.361176 20.274 0.076 53993.362843 -99.99 0.033 53993.35951 19.936 0.052 53993.360343 19.56 0.03 53993.36201 18.959 0.068 -1.336887 0.964428
53994.316392 20.243 0.055 53994.318059 20.341 0.025 53994.314725 19.978 0.023 53994.315559 19.6 0.029 53994.317225 18.823 0.044 -1.336887 0.964428
53996.300066 20.27 0.056 53996.301732 20.361 0.023 53996.298399 19.996 0.025 53996.299232 19.595 0.029 53996.300899 18.918 0.047 -1.336887 0.964428
53998.268699 20.265 0.053 53998.270366 -99.99 0.039 53998.267033 20.045 0.02 53998.267866 19.624 0.034 53998.269533 -99.99 0.048 -1.336887 0.964428
54005.298935 20.257 0.05 54005.300601 20.46 0.026 54005.297268 20.06 0.022 54005.298101 19.654 0.025 54005.299768 -99.99 0.038 -1.336887 0.964428
54010.254183 20.383 0.068 54010.25585 20.419 0.033 54010.252516 20.052 0.026 54010.25335 19.658 0.027 54010.255016 18.729 0.039 -1.336887 0.964428
54012.247134 20.4 0.122 54012.2488 -99.99 0.058 54012.245467 20.09 0.044 54012.2463 19.655 0.036 54012.247967 -99.99 0.051 -1.336887 0.964428
54020.253023 20.307 0.092 54020.25469 20.403 0.04 54020.251356 20.058 0.034 54020.25219 19.7 0.039 54020.253856 18.912 0.058 -1.336887 0.964428
54024.334582 20.176 0.08 54024.336249 20.421 0.028 54024.332916 20.041 0.032 54024.333749 19.617 0.035 54024.335416 18.795 0.05 -1.336887 0.964428
54028.243365 20.309 0.061 54028.245032 20.441 0.031 54028.241698 20.097 0.027 54028.242532 19.554 0.031 54028.244198 18.929 0.054 -1.336887 0.964428
54030.246691 20.381 0.058 54030.248358 -99.99 0.028 54030.245025 20.172 0.026 54030.245858 19.589 0.026 54030.247525 18.894 0.043 -1.336887 0.964428
54035.322336 20.35 0.101 54035.324002 20.507 0.031 54035.320669 20.039 0.036 54035.321502 19.576 0.034 54035.323169 18.84 0.054 -1.336887 0.964428
54037.22784 20.22 0.065 54037.229507 20.504 0.024 54037.226173 20.065 0.032 54037.227007 19.609 0.031 54037.228673 18.795 0.05 -1.336887 0.964428
54040.242263 20.303 0.108 54040.24393 20.515 0.06 54040.240597 19.952 0.045 54040.24143 19.572 0.038 54040.243097 18.875 0.052 -1.336887 0.964428
54049.268731 20.32 0.138 54049.270398 20.425 0.06 54049.267064 20.06 0.045 54049.267898 19.613 0.039 54049.269564 18.939 0.067 -1.336887 0.964428
54053.233123 20.414 0.07 54053.23479 20.465 0.029 54053.231457 20.014 0.025 54053.23229 19.599 0.029 54053.233957 18.896 0.048 -1.336887 0.964428
54062.233916 20.277 0.086 54062.235583 20.44 0.033 54062.232249 20.028 0.041 54062.233083 19.643 0.044 54062.234749 18.849 0.059 -1.336887 0.964428
54068.214488 20.108 0.113 54068.216155 20.503 0.069 54068.212821 20.081 0.067 54068.213655 19.582 0.05 54068.215321 18.782 0.055 -1.336887 0.964428
54357.272255 20.698 0.083 54357.273922 20.8 0.031 54357.270588 20.3 0.027 54357.271422 19.805 0.032 54357.273088 19.055 0.058 -1.336887 0.964428
54362.322047 20.842 0.184 54362.323713 20.785 0.058 54362.32038 -99.99 0.056 54362.321213 -99.99 0.071 54362.32288 -99.99 0.243 -1.336887 0.964428
54382.30229 20.478 0.089 54382.303956 20.685 0.034 54382.300623 20.133 0.037 54382.301456 19.669 0.036 54382.303123 19.029 0.061 -1.336887 0.964428
54385.320067 20.429 0.061 54385.321733 -99.99 0.031 54385.3184 20.26 0.035 54385.319233 19.813 0.027 54385.3209 19.023 0.044 -1.336887 0.964428
54387.320542 20.486 0.089 54387.322209 -99.99 0.035 54387.318876 20.227 0.036 54387.319709 19.747 0.032 54387.321376 19.138 0.066 -1.336887 0.964428
54392.31531 20.582 0.09 54392.316977 20.654 0.034 54392.313643 20.178 0.033 54392.314477 19.723 0.03 54392.316143 19.017 0.053 -1.336887 0.964428
54402.313694 20.127 0.136 54402.315361 20.732 0.086 54402.312028 20.18 0.049 54402.312861 19.741 0.043 54402.314528 19.178 0.065 -1.336887 0.964428
