51075.295403 -99.99 0.029 51075.297069 19.016 0.011 51075.293736 18.934 0.011 51075.294569 18.848 0.015 51075.296236 18.622 0.049 -1.606448 -0.119143
52196.29597 19.289 0.028 52196.297636 18.989 0.01 52196.294303 18.896 0.011 52196.295136 18.818 0.013 52196.296803 18.619 0.037 -1.606448 -0.119143
52197.309079 19.323 0.028 52197.310745 19.006 0.01 52197.307412 18.893 0.011 52197.308245 18.85 0.014 52197.309912 18.538 0.034 -1.606448 -0.119143
52225.159213 19.274 0.026 52225.160879 18.98 0.01 52225.157546 18.899 0.011 52225.158379 18.825 0.013 52225.160046 18.58 0.034 -1.606448 -0.119143
52231.194998 19.291 0.026 52231.196664 18.989 0.01 52231.193331 18.898 0.011 52231.194164 18.827 0.012 52231.195831 18.672 0.032 -1.606448 -0.119143
52253.181169 19.372 0.04 52253.182835 18.988 0.012 52253.179502 18.898 0.014 52253.180335 18.811 0.016 52253.182002 18.633 0.043 -1.606448 -0.119143
52557.303 19.354 0.032 52557.304666 19.061 0.011 52557.301333 18.999 0.012 52557.302166 18.888 0.015 52557.303833 18.668 0.046 -1.606448 -0.119143
52578.199083 19.321 0.027 52578.200749 19.049 0.01 52578.197416 18.917 0.011 52578.198249 18.854 0.013 52578.199916 18.624 0.035 -1.606448 -0.119143
52908.277567 19.372 0.032 52908.279233 19.043 0.011 52908.2759 18.985 0.012 52908.276733 18.873 0.015 52908.2784 18.622 0.04 -1.606448 -0.119143
52911.291353 19.311 0.037 52911.293019 19.07 0.013 52911.289686 18.981 0.013 52911.290519 18.917 0.017 52911.292186 -99.99 0.059 -1.606448 -0.119143
52930.168725 19.384 0.032 52930.170391 19.086 0.011 52930.167058 18.975 0.012 52930.167891 18.884 0.014 52930.169558 18.725 0.041 -1.606448 -0.119143
52934.209467 19.406 0.034 52934.211133 19.086 0.011 52934.2078 18.973 0.012 52934.208633 18.901 0.015 52934.2103 18.649 0.039 -1.606448 -0.119143
52936.205392 19.405 0.029 52936.207058 19.082 0.01 52936.203725 18.979 0.011 52936.204558 18.89 0.013 52936.206225 18.665 0.031 -1.606448 -0.119143
52962.130915 19.358 0.03 52962.132581 19.078 0.011 52962.129248 18.984 0.012 52962.130081 18.882 0.015 52962.131748 18.674 0.04 -1.606448 -0.119143
53270.269462 19.799 0.034 53270.271129 19.395 0.02 53270.267796 19.247 0.015 53270.268629 19.102 0.017 53270.270296 18.882 0.036 -1.606448 -0.119143
53272.319397 19.693 0.045 53272.321063 19.402 0.016 53272.31773 19.26 0.015 53272.318563 19.08 0.017 53272.32023 18.813 0.039 -1.606448 -0.119143
53286.288116 19.757 0.046 53286.289782 19.389 0.013 53286.286449 19.227 0.019 53286.287282 19.07 0.018 53286.288949 18.886 0.043 -1.606448 -0.119143
53288.246608 19.718 0.037 53288.248274 19.375 0.012 53288.244941 19.205 0.012 53288.245774 19.109 0.014 53288.247441 18.812 0.035 -1.606448 -0.119143
53294.294281 19.655 0.04 53294.295947 19.379 0.013 53294.292614 19.215 0.015 53294.293447 19.113 0.018 53294.295114 18.861 0.048 -1.606448 -0.119143
53302.242274 19.671 0.064 53302.24394 19.369 0.023 53302.240607 19.173 0.019 53302.24144 19.109 0.019 53302.243107 18.808 0.042 -1.606448 -0.119143
53312.197847 19.697 0.046 53312.199514 19.373 0.019 53312.196181 19.23 0.027 53312.197014 19.164 0.023 53312.198681 18.845 0.054 -1.606448 -0.119143
53314.199003 19.734 0.037 53314.200669 19.373 0.012 53314.197336 19.221 0.014 53314.198169 19.076 0.015 53314.199836 18.874 0.044 -1.606448 -0.119143
53616.303368 19.718 0.062 53616.305034 19.351 0.014 53616.301701 19.207 0.015 53616.302534 19.049 0.019 53616.304201 18.784 0.052 -1.606448 -0.119143
53623.29358 -99.99 0.052 53623.295246 19.34 0.019 53623.291913 19.219 0.015 53623.292746 19.159 0.018 53623.294413 -99.99 0.335 -1.606448 -0.119143
53626.279792 19.723 0.043 53626.281458 19.399 0.016 53626.278125 19.258 0.015 53626.278958 19.133 0.017 53626.280625 18.821 0.04 -1.606448 -0.119143
53628.264657 19.676 0.089 53628.266323 19.355 0.028 53628.26299 19.253 0.025 53628.263823 19.125 0.026 53628.26549 18.913 0.062 -1.606448 -0.119143
53637.266274 19.699 0.059 53637.26794 19.391 0.019 53637.264607 19.262 0.02 53637.26544 19.1 0.022 53637.267107 18.935 0.065 -1.606448 -0.119143
53639.311651 19.725 0.041 53639.313317 19.361 0.013 53639.309984 19.222 0.014 53639.310817 19.144 0.016 53639.312484 18.856 0.041 -1.606448 -0.119143
53644.258726 19.723 0.038 53644.260393 19.395 0.018 53644.25706 19.227 0.019 53644.257893 19.105 0.021 53644.25956 19.015 0.042 -1.606448 -0.119143
53654.293343 19.757 0.04 53654.295009 19.346 0.012 53654.291676 19.205 0.013 53654.292509 19.098 0.016 53654.294176 18.842 0.043 -1.606448 -0.119143
53656.240938 19.576 0.072 53656.242604 19.33 0.026 53656.239271 19.236 0.026 53656.240104 19.111 0.027 53656.241771 18.805 0.056 -1.606448 -0.119143
53663.254247 19.768 0.063 53663.255913 19.343 0.018 53663.25258 19.192 0.015 53663.253413 19.124 0.017 53663.25508 18.784 0.036 -1.606448 -0.119143
53665.232215 19.783 0.206 53665.233881 19.119 0.067 53665.230548 18.927 0.072 53665.231381 -99.99 0.103 53665.233048 -99.99 0.166 -1.606448 -0.119143
53668.243847 19.619 0.044 53668.245513 19.278 0.014 53668.24218 19.197 0.017 53668.243013 19.035 0.02 53668.24468 18.871 0.062 -1.606448 -0.119143
53670.248699 19.669 0.038 53670.250365 19.32 0.012 53670.247032 19.195 0.013 53670.247865 19.081 0.015 53670.249532 18.838 0.043 -1.606448 -0.119143
53673.216683 19.624 0.036 53673.218349 19.352 0.012 53673.215016 19.213 0.014 53673.215849 19.068 0.015 53673.217516 18.804 0.041 -1.606448 -0.119143
53675.213571 19.686 0.037 53675.215237 19.353 0.013 53675.211904 19.19 0.015 53675.212737 19.105 0.018 53675.214404 18.885 0.046 -1.606448 -0.119143
53677.234603 -99.99 0.037 53677.236269 19.361 0.011 53677.232936 19.196 0.012 53677.233769 19.113 0.014 53677.235436 18.885 0.034 -1.606448 -0.119143
53680.221269 19.662 0.036 53680.222935 19.329 0.012 53680.219602 19.212 0.013 53680.220435 19.125 0.016 53680.222102 18.808 0.035 -1.606448 -0.119143
53693.223167 19.639 0.069 53693.224833 19.429 0.023 53693.2215 19.188 0.019 53693.222333 19.083 0.018 53693.224 18.828 0.044 -1.606448 -0.119143
53698.220558 -99.99 1.216 53698.222224 19.392 0.015 53698.218891 19.224 0.015 53698.219724 -99.99 0.754 53698.221391 -99.99 0.058 -1.606448 -0.119143
53704.206491 19.726 0.041 53704.208157 19.387 0.013 53704.204824 19.236 0.013 53704.205657 19.12 0.016 53704.207324 18.895 0.047 -1.606448 -0.119143
53974.299194 -99.99 0.031 53974.300861 19.38 0.021 53974.297527 19.265 0.015 53974.298361 19.162 0.02 53974.300027 18.84 0.035 -1.606448 -0.119143
53989.302703 -99.99 0.063 53989.30437 19.367 0.029 53989.301036 19.248 0.02 53989.30187 19.164 0.025 53989.303536 18.901 0.04 -1.606448 -0.119143
53997.398202 19.591 0.033 53997.399869 -99.99 0.018 53997.396536 19.276 0.015 53997.397369 -99.99 0.018 53997.399036 -99.99 0.036 -1.606448 -0.119143
54000.277968 19.57 0.034 54000.279634 19.354 0.018 54000.276301 19.253 0.028 54000.277134 19.197 0.024 54000.278801 18.872 0.049 -1.606448 -0.119143
54007.32814 19.714 0.038 54007.329807 19.382 0.025 54007.326474 19.233 0.021 54007.327307 19.1 0.035 54007.328974 18.931 0.046 -1.606448 -0.119143
54009.251881 19.657 0.04 54009.253548 19.351 0.02 54009.250215 19.26 0.017 54009.251048 19.121 0.019 54009.252715 18.866 0.041 -1.606448 -0.119143
54011.316387 19.591 0.039 54011.318054 19.388 0.023 54011.31472 19.262 0.023 54011.315554 19.162 0.028 54011.31722 18.925 0.046 -1.606448 -0.119143
54019.266603 -99.99 0.037 54019.26827 19.354 0.016 54019.264936 19.225 0.022 54019.26577 19.098 0.022 54019.267436 18.911 0.037 -1.606448 -0.119143
54025.315402 19.624 0.04 54025.317069 19.358 0.02 54025.313735 19.259 0.019 54025.314569 19.098 0.019 54025.316235 18.934 0.052 -1.606448 -0.119143
54029.245825 -99.99 0.041 54029.247492 19.339 0.014 54029.244159 19.215 0.017 54029.244992 19.121 0.026 54029.246659 18.969 0.052 -1.606448 -0.119143
54348.313298 -99.99 0.047 54348.314964 19.449 0.019 54348.311631 19.311 0.025 54348.312464 19.188 0.025 54348.314131 18.924 0.048 -1.606448 -0.119143
54358.268948 19.763 0.045 54358.270614 19.47 0.03 54358.267281 19.314 0.018 54358.268114 19.165 0.029 54358.269781 18.964 0.054 -1.606448 -0.119143
54365.302135 -99.99 0.043 54365.303801 19.375 0.018 54365.300468 19.306 0.021 54365.301301 19.198 0.022 54365.302968 18.978 0.046 -1.606448 -0.119143
54373.376401 -99.99 0.123 54373.378068 19.448 0.042 54373.374734 19.319 0.027 54373.375568 19.178 0.03 54373.377234 18.958 0.059 -1.606448 -0.119143
54381.321584 19.672 0.038 54381.32325 19.415 0.015 54381.319917 19.312 0.015 54381.32075 19.185 0.021 54381.322417 18.993 0.043 -1.606448 -0.119143
54386.313898 19.622 0.041 54386.315565 19.465 0.028 54386.312231 19.309 0.018 54386.313065 19.15 0.02 54386.314731 18.955 0.06 -1.606448 -0.119143
54388.318154 19.673 0.041 54388.319821 19.401 0.017 54388.316487 19.271 0.017 54388.317321 19.182 0.022 54388.318987 18.987 0.044 -1.606448 -0.119143
54403.231994 19.655 0.093 54403.23366 19.389 0.025 54403.230327 19.225 0.021 54403.23116 19.141 0.028 54403.232827 18.943 0.051 -1.606448 -0.119143
54404.289554 19.57 0.045 54404.291221 19.363 0.018 54404.287887 19.282 0.018 54404.288721 19.154 0.023 54404.290387 18.875 0.036 -1.606448 -0.119143
54405.287523 19.63 0.046 54405.289189 19.409 0.024 54405.285856 19.258 0.018 54405.286689 19.18 0.021 54405.288356 18.9 0.041 -1.606448 -0.119143
54406.225776 19.647 0.036 54406.227443 19.372 0.02 54406.224109 19.267 0.023 54406.224943 19.165 0.021 54406.226609 18.942 0.039 -1.606448 -0.119143
54412.228727 19.577 0.05 54412.230394 19.375 0.027 54412.22706 19.255 0.025 54412.227894 19.168 0.029 54412.22956 18.919 0.06 -1.606448 -0.119143
