51075.279641 21.456 0.144 51075.281307 20.352 0.024 51075.277974 20.199 0.031 51075.278807 19.973 0.041 51075.280474 19.942 0.161 -7.298215 0.783364
51464.267531 21.801 0.258 51464.269197 -99.99 0.034 51464.265864 20.216 0.037 51464.266697 19.999 0.047 51464.268364 19.854 0.126 -7.298215 0.783364
52196.280166 21.169 0.107 52196.281832 20.131 0.019 52196.278499 19.912 0.021 52196.279332 19.79 0.031 52196.280999 19.455 0.073 -7.298215 0.783364
52197.293275 20.904 0.084 52197.294941 20.096 0.018 52197.291608 19.891 0.018 52197.292441 19.721 0.026 52197.294108 19.571 0.072 -7.298215 0.783364
52225.143449 21.264 0.093 52225.145115 20.13 0.017 52225.141782 19.943 0.02 52225.142615 19.779 0.026 52225.144282 19.509 0.065 -7.298215 0.783364
52231.179232 21.166 0.092 52231.180898 20.13 0.018 52231.177565 19.962 0.02 52231.178398 19.796 0.026 52231.180065 19.54 0.062 -7.298215 0.783364
52253.165405 -99.99 0.147 52253.167071 20.227 0.028 52253.163738 20.053 0.031 52253.164571 19.776 0.035 52253.166238 19.508 0.081 -7.298215 0.783364
52557.287236 21.068 0.113 52557.288902 20.143 0.02 52557.285569 19.949 0.022 52557.286402 19.709 0.029 52557.288069 19.457 0.074 -7.298215 0.783364
52578.183318 21.056 0.08 52578.184984 20.119 0.018 52578.181651 19.928 0.02 52578.182484 19.787 0.026 52578.184151 19.511 0.068 -7.298215 0.783364
52908.261802 21.017 0.094 52908.263468 20.063 0.019 52908.260135 19.926 0.021 52908.260968 19.718 0.028 52908.262635 19.442 0.073 -7.298215 0.783364
52911.275587 21.186 0.103 52911.277253 20.033 0.018 52911.27392 19.939 0.022 52911.274753 19.764 0.03 52911.27642 19.504 0.075 -7.298215 0.783364
52930.152961 21.105 0.095 52930.154627 20.093 0.019 52930.151294 19.91 0.019 52930.152127 19.708 0.024 52930.153794 19.557 0.07 -7.298215 0.783364
52934.193702 21.076 0.102 52934.195368 20.116 0.02 52934.192035 19.919 0.023 52934.192868 19.738 0.031 52934.194535 19.518 0.075 -7.298215 0.783364
52936.189628 21.025 0.081 52936.191294 20.056 0.017 52936.187961 19.934 0.019 52936.188794 19.774 0.024 52936.190461 19.563 0.066 -7.298215 0.783364
52962.115149 21.096 0.096 52962.116815 20.087 0.02 52962.113482 19.913 0.023 52962.114315 19.771 0.031 52962.115982 19.469 0.071 -7.298215 0.783364
53270.253682 21.015 0.084 53270.255348 20.057 0.028 53270.252015 19.847 0.027 53270.252848 19.802 0.031 53270.254515 19.406 0.058 -7.298215 0.783364
53272.303634 20.925 0.14 53272.3053 20.08 0.034 53272.301967 19.882 0.035 53272.3028 19.665 0.032 53272.304467 19.482 0.07 -7.298215 0.783364
53286.272352 21.113 0.139 53286.274018 19.996 0.021 53286.270685 19.853 0.026 53286.271518 19.691 0.032 53286.273185 19.5 0.081 -7.298215 0.783364
53288.230843 21.016 0.085 53288.232509 20.012 0.017 53288.229176 19.871 0.018 53288.230009 19.724 0.023 53288.231676 19.514 0.057 -7.298215 0.783364
53294.258162 -99.99 0.08 53294.259828 19.998 0.028 53294.256495 19.865 0.028 53294.257328 19.686 0.031 53294.258995 19.422 0.068 -7.298215 0.783364
53302.22651 20.816 0.19 53302.228176 20.022 0.046 53302.224843 19.933 0.044 53302.225676 19.725 0.045 53302.227343 19.481 0.084 -7.298215 0.783364
53312.182059 21.117 0.103 53312.183726 20.039 0.025 53312.180392 19.838 0.026 53312.181226 19.722 0.031 53312.182892 19.579 0.082 -7.298215 0.783364
53314.183239 21.157 0.103 53314.184905 19.993 0.018 53314.181572 19.857 0.022 53314.182405 19.704 0.03 53314.184072 19.368 0.068 -7.298215 0.783364
53616.287604 21.074 0.144 53616.28927 20.131 0.024 53616.285937 19.971 0.032 53616.28677 19.812 0.038 53616.288437 19.506 0.098 -7.298215 0.783364
53623.277815 21.202 0.11 53623.279481 20.073 0.019 53623.276148 19.936 0.021 53623.276981 19.776 0.027 53623.278648 19.518 0.069 -7.298215 0.783364
53626.264028 21.16 0.135 53626.265694 20.074 0.027 53626.262361 19.979 0.027 53626.263194 19.809 0.031 53626.264861 19.589 0.074 -7.298215 0.783364
53628.248893 20.896 0.221 53628.250559 20.085 0.05 53628.247226 19.903 0.038 53628.248059 19.744 0.041 53628.249726 19.533 0.091 -7.298215 0.783364
53637.250509 20.99 0.176 53637.252175 20.002 0.032 53637.248842 19.896 0.032 53637.249675 19.751 0.043 53637.251342 19.475 0.117 -7.298215 0.783364
53639.295885 20.962 0.092 53639.297551 20.027 0.019 53639.294218 19.856 0.02 53639.295051 19.795 0.029 53639.296718 19.487 0.061 -7.298215 0.783364
53644.24296 21.02 0.077 53644.244626 20.019 0.028 53644.241293 19.918 0.02 53644.242126 19.784 0.029 53644.243793 19.441 0.049 -7.298215 0.783364
53654.277577 21.118 0.107 53654.279243 19.913 0.016 53654.27591 19.91 0.021 53654.276743 19.83 0.03 53654.27841 19.494 0.07 -7.298215 0.783364
53656.225172 21.467 0.552 53656.226838 20.005 0.069 53656.223505 19.857 0.054 53656.224338 -99.99 0.056 53656.226005 19.361 0.113 -7.298215 0.783364
53663.238481 20.819 0.141 53663.240147 20.046 0.033 53663.236814 19.845 0.026 53663.237647 19.73 0.029 53663.239314 19.539 0.065 -7.298215 0.783364
53668.228081 21.061 0.134 53668.229747 20.11 0.023 53668.226414 19.877 0.026 53668.227247 19.723 0.036 53668.228914 19.584 0.106 -7.298215 0.783364
53670.232933 20.987 0.089 53670.234599 20.069 0.017 53670.231266 19.937 0.021 53670.232099 19.724 0.027 53670.233766 19.551 0.068 -7.298215 0.783364
53673.200918 20.82 0.091 53673.202584 20.02 0.018 53673.199251 19.917 0.027 53673.200084 19.697 0.033 53673.201751 19.425 0.067 -7.298215 0.783364
53675.197806 20.961 0.103 53675.199472 20.061 0.021 53675.196139 19.908 0.027 53675.196972 19.738 0.036 53675.198639 19.444 0.086 -7.298215 0.783364
53677.218837 21.169 0.093 53677.220503 20.062 0.017 53677.21717 19.931 0.02 53677.218003 19.788 0.025 53677.21967 19.569 0.058 -7.298215 0.783364
53680.205503 20.921 0.087 53680.207169 20.115 0.021 53680.203836 19.928 0.023 53680.204669 19.776 0.029 53680.206336 19.592 0.068 -7.298215 0.783364
53693.207401 -99.99 0.325 53693.209067 20.113 0.041 53693.205734 19.952 0.032 53693.206567 19.774 0.033 53693.208234 19.546 0.069 -7.298215 0.783364
53704.190726 21.129 0.109 53704.192392 20.135 0.02 53704.189059 19.934 0.023 53704.189892 19.841 0.031 53704.191559 19.436 0.064 -7.298215 0.783364
53974.283382 21.084 0.079 53974.285048 20.127 0.025 53974.281715 19.959 0.023 53974.282548 19.779 0.024 53974.284215 19.577 0.057 -7.298215 0.783364
53989.286776 21.1 0.182 53989.288443 20.09 0.04 53989.285109 20.088 0.036 53989.285943 19.734 0.033 53989.287609 19.546 0.071 -7.298215 0.783364
53997.382446 21.27 0.131 53997.384113 -99.99 0.038 53997.38078 -99.99 0.033 53997.381613 19.815 0.035 53997.38328 -99.99 0.07 -7.298215 0.783364
54000.262188 21.148 0.107 54000.263855 20.163 0.035 54000.260521 19.917 0.026 54000.261355 19.772 0.031 54000.263021 19.637 0.091 -7.298215 0.783364
54007.312369 21.118 0.109 54007.314035 20.095 0.021 54007.310702 19.936 0.024 54007.311535 19.787 0.032 54007.313202 19.559 0.075 -7.298215 0.783364
54009.236114 21.163 0.112 54009.237781 20.085 0.027 54009.234448 19.962 0.026 54009.235281 19.833 0.034 54009.236948 19.487 0.06 -7.298215 0.783364
54011.300657 -99.99 0.136 54011.302324 20.109 0.031 54011.29899 20.013 0.029 54011.299824 19.75 0.03 54011.30149 19.428 0.05 -7.298215 0.783364
54019.25082 21.208 0.153 54019.252487 20.109 0.034 54019.249154 19.923 0.035 54019.249987 19.738 0.044 54019.251654 19.603 0.078 -7.298215 0.783364
54025.299611 21.174 0.142 54025.301278 20.045 0.026 54025.297945 19.893 0.046 54025.298778 19.717 0.039 54025.300445 19.508 0.094 -7.298215 0.783364
54029.229967 21.135 0.093 54029.231634 20.081 0.02 54029.2283 19.952 0.029 54029.229134 19.777 0.028 54029.2308 19.551 0.071 -7.298215 0.783364
54348.297356 21.364 0.135 54348.299023 20.268 0.025 54348.295689 20.091 0.028 54348.296523 19.966 0.038 54348.298189 19.479 0.068 -7.298215 0.783364
54358.253187 21.031 0.133 54358.254854 20.271 0.033 54358.25152 20.169 0.031 54358.252354 19.939 0.037 54358.25402 19.615 0.095 -7.298215 0.783364
54365.286256 21.866 0.472 54365.287922 -99.99 0.042 54365.284589 20.067 0.051 54365.285422 19.881 0.053 54365.287089 19.625 0.16 -7.298215 0.783364
54373.360479 21.121 0.398 54373.362146 20.133 0.075 54373.358812 20.207 0.053 54373.359646 19.914 0.056 54373.361312 19.613 0.119 -7.298215 0.783364
54381.305843 21.597 0.138 54381.30751 20.292 0.026 54381.304176 20.172 0.027 54381.30501 20 0.035 54381.306676 19.623 0.07 -7.298215 0.783364
54386.298137 21.332 0.113 54386.299803 20.299 0.029 54386.29647 20.111 0.027 54386.297303 19.993 0.034 54386.29897 19.651 0.067 -7.298215 0.783364
54388.302399 21.422 0.133 54388.304066 20.303 0.025 54388.300733 20.101 0.027 54388.301566 19.988 0.032 54388.303233 19.577 0.063 -7.298215 0.783364
54403.216179 -99.99 0.188 54403.217845 20.296 0.038 54403.214512 20.096 0.033 54403.215345 19.968 0.041 54403.217012 19.492 0.069 -7.298215 0.783364
54404.273749 21.913 0.409 54404.275416 20.285 0.034 54404.272083 20.106 0.029 54404.272916 19.913 0.034 54404.274583 19.727 0.068 -7.298215 0.783364
54405.271736 21.353 0.176 54405.273403 20.326 0.032 54405.27007 20.083 0.029 54405.270903 19.901 0.04 54405.27257 19.574 0.068 -7.298215 0.783364
54406.210003 21.366 0.123 54406.211669 20.235 0.029 54406.208336 20.052 0.035 54406.209169 19.926 0.038 54406.210836 19.6 0.07 -7.298215 0.783364
54412.212938 21.279 0.149 54412.214604 20.211 0.028 54412.211271 20.101 0.03 54412.212104 19.938 0.03 54412.213771 19.628 0.069 -7.298215 0.783364
