51075.29466 19.04 0.023 51075.296326 18.875 0.01 51075.292993 18.809 0.012 51075.293826 18.859 0.016 51075.295493 18.836 0.057 -1.875292 -0.450672
52196.295205 18.868 0.024 52196.296871 18.695 0.009 52196.293538 18.65 0.009 52196.294371 18.764 0.012 52196.296038 18.697 0.038 -1.875292 -0.450672
52197.308333 18.896 0.025 52197.309999 18.703 0.009 52197.306666 18.665 0.01 52197.307499 18.771 0.012 52197.309166 18.714 0.036 -1.875292 -0.450672
52225.158468 18.898 0.024 52225.160134 18.746 0.008 52225.156801 18.678 0.01 52225.157634 18.809 0.012 52225.159301 18.735 0.036 -1.875292 -0.450672
52231.194253 18.979 0.025 52231.195919 18.76 0.009 52231.192586 18.664 0.01 52231.193419 18.798 0.011 52231.195086 18.756 0.034 -1.875292 -0.450672
52253.180423 19.029 0.036 52253.182089 18.798 0.01 52253.178756 18.728 0.013 52253.179589 18.794 0.015 52253.181256 18.796 0.048 -1.875292 -0.450672
52557.302255 19.081 0.031 52557.303921 18.862 0.01 52557.300588 18.825 0.011 52557.301421 18.909 0.014 52557.303088 18.758 0.046 -1.875292 -0.450672
52578.198338 19.072 0.025 52578.200004 18.834 0.009 52578.196671 18.77 0.01 52578.197504 18.903 0.012 52578.199171 18.829 0.037 -1.875292 -0.450672
52908.276821 19.082 0.028 52908.278487 18.834 0.009 52908.275154 18.749 0.01 52908.275987 18.855 0.014 52908.277654 18.732 0.043 -1.875292 -0.450672
52911.290608 19.04 0.03 52911.292274 -99.99 0.011 52911.288941 18.735 0.011 52911.289774 18.866 0.015 52911.291441 18.897 0.062 -1.875292 -0.450672
52930.16798 18.993 0.026 52930.169646 18.801 0.009 52930.166313 18.736 0.011 52930.167146 18.828 0.013 52930.168813 18.735 0.04 -1.875292 -0.450672
52934.208722 19.036 0.03 52934.210388 18.805 0.009 52934.207055 18.766 0.011 52934.207888 18.835 0.013 52934.209555 18.754 0.045 -1.875292 -0.450672
52936.204648 19.052 0.025 52936.206314 18.822 0.009 52936.202981 18.756 0.01 52936.203814 18.848 0.012 52936.205481 18.756 0.032 -1.875292 -0.450672
52962.13017 19.038 0.027 52962.131836 18.836 0.009 52962.128503 18.761 0.011 52962.129336 18.875 0.013 52962.131003 18.768 0.04 -1.875292 -0.450672
53270.268766 19.141 0.029 53270.270432 18.926 0.027 53270.267099 18.857 0.016 53270.267932 18.951 0.015 53270.269599 18.848 0.034 -1.875292 -0.450672
53272.318651 19.123 0.033 53272.320317 18.934 0.012 53272.316984 18.855 0.012 53272.317817 18.933 0.013 53272.319484 18.849 0.037 -1.875292 -0.450672
53286.287372 19.076 0.034 53286.289038 18.918 0.01 53286.285705 18.825 0.014 53286.286538 18.963 0.017 53286.288205 18.752 0.039 -1.875292 -0.450672
53288.245862 19.16 0.027 53288.247528 18.92 0.009 53288.244195 18.865 0.01 53288.245028 18.963 0.012 53288.246695 18.908 0.035 -1.875292 -0.450672
53294.293537 19.151 0.032 53294.295203 18.909 0.01 53294.29187 18.799 0.012 53294.292703 18.936 0.015 53294.29437 18.794 0.042 -1.875292 -0.450672
53302.241529 19.134 0.043 53302.243195 18.904 0.016 53302.239862 18.868 0.015 53302.240695 18.972 0.017 53302.242362 18.902 0.044 -1.875292 -0.450672
53312.197127 19.191 0.032 53312.198793 18.896 0.016 53312.19546 18.813 0.019 53312.196293 18.875 0.021 53312.19796 18.823 0.049 -1.875292 -0.450672
53314.198257 19.146 0.027 53314.199923 18.876 0.009 53314.19659 18.82 0.011 53314.197423 18.908 0.014 53314.19909 18.803 0.041 -1.875292 -0.450672
53616.302623 18.78 0.029 53616.304289 18.589 0.009 53616.300956 18.564 0.01 53616.301789 18.642 0.013 53616.303456 18.592 0.05 -1.875292 -0.450672
53623.292833 18.795 0.026 53623.294499 -99.99 0.021 53623.291166 -99.99 0.011 53623.291999 18.668 0.012 53623.293666 -99.99 0.056 -1.875292 -0.450672
53626.279046 18.748 0.025 53626.280712 18.619 0.01 53626.277379 18.586 0.01 53626.278212 18.692 0.012 53626.279879 18.61 0.033 -1.875292 -0.450672
53628.263912 18.714 0.042 53628.265578 18.664 0.017 53628.262245 18.585 0.015 53628.263078 18.663 0.016 53628.264745 18.622 0.046 -1.875292 -0.450672
53637.265527 18.805 0.032 53637.267193 18.612 0.011 53637.26386 18.59 0.012 53637.264693 18.64 0.015 53637.26636 18.558 0.046 -1.875292 -0.450672
53639.310905 18.826 0.025 53639.312571 18.643 0.009 53639.309238 18.587 0.01 53639.310071 18.684 0.011 53639.311738 18.655 0.033 -1.875292 -0.450672
53644.257983 18.843 0.026 53644.25965 18.648 0.019 53644.256317 18.601 0.019 53644.25715 18.727 0.018 53644.258817 18.625 0.033 -1.875292 -0.450672
53654.292598 18.733 0.024 53654.294264 18.62 0.008 53654.290931 18.555 0.009 53654.291764 18.669 0.011 53654.293431 18.62 0.034 -1.875292 -0.450672
53656.240192 18.765 0.043 53656.241858 18.573 0.016 53656.238525 18.553 0.015 53656.239358 18.627 0.017 53656.241025 -99.99 0.046 -1.875292 -0.450672
53663.2535 18.729 0.033 53663.255166 18.607 0.011 53663.251833 18.549 0.01 53663.252666 18.657 0.012 53663.254333 18.581 0.03 -1.875292 -0.450672
53665.23147 -99.99 0.096 53665.233136 -99.99 0.036 53665.229803 -99.99 0.041 53665.230636 18.604 0.055 53665.232303 -99.99 0.148 -1.875292 -0.450672
53668.2431 18.797 0.026 53668.244766 18.536 0.009 53668.241433 18.525 0.01 53668.242266 18.625 0.014 53668.243933 18.507 0.041 -1.875292 -0.450672
53670.247953 18.705 0.022 53670.249619 18.547 0.008 53670.246286 18.522 0.009 53670.247119 18.609 0.011 53670.248786 18.548 0.032 -1.875292 -0.450672
53673.215938 18.724 0.022 53673.217604 18.543 0.008 53673.214271 18.53 0.009 53673.215104 18.639 0.012 53673.216771 18.542 0.031 -1.875292 -0.450672
53675.212825 18.656 0.022 53675.214491 18.532 0.008 53675.211158 18.508 0.01 53675.211991 18.6 0.012 53675.213658 18.514 0.033 -1.875292 -0.450672
53677.233857 18.688 0.021 53677.235523 18.575 0.008 53677.23219 18.547 0.009 53677.233023 18.651 0.01 53677.23469 18.613 0.026 -1.875292 -0.450672
53680.220523 18.658 0.022 53680.222189 18.535 0.008 53680.218856 18.528 0.009 53680.219689 18.631 0.011 53680.221356 18.604 0.029 -1.875292 -0.450672
53693.222421 18.692 0.036 53693.224087 18.552 0.013 53693.220754 18.539 0.012 53693.221587 18.612 0.013 53693.223254 18.559 0.033 -1.875292 -0.450672
53698.219812 -99.99 0.937 53698.221478 18.541 0.009 53698.218145 -99.99 0.018 53698.218978 -99.99 0.013 53698.220645 -99.99 0.315 -1.875292 -0.450672
53704.205745 18.667 0.022 53704.207411 18.539 0.008 53704.204078 18.515 0.009 53704.204911 18.614 0.011 53704.206578 18.636 0.035 -1.875292 -0.450672
53974.298411 19.141 0.031 53974.300077 18.898 0.025 53974.296744 18.78 0.016 53974.297577 18.908 0.018 53974.299244 18.787 0.034 -1.875292 -0.450672
53989.301815 19.125 0.047 53989.303482 18.888 0.021 53989.300149 18.824 0.018 53989.300982 18.957 0.023 53989.302649 18.787 0.047 -1.875292 -0.450672
53997.397459 19.08 0.028 53997.399126 18.892 0.017 53997.395793 18.796 0.017 53997.396626 18.924 0.017 53997.398293 18.801 0.033 -1.875292 -0.450672
54000.277209 19.127 0.042 54000.278876 18.863 0.02 54000.275542 18.797 0.025 54000.276376 18.904 0.025 54000.278042 18.785 0.046 -1.875292 -0.450672
54007.327357 -99.99 0.029 54007.329024 18.942 0.024 54007.32569 18.85 0.017 54007.326524 18.988 0.022 54007.32819 18.879 0.042 -1.875292 -0.450672
54009.251158 19.249 0.031 54009.252825 18.981 0.017 54009.249492 18.836 0.017 54009.250325 18.984 0.022 54009.251992 18.834 0.046 -1.875292 -0.450672
54011.315732 19.211 0.034 54011.317398 18.99 0.021 54011.314065 18.882 0.014 54011.314898 19.046 0.021 54011.316565 18.891 0.034 -1.875292 -0.450672
54019.265832 19.254 0.042 54019.267499 19.003 0.02 54019.264166 18.888 0.018 54019.264999 18.997 0.015 54019.266666 18.888 0.034 -1.875292 -0.450672
54025.314639 19.326 0.034 54025.316305 19.022 0.019 54025.312972 18.878 0.018 54025.313805 19.003 0.022 54025.315472 18.792 0.042 -1.875292 -0.450672
54029.245093 19.454 0.077 54029.24676 19.039 0.024 54029.243426 18.915 0.016 54029.24426 19.027 0.023 54029.245926 18.881 0.044 -1.875292 -0.450672
54348.312372 19.297 0.037 54348.314039 19.026 0.019 54348.310705 18.913 0.02 54348.311539 19.016 0.022 54348.313205 18.839 0.049 -1.875292 -0.450672
54358.268199 -99.99 0.036 54358.269865 18.992 0.018 54358.266532 18.906 0.015 54358.267365 18.989 0.02 54358.269032 18.835 0.047 -1.875292 -0.450672
54365.301266 19.251 0.03 54365.302932 18.958 0.025 54365.299599 18.911 0.014 54365.300432 19.014 0.021 54365.302099 19.007 0.052 -1.875292 -0.450672
54373.375513 19.234 0.104 54373.37718 -99.99 0.034 54373.373847 18.89 0.021 54373.37468 18.977 0.021 54373.376347 18.916 0.066 -1.875292 -0.450672
54381.32086 19.168 0.031 54381.322527 18.97 0.023 54381.319193 18.873 0.017 54381.320027 18.983 0.022 54381.321693 18.916 0.042 -1.875292 -0.450672
54386.313164 19.228 0.037 54386.31483 18.968 0.037 54386.311497 18.875 0.018 54386.31233 18.94 0.018 54386.313997 -99.99 0.05 -1.875292 -0.450672
54388.317441 19.133 0.032 54388.319107 18.983 0.017 54388.315774 18.867 0.017 54388.316607 18.985 0.016 54388.318274 18.872 0.039 -1.875292 -0.450672
54403.231192 19.15 0.049 54403.232859 18.936 0.015 54403.229525 18.843 0.017 54403.230359 18.966 0.018 54403.232025 18.924 0.057 -1.875292 -0.450672
54404.288784 19.164 0.047 54404.29045 18.945 0.021 54404.287117 18.867 0.015 54404.28795 18.956 0.018 54404.289617 18.851 0.034 -1.875292 -0.450672
54405.286757 19.122 0.03 54405.288424 18.939 0.024 54405.285091 18.839 0.016 54405.285924 19.012 0.021 54405.287591 18.884 0.042 -1.875292 -0.450672
54406.225033 19.153 0.026 54406.226699 18.936 0.02 54406.223366 18.848 0.018 54406.224199 18.97 0.016 54406.225866 18.816 0.035 -1.875292 -0.450672
54412.227947 19.142 0.042 54412.229614 18.946 0.015 54412.226281 18.823 0.02 54412.227114 18.903 0.025 54412.228781 18.752 0.049 -1.875292 -0.450672
