51075.293597 20.696 0.07 51075.295263 18.778 0.01 51075.29193 18.383 0.009 51075.292763 18.299 0.011 51075.29443 18.227 0.032 -2.258848 -0.869407
52196.294164 21.249 0.113 52196.29583 19.139 0.011 52196.292497 18.721 0.01 52196.29333 18.543 0.011 52196.294997 18.462 0.033 -2.258848 -0.869407
52197.307273 21.371 0.118 52197.308939 19.152 0.011 52197.305606 18.69 0.009 52197.306439 18.55 0.011 52197.308106 18.486 0.033 -2.258848 -0.869407
52225.157405 21.156 0.089 52225.159071 19.142 0.011 52225.155738 18.712 0.01 52225.156571 18.564 0.011 52225.158238 18.459 0.03 -2.258848 -0.869407
52231.19319 21.34 0.102 52231.194856 19.146 0.011 52231.191523 18.724 0.01 52231.192356 18.535 0.011 52231.194023 18.451 0.027 -2.258848 -0.869407
52253.179362 21.356 0.222 52253.181028 19.144 0.015 52253.177695 18.724 0.012 52253.178528 18.562 0.013 52253.180195 18.425 0.038 -2.258848 -0.869407
52557.301195 20.948 0.099 52557.302861 18.966 0.011 52557.299528 18.566 0.009 52557.300361 18.437 0.011 52557.302028 18.325 0.032 -2.258848 -0.869407
52578.197275 21.002 0.081 52578.198941 18.955 0.01 52578.195608 18.555 0.009 52578.196441 18.444 0.01 52578.198108 18.333 0.026 -2.258848 -0.869407
52908.275759 20.772 0.086 52908.277425 18.877 0.01 52908.274092 18.49 0.009 52908.274925 18.347 0.011 52908.276592 18.351 0.03 -2.258848 -0.869407
52911.289545 21.104 0.117 52911.291211 18.933 0.012 52911.287878 18.501 0.009 52911.288711 18.367 0.011 52911.290378 18.284 0.032 -2.258848 -0.869407
52930.166917 20.787 0.086 52930.168583 18.887 0.01 52930.16525 18.505 0.009 52930.166083 18.371 0.011 52930.16775 18.276 0.028 -2.258848 -0.869407
52934.207659 20.9 0.094 52934.209325 18.881 0.011 52934.205992 18.491 0.009 52934.206825 18.382 0.011 52934.208492 18.332 0.031 -2.258848 -0.869407
52936.203585 20.864 0.077 52936.205251 18.871 0.009 52936.201918 18.477 0.008 52936.202751 18.373 0.01 52936.204418 18.278 0.024 -2.258848 -0.869407
52962.129107 20.928 0.087 52962.130773 18.834 0.011 52962.12744 18.513 0.011 52962.128273 18.411 0.013 52962.12994 18.361 0.03 -2.258848 -0.869407
53270.267641 20.727 0.065 53270.269307 18.883 0.026 53270.265974 18.479 0.014 53270.266807 18.351 0.02 53270.268474 18.291 0.033 -2.258848 -0.869407
53272.317589 20.92 0.109 53272.319255 18.878 0.012 53272.315922 18.478 0.01 53272.316755 18.373 0.011 53272.318422 18.264 0.025 -2.258848 -0.869407
53286.286308 20.977 0.148 53286.287974 18.894 0.011 53286.284641 18.495 0.011 53286.285474 18.41 0.013 53286.287141 18.317 0.03 -2.258848 -0.869407
53288.244797 20.868 0.08 53288.246463 18.881 0.009 53288.24313 18.476 0.008 53288.243963 18.386 0.01 53288.24563 18.297 0.024 -2.258848 -0.869407
53294.292474 20.942 0.101 53294.29414 18.893 0.011 53294.290807 18.509 0.011 53294.29164 18.398 0.013 53294.293307 18.275 0.03 -2.258848 -0.869407
53302.240466 21.347 0.271 53302.242132 18.891 0.017 53302.238799 18.542 0.012 53302.239632 18.389 0.013 53302.241299 18.327 0.029 -2.258848 -0.869407
53312.196033 20.87 0.111 53312.1977 18.866 0.018 53312.194366 18.505 0.022 53312.1952 18.394 0.022 53312.196866 18.358 0.042 -2.258848 -0.869407
53314.197196 21.08 0.1 53314.198862 18.867 0.01 53314.195529 18.483 0.009 53314.196362 18.354 0.01 53314.198029 18.347 0.028 -2.258848 -0.869407
53616.301559 20.996 0.128 53616.303225 18.908 0.013 53616.299892 18.501 0.01 53616.300725 18.398 0.012 53616.302392 18.366 0.036 -2.258848 -0.869407
53623.29177 20.957 0.129 53623.293436 18.941 0.016 53623.290103 18.502 0.015 53623.290936 18.395 0.016 53623.292603 18.343 0.033 -2.258848 -0.869407
53626.277984 20.68 0.086 53626.27965 18.884 0.012 53626.276317 -99.99 0.012 53626.27715 18.398 0.011 53626.278817 18.302 0.027 -2.258848 -0.869407
53628.262849 20.701 0.214 53628.264515 18.879 0.02 53628.261182 18.5 0.014 53628.262015 18.368 0.014 53628.263682 18.313 0.038 -2.258848 -0.869407
53637.264464 20.823 0.164 53637.26613 18.903 0.014 53637.262797 18.522 0.011 53637.26363 18.367 0.014 53637.265297 18.334 0.04 -2.258848 -0.869407
53639.309842 20.75 0.087 53639.311508 18.903 0.011 53639.308175 18.527 0.009 53639.309008 18.378 0.011 53639.310675 18.309 0.027 -2.258848 -0.869407
53644.256923 20.885 0.088 53644.258589 18.901 0.02 53644.255256 18.481 0.02 53644.256089 18.378 0.019 53644.257756 18.291 0.03 -2.258848 -0.869407
53654.291534 20.963 0.098 53654.2932 18.86 0.01 53654.289867 18.487 0.009 53654.2907 18.378 0.01 53654.292367 18.326 0.029 -2.258848 -0.869407
53656.239129 20.782 0.21 53656.240795 18.907 0.019 53656.237462 18.481 0.012 53656.238295 18.409 0.015 53656.239962 18.397 0.042 -2.258848 -0.869407
53663.252438 20.722 0.133 53663.254104 18.876 0.014 53663.250771 18.487 0.01 53663.251604 18.377 0.011 53663.253271 18.305 0.026 -2.258848 -0.869407
53668.242038 21.176 0.165 53668.243704 18.878 0.011 53668.240371 18.5 0.01 53668.241204 18.354 0.012 53668.242871 18.265 0.036 -2.258848 -0.869407
53670.24689 20.908 0.086 53670.248556 18.883 0.01 53670.245223 18.478 0.009 53670.246056 18.37 0.01 53670.247723 18.339 0.029 -2.258848 -0.869407
53673.214875 20.878 0.09 53673.216541 18.869 0.01 53673.213208 18.492 0.009 53673.214041 18.378 0.01 53673.215708 18.315 0.026 -2.258848 -0.869407
53675.211763 20.993 0.103 53675.213429 18.875 0.01 53675.210096 18.492 0.009 53675.210929 18.392 0.012 53675.212596 18.292 0.031 -2.258848 -0.869407
53677.232794 20.742 0.064 53677.23446 18.877 0.009 53677.231127 18.509 0.009 53677.23196 18.382 0.01 53677.233627 18.334 0.022 -2.258848 -0.869407
53680.21946 20.825 0.086 53680.221126 18.879 0.012 53680.217793 18.503 0.011 53680.218626 18.39 0.013 53680.220293 18.319 0.027 -2.258848 -0.869407
53693.221359 20.988 0.251 53693.223025 18.875 0.017 53693.219692 18.485 0.011 53693.220525 18.391 0.012 53693.222192 18.313 0.029 -2.258848 -0.869407
53704.204683 20.76 0.079 53704.206349 18.86 0.01 53704.203016 18.47 0.009 53704.203849 18.384 0.01 53704.205516 18.277 0.027 -2.258848 -0.869407
53974.297375 21.127 0.087 53974.299041 19.038 0.023 53974.295708 18.659 0.014 53974.296541 18.519 0.023 53974.298208 18.474 0.033 -2.258848 -0.869407
53989.300759 20.866 0.169 53989.302426 19.063 0.027 53989.299092 18.682 0.02 53989.299926 18.565 0.023 53989.301592 18.468 0.03 -2.258848 -0.869407
53997.396376 20.935 0.091 53997.398043 19.012 0.025 53997.394709 18.668 0.018 53997.395543 18.572 0.017 53997.397209 -99.99 0.034 -2.258848 -0.869407
54000.276228 21.409 0.15 54000.277895 19.071 0.019 54000.274562 18.643 0.017 54000.275395 18.538 0.023 54000.277062 18.404 0.036 -2.258848 -0.869407
54007.326296 -99.99 0.092 54007.327963 19.028 0.021 54007.32463 18.673 0.024 54007.325463 18.552 0.025 54007.32713 18.5 0.034 -2.258848 -0.869407
54009.250096 21.363 0.125 54009.251762 -99.99 0.022 54009.248429 18.628 0.018 54009.249262 18.522 0.021 54009.250929 18.456 0.035 -2.258848 -0.869407
54011.314556 21.175 0.148 54011.316223 19.015 0.019 54011.312889 18.654 0.023 54011.313723 18.554 0.028 54011.315389 18.411 0.029 -2.258848 -0.869407
54019.264868 21.005 0.131 54019.266535 19.036 0.028 54019.263201 18.662 0.017 54019.264035 18.555 0.016 54019.265701 18.43 0.032 -2.258848 -0.869407
54025.313572 21.042 0.12 54025.315239 19.041 0.017 54025.311906 18.656 0.02 54025.312739 18.54 0.025 54025.314406 18.489 0.038 -2.258848 -0.869407
54029.243911 20.916 0.089 54029.245578 19.06 0.018 54029.242245 18.679 0.023 54029.243078 18.543 0.022 54029.244745 18.461 0.04 -2.258848 -0.869407
54348.311309 21.304 0.149 54348.312976 19.074 0.035 54348.309643 18.756 0.017 54348.310476 18.636 0.018 54348.312143 18.494 0.039 -2.258848 -0.869407
54358.26714 21.018 0.116 54358.268807 19.127 0.021 54358.265473 18.725 0.022 54358.266307 18.611 0.022 54358.267973 18.462 0.044 -2.258848 -0.869407
54365.300203 21.334 0.157 54365.30187 19.126 0.027 54365.298537 18.728 0.021 54365.29937 18.605 0.022 54365.301037 18.474 0.04 -2.258848 -0.869407
54373.37449 21.661 0.579 54373.376156 19.057 0.083 54373.372823 18.689 0.025 54373.373656 18.581 0.017 54373.375323 18.47 0.039 -2.258848 -0.869407
54381.3198 20.962 0.086 54381.321467 19.071 0.022 54381.318133 18.7 0.019 54381.318967 18.601 0.019 54381.320633 18.483 0.029 -2.258848 -0.869407
54386.312122 21.125 0.119 54386.313789 19.068 0.023 54386.310456 18.696 0.016 54386.311289 18.623 0.018 54386.312956 18.545 0.04 -2.258848 -0.869407
54388.316385 21.066 0.11 54388.318052 19.05 0.022 54388.314718 18.672 0.016 54388.315552 18.582 0.024 54388.317218 18.478 0.032 -2.258848 -0.869407
54403.230132 21.13 0.192 54403.231798 19.045 0.021 54403.228465 18.692 0.028 54403.229298 18.583 0.019 54403.230965 18.497 0.044 -2.258848 -0.869407
54404.287748 20.822 0.129 54404.289415 19.009 0.019 54404.286082 18.699 0.018 54404.286915 18.589 0.026 54404.288582 18.467 0.031 -2.258848 -0.869407
54405.285682 21.13 0.144 54405.287349 19.054 0.021 54405.284015 18.678 0.021 54405.284849 18.562 0.024 54405.286515 18.48 0.033 -2.258848 -0.869407
54406.22399 21.367 0.105 54406.225656 19.008 0.022 54406.222323 18.668 0.015 54406.223156 18.589 0.025 54406.224823 18.532 0.032 -2.258848 -0.869407
54412.226913 20.822 0.112 54412.22858 19.053 0.018 54412.225246 18.721 0.021 54412.22608 18.588 0.02 54412.227746 18.527 0.042 -2.258848 -0.869407
