51081.280707 20.056 0.067 51081.282373 19.376 0.015 51081.27904 19.284 0.021 51081.279873 19.321 0.025 51081.28154 19.136 0.071 -1.028374 -0.722548
51467.375855 19.935 0.073 51467.377521 19.247 0.014 51467.374188 19.152 0.018 51467.375021 19.155 0.022 51467.376688 18.868 0.062 -1.028374 -0.722548
51819.351898 19.808 0.05 51819.353564 19.228 0.012 51819.350231 19.112 0.014 51819.351064 19.165 0.016 51819.352731 18.861 0.043 -1.028374 -0.722548
52558.31713 19.986 0.047 52558.318796 19.313 0.012 52558.315463 19.215 0.013 52558.316296 19.186 0.014 52558.317963 18.948 0.036 -1.028374 -0.722548
52577.204629 19.983 0.046 52577.206295 19.33 0.011 52577.202962 19.157 0.013 52577.203795 19.191 0.016 52577.205462 18.865 0.044 -1.028374 -0.722548
52586.208108 20.041 0.05 52586.209774 19.305 0.012 52586.206441 19.19 0.015 52586.207274 19.154 0.019 52586.208941 18.94 0.056 -1.028374 -0.722548
52910.28859 20 0.047 52910.290256 19.323 0.012 52910.286923 19.208 0.013 52910.287756 19.165 0.015 52910.289423 18.945 0.039 -1.028374 -0.722548
52931.218791 20.095 0.056 52931.220457 19.325 0.012 52931.217124 19.212 0.014 52931.217957 19.187 0.016 52931.219624 19.048 0.047 -1.028374 -0.722548
52935.215755 19.978 0.049 52935.217421 19.295 0.012 52935.214088 19.185 0.014 52935.214921 19.185 0.016 52935.216588 18.927 0.043 -1.028374 -0.722548
52959.159082 19.97 0.043 52959.160748 19.299 0.011 52959.157415 19.152 0.012 52959.158248 19.144 0.014 52959.159915 18.91 0.035 -1.028374 -0.722548
52963.138826 19.994 0.041 52963.140492 19.31 0.011 52963.137159 19.206 0.012 52963.137992 19.161 0.013 52963.139659 18.969 0.033 -1.028374 -0.722548
53313.208955 20.029 0.07 53313.210621 19.273 0.013 53313.207288 19.17 0.017 53313.208121 19.188 0.023 53313.209788 19.139 0.078 -1.028374 -0.722548
53352.109891 19.85 0.041 53352.111557 19.239 0.011 53352.108224 19.18 0.013 53352.109057 19.176 0.016 53352.110724 18.961 0.045 -1.028374 -0.722548
53622.318194 20.134 0.072 53622.31986 19.544 0.016 53622.316527 19.377 0.018 53622.31736 19.397 0.024 53622.319027 19.064 0.068 -1.028374 -0.722548
53634.267665 20.387 0.17 53634.269331 19.529 0.034 53634.265998 19.471 0.029 53634.266831 19.296 0.027 53634.268498 19.163 0.075 -1.028374 -0.722548
53636.273198 20.34 0.126 53636.274864 19.524 0.026 53636.271531 19.457 0.026 53636.272364 19.321 0.026 53636.274031 18.965 0.06 -1.028374 -0.722548
53638.308999 20.307 0.073 53638.310665 19.543 0.016 53638.307332 19.408 0.016 53638.308165 19.375 0.017 53638.309832 19.068 0.045 -1.028374 -0.722548
53640.273035 20.279 0.096 53640.274701 -99.99 0.02 53640.271368 19.467 0.02 53640.272201 19.441 0.028 53640.273868 19.086 0.058 -1.028374 -0.722548
53655.245205 20.209 0.145 53655.246871 19.507 0.034 53655.243538 19.328 0.029 53655.244371 19.324 0.032 53655.246038 19.083 0.089 -1.028374 -0.722548
53664.270162 20.086 0.113 53664.271828 19.538 0.023 53664.268495 19.437 0.024 53664.269328 19.405 0.023 53664.270995 19.146 0.059 -1.028374 -0.722548
53666.233766 20.268 0.065 53666.235432 19.548 0.016 53666.232099 19.46 0.016 53666.232932 19.367 0.018 53666.234599 19.082 0.05 -1.028374 -0.722548
53669.229405 20.215 0.054 53669.231071 19.539 0.013 53669.227738 19.416 0.014 53669.228571 19.37 0.017 53669.230238 19.198 0.053 -1.028374 -0.722548
53671.314179 20.313 0.106 53671.315845 19.536 0.017 53671.312512 19.457 0.021 53671.313345 19.404 0.025 53671.315012 19.064 0.062 -1.028374 -0.722548
53674.21364 20.341 0.069 53674.215306 19.534 0.014 53674.211973 19.394 0.016 53674.212806 19.369 0.018 53674.214473 19.139 0.051 -1.028374 -0.722548
53676.303122 20.186 0.071 53676.304788 19.555 0.014 53676.301455 19.433 0.017 53676.302288 19.392 0.017 53676.303955 19.096 0.045 -1.028374 -0.722548
53679.275011 20.26 0.081 53679.276677 19.572 0.016 53679.273344 19.424 0.019 53679.274177 19.357 0.023 53679.275844 19.019 0.062 -1.028374 -0.722548
53681.266525 20.339 0.089 53681.268191 19.552 0.015 53681.264858 19.428 0.018 53681.265691 19.377 0.021 53681.267358 19.049 0.051 -1.028374 -0.722548
53685.225574 20.541 0.301 53685.22724 19.582 0.05 53685.223907 19.523 0.05 53685.22474 -99.99 0.037 53685.226407 19.057 0.079 -1.028374 -0.722548
53694.239455 20.453 0.306 53694.241121 19.537 0.048 53694.237788 -99.99 0.046 53694.238621 -99.99 0.046 53694.240288 -99.99 0.116 -1.028374 -0.722548
53697.223547 20.271 0.098 53697.225213 19.566 0.017 53697.22188 19.434 0.021 53697.222713 19.389 0.024 53697.22438 19.132 0.065 -1.028374 -0.722548
53700.222507 20.305 0.081 53700.224173 19.529 0.015 53700.22084 19.409 0.016 53700.221673 19.334 0.019 53700.22334 19.168 0.058 -1.028374 -0.722548
53705.209177 20.231 0.066 53705.210843 19.535 0.015 53705.20751 19.437 0.016 53705.208343 19.362 0.017 53705.21001 19.158 0.045 -1.028374 -0.722548
53975.294239 20.155 0.066 53975.295906 19.516 0.032 53975.292573 19.413 0.024 53975.293406 19.417 0.023 53975.295073 19.158 0.066 -1.028374 -0.722548
53993.361992 20.124 0.078 53993.363659 19.56 0.024 53993.360325 19.439 0.029 53993.361159 19.38 0.021 53993.362825 -99.99 0.058 -1.028374 -0.722548
53994.317227 20.159 0.051 53994.318894 19.55 0.018 53994.315561 19.436 0.019 53994.316394 19.331 0.021 53994.318061 19.143 0.054 -1.028374 -0.722548
53996.3009 20.178 0.054 53996.302566 19.547 0.016 53996.299233 19.431 0.017 53996.300066 19.382 0.019 53996.301733 19.08 0.046 -1.028374 -0.722548
53998.269533 20.225 0.056 53998.2712 19.608 0.028 53998.267866 19.401 0.019 53998.2687 19.397 0.041 53998.270366 19.257 0.099 -1.028374 -0.722548
54005.29977 20.165 0.051 54005.301437 19.582 0.023 54005.298104 19.443 0.017 54005.298937 19.375 0.019 54005.300604 19.025 0.035 -1.028374 -0.722548
54010.255013 20.222 0.064 54010.25668 19.538 0.02 54010.253346 19.414 0.019 54010.25418 19.362 0.025 54010.255846 19.114 0.038 -1.028374 -0.722548
54012.247953 20.081 0.094 54012.24962 -99.99 0.029 54012.246286 19.427 0.024 54012.24712 19.375 0.027 54012.248786 19.09 0.043 -1.028374 -0.722548
54020.253839 20.146 0.083 54020.255506 -99.99 0.025 54020.252173 19.385 0.024 54020.253006 19.381 0.024 54020.254673 19.031 0.058 -1.028374 -0.722548
54024.335437 20.178 0.077 54024.337103 19.529 0.019 54024.33377 19.416 0.021 54024.334603 19.387 0.026 54024.33627 19.057 0.059 -1.028374 -0.722548
54028.244235 20.266 0.061 54028.245902 19.526 0.024 54028.242569 19.396 0.02 54028.243402 19.338 0.018 54028.245069 19.115 0.054 -1.028374 -0.722548
54030.247408 20.189 0.056 54030.249075 19.48 0.02 54030.245742 19.393 0.021 54030.246575 19.366 0.019 54030.248242 19.088 0.041 -1.028374 -0.722548
54035.323175 20.277 0.096 54035.324842 19.572 0.021 54035.321509 19.339 0.023 54035.322342 19.347 0.027 54035.324009 19.084 0.068 -1.028374 -0.722548
54037.228716 20.144 0.062 54037.230383 19.503 0.018 54037.227049 19.423 0.024 54037.227883 19.367 0.023 54037.229549 19.128 0.05 -1.028374 -0.722548
54040.243188 20.283 0.117 54040.244855 19.548 0.033 54040.241522 19.407 0.025 54040.242355 19.336 0.025 54040.244022 19.081 0.051 -1.028374 -0.722548
54047.273736 -99.99 0.193 54047.275403 -99.99 0.045 54047.272069 19.374 0.039 54047.272903 19.352 0.043 54047.274569 18.97 0.072 -1.028374 -0.722548
54049.269618 -99.99 0.133 54049.271284 19.497 0.036 54049.267951 19.374 0.029 54049.268784 19.401 0.027 54049.270451 19.163 0.074 -1.028374 -0.722548
54053.233924 20.114 0.057 54053.23559 19.551 0.026 54053.232257 19.367 0.024 54053.23309 19.345 0.02 54053.234757 19.059 0.045 -1.028374 -0.722548
54056.235627 -99.99 0.102 54056.237294 19.524 0.044 54056.233961 -99.99 0.04 54056.234794 19.376 0.027 54056.236461 19.077 0.066 -1.028374 -0.722548
54062.234804 20.117 0.081 54062.236471 19.487 0.022 54062.233137 19.357 0.022 54062.233971 19.311 0.031 54062.235637 19.067 0.076 -1.028374 -0.722548
54068.215375 20.221 0.136 54068.217042 19.476 0.031 54068.213709 19.368 0.033 54068.214542 19.321 0.03 54068.216209 18.974 0.058 -1.028374 -0.722548
54357.273083 20.161 0.058 54357.27475 19.51 0.058 54357.271416 19.413 0.027 54357.27225 19.397 0.025 54357.273916 19.141 0.044 -1.028374 -0.722548
54362.322977 -99.99 0.125 54362.324644 -99.99 0.091 54362.321311 -99.99 0.038 54362.322144 -99.99 0.053 54362.323811 -99.99 0.15 -1.028374 -0.722548
54382.303125 20.225 0.077 54382.304792 19.505 0.017 54382.301459 19.425 0.024 54382.302292 19.438 0.026 54382.303959 19.177 0.067 -1.028374 -0.722548
54385.320889 -99.99 0.088 54385.322555 -99.99 0.037 54385.319222 19.431 0.023 54385.320055 19.427 0.023 54385.321722 19.232 0.05 -1.028374 -0.722548
54387.321413 20.063 0.061 54387.323079 19.499 0.03 54387.319746 19.453 0.021 54387.320579 19.365 0.022 54387.322246 19.2 0.059 -1.028374 -0.722548
54392.316146 20.147 0.069 54392.317813 19.518 0.018 54392.31448 19.413 0.025 54392.315313 19.374 0.029 54392.31698 19.116 0.062 -1.028374 -0.722548
54402.314571 20.317 0.168 54402.316238 19.518 0.036 54402.312905 19.406 0.025 54402.313738 19.373 0.023 54402.315405 19.062 0.056 -1.028374 -0.722548
