51081.278665 19.597 0.041 51081.280331 18.995 0.012 51081.276998 18.995 0.014 51081.277831 18.859 0.017 51081.279498 18.735 0.05 -1.786762 -0.27
51467.373759 19.151 0.035 51467.375425 18.732 0.01 51467.372092 18.726 0.013 51467.372925 18.653 0.016 51467.374592 18.479 0.051 -1.786762 -0.27
51819.349755 19.318 0.033 51819.351421 18.828 0.01 51819.348088 18.844 0.012 51819.348921 18.745 0.014 51819.350588 18.558 0.041 -1.786762 -0.27
52558.31503 19.247 0.027 52558.316696 18.789 0.009 52558.313363 18.802 0.01 52558.314196 18.701 0.011 52558.315863 18.567 0.029 -1.786762 -0.27
52577.202529 19.243 0.026 52577.204195 18.782 0.008 52577.200862 18.788 0.01 52577.201695 18.713 0.014 52577.203362 18.529 0.036 -1.786762 -0.27
52586.206007 19.242 0.033 52586.207673 18.767 0.009 52586.20434 18.787 0.011 52586.205173 18.705 0.014 52586.20684 18.528 0.041 -1.786762 -0.27
52910.28649 19.09 0.024 52910.288156 18.744 0.008 52910.284823 18.772 0.01 52910.285656 18.706 0.012 52910.287323 18.517 0.031 -1.786762 -0.27
52931.216691 -99.99 0.026 52931.218357 18.781 0.009 52931.215024 18.767 0.01 52931.215857 18.735 0.012 52931.217524 18.576 0.036 -1.786762 -0.27
52935.213654 19.143 0.026 52935.21532 18.792 0.009 52935.211987 18.8 0.011 52935.21282 18.724 0.012 52935.214487 18.609 0.037 -1.786762 -0.27
52959.156982 19.231 0.025 52959.158648 18.809 0.009 52959.155315 18.849 0.01 52959.156148 18.743 0.012 52959.157815 18.584 0.029 -1.786762 -0.27
52963.136726 19.247 0.025 52963.138392 18.808 0.009 52963.135059 18.844 0.01 52963.135892 18.738 0.011 52963.137559 18.567 0.028 -1.786762 -0.27
53313.206856 19.61 0.042 53313.208522 -99.99 0.013 53313.205189 -99.99 0.016 53313.206022 -99.99 0.019 53313.207689 -99.99 0.057 -1.786762 -0.27
53352.107792 19.544 0.032 53352.109458 19.023 0.01 53352.106125 19.016 0.011 53352.106958 18.866 0.014 53352.108625 18.722 0.039 -1.786762 -0.27
53622.316096 19.273 0.033 53622.317762 18.892 0.01 53622.314429 18.861 0.012 53622.315262 18.757 0.015 53622.316929 18.646 0.05 -1.786762 -0.27
53634.265567 19.314 0.068 53634.267233 18.862 0.018 53634.2639 18.846 0.019 53634.264733 18.744 0.018 53634.2664 18.525 0.042 -1.786762 -0.27
53636.2711 19.15 0.067 53636.272766 18.85 0.015 53636.269433 18.85 0.018 53636.270266 -99.99 0.034 53636.271933 18.718 0.048 -1.786762 -0.27
53638.306901 19.289 0.033 53638.308567 18.869 0.01 53638.305234 18.872 0.011 53638.306067 18.804 0.013 53638.307734 18.645 0.034 -1.786762 -0.27
53640.270936 19.267 0.044 53640.272602 18.87 0.011 53640.269269 -99.99 0.041 53640.270102 18.73 0.017 53640.271769 -99.99 0.043 -1.786762 -0.27
53655.243106 19.326 0.067 53655.244772 18.847 0.017 53655.241439 18.88 0.02 53655.242272 18.771 0.022 53655.243939 -99.99 0.057 -1.786762 -0.27
53664.268064 19.329 0.064 53664.26973 18.795 0.014 53664.266397 -99.99 0.024 53664.26723 18.753 0.026 53664.268897 18.529 0.039 -1.786762 -0.27
53666.231667 19.306 0.032 53666.233333 18.867 0.01 53666.23 18.862 0.011 53666.230833 18.773 0.014 53666.2325 18.618 0.036 -1.786762 -0.27
53669.227306 19.357 0.028 53669.228972 18.87 0.009 53669.225639 18.877 0.011 53669.226472 18.785 0.012 53669.228139 18.64 0.034 -1.786762 -0.27
53671.312081 19.382 0.044 53671.313747 18.891 0.011 53671.310414 18.881 0.013 53671.311247 18.784 0.016 53671.312914 18.64 0.046 -1.786762 -0.27
53674.211541 19.35 0.032 53674.213207 18.888 0.009 53674.209874 18.871 0.011 53674.210707 18.769 0.013 53674.212374 18.619 0.035 -1.786762 -0.27
53676.301023 19.304 0.035 53676.302689 18.88 0.01 53676.299356 18.863 0.011 53676.300189 18.77 0.012 53676.301856 18.62 0.033 -1.786762 -0.27
53679.272912 -99.99 0.034 53679.274578 18.891 0.01 53679.271245 18.862 0.012 53679.272078 18.792 0.015 53679.273745 18.667 0.045 -1.786762 -0.27
53681.264426 19.324 0.039 53681.266092 18.875 0.01 53681.262759 18.862 0.013 53681.263592 18.779 0.015 53681.265259 18.58 0.038 -1.786762 -0.27
53685.223476 19.503 0.101 53685.225142 18.836 0.028 53685.221809 18.873 0.029 53685.222642 18.73 0.025 53685.224309 18.613 0.059 -1.786762 -0.27
53694.237355 19.254 0.089 53694.239021 -99.99 0.026 53694.235688 18.991 0.027 53694.236521 -99.99 0.025 53694.238188 -99.99 0.084 -1.786762 -0.27
53697.221448 19.371 0.045 53697.223114 -99.99 0.013 53697.219781 18.897 0.018 53697.220614 18.81 0.019 53697.222281 18.559 0.041 -1.786762 -0.27
53700.220407 19.326 0.034 53700.222073 18.884 0.01 53700.21874 18.874 0.011 53700.219573 18.804 0.014 53700.22124 18.675 0.04 -1.786762 -0.27
53705.207077 19.47 0.036 53705.208743 18.877 0.01 53705.20541 18.869 0.011 53705.206243 18.802 0.013 53705.20791 18.636 0.032 -1.786762 -0.27
53975.29207 19.216 0.031 53975.293736 18.78 0.022 53975.290403 18.824 0.027 53975.291236 18.736 0.023 53975.292903 18.681 0.043 -1.786762 -0.27
53993.36 19.265 0.055 53993.361667 18.796 0.019 53993.358334 18.813 0.016 53993.359167 18.689 0.019 53993.360834 18.588 0.041 -1.786762 -0.27
53994.315082 19.256 0.032 53994.316749 18.81 0.016 53994.313416 18.795 0.017 53994.314249 18.75 0.015 53994.315916 18.581 0.033 -1.786762 -0.27
53996.298806 19.249 0.032 53996.300473 18.783 0.022 53996.297139 18.796 0.019 53996.297973 18.71 0.017 53996.299639 18.555 0.033 -1.786762 -0.27
53998.267476 19.265 0.029 53998.269143 18.784 0.031 53998.26581 18.823 0.013 53998.266643 18.741 0.015 53998.26831 18.586 0.03 -1.786762 -0.27
54005.297676 19.138 0.024 54005.299343 18.821 0.02 54005.29601 18.788 0.013 54005.296843 18.73 0.016 54005.29851 18.585 0.03 -1.786762 -0.27
54010.252924 19.211 0.027 54010.254591 18.784 0.017 54010.251258 18.811 0.016 54010.252091 18.748 0.02 54010.253758 18.589 0.029 -1.786762 -0.27
54012.245876 19.207 0.042 54012.247543 18.786 0.017 54012.244209 18.791 0.016 54012.245043 18.716 0.019 54012.246709 18.639 0.034 -1.786762 -0.27
54020.251762 19.143 0.042 54020.253429 18.741 0.016 54020.250096 18.781 0.014 54020.250929 18.693 0.017 54020.252596 18.516 0.043 -1.786762 -0.27
54024.333342 -99.99 0.032 54024.335009 18.748 0.023 54024.331675 18.786 0.017 54024.332509 18.662 0.02 54024.334175 18.541 0.046 -1.786762 -0.27
54028.242158 19.077 0.026 54028.243825 18.756 0.015 54028.240492 18.757 0.019 54028.241325 18.706 0.019 54028.242992 18.56 0.035 -1.786762 -0.27
54030.245316 19.096 0.036 54030.246983 18.755 0.02 54030.243649 18.742 0.013 54030.244483 18.714 0.016 54030.246149 18.578 0.03 -1.786762 -0.27
54035.321071 19.097 0.036 54035.322738 -99.99 0.014 54035.319404 18.767 0.021 54035.320238 18.658 0.019 54035.321904 18.529 0.046 -1.786762 -0.27
54037.226585 19.068 0.032 54037.228251 18.718 0.018 54037.224918 18.751 0.018 54037.225751 18.717 0.018 54037.227418 18.649 0.04 -1.786762 -0.27
54040.241018 -99.99 0.041 54040.242685 18.687 0.02 54040.239352 18.74 0.018 54040.240185 18.69 0.021 54040.241852 18.546 0.035 -1.786762 -0.27
54047.271655 -99.99 0.071 54047.273321 18.813 0.047 54047.269988 18.672 0.022 54047.270821 -99.99 0.053 54047.272488 18.515 0.048 -1.786762 -0.27
54049.267476 -99.99 0.05 54049.269143 18.727 0.021 54049.26581 18.754 0.016 54049.266643 18.657 0.023 54049.26831 18.537 0.045 -1.786762 -0.27
54053.231802 19.133 0.027 54053.233469 18.727 0.017 54053.230135 18.742 0.015 54053.230969 18.682 0.016 54053.232635 18.556 0.033 -1.786762 -0.27
54056.233506 -99.99 0.061 54056.235173 -99.99 0.029 54056.23184 18.764 0.032 54056.232673 18.688 0.027 54056.23434 -99.99 0.07 -1.786762 -0.27
54059.227787 19.063 0.037 54059.229454 18.745 0.011 54059.22612 18.763 0.032 54059.226954 -99.99 0.022 54059.22862 18.502 0.07 -1.786762 -0.27
54062.232686 19.143 0.039 54062.234353 18.77 0.017 54062.231019 18.733 0.021 54062.231853 18.697 0.023 54062.233519 18.553 0.051 -1.786762 -0.27
54357.270982 19.546 0.035 54357.272649 -99.99 0.03 54357.269315 19.049 0.017 54357.270149 18.925 0.017 54357.271815 18.744 0.038 -1.786762 -0.27
54362.320841 -99.99 1.517 54362.322508 -99.99 0.043 54362.319175 -99.99 0.027 54362.320008 -99.99 0.025 54362.321675 -99.99 0.067 -1.786762 -0.27
54382.300987 19.481 0.039 54382.302654 18.998 0.036 54382.29932 19.013 0.028 54382.300154 18.884 0.042 54382.30182 18.75 0.049 -1.786762 -0.27
54385.318811 -99.99 0.082 54385.320477 19.013 0.019 54385.317144 19.02 0.02 54385.317977 18.921 0.019 54385.319644 18.736 0.039 -1.786762 -0.27
54387.319402 19.565 0.038 54387.321068 18.996 0.018 54387.317735 18.989 0.021 54387.318568 18.907 0.021 54387.320235 18.78 0.043 -1.786762 -0.27
54392.314001 19.426 0.04 54392.315668 -99.99 0.018 54392.312335 19.017 0.015 54392.313168 18.903 0.017 54392.314835 18.774 0.04 -1.786762 -0.27
54402.31249 19.563 0.091 54402.314157 18.96 0.022 54402.310824 18.988 0.02 54402.311657 18.864 0.019 54402.313324 18.669 0.04 -1.786762 -0.27
