51075.293278 19.853 0.041 51075.294944 19.778 0.016 51075.291611 19.55 0.019 51075.292444 19.423 0.026 51075.294111 19.344 0.086 -2.376113 1.07193
52231.192865 20.14 0.047 52231.194531 20.101 0.017 52231.191198 19.808 0.019 52231.192031 19.596 0.023 52231.193698 19.678 0.075 -2.376113 1.07193
52253.179037 20.329 0.097 52253.180703 20.136 0.027 52253.17737 19.807 0.027 52253.178203 19.549 0.029 52253.17987 19.737 0.126 -2.376113 1.07193
52557.300868 20.244 0.064 52557.302534 20.132 0.021 52557.299201 19.83 0.022 52557.300034 19.672 0.028 52557.301701 19.848 0.109 -2.376113 1.07193
52578.196952 20.164 0.047 52578.198618 20.119 0.018 52578.195285 19.837 0.019 52578.196118 19.64 0.024 52578.197785 19.544 0.07 -2.376113 1.07193
52908.275436 20.354 0.063 52908.277102 20.215 0.022 52908.273769 19.945 0.023 52908.274602 19.719 0.03 52908.276269 19.882 0.113 -2.376113 1.07193
52911.289221 20.225 0.064 52911.290887 20.252 0.023 52911.287554 19.903 0.024 52911.288387 19.73 0.032 52911.290054 19.999 0.143 -2.376113 1.07193
52930.166594 20.222 0.063 52930.16826 20.131 0.02 52930.164927 19.796 0.022 52930.16576 19.572 0.028 52930.167427 19.715 0.103 -2.376113 1.07193
52934.207337 20.168 0.061 52934.209003 20.181 0.023 52934.20567 19.904 0.025 52934.206503 19.643 0.032 52934.20817 19.741 0.108 -2.376113 1.07193
52962.128783 20.239 0.057 52962.130449 20.13 0.021 52962.127116 19.815 0.022 52962.127949 19.626 0.027 52962.129616 19.873 0.108 -2.376113 1.07193
53270.267346 20.156 0.044 53270.269012 20.022 0.024 53270.265679 19.756 0.029 53270.266512 19.539 0.024 53270.268179 19.657 0.071 -2.376113 1.07193
53272.317266 20.097 0.062 53272.318932 20.014 0.028 53272.315599 19.719 0.024 53272.316432 19.567 0.028 53272.318099 19.667 0.089 -2.376113 1.07193
53286.285985 20.138 0.091 53286.287651 20.025 0.023 53286.284318 19.75 0.027 53286.285151 19.548 0.031 53286.286818 19.55 0.105 -2.376113 1.07193
53288.244477 19.926 0.044 53288.246143 19.992 0.016 53288.24281 19.728 0.017 53288.243643 19.611 0.022 53288.24531 19.6 0.071 -2.376113 1.07193
53294.29215 20.056 0.059 53294.293816 19.992 0.02 53294.290483 19.771 0.023 53294.291316 19.582 0.03 53294.292983 19.768 0.104 -2.376113 1.07193
53302.240142 20.088 0.093 53302.241808 20.038 0.038 53302.238475 19.735 0.035 53302.239308 19.593 0.033 53302.240975 19.582 0.091 -2.376113 1.07193
53312.195703 19.888 0.053 53312.19737 20.022 0.034 53312.194037 19.72 0.027 53312.19487 19.61 0.032 53312.196537 19.647 0.109 -2.376113 1.07193
53314.196872 20.056 0.049 53314.198538 19.989 0.017 53314.195205 19.713 0.02 53314.196038 19.582 0.028 53314.197705 19.612 0.09 -2.376113 1.07193
53616.301237 19.739 0.052 53616.302903 -99.99 0.019 53616.29957 19.447 0.018 53616.300403 19.322 0.026 53616.30207 19.423 0.088 -2.376113 1.07193
53623.29145 -99.99 0.068 53623.293116 19.66 0.019 53623.289783 19.455 0.02 53623.290616 19.287 0.024 53623.292283 19.421 0.079 -2.376113 1.07193
53626.277661 19.662 0.047 53626.279327 19.594 0.018 53626.275994 -99.99 0.049 53626.276827 19.273 0.022 53626.278494 19.371 0.07 -2.376113 1.07193
53628.262526 19.695 0.095 53628.264192 19.575 0.036 53628.260859 19.414 0.029 53628.261692 19.261 0.03 53628.263359 19.351 0.096 -2.376113 1.07193
53637.264143 19.682 0.064 53637.265809 19.573 0.021 53637.262476 19.42 0.021 53637.263309 19.297 0.03 53637.264976 19.281 0.096 -2.376113 1.07193
53639.30952 19.574 0.04 53639.311186 19.57 0.015 53639.307853 19.403 0.016 53639.308686 19.223 0.019 53639.310353 19.452 0.07 -2.376113 1.07193
53644.256597 19.619 0.036 53644.258263 19.536 0.024 53644.25493 19.333 0.024 53644.255763 19.24 0.025 53644.25743 19.276 0.053 -2.376113 1.07193
53654.291211 19.574 0.037 53654.292877 19.508 0.012 53654.289544 19.413 0.015 53654.290377 19.237 0.019 53654.292044 19.298 0.063 -2.376113 1.07193
53656.238806 19.532 0.074 53656.240472 19.496 0.03 53656.237139 19.39 0.026 53656.237972 19.164 0.028 53656.239639 19.212 0.084 -2.376113 1.07193
53663.252116 19.584 0.051 53663.253782 19.524 0.021 53663.250449 19.381 0.019 53663.251282 19.163 0.019 53663.252949 19.228 0.053 -2.376113 1.07193
53665.230083 19.507 0.133 53665.231749 19.508 0.101 53665.228416 19.542 0.136 53665.229249 19.233 0.093 53665.230916 -99.99 0.369 -2.376113 1.07193
53668.241716 19.545 0.044 53668.243382 19.487 0.014 53668.240049 19.382 0.019 53668.240882 19.273 0.024 53668.242549 19.303 0.087 -2.376113 1.07193
53670.246567 19.509 0.034 53670.248233 19.488 0.013 53670.2449 19.309 0.015 53670.245733 19.178 0.018 53670.2474 19.285 0.091 -2.376113 1.07193
53673.214552 19.594 0.037 53673.216218 19.51 0.013 53673.212885 19.353 0.015 53673.213718 19.225 0.02 53673.215385 19.304 0.06 -2.376113 1.07193
53675.21144 19.642 0.042 53675.213106 19.487 0.013 53675.209773 19.337 0.017 53675.210606 19.212 0.023 53675.212273 19.228 0.067 -2.376113 1.07193
53677.232471 19.48 0.031 53677.234137 19.481 0.012 53677.230804 19.322 0.014 53677.231637 19.22 0.017 53677.233304 19.181 0.043 -2.376113 1.07193
53680.219137 19.655 0.041 53680.220803 19.496 0.012 53680.21747 19.32 0.015 53680.218303 19.184 0.018 53680.21997 19.282 0.056 -2.376113 1.07193
53693.221034 19.52 0.079 53693.2227 19.502 0.023 53693.219367 19.363 0.021 53693.2202 19.217 0.023 53693.221867 19.32 0.067 -2.376113 1.07193
53704.204359 19.643 0.039 53704.206025 19.553 0.013 53704.202692 19.376 0.014 53704.203525 19.206 0.018 53704.205192 19.267 0.061 -2.376113 1.07193
53974.297068 19.468 0.031 53974.298734 19.44 0.014 53974.295401 19.318 0.018 53974.296234 19.156 0.021 53974.297901 19.139 0.047 -2.376113 1.07193
53989.300483 19.411 0.048 53989.30215 19.475 0.027 53989.298817 19.272 0.026 53989.29965 19.17 0.024 53989.301317 19.252 0.061 -2.376113 1.07193
53997.396062 19.482 0.041 53997.397729 19.427 0.015 53997.394396 19.274 0.023 53997.395229 -99.99 0.025 53997.396896 -99.99 0.048 -2.376113 1.07193
54000.275934 19.571 0.039 54000.2776 19.434 0.021 54000.274267 19.352 0.022 54000.2751 19.232 0.031 54000.276767 19.404 0.092 -2.376113 1.07193
54007.326005 19.497 0.043 54007.327671 19.482 0.021 54007.324338 19.315 0.026 54007.325171 19.176 0.023 54007.326838 19.215 0.057 -2.376113 1.07193
54009.249806 19.516 0.035 54009.251473 19.448 0.019 54009.24814 19.275 0.023 54009.248973 19.129 0.02 54009.25064 19.236 0.058 -2.376113 1.07193
54011.314235 19.534 0.04 54011.315902 19.452 0.017 54011.312569 19.318 0.018 54011.313402 19.151 0.021 54011.315069 19.104 0.045 -2.376113 1.07193
54019.264447 19.485 0.039 54019.266113 19.442 0.022 54019.26278 19.28 0.019 54019.263613 -99.99 0.019 54019.26528 19.166 0.048 -2.376113 1.07193
54025.313291 19.56 0.037 54025.314958 19.472 0.015 54025.311624 19.279 0.02 54025.312458 19.185 0.022 54025.314124 19.264 0.066 -2.376113 1.07193
54029.243608 19.517 0.035 54029.245275 19.438 0.029 54029.241941 19.273 0.02 54029.242775 19.141 0.023 54029.244441 19.132 0.063 -2.376113 1.07193
54348.311027 19.488 0.036 54348.312694 19.447 0.021 54348.30936 19.305 0.025 54348.310194 19.215 0.023 54348.31186 19.19 0.058 -2.376113 1.07193
54358.266822 -99.99 0.038 54358.268488 19.418 0.027 54358.265155 19.286 0.018 54358.265988 19.146 0.022 54358.267655 19.166 0.066 -2.376113 1.07193
54365.299884 19.568 0.041 54365.301551 19.458 0.017 54365.298218 19.295 0.028 54365.299051 19.223 0.026 54365.300718 19.25 0.072 -2.376113 1.07193
54373.37415 19.399 0.077 54373.375817 -99.99 0.089 54373.372483 19.308 0.027 54373.373317 19.181 0.032 54373.374983 19.191 0.066 -2.376113 1.07193
54381.319507 19.519 0.037 54381.321174 19.453 0.017 54381.317841 19.279 0.025 54381.318674 19.15 0.026 54381.320341 19.147 0.053 -2.376113 1.07193
54386.311774 19.596 0.042 54386.31344 19.444 0.02 54386.310107 19.333 0.019 54386.31094 19.131 0.023 54386.312607 19.247 0.063 -2.376113 1.07193
54388.316031 19.507 0.042 54388.317698 19.438 0.019 54388.314365 19.299 0.018 54388.315198 19.151 0.02 54388.316865 19.192 0.049 -2.376113 1.07193
54403.229804 19.489 0.049 54403.23147 19.444 0.027 54403.228137 19.298 0.023 54403.22897 19.1 0.028 54403.230637 19.068 0.06 -2.376113 1.07193
54404.287368 19.446 0.044 54404.289035 19.461 0.026 54404.285701 19.283 0.021 54404.286535 19.132 0.022 54404.288201 19.155 0.048 -2.376113 1.07193
54405.285353 19.401 0.04 54405.28702 19.444 0.022 54405.283687 19.261 0.02 54405.28452 19.142 0.022 54405.286187 19.164 0.047 -2.376113 1.07193
54406.223644 19.45 0.033 54406.22531 19.399 0.02 54406.221977 19.306 0.017 54406.22281 19.143 0.023 54406.224477 19.154 0.047 -2.376113 1.07193
54412.22658 19.535 0.056 54412.228247 19.483 0.026 54412.224914 19.304 0.02 54412.225747 -99.99 0.027 54412.227414 -99.99 0.069 -2.376113 1.07193
