52558.314394 15.629 0.005 52558.31606 15.708 0.004 52558.312727 15.707 0.004 52558.31356 15.268 0.004 52558.315227 15.457 0.005 -2.016153 -1.153685
52577.201893 15.56 0.004 52577.203559 15.688 0.003 52577.200226 15.614 0.003 52577.201059 15.242 0.004 52577.202726 15.329 0.005 -2.016153 -1.153685
52586.205372 15.674 0.005 52586.207038 15.683 0.003 52586.203705 15.578 0.003 52586.204538 15.156 0.003 52586.206205 15.243 0.005 -2.016153 -1.153685
52910.285853 15.589 0.004 52910.287519 15.646 0.004 52910.284186 15.623 0.004 52910.285019 15.193 0.004 52910.286686 15.377 0.005 -2.016153 -1.153685
52935.213019 15.669 0.005 52935.214685 15.687 0.003 52935.211352 15.627 0.004 52935.212185 15.164 0.004 52935.213852 15.285 0.005 -2.016153 -1.153685
52959.156346 15.516 0.004 52959.158012 15.622 0.004 52959.154679 15.63 0.004 52959.155512 15.212 0.004 52959.157179 15.398 0.005 -2.016153 -1.153685
52963.13609 15.515 0.005 52963.137756 15.608 0.004 52963.134423 15.632 0.004 52963.135256 15.23 0.004 52963.136923 15.414 0.005 -2.016153 -1.153685
53622.315458 15.457 0.004 53622.317124 15.48 0.003 53622.313791 15.465 0.003 53622.314624 15.059 0.003 53622.316291 15.172 0.005 -2.016153 -1.153685
53634.264928 15.406 0.005 53634.266594 15.459 0.003 53634.263261 15.458 0.003 53634.264094 15.044 0.003 53634.265761 15.232 0.005 -2.016153 -1.153685
53636.270462 15.429 0.006 53636.272128 15.472 0.003 53636.268795 15.459 0.003 53636.269628 15.086 0.003 53636.271295 -99.99 0.006 -2.016153 -1.153685
53638.306262 15.403 0.004 53638.307928 15.485 0.003 53638.304595 15.499 0.004 53638.305428 15.124 0.004 53638.307095 15.303 0.005 -2.016153 -1.153685
53640.270298 15.406 0.005 53640.271964 -99.99 0.003 53640.268631 -99.99 0.029 53640.269464 -99.99 0.003 53640.271131 -99.99 0.005 -2.016153 -1.153685
53655.242468 15.262 0.004 53655.244134 15.392 0.003 53655.240801 15.361 0.003 53655.241634 14.96 0.003 53655.243301 15.13 0.005 -2.016153 -1.153685
53664.267426 15.421 0.005 53664.269092 15.468 0.003 53664.265759 15.488 0.004 53664.266592 15.094 0.004 53664.268259 15.252 0.005 -2.016153 -1.153685
53666.23103 15.392 0.004 53666.232696 15.468 0.003 53666.229363 15.499 0.004 53666.230196 15.112 0.004 53666.231863 15.319 0.005 -2.016153 -1.153685
53669.226669 15.417 0.005 53669.228335 15.46 0.004 53669.225002 15.477 0.004 53669.225835 15.091 0.004 53669.227502 15.276 0.005 -2.016153 -1.153685
53671.311444 15.381 0.005 53671.31311 15.417 0.003 53671.309777 15.423 0.003 53671.31061 15.027 0.003 53671.312277 15.162 0.005 -2.016153 -1.153685
53674.210903 15.407 0.004 53674.212569 15.485 0.003 53674.209236 15.422 0.003 53674.210069 15.052 0.003 53674.211736 15.148 0.005 -2.016153 -1.153685
53676.300387 15.391 0.005 53676.302053 15.455 0.003 53676.29872 15.452 0.004 53676.299553 15.083 0.004 53676.30122 15.244 0.005 -2.016153 -1.153685
53679.272276 15.418 0.004 53679.273942 15.456 0.003 53679.270609 15.404 0.003 53679.271442 15.037 0.003 53679.273109 15.173 0.005 -2.016153 -1.153685
53681.263788 15.396 0.005 53681.265454 15.45 0.003 53681.262121 15.482 0.004 53681.262954 15.105 0.004 53681.264621 15.29 0.005 -2.016153 -1.153685
53685.222838 15.407 0.005 53685.224504 -99.99 0.003 53685.221171 15.364 0.003 53685.222004 -99.99 0.003 53685.223671 -99.99 0.005 -2.016153 -1.153685
53697.220812 15.386 0.005 53697.222478 15.445 0.003 53697.219145 15.45 0.004 53697.219978 15.092 0.004 53697.221645 15.255 0.006 -2.016153 -1.153685
53700.219771 15.373 0.004 53700.221437 15.408 0.003 53700.218104 15.408 0.003 53700.218937 15.047 0.004 53700.220604 15.193 0.005 -2.016153 -1.153685
53705.206441 15.338 0.004 53705.208107 15.387 0.003 53705.204774 15.38 0.003 53705.205607 15.019 0.003 53705.207274 15.143 0.005 -2.016153 -1.153685
53975.291435 15.128 0.023 53975.293102 15.246 0.02 53975.289769 15.313 0.042 53975.290602 14.973 0.014 53975.292269 15.155 0.019 -2.016153 -1.153685
53993.359261 15.159 0.036 53993.360928 15.295 0.015 53993.357594 15.325 0.012 53993.358428 14.951 0.02 53993.360094 15.166 0.025 -2.016153 -1.153685
53994.314455 15.165 0.011 53994.316122 15.284 0.023 53994.312789 15.332 0.014 53994.313622 14.993 0.013 53994.315289 15.176 0.015 -2.016153 -1.153685
53996.298175 15.185 0.011 53996.299841 15.268 0.024 53996.296508 15.307 0.015 53996.297341 14.962 0.011 53996.299008 15.159 0.014 -2.016153 -1.153685
53998.266803 15.215 0.021 53998.26847 15.316 0.021 53998.265136 15.372 0.011 53998.26597 15.004 0.017 53998.267636 15.216 0.014 -2.016153 -1.153685
54005.297066 15.226 0.011 54005.298733 15.327 0.016 54005.2954 15.372 0.024 54005.296233 14.999 0.015 54005.2979 15.214 0.023 -2.016153 -1.153685
54010.252287 -99.99 0.012 54010.253954 15.352 0.017 54010.250621 15.405 0.009 54010.251454 15.022 0.014 54010.253121 15.208 0.016 -2.016153 -1.153685
54012.245137 15.242 0.01 54012.246804 15.36 0.017 54012.24347 15.374 0.016 54012.244304 15.017 0.016 54012.24597 15.204 0.018 -2.016153 -1.153685
54020.251109 15.236 0.013 54020.252775 15.297 0.012 54020.249442 15.365 0.019 54020.250275 14.993 0.015 54020.251942 15.177 0.019 -2.016153 -1.153685
54024.3327 15.28 0.019 54024.334367 15.358 0.012 54024.331034 15.38 0.01 54024.331867 15.002 0.012 54024.333534 15.157 0.016 -2.016153 -1.153685
54028.241485 15.284 0.009 54028.243151 15.367 0.001 54028.239818 15.433 0.019 54028.240651 15.035 0.02 54028.242318 15.192 0.016 -2.016153 -1.153685
54030.24467 15.288 0.011 54030.246337 15.389 0.029 54030.243004 15.441 0.019 54030.243837 15.055 0.009 54030.245504 15.257 0.015 -2.016153 -1.153685
54035.320452 15.326 0.012 54035.322118 15.397 0.019 54035.318785 15.429 0.02 54035.319618 15.012 0.025 54035.321285 15.205 0.017 -2.016153 -1.153685
54037.225901 15.323 0.01 54037.227568 15.428 0.017 54037.224235 15.451 0.024 54037.225068 15.058 0.014 54037.226735 15.256 0.013 -2.016153 -1.153685
54040.240384 15.346 0.011 54040.242051 15.463 0.015 54040.238717 15.485 0.011 54040.239551 15.073 0.001 54040.241217 15.263 0.009 -2.016153 -1.153685
54049.266885 15.367 0.012 54049.268551 15.437 0.013 54049.265218 15.447 0.01 54049.266051 15.04 0.013 54049.267718 15.231 0.034 -2.016153 -1.153685
54053.231173 15.418 0.016 54053.23284 15.466 0.022 54053.229507 15.517 0.02 54053.23034 15.078 0.017 54053.232007 15.265 0.021 -2.016153 -1.153685
54056.232851 15.33 0.017 54056.234517 15.457 0.026 54056.231184 15.44 0.026 54056.232017 15.03 0.027 54056.233684 15.199 0.043 -2.016153 -1.153685
54062.23206 15.404 0.016 54062.233727 15.482 0.021 54062.230394 15.464 0.018 54062.231227 15.057 0.013 54062.232894 15.228 0.018 -2.016153 -1.153685
54357.270316 15.613 0.007 54357.271983 15.775 0.023 54357.26865 15.748 0.014 54357.269483 15.257 0.011 54357.27115 15.486 0.024 -2.016153 -1.153685
54362.320129 -99.99 0.121 54362.321796 15.661 0.023 54362.318463 -99.99 0.023 54362.319296 -99.99 0.025 54362.320963 -99.99 0.027 -2.016153 -1.153685
54385.318157 15.582 0.016 54385.319824 15.687 0.024 54385.316491 15.706 0.021 54385.317324 15.259 0.025 54385.318991 15.492 0.018 -2.016153 -1.153685
54387.318644 15.55 0.02 54387.32031 15.661 0.02 54387.316977 15.656 0.014 54387.31781 15.243 0.013 54387.319477 15.426 0.02 -2.016153 -1.153685
54392.313422 15.529 0.013 54392.315089 15.626 0.015 54392.311755 15.656 0.014 54392.312589 15.229 0.016 54392.314255 15.422 0.019 -2.016153 -1.153685
54402.311837 15.435 0.005 54402.313503 15.627 0.02 54402.31017 15.66 0.018 54402.311003 15.252 0.018 54402.31267 15.431 0.017 -2.016153 -1.153685
