51081.281903 18.648 0.021 51081.283569 18.475 0.008 51081.280236 18.276 0.009 51081.281069 18.248 0.012 51081.282736 18.064 0.029 -0.59886 0.515691
51819.353169 18.833 0.022 51819.354835 18.619 0.008 51819.351502 18.366 0.008 51819.352335 18.339 0.011 51819.354002 18.189 0.026 -0.59886 0.515691
52558.318319 18.491 0.017 52558.319985 18.28 0.007 52558.316652 18.106 0.007 52558.317485 18.092 0.009 52558.319152 17.96 0.019 -0.59886 0.515691
52577.205819 18.434 0.015 52577.207485 18.27 0.007 52577.204152 18.097 0.007 52577.204985 18.079 0.009 52577.206652 17.967 0.021 -0.59886 0.515691
52586.209298 18.459 0.016 52586.210964 18.308 0.007 52586.207631 18.103 0.007 52586.208464 18.074 0.01 52586.210131 17.963 0.024 -0.59886 0.515691
52910.28978 18.438 0.016 52910.291446 18.256 0.007 52910.288113 18.068 0.007 52910.288946 18.062 0.009 52910.290613 17.929 0.019 -0.59886 0.515691
52931.219981 18.483 0.018 52931.221647 18.297 0.009 52931.218314 18.097 0.01 52931.219147 18.076 0.012 52931.220814 17.925 0.022 -0.59886 0.515691
52935.216945 18.514 0.017 52935.218611 18.299 0.007 52935.215278 18.112 0.007 52935.216111 18.075 0.009 52935.217778 17.967 0.021 -0.59886 0.515691
52959.160273 18.424 0.015 52959.161939 18.262 0.007 52959.158606 18.054 0.007 52959.159439 18.038 0.009 52959.161106 17.894 0.017 -0.59886 0.515691
52963.140017 18.76 0.018 52963.141683 18.266 0.007 52963.13835 18.072 0.007 52963.139183 18.046 0.008 52963.14085 17.896 0.017 -0.59886 0.515691
53313.210146 18.453 0.02 53313.211812 18.251 0.007 53313.208479 18.06 0.008 53313.209312 18.001 0.011 53313.210979 17.809 0.024 -0.59886 0.515691
53352.111082 18.473 0.016 53352.112748 18.267 0.007 53352.109415 18.051 0.007 53352.110248 18.009 0.009 53352.111915 17.848 0.019 -0.59886 0.515691
53622.319385 18.382 0.019 53622.321051 18.114 0.007 53622.317718 17.927 0.007 53622.318551 17.902 0.009 53622.320218 17.799 0.024 -0.59886 0.515691
53634.268856 -99.99 0.032 53634.270522 18.148 0.011 53634.267189 17.947 0.009 53634.268022 17.906 0.01 53634.269689 17.773 0.022 -0.59886 0.515691
53636.27439 18.349 0.024 53636.276056 18.158 0.009 53636.272723 17.956 0.009 53636.273556 17.918 0.01 53636.275223 17.766 0.022 -0.59886 0.515691
53638.310189 18.335 0.017 53638.311855 18.165 0.007 53638.308522 17.944 0.007 53638.309355 17.926 0.008 53638.311022 17.821 0.018 -0.59886 0.515691
53640.274226 18.34 0.02 53640.275892 -99.99 0.008 53640.272559 17.966 0.008 53640.273392 17.948 0.009 53640.275059 17.763 0.024 -0.59886 0.515691
53655.246396 18.388 0.029 53655.248062 18.202 0.011 53655.244729 17.997 0.009 53655.245562 17.943 0.012 53655.247229 17.835 0.029 -0.59886 0.515691
53664.271353 18.409 0.024 53664.273019 18.204 0.009 53664.269686 17.954 0.008 53664.270519 17.935 0.01 53664.272186 17.847 0.02 -0.59886 0.515691
53666.234957 18.376 0.018 53666.236623 18.182 0.007 53666.23329 17.967 0.007 53666.234123 17.943 0.009 53666.23579 17.822 0.019 -0.59886 0.515691
53669.230595 18.395 0.016 53669.232261 18.194 0.007 53669.228928 17.958 0.007 53669.229761 17.944 0.008 53669.231428 17.809 0.017 -0.59886 0.515691
53671.315368 18.356 0.022 53671.317034 18.215 0.007 53671.313701 17.965 0.008 53671.314534 17.919 0.009 53671.316201 17.804 0.021 -0.59886 0.515691
53674.214831 18.394 0.018 53674.216497 18.186 0.008 53674.213164 17.965 0.01 53674.213997 17.928 0.012 53674.215664 17.819 0.021 -0.59886 0.515691
53676.304311 18.388 0.019 53676.305977 18.201 0.007 53676.302644 17.963 0.007 53676.303477 17.932 0.008 53676.305144 17.837 0.017 -0.59886 0.515691
53679.276201 18.408 0.019 53679.277867 18.197 0.007 53679.274534 17.982 0.007 53679.275367 17.968 0.009 53679.277034 17.782 0.024 -0.59886 0.515691
53681.267714 18.325 0.019 53681.26938 18.188 0.007 53681.266047 17.926 0.007 53681.26688 17.931 0.009 53681.268547 17.794 0.019 -0.59886 0.515691
53685.226764 18.455 0.037 53685.22843 18.2 0.016 53685.225097 17.955 0.013 53685.22593 17.952 0.015 53685.227597 17.872 0.028 -0.59886 0.515691
53694.240644 18.351 0.041 53694.24231 18.204 0.015 53694.238977 17.957 0.012 53694.23981 17.94 0.015 53694.241477 17.751 0.031 -0.59886 0.515691
53697.224737 18.394 0.023 53697.226403 18.179 0.007 53697.22307 17.964 0.009 53697.223903 17.944 0.01 53697.22557 17.805 0.02 -0.59886 0.515691
53700.223696 18.383 0.018 53700.225362 18.18 0.007 53700.222029 17.967 0.007 53700.222862 17.921 0.008 53700.224529 17.777 0.018 -0.59886 0.515691
53705.210367 18.369 0.017 53705.212033 18.173 0.007 53705.2087 17.961 0.007 53705.209533 17.951 0.008 53705.2112 17.823 0.017 -0.59886 0.515691
53975.295364 18.577 0.021 53975.297031 18.358 0.018 53975.293697 18.11 0.02 53975.294531 18.055 0.019 53975.296197 17.903 0.024 -0.59886 0.515691
53993.363178 18.548 0.021 53993.364845 18.346 0.014 53993.361511 18.085 0.014 53993.362345 18.049 0.017 53993.364011 17.917 0.021 -0.59886 0.515691
53994.318351 18.472 0.018 53994.320018 18.343 0.012 53994.316685 18.069 0.017 53994.317518 18.053 0.012 53994.319185 17.904 0.021 -0.59886 0.515691
53996.302118 18.499 0.024 53996.303785 18.335 0.021 53996.300451 18.076 0.014 53996.301285 18.075 0.015 53996.302951 17.931 0.027 -0.59886 0.515691
53998.270734 -99.99 0.03 53998.2724 -99.99 0.035 53998.269067 18.078 0.009 53998.2699 18.064 0.012 53998.271567 -99.99 0.052 -0.59886 0.515691
54005.30097 18.447 0.019 54005.302637 18.299 0.018 54005.299303 18.054 0.014 54005.300137 18.049 0.016 54005.301803 17.904 0.018 -0.59886 0.515691
54010.256236 18.479 0.02 54010.257902 18.281 0.016 54010.254569 18.059 0.019 54010.255402 18.037 0.013 54010.257069 17.891 0.019 -0.59886 0.515691
54012.249055 18.493 0.028 54012.250722 18.229 0.016 54012.247389 18.056 0.016 54012.248222 18.044 0.015 54012.249889 17.869 0.019 -0.59886 0.515691
54020.255177 18.482 0.035 54020.256843 18.295 0.016 54020.25351 18.058 0.016 54020.254343 17.983 0.015 54020.25601 17.968 0.031 -0.59886 0.515691
54024.336711 -99.99 0.027 54024.338378 18.292 0.022 54024.335044 18.044 0.016 54024.335878 18.039 0.012 54024.337544 17.892 0.023 -0.59886 0.515691
54028.245409 18.435 0.025 54028.247075 18.276 0.017 54028.243742 18.041 0.016 54028.244575 18.039 0.015 54028.246242 17.884 0.024 -0.59886 0.515691
54030.248597 18.433 0.018 54030.250264 18.286 0.015 54030.24693 18.058 0.018 54030.247764 18.025 0.015 54030.24943 17.863 0.018 -0.59886 0.515691
54035.324395 18.465 0.021 54035.326062 18.294 0.018 54035.322729 18.045 0.013 54035.323562 18.018 0.018 54035.325229 17.872 0.023 -0.59886 0.515691
54037.229827 18.455 0.018 54037.231494 18.281 0.016 54037.22816 18.029 0.013 54037.228994 18.004 0.014 54037.23066 17.939 0.025 -0.59886 0.515691
54040.244305 18.384 0.028 54040.245972 18.256 0.016 54040.242639 18.029 0.018 54040.243472 18.026 0.012 54040.245139 17.868 0.022 -0.59886 0.515691
54047.27507 -99.99 0.046 54047.276736 18.279 0.029 54047.273403 18.099 0.014 54047.274236 18.004 0.021 54047.275903 17.905 0.042 -0.59886 0.515691
54049.270894 18.454 0.03 54049.272561 18.307 0.016 54049.269228 18.054 0.019 54049.270061 18.032 0.018 54049.271728 17.877 0.028 -0.59886 0.515691
54053.235158 18.454 0.02 54053.236824 18.27 0.022 54053.233491 18.055 0.017 54053.234324 18.005 0.017 54053.235991 17.857 0.022 -0.59886 0.515691
54056.236897 18.469 0.023 54056.238564 18.306 0.087 54056.235231 -99.99 0.055 54056.236064 18.023 0.019 54056.237731 17.848 0.028 -0.59886 0.515691
54062.235962 18.505 0.023 54062.237629 18.297 0.029 54062.234295 18.054 0.02 54062.235129 18.039 0.022 54062.236795 17.83 0.029 -0.59886 0.515691
54068.216649 18.468 0.043 54068.218316 18.303 0.016 54068.214982 18.054 0.014 54068.215816 18.02 0.015 54068.217482 17.878 0.026 -0.59886 0.515691
54357.27425 18.452 0.022 54357.275916 18.355 0.041 54357.272583 18.043 0.025 54357.273416 18.08 0.02 54357.275083 17.927 0.022 -0.59886 0.515691
54362.324137 -99.99 0.072 54362.325803 18.352 0.019 54362.32247 -99.99 0.035 54362.323303 -99.99 0.049 54362.32497 -99.99 0.063 -0.59886 0.515691
54382.304274 18.495 0.02 54382.305941 18.328 0.022 54382.302608 18.09 0.019 54382.303441 18.058 0.016 54382.305108 17.938 0.028 -0.59886 0.515691
54385.32212 18.474 0.026 54385.323787 18.338 0.017 54385.320454 18.087 0.015 54385.321287 18.079 0.018 54385.322954 17.908 0.024 -0.59886 0.515691
54387.32258 18.52 0.022 54387.324247 18.323 0.013 54387.320914 18.088 0.012 54387.321747 18.074 0.013 54387.323414 17.896 0.023 -0.59886 0.515691
54392.317297 18.475 0.023 54392.318963 18.333 0.026 54392.31563 18.1 0.022 54392.316463 18.046 0.018 54392.31813 17.913 0.024 -0.59886 0.515691
54402.315845 -99.99 0.053 54402.317512 18.392 0.019 54402.314179 18.08 0.024 54402.315012 18.056 0.014 54402.316679 17.965 0.026 -0.59886 0.515691
