51081.274735 20.987 0.127 51081.276401 20.764 0.04 51081.273068 20.383 0.042 51081.273901 20.104 0.048 51081.275568 20.15 0.173 -3.186367 0.968846
51467.369873 20.408 0.116 51467.371539 20.253 0.029 51467.368206 20.097 0.036 51467.369039 19.731 0.042 51467.370706 19.812 0.154 -3.186367 0.968846
51819.345877 20.557 0.093 51819.347543 20.458 0.031 51819.34421 20.143 0.028 51819.345043 19.898 0.034 51819.34671 20.243 0.183 -3.186367 0.968846
52558.311152 20.323 0.066 52558.312818 20.142 0.019 52558.309485 19.917 0.021 52558.310318 19.712 0.024 52558.311985 19.763 0.074 -3.186367 0.968846
52577.198652 20.563 0.086 52577.200318 20.122 0.019 52577.196985 19.916 0.023 52577.197818 19.692 0.033 52577.199485 19.893 0.135 -3.186367 0.968846
52586.202131 20.332 0.063 52586.203797 20.14 0.023 52586.200464 19.868 0.027 52586.201297 19.72 0.039 52586.202964 19.59 0.123 -3.186367 0.968846
52910.282613 20.087 0.045 52910.284279 19.888 0.016 52910.280946 19.761 0.018 52910.281779 19.653 0.025 52910.283446 19.499 0.074 -3.186367 0.968846
52931.212815 20.11 0.053 52931.214481 19.867 0.017 52931.211148 19.74 0.02 52931.211981 19.574 0.025 52931.213648 19.64 0.086 -3.186367 0.968846
52935.20978 20.084 0.051 52935.211446 19.853 0.018 52935.208113 19.69 0.021 52935.208946 19.506 0.027 52935.210613 19.664 0.1 -3.186367 0.968846
52959.153106 20.125 0.045 52959.154772 19.854 0.015 52959.151439 19.692 0.017 52959.152272 19.542 0.021 52959.153939 19.512 0.065 -3.186367 0.968846
52963.13285 20.06 0.043 52963.134516 19.883 0.015 52963.131183 19.732 0.017 52963.132016 19.528 0.022 52963.133683 -99.99 0.065 -3.186367 0.968846
53313.202979 20.196 0.072 53313.204645 20.036 0.022 53313.201312 19.842 0.028 53313.202145 19.632 0.035 53313.203812 19.755 0.141 -3.186367 0.968846
53352.103916 20.161 0.049 53352.105582 20.109 0.018 53352.102249 19.906 0.042 53352.103082 19.665 0.029 53352.104749 19.697 0.096 -3.186367 0.968846
53622.312221 20.452 0.09 53622.313887 20.359 0.026 53622.310554 20.111 0.028 53622.311387 19.881 0.04 53622.313054 19.89 0.131 -3.186367 0.968846
53634.26169 20.7 0.258 53634.263356 20.434 0.079 53634.260023 20.173 0.067 53634.260856 19.84 0.059 53634.262523 19.598 0.13 -3.186367 0.968846
53636.267223 -99.99 0.331 53636.268889 20.369 0.056 53636.265556 20.093 0.097 53636.266389 19.847 0.115 53636.268056 20.065 0.401 -3.186367 0.968846
53638.303025 20.613 0.089 53638.304691 20.384 0.029 53638.301358 20.111 0.029 53638.302191 19.802 0.032 53638.303858 19.801 0.1 -3.186367 0.968846
53640.26706 -99.99 0.511 53640.268726 -99.99 0.054 53640.265393 -99.99 0.105 53640.266226 -99.99 0.198 53640.267893 -99.99 1.134 -3.186367 0.968846
53655.239231 20.678 0.258 53655.240897 20.219 0.059 53655.237564 20.116 0.065 53655.238397 19.764 0.061 53655.240064 19.725 0.191 -3.186367 0.968846
53664.264186 20.56 0.26 53664.265852 20.419 0.103 53664.262519 20.075 0.044 53664.263352 19.863 0.063 53664.265019 19.663 0.197 -3.186367 0.968846
53666.227791 20.508 0.08 53666.229457 20.379 0.028 53666.226124 20.125 0.03 53666.226957 19.857 0.035 53666.228624 20.028 0.131 -3.186367 0.968846
53669.22343 20.518 0.064 53669.225096 20.343 0.02 53669.221763 20.093 0.024 53669.222596 19.868 0.032 53669.224263 20.059 0.118 -3.186367 0.968846
53671.308203 -99.99 0.14 53671.309869 20.383 0.028 53671.306536 20.115 0.032 53671.307369 19.909 0.04 53671.309036 19.976 0.133 -3.186367 0.968846
53674.207666 20.608 0.084 53674.209332 20.352 0.024 53674.205999 20.078 0.028 53674.206832 19.847 0.032 53674.208499 19.762 0.093 -3.186367 0.968846
53676.297145 20.665 0.097 53676.298811 20.392 0.023 53676.295478 20.111 0.028 53676.296311 19.886 0.032 53676.297978 19.813 0.084 -3.186367 0.968846
53679.269036 20.573 0.102 53679.270702 20.399 0.026 53679.267369 20.102 0.031 53679.268202 19.859 0.039 53679.269869 19.833 0.137 -3.186367 0.968846
53681.260548 20.493 0.085 53681.262214 20.426 0.027 53681.258881 20.111 0.029 53681.259714 19.882 0.033 53681.261381 19.873 0.109 -3.186367 0.968846
53685.219599 -99.99 0.318 53685.221265 20.231 0.109 53685.217932 20.235 0.132 53685.218765 -99.99 0.123 53685.220432 20.005 0.261 -3.186367 0.968846
53697.217573 20.475 0.141 53697.219239 20.384 0.041 53697.215906 20.127 0.054 53697.216739 19.809 0.062 53697.218406 19.679 0.14 -3.186367 0.968846
53700.216532 20.662 0.095 53700.218198 20.403 0.024 53700.214865 20.108 0.028 53700.215698 19.929 0.037 53700.217365 19.99 0.12 -3.186367 0.968846
53705.203202 20.53 0.085 53705.204868 20.454 0.027 53705.201535 20.085 0.027 53705.202368 19.853 0.031 53705.204035 19.988 0.098 -3.186367 0.968846
53975.2882 20.3 0.092 53975.289867 20.119 0.028 53975.286533 19.928 0.027 53975.287367 19.721 0.038 53975.289033 19.763 0.113 -3.186367 0.968846
53993.356021 20.334 0.068 53993.357687 20.157 0.024 53993.354354 -99.99 0.027 53993.355187 19.743 0.029 53993.356854 19.766 0.092 -3.186367 0.968846
53994.311209 20.271 0.052 53994.312875 20.177 0.02 53994.309542 20.024 0.022 53994.310375 19.753 0.028 53994.312042 19.821 0.1 -3.186367 0.968846
53996.29498 20.524 0.086 53996.296646 20.229 0.024 53996.293313 19.982 0.026 53996.294146 19.814 0.032 53996.295813 19.805 0.112 -3.186367 0.968846
53998.263592 20.4 0.054 53998.265258 20.2 0.02 53998.261925 20.042 0.022 53998.262758 19.79 0.027 53998.264425 -99.99 0.092 -3.186367 0.968846
54005.293797 20.411 0.056 54005.295463 20.226 0.019 54005.29213 19.982 0.021 54005.292963 19.886 0.028 54005.29463 19.672 0.074 -3.186367 0.968846
54010.249048 20.462 0.072 54010.250715 20.181 0.026 54010.247382 20.039 0.025 54010.248215 19.808 0.03 54010.249882 -99.99 0.077 -3.186367 0.968846
54012.241896 20.583 0.148 54012.243562 20.218 0.048 54012.240229 20.062 0.044 54012.241062 19.814 0.043 54012.242729 -99.99 0.103 -3.186367 0.968846
54020.247885 20.325 0.089 54020.249552 20.226 0.032 54020.246218 20.033 0.039 54020.247052 19.863 0.049 54020.248718 19.954 0.154 -3.186367 0.968846
54024.329459 20.594 0.12 54024.331126 20.224 0.026 54024.327792 20.022 0.033 54024.328626 19.836 0.039 54024.330292 19.766 0.239 -3.186367 0.968846
54028.238237 20.315 0.059 54028.239904 20.187 0.02 54028.23657 20.013 0.025 54028.237404 19.775 0.032 54028.23907 19.876 0.112 -3.186367 0.968846
54030.241458 20.247 0.053 54030.243124 20.192 0.026 54030.239791 20.005 0.022 54030.240624 19.801 0.027 54030.242291 19.7 0.081 -3.186367 0.968846
54035.31725 20.518 0.113 54035.318917 20.243 0.032 54035.315584 20.008 0.034 54035.316417 19.719 0.037 54035.318084 19.662 0.117 -3.186367 0.968846
54037.222664 20.405 0.064 54037.22433 20.21 0.025 54037.220997 19.984 0.031 54037.22183 19.735 0.033 54037.223497 19.656 0.097 -3.186367 0.968846
54040.237139 -99.99 0.095 54040.238806 20.3 0.051 54040.235473 19.999 0.047 54040.236306 19.788 0.047 54040.237973 19.657 0.099 -3.186367 0.968846
54049.263598 20.473 0.147 54049.265264 20.18 0.045 54049.261931 19.988 0.038 54049.262764 19.917 0.048 54049.264431 19.633 0.106 -3.186367 0.968846
54053.227947 20.308 0.063 54053.229614 20.176 0.023 54053.226281 20.002 0.027 54053.227114 19.781 0.031 54053.228781 19.668 0.08 -3.186367 0.968846
54056.229607 -99.99 0.142 54056.231274 20.202 0.04 54056.227941 20.066 0.051 54056.228774 19.81 0.05 54056.230441 20.095 0.243 -3.186367 0.968846
54059.223914 20.367 0.127 54059.225581 20.227 0.064 54059.222247 20.103 0.051 54059.223081 19.81 0.063 54059.224747 19.914 0.218 -3.186367 0.968846
54062.228789 20.448 0.107 54062.230456 20.268 0.027 54062.227123 20.169 0.036 54062.227956 19.744 0.044 54062.229623 19.812 0.151 -3.186367 0.968846
54357.267169 20.525 0.076 54357.268835 20.428 0.028 54357.265502 20.192 0.028 54357.266335 19.905 0.037 54357.268002 19.993 0.104 -3.186367 0.968846
54362.31694 -99.99 0.145 54362.318606 -99.99 0.114 54362.315273 -99.99 0.106 54362.316106 -99.99 0.052 54362.317773 -99.99 6.586 -3.186367 0.968846
54382.297106 20.682 0.123 54382.298772 20.452 0.031 54382.295439 20.175 0.034 54382.296272 19.858 0.044 54382.297939 19.893 0.141 -3.186367 0.968846
54385.314914 20.748 0.083 54385.316581 20.523 0.029 54385.313248 20.263 0.028 54385.314081 19.951 0.031 54385.315748 19.773 0.077 -3.186367 0.968846
54387.315421 20.772 0.12 54387.317088 20.516 0.034 54387.313754 20.246 0.033 54387.314588 19.9 0.037 54387.316254 19.928 0.113 -3.186367 0.968846
54392.310127 20.718 0.092 54392.311794 20.515 0.026 54392.30846 20.209 0.032 54392.309294 -99.99 0.039 54392.31096 19.961 0.098 -3.186367 0.968846
54402.308591 20.687 0.268 54402.310257 20.435 0.071 54402.306924 20.255 0.053 54402.307757 19.937 0.047 54402.309424 20.172 0.306 -3.186367 0.968846
