51075.292867 20.295 0.053 51075.294533 20.259 0.023 51075.2912 19.758 0.021 51075.292033 19.688 0.029 51075.2937 20.131 0.168 -2.52214 -0.002652
51467.371719 20.638 0.136 51467.373385 20.64 0.044 51467.370052 19.988 0.038 51467.370885 19.911 0.049 51467.372552 19.97 0.249 -2.52214 -0.002652
51819.347763 20.793 0.114 51819.349429 20.764 0.035 51819.346096 20.254 0.032 51819.346929 20.219 0.043 51819.348596 20.532 0.271 -2.52214 -0.002652
52196.293372 20.758 0.079 52196.295038 20.932 0.033 52196.291705 20.32 0.029 52196.292538 20.228 0.034 52196.294205 19.976 0.117 -2.52214 -0.002652
52197.306478 20.751 0.069 52197.308144 20.897 0.033 52197.304811 20.226 0.024 52197.305644 20.176 0.033 52197.307311 20.287 0.135 -2.52214 -0.002652
52225.156677 20.729 0.062 52225.158343 20.876 0.029 52225.15501 20.246 0.025 52225.155843 20.117 0.031 52225.15751 20.34 0.135 -2.52214 -0.002652
52231.192461 20.73 0.066 52231.194127 20.937 0.031 52231.190794 20.247 0.024 52231.191627 20.148 0.029 52231.193294 20.386 0.126 -2.52214 -0.002652
52253.178633 20.867 0.147 52253.180299 20.871 0.052 52253.176966 20.226 0.039 52253.177799 20.148 0.049 52253.179466 20.104 0.188 -2.52214 -0.002652
52557.300464 20.553 0.071 52557.30213 20.649 0.03 52557.298797 20.117 0.027 52557.29963 20.031 0.033 52557.301297 20.103 0.134 -2.52214 -0.002652
52558.312993 20.429 0.061 52558.314659 20.543 0.024 52558.311326 20.141 0.024 52558.312159 20.019 0.026 52558.313826 20.122 0.113 -2.52214 -0.002652
52577.200492 20.337 0.06 52577.202158 20.497 0.024 52577.198825 20.094 0.028 52577.199658 20.039 0.036 52577.201325 20.15 0.165 -2.52214 -0.002652
52578.196547 20.373 0.053 52578.198213 20.536 0.023 52578.19488 20.006 0.021 52578.195713 19.937 0.025 52578.19738 20.037 0.102 -2.52214 -0.002652
52586.20397 20.47 0.072 52586.205636 20.454 0.025 52586.202303 20.081 0.03 52586.203136 20 0.043 52586.204803 20.079 0.174 -2.52214 -0.002652
52908.275031 20.53 0.064 52908.276697 20.517 0.026 52908.273364 20.042 0.024 52908.274197 20.003 0.034 52908.275864 20.177 0.153 -2.52214 -0.002652
52910.284453 20.558 0.06 52910.286119 20.537 0.023 52910.282786 19.964 0.019 52910.283619 19.946 0.025 52910.285286 19.905 0.112 -2.52214 -0.002652
52911.288817 20.382 0.066 52911.290483 20.452 0.029 52911.28715 19.973 0.024 52911.287983 19.853 0.032 52911.28965 19.892 0.126 -2.52214 -0.002652
52930.166188 20.584 0.077 52930.167854 20.58 0.027 52930.164521 20.049 0.026 52930.165354 19.957 0.033 52930.167021 19.982 0.115 -2.52214 -0.002652
52931.214654 20.567 0.073 52931.21632 20.496 0.026 52931.212987 20.017 0.023 52931.21382 20.02 0.029 52931.215487 20.142 0.145 -2.52214 -0.002652
52934.206931 20.474 0.073 52934.208597 20.413 0.026 52934.205264 20.023 0.028 52934.206097 19.988 0.037 52934.207764 20.055 0.124 -2.52214 -0.002652
52935.211619 20.523 0.069 52935.213285 20.576 0.024 52935.209952 20.04 0.023 52935.210785 20.01 0.03 52935.212452 20.216 0.155 -2.52214 -0.002652
52936.202857 20.547 0.061 52936.204523 20.541 0.024 52936.20119 19.962 0.021 52936.202023 19.932 0.026 52936.20369 19.983 0.095 -2.52214 -0.002652
52959.154946 20.437 0.054 52959.156612 20.458 0.021 52959.153279 19.922 0.018 52959.154112 19.89 0.023 52959.155779 20.107 0.113 -2.52214 -0.002652
52962.128379 20.369 0.058 52962.130045 20.452 0.026 52962.126712 19.951 0.024 52962.127545 19.807 0.028 52962.129212 20.031 0.119 -2.52214 -0.002652
52963.134689 20.371 0.049 52963.136355 20.459 0.02 52963.133022 19.983 0.018 52963.133855 19.8 0.021 52963.135522 19.958 0.09 -2.52214 -0.002652
53270.266917 20.056 0.038 53270.268584 19.945 0.02 53270.265251 19.528 0.022 53270.266084 19.556 0.029 53270.267751 19.514 0.062 -2.52214 -0.002652
53272.31686 19.964 0.054 53272.318526 19.951 0.025 53272.315193 19.539 0.02 53272.316026 19.534 0.023 53272.317693 19.685 0.075 -2.52214 -0.002652
53286.28558 20.135 0.083 53286.287246 19.94 0.02 53286.283913 19.579 0.022 53286.284746 19.449 0.025 53286.286413 19.587 0.105 -2.52214 -0.002652
53288.24407 19.956 0.042 53288.245736 19.96 0.016 53288.242403 19.596 0.016 53288.243236 19.494 0.018 53288.244903 19.424 0.056 -2.52214 -0.002652
53294.291746 19.958 0.052 53294.293412 19.871 0.019 53294.290079 19.515 0.02 53294.290912 19.371 0.023 53294.292579 19.521 0.089 -2.52214 -0.002652
53302.239737 -99.99 0.09 53302.241403 19.968 0.036 53302.23807 19.499 0.025 53302.238903 19.458 0.026 53302.24057 19.496 0.075 -2.52214 -0.002652
53312.195333 20.013 0.057 53312.197 19.942 0.024 53312.193666 19.565 0.031 53312.1945 19.493 0.034 53312.196166 19.442 0.097 -2.52214 -0.002652
53314.196468 19.962 0.044 53314.198134 19.943 0.016 53314.194801 19.593 0.017 53314.195634 19.486 0.022 53314.197301 19.674 0.089 -2.52214 -0.002652
53352.105755 19.889 0.044 53352.107421 19.917 0.015 53352.104088 19.596 0.016 53352.104921 19.463 0.019 53352.106588 19.427 0.077 -2.52214 -0.002652
53616.300833 19.942 0.059 53616.302499 19.943 0.021 53616.299166 19.509 0.021 53616.299999 19.466 0.026 53616.301666 19.465 0.092 -2.52214 -0.002652
53622.314057 20.001 0.056 53622.315723 19.942 0.019 53622.31239 19.558 0.019 53622.313223 19.479 0.023 53622.31489 19.451 0.101 -2.52214 -0.002652
53623.291044 20.078 0.061 53623.29271 19.988 0.02 53623.289377 19.558 0.016 53623.29021 19.49 0.02 53623.291877 19.497 0.085 -2.52214 -0.002652
53626.277257 20.041 0.054 53626.278923 19.939 0.022 53626.27559 19.602 0.025 53626.276423 -99.99 0.027 53626.27809 19.699 0.08 -2.52214 -0.002652
53628.262122 19.94 0.109 53628.263788 19.973 0.052 53628.260455 19.6 0.031 53628.261288 19.544 0.035 53628.262955 19.687 0.117 -2.52214 -0.002652
53634.263528 19.946 0.126 53634.265194 19.967 0.05 53634.261861 19.576 0.034 53634.262694 19.559 0.037 53634.264361 19.46 0.105 -2.52214 -0.002652
53636.269062 19.941 0.088 53636.270728 19.916 0.052 53636.267395 19.466 0.056 53636.268228 19.438 0.048 53636.269895 19.716 0.242 -2.52214 -0.002652
53637.263738 19.779 0.067 53637.265404 19.943 0.029 53637.262071 19.562 0.025 53637.262904 19.529 0.031 53637.264571 19.649 0.13 -2.52214 -0.002652
53638.304863 19.96 0.051 53638.306529 19.985 0.02 53638.303196 19.54 0.017 53638.304029 19.391 0.019 53638.305696 19.668 0.093 -2.52214 -0.002652
53639.309115 20.181 0.057 53639.310781 19.994 0.02 53639.307448 19.579 0.017 53639.308281 19.507 0.021 53639.309948 19.635 0.077 -2.52214 -0.002652
53644.256194 19.951 0.049 53644.257861 19.901 0.024 53644.254527 19.59 0.023 53644.255361 19.457 0.028 53644.257027 19.66 0.082 -2.52214 -0.002652
53654.290808 20.095 0.05 53654.292474 20.01 0.017 53654.289141 19.541 0.016 53654.289974 19.547 0.021 53654.291641 19.769 0.087 -2.52214 -0.002652
53656.238401 19.84 0.1 53656.240067 20.023 0.053 53656.236734 19.509 0.029 53656.237567 19.451 0.029 53656.239234 19.629 0.114 -2.52214 -0.002652
53663.251711 19.941 0.068 53663.253377 20.052 0.033 53663.250044 19.62 0.02 53663.250877 19.495 0.02 53663.252544 19.556 0.063 -2.52214 -0.002652
53664.266025 19.645 0.133 53664.267691 19.759 0.046 53664.264358 19.407 0.049 53664.265191 19.353 0.056 53664.266858 19.514 0.204 -2.52214 -0.002652
53665.22968 19.896 0.203 53665.231346 20.087 0.175 53665.228013 -99.99 0.09 53665.228846 -99.99 0.094 53665.230513 -99.99 0.312 -2.52214 -0.002652
53666.22963 20.073 0.053 53666.231296 19.93 0.02 53666.227963 19.626 0.018 53666.228796 19.485 0.021 53666.230463 19.42 0.081 -2.52214 -0.002652
53668.24131 19.912 0.052 53668.242976 19.96 0.02 53668.239643 19.503 0.021 53668.240476 19.41 0.026 53668.242143 19.472 0.114 -2.52214 -0.002652
53669.225268 20.015 0.044 53669.226934 19.975 0.016 53669.223601 19.594 0.016 53669.224434 19.502 0.019 53669.226101 19.593 0.082 -2.52214 -0.002652
53670.246163 20.151 0.048 53670.247829 19.989 0.017 53670.244496 19.59 0.017 53670.245329 19.53 0.021 53670.246996 19.482 0.067 -2.52214 -0.002652
53671.310042 19.972 0.077 53671.311708 19.916 0.022 53671.308375 19.508 0.022 53671.309208 19.345 0.023 53671.310875 19.317 0.099 -2.52214 -0.002652
53673.214148 20.099 0.047 53673.215814 20.017 0.017 53673.212481 19.626 0.017 53673.213314 19.541 0.02 53673.214981 19.492 0.066 -2.52214 -0.002652
53674.209504 20.035 0.051 53674.21117 20.018 0.017 53674.207837 19.604 0.018 53674.20867 19.567 0.022 53674.210337 19.625 0.089 -2.52214 -0.002652
53675.211035 19.958 0.048 53675.212701 20.013 0.018 53675.209368 19.56 0.02 53675.210201 19.467 0.023 53675.211868 19.591 0.094 -2.52214 -0.002652
53676.298985 19.998 0.058 53676.300651 19.998 0.017 53676.297318 19.555 0.017 53676.298151 19.418 0.018 53676.299818 19.656 0.087 -2.52214 -0.002652
53677.232067 20.024 0.042 53677.233733 20.003 0.016 53677.2304 19.571 0.015 53677.231233 19.495 0.018 53677.2329 19.538 0.054 -2.52214 -0.002652
53679.270875 20.063 0.063 53679.272541 20.036 0.02 53679.269208 19.564 0.021 53679.270041 19.59 0.029 53679.271708 19.764 0.13 -2.52214 -0.002652
53680.218732 20.13 0.054 53680.220398 19.953 0.017 53680.217065 19.572 0.017 53680.217898 19.483 0.02 53680.219565 19.836 0.087 -2.52214 -0.002652
53681.262387 19.929 0.059 53681.264053 19.959 0.019 53681.26072 19.658 0.02 53681.261553 19.48 0.022 53681.26322 19.711 0.11 -2.52214 -0.002652
53685.221437 19.699 0.14 53685.223103 19.923 0.072 53685.21977 19.54 0.07 53685.220603 19.426 0.058 53685.22227 19.439 0.146 -2.52214 -0.002652
53693.220631 19.795 0.085 53693.222297 19.935 0.035 53693.218964 19.508 0.023 53693.219797 19.48 0.025 53693.221464 19.415 0.075 -2.52214 -0.002652
53697.219411 19.949 0.085 53697.221077 19.924 0.024 53697.217744 19.53 0.028 53697.218577 19.399 0.029 53697.220244 19.414 0.111 -2.52214 -0.002652
53700.218369 19.846 0.053 53700.220035 19.925 0.017 53700.216702 19.581 0.017 53700.217535 19.479 0.021 53700.219202 19.56 0.099 -2.52214 -0.002652
53704.203954 19.993 0.047 53704.20562 19.943 0.017 53704.202287 19.573 0.016 53704.20312 19.435 0.019 53704.204787 19.389 0.063 -2.52214 -0.002652
53705.205039 20.05 0.056 53705.206705 19.935 0.017 53705.203372 19.543 0.016 53705.204205 19.46 0.019 53705.205872 19.495 0.075 -2.52214 -0.002652
53974.296622 19.834 0.036 53974.298289 19.766 0.018 53974.294955 19.35 0.025 53974.295789 19.355 0.029 53974.297455 19.345 0.049 -2.52214 -0.002652
53975.290058 19.869 0.058 53975.291724 19.801 0.019 53975.288391 19.466 0.027 53975.289224 19.333 0.028 53975.290891 19.486 0.09 -2.52214 -0.002652
53989.300046 19.842 0.068 53989.301713 19.746 0.031 53989.298379 19.388 0.026 53989.299213 19.296 0.032 53989.300879 19.343 0.058 -2.52214 -0.002652
53993.357889 19.894 0.051 53993.359556 19.788 0.021 53993.356222 19.423 0.021 53993.357056 19.306 0.029 53993.358722 19.383 0.081 -2.52214 -0.002652
53994.313044 19.752 0.04 53994.314711 19.862 0.019 53994.311377 19.47 0.021 53994.312211 19.442 0.026 53994.313877 19.533 0.078 -2.52214 -0.002652
53996.296838 19.814 0.043 53996.298504 19.775 0.02 53996.295171 19.521 0.022 53996.296004 19.366 0.029 53996.297671 19.656 0.097 -2.52214 -0.002652
53997.395669 19.806 0.047 53997.397336 -99.99 0.025 53997.394003 19.48 0.025 53997.394836 -99.99 0.025 53997.396503 -99.99 0.069 -2.52214 -0.002652
53998.265395 19.796 0.037 53998.267062 19.766 0.016 53998.263728 19.437 0.019 53998.264562 19.375 0.021 53998.266228 19.488 0.067 -2.52214 -0.002652
54000.275435 19.799 0.042 54000.277102 19.781 0.033 54000.273769 19.442 0.021 54000.274602 19.356 0.028 54000.276269 19.64 0.102 -2.52214 -0.002652
54005.295675 19.836 0.037 54005.297341 19.769 0.021 54005.294008 19.438 0.017 54005.294841 19.42 0.025 54005.296508 19.401 0.061 -2.52214 -0.002652
54007.325589 19.752 0.036 54007.327256 19.797 0.022 54007.323922 19.428 0.029 54007.324756 19.363 0.027 54007.326422 19.437 0.063 -2.52214 -0.002652
54009.249349 19.872 0.049 54009.251016 19.809 0.02 54009.247682 19.448 0.025 54009.248516 19.379 0.024 54009.250182 19.503 0.067 -2.52214 -0.002652
54010.250933 19.988 0.044 54010.2526 19.806 0.019 54010.249266 19.445 0.019 54010.2501 19.319 0.027 54010.251766 19.418 0.059 -2.52214 -0.002652
54011.313842 19.8 0.045 54011.315508 19.769 0.022 54011.312175 19.434 0.022 54011.313008 19.367 0.026 54011.314675 19.259 0.054 -2.52214 -0.002652
54012.243755 19.899 0.078 54012.245421 19.731 0.031 54012.242088 19.463 0.025 54012.242921 19.369 0.028 54012.244588 19.419 0.066 -2.52214 -0.002652
54019.26412 19.871 0.047 54019.265786 19.763 0.024 54019.262453 19.445 0.022 54019.263286 19.377 0.026 54019.264953 19.277 0.048 -2.52214 -0.002652
54020.249718 19.971 0.07 54020.251385 19.852 0.026 54020.248051 19.466 0.024 54020.248885 19.434 0.033 54020.250551 19.312 0.086 -2.52214 -0.002652
54025.312857 19.809 0.045 54025.314524 19.806 0.025 54025.31119 19.414 0.021 54025.312024 19.325 0.027 54025.31369 19.455 0.084 -2.52214 -0.002652
54028.240086 19.903 0.044 54028.241753 19.803 0.02 54028.238419 19.446 0.022 54028.239253 19.379 0.029 54028.240919 19.532 0.084 -2.52214 -0.002652
54029.243195 19.871 0.041 54029.244862 19.755 0.028 54029.241528 19.407 0.023 54029.242362 19.306 0.029 54029.244028 19.538 0.074 -2.52214 -0.002652
54030.24331 19.865 0.038 54030.244976 19.851 0.017 54030.241643 19.479 0.021 54030.242476 19.421 0.027 54030.244143 19.517 0.066 -2.52214 -0.002652
54035.319032 19.784 0.084 54035.320698 19.893 0.023 54035.317365 19.455 0.022 54035.318198 19.359 0.027 54035.319865 19.307 0.107 -2.52214 -0.002652
54037.224505 19.858 0.045 54037.226172 19.777 0.026 54037.222838 19.438 0.024 54037.223672 19.356 0.027 54037.225338 19.405 0.076 -2.52214 -0.002652
54040.239045 20.041 0.088 54040.240712 19.854 0.034 54040.237378 19.424 0.026 54040.238212 19.361 0.031 54040.239878 19.342 0.074 -2.52214 -0.002652
54049.265466 19.896 0.098 54049.267132 19.803 0.036 54049.263799 19.466 0.027 54049.264632 19.387 0.03 54049.266299 19.336 0.108 -2.52214 -0.002652
54053.229797 19.827 0.042 54053.231463 19.769 0.024 54053.22813 19.48 0.018 54053.228963 19.366 0.024 54053.23063 19.383 0.076 -2.52214 -0.002652
54348.31061 19.905 0.048 54348.312276 19.832 0.028 54348.308943 19.447 0.029 54348.309776 19.408 0.03 54348.311443 19.535 0.079 -2.52214 -0.002652
54357.268944 -99.99 0.041 54357.270611 19.879 0.025 54357.267277 19.534 0.02 54357.268111 19.412 0.033 54357.269777 19.535 0.081 -2.52214 -0.002652
54358.266405 19.975 0.051 54358.268072 19.845 0.021 54358.264739 19.489 0.025 54358.265572 19.416 0.034 54358.267239 19.618 0.091 -2.52214 -0.002652
54365.299543 19.849 0.048 54365.30121 19.866 0.027 54365.297877 19.412 0.026 54365.29871 19.427 0.034 54365.300377 19.68 0.09 -2.52214 -0.002652
54373.373683 19.786 0.102 54373.37535 -99.99 0.074 54373.372017 19.49 0.029 54373.37285 19.363 0.031 54373.374517 19.603 0.101 -2.52214 -0.002652
54381.319081 19.893 0.039 54381.320748 19.911 0.027 54381.317415 19.479 0.018 54381.318248 19.451 0.026 54381.319915 19.614 0.075 -2.52214 -0.002652
54385.316738 19.873 0.044 54385.318405 19.902 0.03 54385.315072 19.513 0.02 54385.315905 19.451 0.029 54385.317572 19.537 0.073 -2.52214 -0.002652
54386.311362 19.895 0.045 54386.313029 19.895 0.022 54386.309695 19.494 0.021 54386.310529 19.46 0.033 54386.312195 19.466 0.075 -2.52214 -0.002652
54387.317292 19.816 0.053 54387.318958 19.866 0.022 54387.315625 19.465 0.023 54387.316458 19.44 0.027 54387.318125 19.644 0.101 -2.52214 -0.002652
54388.315637 19.823 0.045 54388.317303 19.897 0.021 54388.31397 19.5 0.026 54388.314803 19.455 0.025 54388.31647 19.481 0.066 -2.52214 -0.002652
54392.312004 19.955 0.055 54392.31367 19.861 0.028 54392.310337 19.54 0.028 54392.31117 19.472 0.029 54392.312837 19.582 0.088 -2.52214 -0.002652
54402.31042 19.718 0.107 54402.312087 19.934 0.041 54402.308753 19.543 0.031 54402.309587 19.448 0.037 54402.311253 19.496 0.098 -2.52214 -0.002652
54403.22948 19.782 0.057 54403.231147 19.929 0.04 54403.227814 19.444 0.026 54403.228647 19.425 0.034 54403.230314 19.464 0.071 -2.52214 -0.002652
54404.286961 20.092 0.066 54404.288627 19.89 0.028 54404.285294 19.485 0.028 54404.286127 19.469 0.032 54404.287794 19.537 0.067 -2.52214 -0.002652
54405.284943 19.789 0.05 54405.28661 19.9 0.026 54405.283276 19.504 0.023 54405.28411 19.378 0.024 54405.285776 19.66 0.075 -2.52214 -0.002652
54406.223229 19.843 0.037 54406.224895 19.86 0.021 54406.221562 19.515 0.021 54406.222395 19.464 0.03 54406.224062 19.608 0.072 -2.52214 -0.002652
54412.226213 19.895 0.068 54412.227879 19.843 0.022 54412.224546 19.471 0.022 54412.225379 19.395 0.028 54412.227046 19.766 0.118 -2.52214 -0.002652
