51075.29641 20.243 0.053 51075.298076 19.919 0.02 51075.294743 19.51 0.018 51075.295576 19.154 0.022 51075.297243 19.225 0.079 -1.243684 -0.831589
51467.375254 20.286 0.104 51467.37692 20.022 0.025 51467.373587 19.551 0.023 51467.37442 19.276 0.025 51467.376087 19.375 0.098 -1.243684 -0.831589
51819.351256 20.474 0.085 51819.352922 20.115 0.022 51819.349589 19.636 0.021 51819.350422 19.374 0.021 51819.352089 19.334 0.069 -1.243684 -0.831589
52558.316534 20.084 0.05 52558.3182 19.812 0.015 52558.314867 19.454 0.015 52558.3157 19.156 0.014 52558.317367 19.046 0.038 -1.243684 -0.831589
52577.204033 20.088 0.047 52577.205699 19.771 0.015 52577.202366 19.387 0.016 52577.203199 19.132 0.016 52577.204866 19.086 0.053 -1.243684 -0.831589
52586.207511 19.986 0.05 52586.209177 19.799 0.016 52586.205844 19.432 0.017 52586.206677 19.191 0.018 52586.208344 19.112 0.061 -1.243684 -0.831589
52910.287993 20.133 0.051 52910.289659 19.868 0.015 52910.286326 19.475 0.015 52910.287159 19.218 0.015 52910.288826 19.165 0.046 -1.243684 -0.831589
52931.218195 20.038 0.053 52931.219861 19.828 0.017 52931.216528 19.475 0.016 52931.217361 19.199 0.017 52931.219028 19.086 0.049 -1.243684 -0.831589
52935.215158 20.095 0.053 52935.216824 19.845 0.016 52935.213491 19.433 0.016 52935.214324 19.201 0.017 52935.215991 19.119 0.052 -1.243684 -0.831589
52959.158486 20.209 0.049 52959.160152 19.829 0.015 52959.156819 19.486 0.015 52959.157652 19.202 0.014 52959.159319 19.094 0.04 -1.243684 -0.831589
52963.13823 20.173 0.045 52963.139896 19.837 0.015 52963.136563 19.464 0.014 52963.137396 19.178 0.013 52963.139063 19.062 0.035 -1.243684 -0.831589
53313.208359 19.961 0.074 53313.210025 19.734 0.019 53313.206692 19.364 0.019 53313.207525 19.128 0.021 53313.209192 19.001 0.068 -1.243684 -0.831589
53352.109295 20.138 0.05 53352.110961 19.78 0.015 53352.107628 19.446 0.015 53352.108461 19.098 0.015 53352.110128 18.967 0.046 -1.243684 -0.831589
53622.317598 20.055 0.069 53622.319264 19.837 0.021 53622.315931 19.476 0.019 53622.316764 19.205 0.04 53622.318431 19.077 0.068 -1.243684 -0.831589
53634.267068 20.139 0.144 53634.268734 19.866 0.052 53634.265401 19.468 0.032 53634.266234 19.184 0.024 53634.267901 19.057 0.061 -1.243684 -0.831589
53636.272602 20.122 0.116 53636.274268 19.773 0.033 53636.270935 19.486 0.063 53636.271768 19.096 0.022 53636.273435 19.039 0.068 -1.243684 -0.831589
53638.308403 20.244 0.068 53638.310069 19.887 0.02 53638.306736 19.485 0.017 53638.307569 19.17 0.015 53638.309236 19.117 0.048 -1.243684 -0.831589
53640.272439 20.093 0.092 53640.274105 19.877 0.022 53640.270772 19.459 0.022 53640.271605 19.172 0.021 53640.273272 19.118 0.067 -1.243684 -0.831589
53655.244609 20.148 0.137 53655.246275 19.824 0.044 53655.242942 19.405 0.034 53655.243775 19.092 0.026 53655.245442 19.104 0.094 -1.243684 -0.831589
53664.269566 20.237 0.114 53664.271232 19.909 0.033 53664.267899 19.503 0.035 53664.268732 19.239 0.021 53664.270399 19.043 0.067 -1.243684 -0.831589
53666.23317 20.196 0.065 53666.234836 19.904 0.02 53666.231503 19.488 0.017 53666.232336 19.171 0.016 53666.234003 19.091 0.049 -1.243684 -0.831589
53669.228809 20.226 0.052 53669.230475 19.815 0.015 53669.227142 19.469 0.015 53669.227975 19.188 0.015 53669.229642 19.077 0.045 -1.243684 -0.831589
53671.313583 20.274 0.11 53671.315249 19.871 0.021 53671.311916 19.461 0.019 53671.312749 19.231 0.021 53671.314416 19.177 0.068 -1.243684 -0.831589
53674.213043 20.219 0.062 53674.214709 19.815 0.016 53674.211376 19.498 0.017 53674.212209 19.142 0.015 53674.213876 19.077 0.048 -1.243684 -0.831589
53676.302526 20.231 0.068 53676.304192 19.853 0.018 53676.300859 19.5 0.017 53676.301692 19.212 0.016 53676.303359 19.056 0.045 -1.243684 -0.831589
53679.274416 20.129 0.073 53679.276082 19.844 0.02 53679.272749 19.47 0.02 53679.273582 19.189 0.019 53679.275249 19.166 0.066 -1.243684 -0.831589
53681.265928 20.23 0.077 53681.267594 19.828 0.017 53681.264261 19.498 0.018 53681.265094 19.187 0.017 53681.266761 19.046 0.051 -1.243684 -0.831589
53685.224978 20.224 0.196 53685.226644 19.921 0.069 53685.223311 19.415 0.046 53685.224144 19.234 0.036 53685.225811 19.294 0.108 -1.243684 -0.831589
53694.238858 19.861 0.182 53694.240524 19.803 0.058 53694.237191 19.531 0.044 53694.238024 19.213 0.041 53694.239691 19.152 0.119 -1.243684 -0.831589
53697.222951 20.402 0.11 53697.224617 19.819 0.024 53697.221284 19.492 0.024 53697.222117 19.186 0.02 53697.223784 19.058 0.058 -1.243684 -0.831589
53700.22191 20.145 0.068 53700.223576 19.84 0.018 53700.220243 19.454 0.017 53700.221076 19.195 0.016 53700.222743 19.057 0.053 -1.243684 -0.831589
53705.20858 20.178 0.066 53705.210246 19.829 0.017 53705.206913 19.453 0.016 53705.207746 19.185 0.015 53705.209413 19.023 0.042 -1.243684 -0.831589
53975.293575 -99.99 0.048 53975.295242 19.534 0.029 53975.291909 19.317 0.02 53975.292742 19.055 0.024 53975.294409 18.949 0.055 -1.243684 -0.831589
53993.361398 19.841 0.052 53993.363064 19.579 0.029 53993.359731 19.283 0.029 53993.360564 19.044 0.02 53993.362231 18.983 0.054 -1.243684 -0.831589
53994.316574 19.756 0.044 53994.318241 19.558 0.021 53994.314908 19.295 0.015 53994.315741 19.026 0.017 53994.317408 18.958 0.044 -1.243684 -0.831589
53996.300357 19.898 0.051 53996.302023 19.56 0.028 53996.29869 19.253 0.019 53996.299523 19.055 0.017 53996.30119 19.046 0.047 -1.243684 -0.831589
53998.26895 19.893 0.046 53998.270617 19.62 0.027 53998.267283 19.305 0.017 53998.268117 19.029 0.014 53998.269783 18.891 0.042 -1.243684 -0.831589
54005.299226 19.904 0.042 54005.300893 19.622 0.026 54005.297559 19.275 0.016 54005.298393 19.09 0.018 54005.300059 19.037 0.038 -1.243684 -0.831589
54010.254423 19.892 0.049 54010.25609 19.645 0.021 54010.252757 19.313 0.016 54010.25359 19.047 0.026 54010.255257 19.002 0.034 -1.243684 -0.831589
54012.247274 19.905 0.088 54012.248941 19.621 0.034 54012.245607 19.278 0.022 54012.246441 19.002 0.024 54012.248107 19.103 0.043 -1.243684 -0.831589
54020.253264 19.839 0.065 54020.25493 19.588 0.021 54020.251597 19.286 0.02 54020.25243 19.056 0.021 54020.254097 18.977 0.054 -1.243684 -0.831589
54024.334853 19.882 0.068 54024.33652 19.627 0.022 54024.333186 19.331 0.018 54024.33402 19.064 0.026 54024.335686 19.107 0.062 -1.243684 -0.831589
54028.243618 19.772 0.045 54028.245284 19.542 0.023 54028.241951 19.296 0.017 54028.242784 19.067 0.022 54028.244451 18.894 0.045 -1.243684 -0.831589
54030.246829 19.832 0.042 54030.248496 19.613 0.023 54030.245163 19.288 0.018 54030.245996 19.013 0.014 54030.247663 18.994 0.038 -1.243684 -0.831589
54035.322633 19.903 0.071 54035.324299 19.591 0.026 54035.320966 19.256 0.026 54035.321799 19.021 0.028 54035.323466 18.942 0.061 -1.243684 -0.831589
54037.228065 19.869 0.052 54037.229732 19.596 0.022 54037.226398 19.323 0.019 54037.227232 19.034 0.02 54037.228898 18.903 0.045 -1.243684 -0.831589
54040.242563 19.907 0.082 54040.24423 19.601 0.037 54040.240897 19.278 0.027 54040.24173 19.077 0.021 54040.243397 18.98 0.05 -1.243684 -0.831589
54047.273087 -99.99 0.192 54047.274753 -99.99 0.044 54047.27142 19.385 0.066 54047.272253 19.043 0.029 54047.27392 18.94 0.073 -1.243684 -0.831589
54049.268988 19.781 0.094 54049.270655 19.615 0.032 54049.267321 19.33 0.031 54049.268155 19.045 0.05 54049.269821 18.969 0.065 -1.243684 -0.831589
54053.233358 19.947 0.054 54053.235025 19.627 0.024 54053.231691 19.357 0.027 54053.232525 19.03 0.02 54053.234191 18.987 0.043 -1.243684 -0.831589
54056.234987 19.972 0.072 54056.236654 19.618 0.058 54056.23332 19.247 0.033 54056.234154 19.098 0.035 54056.23582 -99.99 0.083 -1.243684 -0.831589
54062.234157 19.847 0.062 54062.235823 19.713 0.02 54062.23249 19.387 0.021 54062.233323 19.048 0.027 54062.23499 18.9 0.064 -1.243684 -0.831589
54068.214735 19.911 0.098 54068.216401 19.761 0.039 54068.213068 19.37 0.034 54068.213901 19.099 0.029 54068.215568 19.029 0.062 -1.243684 -0.831589
54357.272459 20 0.052 54357.274125 19.614 0.018 54357.270792 19.304 0.02 54357.271625 19.057 0.02 54357.273292 18.997 0.041 -1.243684 -0.831589
54365.303009 19.856 0.043 54365.304676 99.99 99.999 54365.301343 19.252 0.018 54365.302176 19.073 0.024 54365.303843 18.954 0.049 -1.243684 -0.831589
54382.302501 19.933 0.061 54382.304168 19.661 0.019 54382.300835 19.367 0.024 54382.301668 19.035 0.019 54382.303335 19.046 0.061 -1.243684 -0.831589
54385.32031 19.845 0.051 54385.321977 19.606 0.055 54385.318643 19.29 0.018 54385.319477 19.054 0.02 54385.321143 18.894 0.046 -1.243684 -0.831589
54387.320801 19.888 0.058 54387.322468 19.643 0.034 54387.319134 19.288 0.017 54387.319968 19.033 0.019 54387.321634 18.932 0.046 -1.243684 -0.831589
54392.315522 19.967 0.059 54392.317189 19.609 0.023 54392.313856 19.244 0.021 54392.314689 19.032 0.024 54392.316356 18.91 0.05 -1.243684 -0.831589
54402.31397 20.027 0.129 54402.315637 19.628 0.047 54402.312303 19.321 0.027 54402.313137 19.083 0.024 54402.314803 19.054 0.053 -1.243684 -0.831589
54405.288502 19.884 0.052 54405.290168 19.738 0.027 54405.286835 19.31 0.016 54405.287668 19.046 0.019 54405.289335 18.956 0.045 -1.243684 -0.831589
