51075.297992 24.45 1.179 51075.299658 -99.99 0.152 51075.296325 20.056 0.028 51075.297158 19.851 0.038 51075.298825 19.642 0.108 -0.673487 0.730681
52196.298569 24.418 0.94 52196.300235 22.047 0.078 52196.296902 19.934 0.02 52196.297735 19.697 0.025 52196.299402 19.513 0.065 -0.673487 0.730681
52197.311676 23.657 0.762 52197.313342 22.005 0.08 52197.310009 19.921 0.021 52197.310842 19.716 0.026 52197.312509 19.438 0.07 -0.673487 0.730681
52225.161798 25.282 0.729 52225.163464 22.195 0.086 52225.160131 19.948 0.02 52225.160964 19.724 0.026 52225.162631 19.575 0.073 -0.673487 0.730681
52231.19758 24.609 0.868 52231.199246 22.037 0.073 52231.195913 19.885 0.019 52231.196746 19.692 0.024 52231.198413 19.387 0.053 -0.673487 0.730681
52253.183753 26.584 0.562 52253.185419 21.957 0.129 52253.182086 19.956 0.027 52253.182919 19.715 0.031 52253.184586 19.494 0.091 -0.673487 0.730681
52557.305584 25.526 0.934 52557.30725 22.267 0.121 52557.303917 20.032 0.026 52557.30475 19.805 0.034 52557.306417 19.501 0.085 -0.673487 0.730681
52578.201667 23.342 0.589 52578.203333 22.126 0.083 52578.2 19.997 0.022 52578.200833 19.763 0.028 52578.2025 19.541 0.067 -0.673487 0.730681
52908.28015 25.98 0.639 52908.281816 22.238 0.104 52908.278483 19.967 0.023 52908.279316 19.76 0.03 52908.280983 19.527 0.078 -0.673487 0.730681
52911.293936 25.224 1.111 52911.295602 22.219 0.129 52911.292269 20.001 0.027 52911.293102 19.872 0.045 52911.294769 19.678 0.096 -0.673487 0.730681
52930.171309 24.364 1.097 52930.172975 22.08 0.103 52930.169642 19.959 0.022 52930.170475 19.7 0.029 52930.172142 19.377 0.069 -0.673487 0.730681
52934.212051 25.317 1.178 52934.213717 21.982 0.091 52934.210384 19.957 0.023 52934.211217 19.713 0.033 52934.212884 19.492 0.088 -0.673487 0.730681
52936.207977 22.962 0.387 52936.209643 22.056 0.079 52936.20631 19.923 0.019 52936.207143 19.722 0.024 52936.20881 19.481 0.057 -0.673487 0.730681
52962.133499 26.122 0.538 52962.135165 22.304 0.127 52962.131832 19.926 0.023 52962.132665 19.768 0.033 52962.134332 19.521 0.079 -0.673487 0.730681
53270.272034 -99.99 4.351 53270.273701 22.236 0.104 53270.270367 19.938 0.024 53270.271201 19.783 0.03 53270.272867 19.659 0.158 -0.673487 0.730681
53272.321981 25.08 1.347 53272.323647 22.097 0.165 53272.320314 19.966 0.027 53272.321147 19.818 0.032 53272.322814 19.638 0.079 -0.673487 0.730681
53286.290701 23.177 0.637 53286.292367 22.291 0.119 53286.289034 20.002 0.025 53286.289867 19.77 0.029 53286.291534 19.461 0.064 -0.673487 0.730681
53288.249191 -99.99 0.967 53288.250857 22.245 0.096 53288.247524 19.998 0.021 53288.248357 19.76 0.024 53288.250024 19.634 0.064 -0.673487 0.730681
53294.296865 24.015 1.179 53294.298531 22.039 0.102 53294.295198 19.936 0.026 53294.296031 19.746 0.033 53294.297698 19.451 0.079 -0.673487 0.730681
53302.244859 25.624 1.727 53302.246525 22.282 0.299 53302.243192 19.948 0.036 53302.244025 19.725 0.036 53302.245692 19.597 0.081 -0.673487 0.730681
53312.200393 99.998 99.999 53312.20206 22.277 0.165 53312.198726 19.929 0.033 53312.19956 19.813 0.039 53312.201226 19.749 0.106 -0.673487 0.730681
53314.201587 23.518 0.682 53314.203253 22.268 0.102 53314.19992 19.979 0.023 53314.200753 19.814 0.029 53314.20242 19.574 0.079 -0.673487 0.730681
53616.305952 -99.99 1.192 53616.307618 22.409 0.723 53616.304285 19.914 0.025 53616.305118 19.708 0.032 53616.306785 19.237 0.24 -0.673487 0.730681
53623.296163 23.167 0.815 53623.297829 22.025 0.144 53623.294496 -99.99 0.078 53623.295329 -99.99 0.043 53623.296996 19.453 0.088 -0.673487 0.730681
53626.282375 24.86 1.039 53626.284041 22.267 0.148 53626.280708 19.944 0.025 53626.281541 19.697 0.028 53626.283208 19.452 0.063 -0.673487 0.730681
53628.267241 23.949 2.83 53628.268907 22.261 0.344 53628.265574 19.957 0.041 53628.266407 19.72 0.041 53628.268074 19.529 0.085 -0.673487 0.730681
53637.268857 23.33 1.367 53637.270523 22.279 0.273 53637.26719 19.883 0.03 53637.268023 19.723 0.039 53637.26969 19.369 0.103 -0.673487 0.730681
53639.314234 24.477 1.258 53639.3159 22.114 0.109 53639.312567 19.951 0.023 53639.3134 19.752 0.027 53639.315067 19.466 0.056 -0.673487 0.730681
53644.261315 99.985 99.999 53644.262982 22.182 0.093 53644.259648 19.973 0.03 53644.260482 19.841 0.031 53644.262148 19.672 0.078 -0.673487 0.730681
53654.295926 25.015 0.95 53654.297592 22.065 0.078 53654.294259 19.966 0.022 53654.295092 19.703 0.027 53654.296759 19.704 0.076 -0.673487 0.730681
53656.24352 -99.99 0.612 53656.245186 21.908 0.265 53656.241853 19.885 0.044 53656.242686 19.645 0.043 53656.244353 19.523 0.092 -0.673487 0.730681
53663.256829 26.663 0.622 53663.258495 21.934 0.166 53663.255162 19.943 0.028 53663.255995 19.71 0.027 53663.257662 19.462 0.055 -0.673487 0.730681
53668.246429 24.331 1.732 53668.248095 22.068 0.125 53668.244762 19.919 0.028 53668.245595 19.693 0.037 53668.247262 19.65 0.115 -0.673487 0.730681
53670.251282 -99.99 0.678 53670.252948 22.134 0.087 53670.249615 19.932 0.022 53670.250448 19.728 0.028 53670.252115 19.429 0.059 -0.673487 0.730681
53673.219267 26.011 0.616 53673.220933 22.123 0.082 53673.2176 19.942 0.023 53673.218433 19.687 0.029 53673.2201 19.493 0.065 -0.673487 0.730681
53675.216155 24.433 1.193 53675.217821 22.023 0.084 53675.214488 19.928 0.025 53675.215321 19.759 0.034 53675.216988 19.597 0.086 -0.673487 0.730681
53677.237186 23.986 0.719 53677.238852 22.314 0.087 53677.235519 19.933 0.019 53677.236352 19.718 0.022 53677.238019 19.515 0.05 -0.673487 0.730681
53680.223852 25.488 0.639 53680.225518 22.214 0.089 53680.222185 19.958 0.021 53680.223018 19.777 0.025 53680.224685 19.596 0.063 -0.673487 0.730681
53693.225749 25.783 1.63 53693.227415 22.171 0.26 53693.224082 20.004 0.035 53693.224915 19.676 0.03 53693.226582 19.494 0.068 -0.673487 0.730681
53698.22314 -99.99 0.767 53698.224806 21.942 0.095 53698.221473 -99.99 0.03 53698.222306 19.725 0.034 53698.223973 19.39 0.072 -0.673487 0.730681
53704.209074 24.329 1.16 53704.21074 22.055 0.093 53704.207407 19.96 0.023 53704.20824 19.714 0.03 53704.209907 19.405 0.068 -0.673487 0.730681
53974.301744 -99.99 99.999 53974.30341 22.362 0.08 53974.300077 20.017 0.02 53974.30091 19.851 0.023 53974.302577 19.7 0.09 -0.673487 0.730681
53989.305162 -99.99 1.329 53989.306828 22.452 0.316 53989.303495 19.978 0.035 53989.304328 19.858 0.036 53989.305995 19.5 0.062 -0.673487 0.730681
53997.400876 -99.99 0.753 53997.402542 -99.99 0.137 53997.399209 -99.99 0.023 53997.400042 19.839 0.028 53997.401709 -99.99 0.1 -0.673487 0.730681
54000.280613 99.987 99.999 54000.28228 22.485 0.152 54000.278946 19.997 0.026 54000.27978 19.803 0.033 54000.281446 19.719 0.089 -0.673487 0.730681
54007.330684 25.251 4.586 54007.332351 22.448 0.113 54007.329018 20.042 0.024 54007.329851 19.873 0.032 54007.331518 19.653 0.071 -0.673487 0.730681
54009.254528 22.946 1.164 54009.256195 22.371 0.131 54009.252861 20.02 0.028 54009.253695 19.835 0.035 54009.255361 19.496 0.064 -0.673487 0.730681
54011.318957 99.995 99.999 54011.320624 22.468 0.216 54011.31729 20.017 0.028 54011.318124 19.829 0.03 54011.31979 19.621 0.063 -0.673487 0.730681
54019.269248 99.991 99.999 54019.270914 22.673 0.228 54019.267581 20.017 0.027 54019.268414 19.83 0.03 54019.270081 19.492 0.051 -0.673487 0.730681
54025.317971 -99.99 2.041 54025.319637 22.254 0.102 54025.316304 20.052 0.027 54025.317137 19.752 0.032 54025.318804 19.439 0.071 -0.673487 0.730681
54348.315704 99.99 99.999 54348.317371 22.207 0.102 54348.314037 20.036 0.03 54348.314871 19.8 0.033 54348.316537 19.603 0.071 -0.673487 0.730681
54358.271556 100.023 99.999 54358.273222 22.23 0.096 54358.269889 19.999 0.03 54358.270722 19.731 0.038 54358.272389 19.579 0.085 -0.673487 0.730681
54359.265571 99.997 99.999 54359.267238 22.321 0.148 54359.263905 20.021 0.035 54359.264738 19.767 0.042 54359.266405 19.617 0.122 -0.673487 0.730681
54365.304628 99.977 99.999 54365.306294 22.51 0.173 54365.302961 19.973 0.038 54365.303794 19.717 0.03 54365.305461 19.488 0.06 -0.673487 0.730681
54373.378898 22.555 1.375 54373.380564 22.141 0.417 54373.377231 20.021 0.048 54373.378064 19.843 0.056 54373.379731 19.736 0.107 -0.673487 0.730681
54381.324229 -99.99 99.999 54381.325895 22.361 0.092 54381.322562 20.002 0.023 54381.323395 19.804 0.026 54381.325062 19.518 0.059 -0.673487 0.730681
54386.31654 99.988 99.999 54386.318207 22.366 0.117 54386.314874 19.963 0.034 54386.315707 19.783 0.037 54386.317374 19.475 0.062 -0.673487 0.730681
54388.320761 -99.99 0.786 54388.322427 22.143 0.076 54388.319094 20.009 0.028 54388.319927 19.784 0.025 54388.321594 19.567 0.059 -0.673487 0.730681
54403.234523 27.176 99.999 54403.23619 22.299 0.273 54403.232856 19.955 0.033 54403.23369 19.728 0.035 54403.235356 19.697 0.086 -0.673487 0.730681
54404.292154 -99.99 99.999 54404.293821 22.157 0.145 54404.290488 20 0.026 54404.291321 19.742 0.027 54404.292988 19.554 0.055 -0.673487 0.730681
54405.290088 -99.99 1.67 54405.291755 22.296 0.149 54405.288421 19.937 0.025 54405.289255 19.777 0.029 54405.290921 19.471 0.056 -0.673487 0.730681
54406.228366 99.995 99.999 54406.230032 22.152 0.072 54406.226699 19.964 0.022 54406.227532 19.775 0.024 54406.229199 19.659 0.061 -0.673487 0.730681
54412.231283 100.014 99.999 54412.23295 22.132 0.117 54412.229616 20.031 0.032 54412.23045 19.77 0.047 54412.232116 19.381 0.075 -0.673487 0.730681
