51075.290639 18.936 0.022 51075.292305 18.964 0.01 51075.288972 18.891 0.011 51075.289805 18.639 0.014 51075.291472 18.574 0.043 -3.327915 0.677949
52196.291169 19.138 0.024 52196.292835 19.083 0.01 52196.289502 19.035 0.012 52196.290335 18.718 0.013 52196.292002 18.723 0.039 -3.327915 0.677949
52197.304278 19.142 0.024 52197.305944 19.107 0.01 52197.302611 19.036 0.011 52197.303444 18.724 0.012 52197.305111 18.758 0.036 -3.327915 0.677949
52225.154446 19.103 0.023 52225.156112 19.103 0.01 52225.152779 19.017 0.012 52225.153612 18.715 0.013 52225.155279 18.735 0.034 -3.327915 0.677949
52231.190229 19.113 0.023 52231.191895 19.116 0.01 52231.188562 19.033 0.011 52231.189395 18.737 0.013 52231.191062 18.734 0.032 -3.327915 0.677949
52253.176401 19.074 0.031 52253.178067 19.08 0.013 52253.174734 19.02 0.014 52253.175567 18.725 0.015 52253.177234 18.722 0.043 -3.327915 0.677949
52557.298233 19.119 0.026 52557.299899 19.048 0.011 52557.296566 18.98 0.012 52557.297399 18.682 0.013 52557.299066 18.62 0.038 -3.327915 0.677949
52578.194316 19.071 0.022 52578.195982 19.021 0.009 52578.192649 18.962 0.011 52578.193482 18.665 0.012 52578.195149 18.643 0.034 -3.327915 0.677949
52908.272799 19.134 0.026 52908.274465 19.017 0.01 52908.271132 18.962 0.012 52908.271965 18.683 0.013 52908.273632 18.67 0.039 -3.327915 0.677949
52911.286584 19.102 0.028 52911.28825 19.035 0.011 52911.284917 18.978 0.012 52911.28575 18.649 0.013 52911.287417 18.602 0.039 -3.327915 0.677949
52930.163957 19.096 0.026 52930.165623 19.011 0.01 52930.16229 18.921 0.012 52930.163123 18.634 0.014 52930.16479 18.591 0.037 -3.327915 0.677949
52934.2047 18.978 0.026 52934.206366 18.982 0.01 52934.203033 18.945 0.011 52934.203866 18.666 0.014 52934.205533 18.568 0.037 -3.327915 0.677949
52936.200625 19.096 0.023 52936.202291 19.022 0.01 52936.198958 18.954 0.011 52936.199791 18.661 0.012 52936.201458 18.664 0.032 -3.327915 0.677949
52962.126146 19.1 0.028 52962.127812 18.986 0.01 52962.124479 18.947 0.012 52962.125312 18.658 0.014 52962.126979 18.593 0.035 -3.327915 0.677949
53270.264683 19.018 0.022 53270.266349 18.939 0.014 53270.263016 18.892 0.015 53270.263849 18.587 0.024 53270.265516 18.594 0.028 -3.327915 0.677949
53272.31463 18.981 0.027 53272.316296 18.915 0.013 53272.312963 18.877 0.012 53272.313796 18.62 0.014 53272.315463 18.596 0.034 -3.327915 0.677949
53286.283349 18.92 0.03 53286.285015 18.92 0.012 53286.281682 18.869 0.016 53286.282515 18.617 0.017 53286.284182 18.616 0.042 -3.327915 0.677949
53288.241839 18.968 0.024 53288.243505 18.907 0.009 53288.240172 18.865 0.01 53288.241005 18.59 0.011 53288.242672 18.585 0.028 -3.327915 0.677949
53294.26916 19.019 0.027 53294.270827 18.892 0.023 53294.267494 18.864 0.018 53294.268327 18.596 0.024 53294.269994 18.53 0.037 -3.327915 0.677949
53294.289515 18.986 0.026 53294.291181 18.898 0.01 53294.287848 18.868 0.013 53294.288681 18.573 0.014 53294.290348 18.646 0.041 -3.327915 0.677949
53302.237506 18.925 0.034 53302.239172 18.895 0.015 53302.235839 18.863 0.017 53302.236672 18.628 0.016 53302.238339 18.65 0.037 -3.327915 0.677949
53312.193072 18.949 0.027 53312.194738 18.904 0.017 53312.191405 18.859 0.019 53312.192238 18.568 0.023 53312.193905 18.522 0.039 -3.327915 0.677949
53314.194235 18.89 0.022 53314.195901 18.877 0.009 53314.192568 18.867 0.011 53314.193401 18.592 0.013 53314.195068 18.6 0.035 -3.327915 0.677949
53616.298601 19.189 0.034 53616.300267 19.054 0.012 53616.296934 18.963 0.013 53616.297767 18.666 0.015 53616.299434 18.646 0.045 -3.327915 0.677949
53623.288812 19.081 0.027 53623.290478 19.037 0.011 53623.287145 18.99 0.012 53623.287978 18.674 0.013 53623.289645 18.619 0.033 -3.327915 0.677949
53626.275024 19.165 0.03 53626.27669 19.027 0.013 53626.273357 18.98 0.014 53626.27419 18.728 0.018 53626.275857 -99.99 0.072 -3.327915 0.677949
53628.259889 19.119 0.049 53628.261555 19.09 0.023 53628.258222 18.954 0.018 53628.259055 18.722 0.019 53628.260722 18.629 0.045 -3.327915 0.677949
53637.261505 19.159 0.039 53637.263171 19.04 0.015 53637.259838 18.989 0.016 53637.260671 18.705 0.018 53637.262338 18.667 0.05 -3.327915 0.677949
53639.306881 19.121 0.027 53639.308547 19.019 0.011 53639.305214 18.971 0.011 53639.306047 18.682 0.013 53639.307714 18.616 0.032 -3.327915 0.677949
53644.253967 19.099 0.032 53644.255633 19.017 0.017 53644.2523 18.944 0.021 53644.253133 18.647 0.03 53644.2548 18.664 0.034 -3.327915 0.677949
53654.288574 19.103 0.027 53654.29024 19.024 0.01 53654.286907 18.961 0.012 53654.28774 18.705 0.014 53654.289407 18.734 0.034 -3.327915 0.677949
53656.236169 19.105 0.047 53656.237835 18.994 0.019 53656.234502 18.962 0.022 53656.235335 18.657 0.019 53656.237002 18.648 0.042 -3.327915 0.677949
53663.249477 19.037 0.034 53663.251143 19.026 0.014 53663.24781 18.959 0.014 53663.248643 18.668 0.013 53663.25031 18.694 0.03 -3.327915 0.677949
53665.227446 19.17 0.092 53665.229112 19.052 0.045 53665.225779 18.997 0.082 53665.226612 18.718 0.055 53665.228279 -99.99 0.126 -3.327915 0.677949
53668.239077 19.056 0.03 53668.240743 18.99 0.011 53668.23741 18.946 0.014 53668.238243 18.668 0.016 53668.23991 18.525 0.046 -3.327915 0.677949
53670.24393 19.072 0.027 53670.245596 18.989 0.01 53670.242263 18.965 0.011 53670.243096 18.67 0.013 53670.244763 18.719 0.036 -3.327915 0.677949
53673.211914 19.021 0.024 53673.21358 18.987 0.01 53673.210247 18.942 0.011 53673.21108 18.636 0.012 53673.212747 18.617 0.032 -3.327915 0.677949
53675.208803 19.076 0.031 53675.210469 19.002 0.01 53675.207136 18.95 0.013 53675.207969 18.706 0.015 53675.209636 18.608 0.039 -3.327915 0.677949
53677.229834 19.06 0.023 53677.2315 19.017 0.01 53677.228167 18.935 0.01 53677.229 18.682 0.012 53677.230667 18.65 0.027 -3.327915 0.677949
53680.2165 19.1 0.025 53680.218166 18.994 0.01 53680.214833 18.937 0.011 53680.215666 18.646 0.012 53680.217333 18.744 0.033 -3.327915 0.677949
53693.218398 19.012 0.043 53693.220064 18.996 0.017 53693.216731 18.916 0.015 53693.217564 18.643 0.014 53693.219231 18.595 0.033 -3.327915 0.677949
53704.201722 19.069 0.025 53704.203388 19.013 0.01 53704.200055 18.946 0.011 53704.200888 18.649 0.013 53704.202555 18.596 0.031 -3.327915 0.677949
53974.294389 19.156 0.03 53974.296056 19.056 0.019 53974.292722 19.011 0.017 53974.293556 18.68 0.014 53974.295222 18.69 0.031 -3.327915 0.677949
53989.297881 19.129 0.04 53989.299547 19.073 0.023 53989.296214 19.013 0.018 53989.297047 18.696 0.019 53989.298714 18.646 0.033 -3.327915 0.677949
53997.393578 19.152 0.03 53997.395244 -99.99 0.019 53997.391911 -99.99 0.02 53997.392744 18.665 0.016 53997.394411 -99.99 0.031 -3.327915 0.677949
54000.27319 19.195 0.038 54000.274857 19.05 0.035 54000.271523 18.944 0.018 54000.272357 18.738 0.029 54000.274023 18.742 0.042 -3.327915 0.677949
54007.323352 19.142 0.027 54007.325019 19.052 0.017 54007.321686 18.936 0.04 54007.322519 18.684 0.026 54007.324186 18.697 0.034 -3.327915 0.677949
54009.247109 19.166 0.025 54009.248776 19.062 0.023 54009.245443 19.024 0.025 54009.246276 18.672 0.019 54009.247943 18.668 0.032 -3.327915 0.677949
54011.311612 19.105 0.03 54011.313278 19.085 0.02 54011.309945 18.999 0.016 54011.310778 18.7 0.023 54011.312445 18.7 0.034 -3.327915 0.677949
54019.261817 19.147 0.03 54019.263484 19.059 0.017 54019.26015 18.964 0.015 54019.260984 18.703 0.016 54019.26265 18.628 0.027 -3.327915 0.677949
54025.310622 19.074 0.023 54025.312288 19.028 0.022 54025.308955 -99.99 0.026 54025.309788 18.694 0.017 54025.311455 18.693 0.037 -3.327915 0.677949
54029.240952 19.084 0.024 54029.242619 19.026 0.018 54029.239286 18.962 0.015 54029.240119 18.699 0.021 54029.241786 18.764 0.038 -3.327915 0.677949
54348.308386 19.139 0.033 54348.310052 19.039 0.028 54348.306719 18.96 0.021 54348.307552 18.67 0.023 54348.309219 18.688 0.038 -3.327915 0.677949
54358.264177 19.136 0.031 54358.265844 19.072 0.024 54358.262511 19.019 0.02 54358.263344 -99.99 0.023 54358.265011 18.649 0.042 -3.327915 0.677949
54365.29724 19.163 0.034 54365.298907 19.071 0.018 54365.295573 -99.99 0.022 54365.296407 18.724 0.028 54365.298073 18.603 0.035 -3.327915 0.677949
54373.371474 -99.99 0.058 54373.373141 19.089 0.022 54373.369808 19.025 0.023 54373.370641 18.708 0.019 54373.372308 18.605 0.036 -3.327915 0.677949
54381.316807 19.093 0.025 54381.318474 19.034 0.018 54381.315141 18.998 0.018 54381.315974 18.692 0.018 54381.317641 18.717 0.032 -3.327915 0.677949
54386.309119 19.081 0.026 54386.310786 19.045 0.014 54386.307453 19.001 0.014 54386.308286 18.718 0.016 54386.309953 18.98 0.061 -3.327915 0.677949
54388.313406 19.122 0.034 54388.315073 19.057 0.021 54388.311739 18.967 0.018 54388.312573 18.712 0.019 54388.314239 18.699 0.032 -3.327915 0.677949
54403.227175 19.039 0.032 54403.228842 19.087 0.02 54403.225508 18.967 0.017 54403.226342 18.695 0.016 54403.228008 18.712 0.041 -3.327915 0.677949
54404.284767 19.147 0.032 54404.286433 19.08 0.02 54404.2831 19 0.016 54404.283933 18.73 0.016 54404.2856 18.651 0.03 -3.327915 0.677949
54405.282699 19.154 0.03 54405.284366 19.13 0.016 54405.281033 19 0.016 54405.281866 18.701 0.022 54405.283533 18.716 0.034 -3.327915 0.677949
54406.221002 19.166 0.024 54406.222669 19.09 0.015 54406.219335 18.978 0.023 54406.220169 18.715 0.02 54406.221835 18.724 0.03 -3.327915 0.677949
54412.223949 19.115 0.034 54412.225616 19.069 0.019 54412.222282 19.01 0.017 54412.223116 18.675 0.017 54412.224782 18.725 0.038 -3.327915 0.677949
