51075.293521 20.057 0.043 51075.295187 19.872 0.018 51075.291854 19.702 0.019 51075.292687 19.365 0.022 51075.294354 19.493 0.093 -2.2861 -0.084559
52196.294068 19.901 0.041 52196.295734 19.644 0.014 52196.292401 19.47 0.015 52196.293234 19.209 0.017 52196.294901 19.201 0.06 -2.2861 -0.084559
52197.307177 19.873 0.04 52197.308843 19.671 0.016 52197.30551 19.486 0.015 52197.306343 19.19 0.016 52197.30801 19.111 0.055 -2.2861 -0.084559
52225.157331 19.871 0.036 52225.158997 19.663 0.013 52225.155664 19.514 0.015 52225.156497 19.194 0.016 52225.158164 19.202 0.054 -2.2861 -0.084559
52231.193115 19.939 0.039 52231.194781 19.669 0.013 52231.191448 19.509 0.015 52231.192281 19.204 0.015 52231.193948 19.139 0.046 -2.2861 -0.084559
52253.179287 19.952 0.07 52253.180953 19.734 0.021 52253.17762 19.558 0.023 52253.178453 19.212 0.022 52253.18012 19.09 0.071 -2.2861 -0.084559
52557.301117 19.921 0.046 52557.302783 19.688 0.016 52557.29945 19.487 0.017 52557.300283 19.252 0.018 52557.30195 19.261 0.068 -2.2861 -0.084559
52578.197201 19.832 0.036 52578.198867 19.628 0.013 52578.195534 19.481 0.015 52578.196367 19.213 0.017 52578.198034 19.124 0.049 -2.2861 -0.084559
52908.275684 19.9 0.044 52908.27735 19.675 0.015 52908.274017 19.518 0.017 52908.27485 19.245 0.019 52908.276517 19.094 0.058 -2.2861 -0.084559
52911.28947 19.942 0.048 52911.291136 19.751 0.017 52911.287803 19.558 0.018 52911.288636 19.252 0.02 52911.290303 19.093 0.063 -2.2861 -0.084559
52930.166843 19.906 0.045 52930.168509 19.656 0.015 52930.165176 19.519 0.018 52930.166009 19.266 0.02 52930.167676 19.1 0.056 -2.2861 -0.084559
52934.207584 19.88 0.044 52934.20925 19.678 0.016 52934.205917 19.523 0.019 52934.20675 19.253 0.02 52934.208417 19.088 0.06 -2.2861 -0.084559
52936.20351 19.849 0.039 52936.205176 19.676 0.014 52936.201843 19.535 0.015 52936.202676 19.252 0.016 52936.204343 19.174 0.048 -2.2861 -0.084559
52962.129032 19.828 0.039 52962.130698 19.653 0.015 52962.127365 19.508 0.017 52962.128198 19.238 0.018 52962.129865 19.024 0.05 -2.2861 -0.084559
53270.267633 19.815 0.034 53270.2693 19.663 0.027 53270.265967 19.524 0.018 53270.2668 19.273 0.018 53270.268467 19.196 0.042 -2.2861 -0.084559
53272.317514 19.801 0.046 53272.31918 19.652 0.021 53272.315847 19.552 0.02 53272.31668 19.256 0.019 53272.318347 19.179 0.052 -2.2861 -0.084559
53286.286233 19.898 0.064 53286.287899 19.702 0.017 53286.284566 19.561 0.023 53286.285399 19.281 0.024 53286.287066 19.113 0.06 -2.2861 -0.084559
53288.244725 19.895 0.042 53288.246391 19.701 0.014 53288.243058 19.598 0.016 53288.243891 19.298 0.016 53288.245558 19.249 0.048 -2.2861 -0.084559
53294.292399 19.914 0.049 53294.294065 19.7 0.017 53294.290732 19.625 0.021 53294.291565 19.27 0.022 53294.293232 19.162 0.062 -2.2861 -0.084559
53302.240391 19.892 0.077 53302.242057 19.75 0.032 53302.238724 19.61 0.028 53302.239557 19.309 0.024 53302.241224 19.156 0.056 -2.2861 -0.084559
53312.195954 20.026 0.055 53312.197621 19.751 0.025 53312.194288 19.616 0.023 53312.195121 19.288 0.031 53312.196788 19.345 0.08 -2.2861 -0.084559
53314.197121 19.971 0.044 53314.198787 19.751 0.015 53314.195454 19.582 0.017 53314.196287 19.276 0.018 53314.197954 19.277 0.063 -2.2861 -0.084559
53616.301486 20.095 0.066 53616.303152 -99.99 0.026 53616.299819 19.825 0.024 53616.300652 19.494 0.026 53616.302319 19.387 0.09 -2.2861 -0.084559
53623.291698 -99.99 0.072 53623.293364 19.999 0.021 53623.290031 19.82 0.019 53623.290864 19.485 0.022 53623.292531 19.786 0.101 -2.2861 -0.084559
53626.277911 20.148 0.058 53626.279577 20.044 0.026 53626.276244 -99.99 0.046 53626.277077 19.466 0.023 53626.278744 19.376 0.064 -2.2861 -0.084559
53628.262776 20.147 0.14 53628.264442 19.916 0.05 53628.261109 19.776 0.041 53628.261942 19.385 0.031 53628.263609 19.484 0.111 -2.2861 -0.084559
53637.264392 20.124 0.091 53637.266058 20.023 0.031 53637.262725 19.832 0.029 53637.263558 19.486 0.032 53637.265225 19.349 0.097 -2.2861 -0.084559
53639.309769 20.135 0.057 53639.311435 19.974 0.02 53639.308102 19.834 0.021 53639.308935 19.468 0.021 53639.310602 19.518 0.07 -2.2861 -0.084559
53644.256842 20.07 0.048 53644.258509 19.963 0.017 53644.255176 19.805 0.021 53644.256009 19.497 0.021 53644.257676 19.424 0.058 -2.2861 -0.084559
53654.291461 20.108 0.052 53654.293127 19.967 0.017 53654.289794 19.809 0.019 53654.290627 19.461 0.02 53654.292294 19.445 0.07 -2.2861 -0.084559
53656.239054 -99.99 0.115 53656.24072 19.877 0.042 53656.237387 19.821 0.036 53656.23822 19.491 0.034 53656.239887 19.342 0.097 -2.2861 -0.084559
53663.252364 20.113 0.078 53663.25403 19.944 0.032 53663.250697 19.789 0.023 53663.25153 19.427 0.02 53663.253197 19.291 0.054 -2.2861 -0.084559
53665.230333 -99.99 0.192 53665.231999 19.884 0.111 53665.228666 19.743 0.104 53665.229499 19.661 0.139 53665.231166 -99.99 0.272 -2.2861 -0.084559
53668.241964 20.047 0.065 53668.24363 19.965 0.02 53668.240297 19.815 0.026 53668.24113 19.554 0.027 53668.242797 19.464 0.098 -2.2861 -0.084559
53670.246817 20.109 0.049 53670.248483 19.91 0.016 53670.24515 19.726 0.019 53670.245983 19.419 0.019 53670.24765 19.524 0.076 -2.2861 -0.084559
53673.214801 20.124 0.051 53673.216467 19.893 0.016 53673.213134 19.773 0.019 53673.213967 19.439 0.019 53673.215634 19.323 0.061 -2.2861 -0.084559
53675.211689 20.148 0.056 53675.213355 19.876 0.017 53675.210022 19.715 0.022 53675.210855 19.428 0.024 53675.212522 19.345 0.077 -2.2861 -0.084559
53677.232721 20.024 0.042 53677.234387 19.913 0.015 53677.231054 19.762 0.017 53677.231887 19.443 0.017 53677.233554 19.334 0.047 -2.2861 -0.084559
53680.219386 20.074 0.051 53680.221052 19.898 0.016 53680.217719 19.749 0.02 53680.218552 19.459 0.021 53680.220219 19.434 0.062 -2.2861 -0.084559
53693.221285 20.208 0.135 53693.222951 19.856 0.033 53693.219618 19.712 0.028 53693.220451 19.414 0.024 53693.222118 19.259 0.063 -2.2861 -0.084559
53704.204609 19.935 0.046 53704.206275 19.842 0.016 53704.202942 19.726 0.018 53704.203775 19.408 0.019 53704.205442 19.271 0.061 -2.2861 -0.084559
53974.297291 20.156 0.044 53974.298958 19.919 0.021 53974.295625 19.757 0.018 53974.296458 19.431 0.021 53974.298125 19.394 0.053 -2.2861 -0.084559
53989.300675 20.243 0.093 53989.302342 19.908 0.05 53989.299008 19.762 0.033 53989.299842 19.399 0.023 53989.301508 19.329 0.056 -2.2861 -0.084559
53997.396323 20.204 0.052 53997.397989 -99.99 0.021 53997.394656 19.738 0.018 53997.395489 -99.99 0.017 53997.397156 -99.99 0.057 -2.2861 -0.084559
54000.276125 20.105 0.053 54000.277792 19.927 0.02 54000.274459 19.817 0.023 54000.275292 19.406 0.025 54000.276959 19.186 0.069 -2.2861 -0.084559
54007.326254 20.109 0.047 54007.327921 19.933 0.023 54007.324588 19.777 0.021 54007.325421 19.427 0.029 54007.327088 19.463 0.07 -2.2861 -0.084559
54009.249995 20.124 0.049 54009.251662 19.995 0.026 54009.248328 19.763 0.025 54009.249162 19.41 0.019 54009.250828 19.277 0.051 -2.2861 -0.084559
54011.314559 20.099 0.058 54011.316226 20.001 0.026 54011.312892 19.755 0.021 54011.313726 19.403 0.023 54011.315392 19.382 0.051 -2.2861 -0.084559
54019.26476 20.21 0.069 54019.266427 19.948 0.024 54019.263093 19.738 0.021 54019.263927 19.439 0.021 54019.265593 19.339 0.047 -2.2861 -0.084559
54025.313537 20.146 0.057 54025.315204 19.952 0.021 54025.31187 19.714 0.024 54025.312704 19.44 0.026 54025.31437 19.366 0.071 -2.2861 -0.084559
54029.243855 20.015 0.052 54029.245522 19.868 0.027 54029.242189 19.715 0.027 54029.243022 19.389 0.023 54029.244689 -99.99 0.079 -2.2861 -0.084559
54348.31127 19.984 0.053 54348.312937 19.839 0.029 54348.309603 19.69 0.024 54348.310437 19.328 0.023 54348.312103 19.224 0.062 -2.2861 -0.084559
54358.267071 20.021 0.054 54358.268737 19.823 0.028 54358.265404 19.677 0.021 54358.266237 19.35 0.026 54358.267904 19.356 0.078 -2.2861 -0.084559
54365.300132 20.113 0.059 54365.301799 19.839 0.025 54365.298465 19.626 0.03 54365.299299 19.361 0.032 54365.300965 19.137 0.056 -2.2861 -0.084559
54373.374372 20.094 0.143 54373.376039 19.766 0.052 54373.372706 19.616 0.029 54373.373539 19.336 0.028 54373.375206 19.327 0.08 -2.2861 -0.084559
54381.319699 19.848 0.042 54381.321365 19.775 0.021 54381.318032 19.649 0.018 54381.318865 19.344 0.019 54381.320532 19.219 0.049 -2.2861 -0.084559
54386.312022 19.938 0.047 54386.313689 19.794 0.023 54386.310356 19.633 0.02 54386.311189 19.315 0.027 54386.312856 19.332 0.07 -2.2861 -0.084559
54388.316298 19.947 0.048 54388.317965 19.785 0.02 54388.314631 19.602 0.023 54388.315465 19.322 0.022 54388.317131 19.187 0.052 -2.2861 -0.084559
54403.230056 19.995 0.068 54403.231722 19.81 0.037 54403.228389 19.578 0.028 54403.229222 19.355 0.025 54403.230889 -99.99 0.073 -2.2861 -0.084559
54404.287652 19.959 0.062 54404.289319 19.754 0.029 54404.285985 19.61 0.022 54404.286819 19.351 0.023 54404.288485 19.273 0.051 -2.2861 -0.084559
54405.285583 19.878 0.05 54405.287249 19.753 0.021 54405.283916 19.594 0.02 54405.284749 19.326 0.018 54405.286416 19.242 0.052 -2.2861 -0.084559
54406.22389 19.947 0.039 54406.225557 19.729 0.02 54406.222223 19.593 0.019 54406.223057 19.306 0.02 54406.224723 19.334 0.046 -2.2861 -0.084559
54412.226834 19.979 0.056 54412.228501 19.756 0.021 54412.225167 19.626 0.028 54412.226001 19.313 0.027 54412.227667 19.187 0.073 -2.2861 -0.084559
