51075.321199 20.062 0.046 51075.322865 20.057 0.018 51075.319532 19.75 0.02 51075.320365 19.72 0.032 51075.322032 20.205 0.17 7.703233 1.171016
52196.321717 20.152 0.053 52196.323383 20.087 0.018 52196.32005 19.788 0.02 52196.320883 19.829 0.029 52196.32255 19.853 0.098 7.703233 1.171016
52196.340397 20.03 0.053 52196.342063 20.078 0.019 52196.33873 19.811 0.02 52196.339563 19.856 0.035 52196.34123 19.943 0.117 7.703233 1.171016
52197.334823 20.007 0.045 52197.336489 20.112 0.021 52197.333156 19.774 0.02 52197.333989 19.839 0.03 52197.335656 19.879 0.104 7.703233 1.171016
52225.185 20.178 0.05 52225.186666 20.116 0.018 52225.183333 19.821 0.02 52225.184166 19.824 0.031 52225.185833 19.835 0.103 7.703233 1.171016
52231.220782 20.26 0.053 52231.222448 20.22 0.019 52231.219115 19.86 0.021 52231.219948 19.838 0.029 52231.221615 20.14 0.12 7.703233 1.171016
52253.206952 20.289 0.067 52253.208618 20.267 0.023 52253.205285 19.955 0.027 52253.206118 19.884 0.034 52253.207785 19.922 0.111 7.703233 1.171016
52557.328783 20.254 0.064 52557.330449 20.255 0.023 52557.327116 19.885 0.023 52557.327949 19.857 0.033 52557.329616 19.798 0.113 7.703233 1.171016
52578.224869 20.319 0.055 52578.226535 20.292 0.02 52578.223202 19.909 0.021 52578.224035 19.929 0.032 52578.225702 20.092 0.13 7.703233 1.171016
52908.303351 20.017 0.047 52908.305017 19.945 0.017 52908.301684 19.655 0.018 52908.302517 19.653 0.028 52908.304184 19.897 0.116 7.703233 1.171016
52911.317137 20.005 0.064 52911.318803 19.948 0.023 52911.31547 19.722 0.031 52911.316303 -99.99 0.035 52911.31797 19.583 0.124 7.703233 1.171016
52934.235253 19.989 0.055 52934.236919 19.972 0.021 52934.233586 19.721 0.025 52934.234419 19.64 0.035 52934.236086 19.946 0.16 7.703233 1.171016
52936.231179 20.055 0.048 52936.232845 19.98 0.018 52936.229512 19.649 0.019 52936.230345 19.727 0.027 52936.232012 19.73 0.095 7.703233 1.171016
52962.156703 20.044 0.047 52962.158369 19.984 0.02 52962.155036 19.655 0.019 52962.155869 19.671 0.027 52962.157536 19.955 0.116 7.703233 1.171016
53270.295233 19.887 0.038 53270.2969 19.806 0.017 53270.293566 19.523 0.016 53270.2944 19.51 0.025 53270.296066 19.709 0.076 7.703233 1.171016
53272.345182 19.848 0.045 53272.346848 19.817 0.018 53272.343515 19.565 0.02 53272.344348 19.512 0.026 53272.346015 19.634 0.089 7.703233 1.171016
53286.313902 19.804 0.055 53286.315568 19.817 0.02 53286.312235 19.5 0.019 53286.313068 19.489 0.027 53286.314735 19.598 0.094 7.703233 1.171016
53288.272392 19.877 0.053 53288.274058 19.744 0.016 53288.270725 19.504 0.02 53288.271558 19.407 0.024 53288.273225 19.647 0.101 7.703233 1.171016
53294.320068 19.753 0.043 53294.321734 19.74 0.017 53294.318401 19.504 0.018 53294.319234 19.487 0.028 53294.320901 19.53 0.083 7.703233 1.171016
53298.316844 19.738 0.044 53298.31851 19.75 0.016 53298.315177 19.483 0.02 53298.31601 19.435 0.026 53298.317677 19.592 0.094 7.703233 1.171016
53302.26806 19.776 0.06 53302.269726 19.783 0.031 53302.266393 19.526 0.029 53302.267226 19.433 0.029 53302.268893 19.669 0.092 7.703233 1.171016
53312.223603 19.829 0.049 53312.225269 19.721 0.022 53312.221936 19.494 0.02 53312.222769 19.513 0.029 53312.224436 19.683 0.107 7.703233 1.171016
53314.224789 19.752 0.04 53314.226455 19.716 0.015 53314.223122 19.466 0.018 53314.223955 19.485 0.027 53314.225622 19.542 0.09 7.703233 1.171016
53616.329152 19.976 0.076 53616.330818 19.869 0.022 53616.327485 19.595 0.021 53616.328318 19.577 0.033 53616.329985 19.459 0.114 7.703233 1.171016
53626.305577 19.942 0.049 53626.307243 19.91 0.019 53626.30391 19.627 0.02 53626.304743 19.565 0.027 53626.30641 19.71 0.09 7.703233 1.171016
53628.290442 19.797 0.082 53628.292108 19.862 0.039 53628.288775 19.573 0.028 53628.289608 19.514 0.034 53628.291275 19.622 0.112 7.703233 1.171016
53637.292059 19.901 0.08 53637.293725 19.919 0.03 53637.290392 19.642 0.026 53637.291225 19.655 0.037 53637.292892 19.679 0.124 7.703233 1.171016
53639.337436 19.96 0.047 53639.339102 19.938 0.018 53639.335769 19.619 0.017 53639.336602 19.614 0.023 53639.338269 19.982 0.085 7.703233 1.171016
53654.319127 19.948 0.053 53654.320793 19.882 0.017 53654.31746 19.583 0.019 53654.318293 19.596 0.027 53654.31996 19.652 0.094 7.703233 1.171016
53663.280031 19.924 0.074 53663.281697 19.84 0.03 53663.278364 19.614 0.024 53663.279197 19.591 0.029 53663.280864 19.841 0.096 7.703233 1.171016
53665.258001 -99.99 0.121 53665.259667 19.897 0.059 53665.256334 -99.99 0.312 53665.257167 19.551 0.126 53665.258834 19.784 0.235 7.703233 1.171016
53666.350131 20.057 0.099 53666.351797 19.889 0.028 53666.348464 19.573 0.025 53666.349297 19.527 0.029 53666.350964 19.397 0.074 7.703233 1.171016
53668.269633 19.975 0.068 53668.271299 19.953 0.023 53668.267966 19.66 0.025 53668.268799 19.621 0.037 53668.270466 19.467 0.114 7.703233 1.171016
53670.274484 19.888 0.046 53670.27615 19.902 0.017 53670.272817 19.673 0.019 53670.27365 19.612 0.026 53670.275317 19.695 0.089 7.703233 1.171016
53673.242469 19.894 0.044 53673.244135 19.942 0.016 53673.240802 19.68 0.019 53673.241635 19.661 0.027 53673.243302 19.871 0.104 7.703233 1.171016
53675.239357 20.002 0.052 53675.241023 19.902 0.018 53675.23769 19.623 0.02 53675.238523 19.695 0.032 53675.24019 19.94 0.138 7.703233 1.171016
53677.260387 19.892 0.046 53677.262053 19.917 0.017 53677.25872 19.647 0.018 53677.259553 19.615 0.026 53677.26122 19.859 0.091 7.703233 1.171016
53680.247054 19.95 0.045 53680.24872 19.963 0.018 53680.245387 19.669 0.019 53680.24622 19.614 0.025 53680.247887 19.803 0.089 7.703233 1.171016
53693.248949 20.016 0.096 53693.250615 20.021 0.038 53693.247282 19.697 0.03 53693.248115 19.657 0.034 53693.249782 19.671 0.103 7.703233 1.171016
53698.24634 20.179 0.063 53698.248006 20.006 0.019 53698.244673 19.761 0.022 53698.245506 19.662 0.028 53698.247173 19.834 0.104 7.703233 1.171016
53704.232273 20.09 0.065 53704.233939 20.045 0.019 53704.230606 19.666 0.022 53704.231439 19.74 0.036 53704.233106 19.761 0.114 7.703233 1.171016
53974.324944 20.087 0.049 53974.326611 20.133 0.019 53974.323278 19.813 0.019 53974.324111 19.822 0.026 53974.325778 19.861 0.09 7.703233 1.171016
53977.373539 20.09 0.044 53977.375206 20.142 0.022 53977.371872 19.805 0.025 53977.372706 -99.99 0.032 53977.374372 -99.99 0.089 7.703233 1.171016
53989.328335 20.143 0.091 53989.330002 20.153 0.041 53989.326668 19.761 0.036 53989.327502 19.737 0.036 53989.329168 20.124 0.122 7.703233 1.171016
53997.424006 20.177 0.059 53997.425673 -99.99 0.023 53997.422339 19.812 0.023 53997.423173 -99.99 0.027 53997.424839 -99.99 0.092 7.703233 1.171016
54000.303787 20.146 0.054 54000.305454 20.213 0.026 54000.30212 19.861 0.024 54000.302954 19.777 0.032 54000.30462 19.806 0.12 7.703233 1.171016
54006.250572 -99.99 0.076 54006.252238 -99.99 0.024 54006.248905 -99.99 0.03 54006.249738 -99.99 0.033 54006.251405 -99.99 0.949 7.703233 1.171016
54007.353918 20.283 0.056 54007.355584 20.15 0.023 54007.352251 19.842 0.023 54007.353084 19.803 0.029 54007.354751 19.994 0.108 7.703233 1.171016
54009.277703 20.242 0.063 54009.27937 20.221 0.022 54009.276036 19.822 0.025 54009.27687 19.784 0.036 54009.278536 19.898 0.108 7.703233 1.171016
54011.342175 20.164 0.061 54011.343841 20.217 0.03 54011.340508 19.855 0.029 54011.341341 19.815 0.036 54011.343008 19.927 0.098 7.703233 1.171016
54025.341167 20.089 0.062 54025.342833 20.114 0.022 54025.3395 19.833 0.023 54025.340333 19.812 0.032 54025.342 19.905 0.105 7.703233 1.171016
54029.271523 19.997 0.067 54029.27319 20.089 0.026 54029.269857 19.789 0.034 54029.27069 19.765 0.051 54029.272357 20.011 0.197 7.703233 1.171016
54348.338939 20.128 0.058 54348.340605 20.2 0.026 54348.337272 19.919 0.026 54348.338105 19.9 0.033 54348.339772 20.027 0.109 7.703233 1.171016
54358.29473 20.119 0.066 54358.296396 20.166 0.03 54358.293063 19.895 0.03 54358.293896 19.899 0.04 54358.295563 19.879 0.136 7.703233 1.171016
54359.288767 20.231 0.092 54359.290433 20.188 0.029 54359.2871 19.919 0.05 54359.287933 -99.99 0.074 54359.2896 19.677 0.159 7.703233 1.171016
54365.327822 20.23 0.051 54365.329489 20.222 0.023 54365.326156 19.915 0.026 54365.326989 19.887 0.031 54365.328656 20.211 0.116 7.703233 1.171016
54381.347402 20.165 0.055 54381.349068 20.283 0.029 54381.345735 19.927 0.024 54381.346568 19.914 0.034 54381.348235 20.176 0.126 7.703233 1.171016
54384.354007 20.261 0.063 54384.355674 20.24 0.029 54384.352341 19.902 0.024 54384.353174 19.857 0.031 54384.354841 19.933 0.103 7.703233 1.171016
54386.339686 -99.99 0.086 54386.341353 20.199 0.03 54386.338019 19.924 0.028 54386.338853 19.842 0.046 54386.340519 19.642 0.136 7.703233 1.171016
54388.343956 20.085 0.056 54388.345623 20.251 0.025 54388.34229 19.913 0.025 54388.343123 19.845 0.03 54388.34479 19.966 0.091 7.703233 1.171016
54403.257795 20.142 0.098 54403.259461 20.232 0.042 54403.256128 19.882 0.036 54403.256961 19.946 0.049 54403.258628 19.993 0.163 7.703233 1.171016
54404.315295 20.289 0.097 54404.316962 20.293 0.037 54404.313628 19.994 0.029 54404.314462 19.896 0.034 54404.316128 20.34 0.157 7.703233 1.171016
54405.313245 20.233 0.087 54405.314911 20.346 0.032 54405.311578 19.91 0.025 54405.312411 19.925 0.035 54405.314078 19.991 0.108 7.703233 1.171016
54406.251558 20.21 0.052 54406.253225 20.215 0.023 54406.249892 19.89 0.022 54406.250725 19.899 0.03 54406.252392 19.99 0.102 7.703233 1.171016
54412.254481 20.309 0.061 54412.256147 20.248 0.023 54412.252814 19.934 0.025 54412.253647 -99.99 0.033 54412.255314 -99.99 0.105 7.703233 1.171016
