51081.304432 -99.99 0.042 51081.306098 19.482 0.015 51081.302765 19.203 0.015 51081.303598 19.207 0.02 51081.305265 19.302 0.066 7.530607 -0.791419
51819.37555 19.008 0.028 51819.377216 18.941 0.01 51819.373883 18.829 0.011 51819.374716 18.843 0.013 51819.376383 18.897 0.044 7.530607 -0.791419
52558.340835 19.672 0.041 52558.342501 19.591 0.013 52558.339168 19.206 0.013 52558.340001 19.265 0.015 52558.341668 19.22 0.05 7.530607 -0.791419
52577.228335 19.725 0.04 52577.230001 19.59 0.014 52577.226668 19.293 0.014 52577.227501 19.277 0.018 52577.229168 19.361 0.067 7.530607 -0.791419
52586.231814 19.65 0.036 52586.23348 19.594 0.014 52586.230147 19.254 0.015 52586.23098 19.224 0.018 52586.232647 19.555 0.089 7.530607 -0.791419
52910.312295 19.879 0.046 52910.313961 19.775 0.015 52910.310628 19.415 0.015 52910.311461 19.37 0.017 52910.313128 19.463 0.067 7.530607 -0.791419
52931.242497 19.908 0.048 52931.244163 19.675 0.015 52931.24083 19.379 0.016 52931.241663 19.412 0.019 52931.24333 19.492 0.069 7.530607 -0.791419
52935.239461 19.87 0.045 52935.241127 19.745 0.015 52935.237794 19.396 0.016 52935.238627 19.379 0.019 52935.240294 19.521 0.073 7.530607 -0.791419
52959.18279 19.758 0.039 52959.184456 19.671 0.014 52959.181123 19.308 0.013 52959.181956 19.324 0.015 52959.183623 19.488 0.054 7.530607 -0.791419
52963.162534 19.873 0.042 52963.1642 19.696 0.014 52963.160867 19.346 0.013 52963.1617 19.338 0.015 52963.163367 19.436 0.049 7.530607 -0.791419
53352.133601 19.482 0.032 53352.135267 19.441 0.012 53352.131934 19.203 0.013 53352.132767 19.157 0.014 53352.134434 19.31 0.052 7.530607 -0.791419
53622.341899 19.87 0.053 53622.343565 19.735 0.018 53622.340232 19.393 0.017 53622.341065 19.418 0.022 53622.342732 19.452 0.09 7.530607 -0.791419
53634.291369 19.771 0.111 53634.293035 19.657 0.04 53634.289702 19.331 0.024 53634.290535 19.37 0.025 53634.292202 19.43 0.085 7.530607 -0.791419
53638.332704 19.734 0.046 53638.33437 19.698 0.017 53638.331037 19.284 0.014 53638.33187 19.325 0.017 53638.333537 19.359 0.057 7.530607 -0.791419
53640.29674 -99.99 0.537 53640.298406 -99.99 0.036 53640.295073 19.342 0.016 53640.295906 -99.99 0.026 53640.297573 -99.99 0.36 7.530607 -0.791419
53655.268912 19.818 0.092 53655.270578 -99.99 0.028 53655.267245 19.405 0.027 53655.268078 19.4 0.033 53655.269745 19.477 0.103 7.530607 -0.791419
53664.293868 19.734 0.072 53664.295534 19.695 0.031 53664.292201 19.395 0.021 53664.293034 19.323 0.022 53664.294701 19.361 0.079 7.530607 -0.791419
53669.253111 19.778 0.04 53669.254777 19.662 0.013 53669.251444 19.343 0.015 53669.252277 19.359 0.019 53669.253944 19.535 0.067 7.530607 -0.791419
53671.337881 19.725 0.062 53671.339547 19.713 0.019 53671.336214 19.346 0.017 53671.337047 19.336 0.021 53671.338714 19.382 0.081 7.530607 -0.791419
53674.237347 19.819 0.046 53674.239013 19.69 0.015 53674.23568 19.354 0.014 53674.236513 19.408 0.017 53674.23818 19.422 0.058 7.530607 -0.791419
53676.326824 19.8 0.048 53676.32849 19.725 0.015 53676.325157 19.348 0.015 53676.32599 19.36 0.016 53676.327657 19.348 0.052 7.530607 -0.791419
53679.298716 19.715 0.051 53679.300382 19.647 0.017 53679.297049 19.31 0.019 53679.297882 19.299 0.022 53679.299549 19.42 0.084 7.530607 -0.791419
53681.290228 19.761 0.053 53681.291894 19.622 0.016 53681.288561 19.33 0.018 53681.289394 19.295 0.019 53681.291061 19.297 0.066 7.530607 -0.791419
53685.24928 -99.99 0.132 53685.250946 19.687 0.049 53685.247613 19.388 0.037 53685.248446 19.23 0.031 53685.250113 19.424 0.099 7.530607 -0.791419
53694.263158 19.638 0.147 53694.264824 19.686 0.044 53694.261491 19.351 0.035 53694.262324 19.37 0.035 53694.263991 19.551 0.154 7.530607 -0.791419
53697.247253 19.833 0.054 53697.248919 19.723 0.017 53697.245586 19.344 0.015 53697.246419 19.322 0.017 53697.248086 19.476 0.06 7.530607 -0.791419
53700.246211 19.836 0.062 53700.247877 19.694 0.02 53700.244544 19.368 0.019 53700.245377 19.328 0.021 53700.247044 19.543 0.096 7.530607 -0.791419
53705.23288 19.91 0.054 53705.234546 19.702 0.017 53705.231213 19.369 0.015 53705.232046 19.371 0.017 53705.233713 19.39 0.058 7.530607 -0.791419
53975.317989 -99.99 0.044 53975.319656 19.673 0.02 53975.316323 19.354 0.018 53975.317156 19.323 0.019 53975.318823 19.408 0.059 7.530607 -0.791419
53990.330704 19.737 0.063 53990.332371 19.621 0.028 53990.329037 19.374 0.021 53990.329871 19.317 0.022 53990.331537 19.454 0.07 7.530607 -0.791419
53994.341008 19.761 0.045 53994.342674 19.641 0.037 53994.339341 19.268 0.02 53994.340174 19.32 0.019 53994.341841 19.452 0.063 7.530607 -0.791419
53996.324655 19.67 0.065 53996.326322 19.61 0.023 53996.322989 19.34 0.021 53996.323822 -99.99 0.038 53996.325489 19.412 0.064 7.530607 -0.791419
53998.293457 -99.99 0.045 53998.295123 19.672 0.021 53998.29179 19.252 0.019 53998.292623 19.341 0.016 53998.29429 19.428 0.056 7.530607 -0.791419
54005.323553 19.728 0.035 54005.32522 19.671 0.018 54005.321886 19.314 0.016 54005.32272 19.272 0.018 54005.324386 19.381 0.045 7.530607 -0.791419
54010.278721 19.763 0.041 54010.280388 19.628 0.022 54010.277054 19.287 0.019 54010.277888 19.3 0.019 54010.279554 19.487 0.051 7.530607 -0.791419
54012.271574 19.797 0.073 54012.27324 19.59 0.029 54012.269907 19.241 0.035 54012.27074 19.278 0.023 54012.272407 19.407 0.059 7.530607 -0.791419
54020.277547 19.622 0.05 54020.279213 19.555 0.021 54020.27588 19.312 0.019 54020.276713 19.279 0.025 54020.27838 19.348 0.067 7.530607 -0.791419
54024.359139 19.713 0.054 54024.360805 19.595 0.025 54024.357472 19.275 0.017 54024.358305 19.262 0.022 54024.359972 19.428 0.109 7.530607 -0.791419
54030.271157 19.638 0.031 54030.272823 19.525 0.023 54030.26949 19.266 0.018 54030.270323 19.27 0.027 54030.27199 19.381 0.051 7.530607 -0.791419
54035.34695 19.568 0.053 54035.348616 19.53 0.02 54035.345283 19.212 0.023 54035.346116 19.228 0.022 54035.347783 19.322 0.082 7.530607 -0.791419
54037.252361 19.556 0.039 54037.254028 19.473 0.021 54037.250694 19.224 0.022 54037.251528 19.231 0.02 54037.253194 19.339 0.054 7.530607 -0.791419
54040.266971 19.615 0.062 54040.268637 19.492 0.033 54040.265304 19.255 0.022 54040.266137 19.236 0.022 54040.267804 19.315 0.068 7.530607 -0.791419
54049.293368 19.511 0.105 54049.295034 19.467 0.045 54049.291701 19.294 0.025 54049.292534 19.289 0.043 54049.294201 19.347 0.112 7.530607 -0.791419
54053.257616 19.577 0.033 54053.259283 -99.99 0.024 54053.25595 19.206 0.024 54053.256783 19.216 0.018 54053.25845 19.394 0.053 7.530607 -0.791419
54056.259282 19.593 0.048 54056.260948 19.453 0.027 54056.257615 19.186 0.021 54056.258448 19.227 0.031 54056.260115 19.349 0.075 7.530607 -0.791419
54059.253571 -99.99 0.052 54059.255238 19.394 0.027 54059.251905 19.272 0.023 54059.252738 19.224 0.028 54059.254405 19.3 0.087 7.530607 -0.791419
54062.25863 -99.99 0.051 54062.260296 19.395 0.032 54062.256963 19.248 0.025 54062.257796 19.212 0.023 54062.259463 19.383 0.086 7.530607 -0.791419
54068.23908 19.491 0.067 54068.240747 19.469 0.033 54068.237413 19.173 0.027 54068.238247 19.189 0.026 54068.239913 19.262 0.073 7.530607 -0.791419
54357.296865 -99.99 0.039 54357.298532 19.597 0.025 54357.295198 19.267 0.015 54357.296032 19.233 0.018 54357.297698 19.336 0.05 7.530607 -0.791419
54362.346731 19.75 0.041 54362.348397 19.598 0.027 54362.345064 19.265 0.014 54362.345897 19.262 0.026 54362.347564 19.432 0.067 7.530607 -0.791419
54382.326907 19.72 0.062 54382.328573 19.643 0.031 54382.32524 19.272 0.019 54382.326073 19.275 0.026 54382.32774 19.346 0.105 7.530607 -0.791419
54385.344582 19.721 0.043 54385.346248 19.627 0.023 54385.342915 19.265 0.016 54385.343748 19.262 0.019 54385.345415 19.392 0.051 7.530607 -0.791419
54387.345123 19.865 0.058 54387.34679 19.575 0.021 54387.343457 19.273 0.023 54387.34429 19.258 0.024 54387.345957 19.388 0.075 7.530607 -0.791419
54392.339926 19.749 0.072 54392.341593 19.629 0.02 54392.338259 19.288 0.021 54392.339093 19.238 0.026 54392.340759 19.412 0.091 7.530607 -0.791419
54402.338272 -99.99 0.112 54402.339938 19.612 0.046 54402.336605 19.283 0.031 54402.337438 19.33 0.027 54402.339105 19.294 0.067 7.530607 -0.791419
