51075.319296 19.856 0.039 51075.320962 19.65 0.015 51075.317629 19.372 0.015 51075.318462 19.506 0.024 51075.320129 19.585 0.091 7.017984 -0.423507
51819.374143 19.748 0.041 51819.375809 19.525 0.014 51819.372476 19.211 0.014 51819.373309 19.315 0.019 51819.374976 19.369 0.067 7.017984 -0.423507
52196.319812 19.855 0.047 52196.321478 19.599 0.014 52196.318145 19.297 0.013 52196.318978 19.399 0.018 52196.320645 19.347 0.061 7.017984 -0.423507
52196.338484 19.813 0.046 52196.34015 19.583 0.014 52196.336817 19.281 0.014 52196.33765 19.433 0.019 52196.339317 19.383 0.073 7.017984 -0.423507
52197.332897 19.909 0.048 52197.334563 19.599 0.014 52197.33123 19.3 0.014 52197.332063 19.419 0.021 52197.33373 19.388 0.063 7.017984 -0.423507
52225.183101 19.88 0.043 52225.184767 19.63 0.014 52225.181434 19.306 0.014 52225.182267 19.414 0.018 52225.183934 19.428 0.064 7.017984 -0.423507
52231.218885 19.871 0.044 52231.220551 19.618 0.014 52231.217218 19.329 0.013 52231.218051 19.41 0.016 52231.219718 19.375 0.055 7.017984 -0.423507
52253.205053 19.953 0.061 52253.206719 19.582 0.015 52253.203386 19.284 0.016 52253.204219 19.46 0.02 52253.205886 19.386 0.068 7.017984 -0.423507
52557.326886 19.669 0.042 52557.328552 19.429 0.013 52557.325219 19.183 0.014 52557.326052 19.273 0.017 52557.327719 19.445 0.066 7.017984 -0.423507
52558.339415 19.713 0.036 52558.341081 19.441 0.013 52558.337748 19.167 0.013 52558.338581 19.295 0.016 52558.340248 19.351 0.058 7.017984 -0.423507
52577.226916 19.611 0.034 52577.228582 19.438 0.012 52577.225249 19.147 0.013 52577.226082 19.283 0.018 52577.227749 19.309 0.067 7.017984 -0.423507
52578.22297 19.544 0.038 52578.224636 19.407 0.012 52578.221303 19.167 0.013 52578.222136 19.231 0.016 52578.223803 19.252 0.056 7.017984 -0.423507
52586.230395 19.634 0.034 52586.232061 19.423 0.012 52586.228728 19.154 0.013 52586.229561 19.263 0.019 52586.231228 19.155 0.064 7.017984 -0.423507
52908.301452 19.476 0.035 52908.303118 19.23 0.011 52908.299785 19.019 0.012 52908.300618 19.128 0.015 52908.302285 19.184 0.052 7.017984 -0.423507
52910.310875 -99.99 0.032 52910.312541 19.212 0.011 52910.309208 19 0.011 52910.310041 19.137 0.015 52910.311708 19.15 0.056 7.017984 -0.423507
52911.31524 19.437 0.064 52911.316906 19.278 0.014 52911.313573 18.982 0.014 52911.314406 -99.99 0.025 52911.316073 19.101 0.075 7.017984 -0.423507
52931.241078 19.452 0.055 52931.242744 19.22 0.012 52931.239411 18.973 0.012 52931.240244 19.121 0.017 52931.241911 19.067 0.054 7.017984 -0.423507
52934.233353 19.447 0.043 52934.235019 19.198 0.012 52934.231686 19.012 0.014 52934.232519 19.06 0.019 52934.234186 19.093 0.068 7.017984 -0.423507
52935.238041 19.441 0.03 52935.239707 19.232 0.011 52935.236374 19.022 0.012 52935.237207 19.076 0.016 52935.238874 19.162 0.058 7.017984 -0.423507
52936.22928 19.446 0.035 52936.230946 19.222 0.011 52936.227613 19.027 0.012 52936.228446 19.075 0.015 52936.230113 19.091 0.046 7.017984 -0.423507
52959.18137 19.515 0.029 52959.183036 19.287 0.011 52959.179703 19.015 0.011 52959.180536 19.102 0.014 52959.182203 19.075 0.04 7.017984 -0.423507
52962.154803 19.456 0.036 52962.156469 19.199 0.011 52962.153136 19.011 0.013 52962.153969 19.095 0.016 52962.155636 19.046 0.049 7.017984 -0.423507
52963.161114 19.545 0.028 52963.16278 19.311 0.011 52963.159447 19.018 0.011 52963.16028 19.092 0.014 52963.161947 19.188 0.042 7.017984 -0.423507
53270.293338 19.223 0.031 53270.295005 19.086 0.015 53270.291672 18.871 0.013 53270.292505 18.994 0.015 53270.294172 18.994 0.035 7.017984 -0.423507
53272.343283 19.271 0.033 53272.344949 19.051 0.012 53272.341616 18.883 0.012 53272.342449 18.975 0.014 53272.344116 19.129 0.047 7.017984 -0.423507
53286.312002 19.201 0.035 53286.313668 19.026 0.012 53286.310335 18.835 0.013 53286.311168 18.947 0.015 53286.312835 18.944 0.047 7.017984 -0.423507
53288.270492 19.257 0.037 53288.272158 19.017 0.01 53288.268825 18.858 0.011 53288.269658 18.931 0.015 53288.271325 18.935 0.046 7.017984 -0.423507
53294.31817 19.239 0.031 53294.319836 19.037 0.01 53294.316503 18.853 0.011 53294.317336 18.965 0.013 53294.319003 18.898 0.046 7.017984 -0.423507
53298.314947 19.222 0.033 53298.316613 18.989 0.01 53298.31328 18.87 0.012 53298.314113 18.94 0.014 53298.31578 18.92 0.044 7.017984 -0.423507
53302.266161 19.107 0.041 53302.267827 19.023 0.016 53302.264494 18.828 0.016 53302.265327 18.91 0.015 53302.266994 18.978 0.043 7.017984 -0.423507
53312.221756 19.173 0.03 53312.223423 19.053 0.014 53312.220089 18.853 0.015 53312.220923 18.938 0.018 53312.222589 19.081 0.055 7.017984 -0.423507
53314.222891 19.111 0.028 53314.224557 18.978 0.01 53314.221224 18.853 0.011 53314.222057 18.945 0.014 53314.223724 18.892 0.047 7.017984 -0.423507
53352.13218 19.313 0.057 53352.133846 19.066 0.01 53352.130513 18.833 0.01 53352.131346 18.952 0.013 53352.133013 19.056 0.043 7.017984 -0.423507
53616.327252 19.464 0.049 53616.328918 19.221 0.014 53616.325585 18.969 0.014 53616.326418 19.037 0.019 53616.328085 19.089 0.072 7.017984 -0.423507
53622.340481 19.4 0.035 53622.342147 19.174 0.012 53622.338814 18.932 0.013 53622.339647 19.045 0.018 53622.341314 19.176 0.066 7.017984 -0.423507
53626.303677 19.452 0.038 53626.305343 19.264 0.012 53626.30201 18.979 0.013 53626.302843 19.053 0.016 53626.30451 19.099 0.05 7.017984 -0.423507
53628.288542 19.381 0.059 53628.290208 19.241 0.023 53628.286875 19.016 0.018 53628.287708 19.092 0.019 53628.289375 19.211 0.063 7.017984 -0.423507
53634.289952 19.417 0.064 53634.291618 19.225 0.026 53634.288285 18.946 0.016 53634.289118 19.074 0.021 53634.290785 19.102 0.061 7.017984 -0.423507
53637.290159 19.503 0.056 53637.291825 19.238 0.018 53637.288492 18.97 0.016 53637.289325 19.084 0.019 53637.290992 19.071 0.067 7.017984 -0.423507
53638.331286 19.419 0.033 53638.332952 19.22 0.012 53638.329619 18.965 0.011 53638.330452 19.079 0.015 53638.332119 19.181 0.05 7.017984 -0.423507
53639.335536 19.451 0.037 53639.337202 19.227 0.012 53639.333869 18.966 0.011 53639.334702 19.106 0.013 53639.336369 19.098 0.04 7.017984 -0.423507
53640.295322 19.35 0.038 53640.296988 -99.99 0.075 53640.293655 18.938 0.014 53640.294488 19.055 0.017 53640.296155 -99.99 0.11 7.017984 -0.423507
53654.317228 19.472 0.038 53654.318894 19.274 0.012 53654.315561 18.99 0.012 53654.316394 19.054 0.015 53654.318061 19.121 0.053 7.017984 -0.423507
53655.267493 19.31 0.054 53655.269159 19.237 0.021 53655.265826 18.964 0.016 53655.266659 19.03 0.022 53655.268326 19.288 0.117 7.017984 -0.423507
53663.278132 19.549 0.057 53663.279798 19.235 0.018 53663.276465 18.987 0.014 53663.277298 19.091 0.015 53663.278965 19.112 0.045 7.017984 -0.423507
53664.29245 19.398 0.049 53664.294116 19.245 0.019 53664.290783 18.97 0.015 53664.291616 19.082 0.018 53664.293283 19.052 0.057 7.017984 -0.423507
53665.256102 -99.99 0.24 53665.257768 -99.99 0.038 53665.254435 19 0.033 53665.255268 19.089 0.028 53665.256935 19.142 0.205 7.017984 -0.423507
53666.348234 19.537 0.068 53666.3499 19.314 0.019 53666.346567 19.01 0.015 53666.3474 19.088 0.017 53666.349067 19.152 0.053 7.017984 -0.423507
53668.267733 19.478 0.049 53668.269399 19.259 0.014 53668.266066 18.978 0.015 53668.266899 19.1 0.02 53668.268566 19.052 0.073 7.017984 -0.423507
53669.251692 19.413 0.031 53669.253358 19.222 0.011 53669.250025 18.983 0.011 53669.250858 19.071 0.015 53669.252525 19.002 0.051 7.017984 -0.423507
53670.272585 19.498 0.036 53670.274251 19.24 0.011 53670.270918 18.993 0.012 53670.271751 19.094 0.015 53670.273418 19.203 0.05 7.017984 -0.423507
53671.336463 19.418 0.044 53671.338129 19.232 0.013 53671.334796 18.936 0.012 53671.335629 19.087 0.017 53671.337296 19.023 0.059 7.017984 -0.423507
53673.240569 19.399 0.033 53673.242235 19.2 0.011 53673.238902 18.976 0.012 53673.239735 19.069 0.014 53673.241402 19.059 0.045 7.017984 -0.423507
53674.235928 19.391 0.031 53674.237594 19.214 0.011 53674.234261 18.941 0.011 53674.235094 19.061 0.015 53674.236761 19.056 0.045 7.017984 -0.423507
53675.237457 19.451 0.036 53675.239123 19.226 0.011 53675.23579 18.988 0.013 53675.236623 19.096 0.018 53675.23829 18.957 0.049 7.017984 -0.423507
53676.325405 19.493 0.036 53676.327071 19.214 0.011 53676.323738 18.947 0.011 53676.324571 19.07 0.014 53676.326238 19.09 0.045 7.017984 -0.423507
53677.258489 19.369 0.034 53677.260155 19.23 0.011 53677.256822 18.972 0.011 53677.257655 19.061 0.014 53677.259322 18.96 0.04 7.017984 -0.423507
53679.297297 19.407 0.039 53679.298963 19.216 0.011 53679.29563 18.931 0.013 53679.296463 19.046 0.02 53679.29813 19.021 0.064 7.017984 -0.423507
53680.245155 19.465 0.035 53680.246821 19.188 0.011 53680.243488 18.973 0.012 53680.244321 19.044 0.013 53680.245988 19.109 0.045 7.017984 -0.423507
53681.28881 19.355 0.039 53681.290476 19.204 0.012 53681.287143 18.906 0.013 53681.287976 19.008 0.018 53681.289643 19.045 0.053 7.017984 -0.423507
53685.247861 19.249 0.071 53685.249527 19.144 0.033 53685.246194 18.931 0.021 53685.247027 19.048 0.029 53685.248694 19.114 0.078 7.017984 -0.423507
53693.247052 19.331 0.059 53693.248718 19.134 0.02 53693.245385 18.941 0.016 53693.246218 19.003 0.016 53693.247885 19.077 0.048 7.017984 -0.423507
53694.261739 19.323 0.12 53694.263405 19.248 0.034 53694.260072 18.937 0.022 53694.260905 19.022 0.027 53694.262572 19.093 0.093 7.017984 -0.423507
53697.245834 19.268 0.034 53697.2475 19.178 0.012 53697.244167 18.894 0.012 53697.245 18.967 0.014 53697.246667 19.04 0.047 7.017984 -0.423507
53698.244442 19.394 0.038 53698.246108 19.139 0.011 53698.242775 18.935 0.012 53698.243608 19.073 0.015 53698.245275 19.024 0.049 7.017984 -0.423507
53700.244792 19.296 0.037 53700.246458 19.176 0.012 53700.243125 18.892 0.012 53700.243958 19.02 0.018 53700.245625 18.965 0.06 7.017984 -0.423507
53704.230375 19.355 0.039 53704.232041 19.168 0.011 53704.228708 18.945 0.012 53704.229541 19.02 0.016 53704.231208 19.117 0.066 7.017984 -0.423507
53705.231461 19.254 0.031 53705.233127 19.138 0.011 53705.229794 18.906 0.011 53705.230627 19.031 0.014 53705.232294 19.013 0.043 7.017984 -0.423507
53974.323028 19.8 0.04 53974.324695 19.48 0.016 53974.321362 19.194 0.014 53974.322195 19.291 0.017 53974.323862 19.28 0.046 7.017984 -0.423507
53975.316469 19.684 0.034 53975.318136 19.456 0.015 53975.314803 19.153 0.021 53975.315636 19.284 0.02 53975.317303 19.344 0.058 7.017984 -0.423507
53989.326417 19.966 0.086 53989.328084 19.5 0.026 53989.32475 19.143 0.023 53989.325584 19.303 0.024 53989.32725 19.296 0.053 7.017984 -0.423507
53990.32928 19.749 0.063 53990.330946 19.518 0.024 53990.327613 19.153 0.018 53990.328446 19.3 0.02 53990.330113 19.318 0.066 7.017984 -0.423507
53994.33946 19.786 0.035 53994.341126 19.492 0.017 53994.337793 19.152 0.014 53994.338626 19.357 0.022 53994.340293 19.313 0.055 7.017984 -0.423507
53996.323192 19.74 0.038 53996.324859 19.526 0.034 53996.321526 19.154 0.02 53996.322359 19.288 0.022 53996.324026 19.478 0.077 7.017984 -0.423507
53997.422073 -99.99 0.047 53997.42374 19.495 0.022 53997.420406 19.152 0.023 53997.42124 19.283 0.017 53997.422906 19.266 0.046 7.017984 -0.423507
53998.291876 19.801 0.031 53998.293543 19.514 0.025 53998.290209 19.172 0.014 53998.291043 19.237 0.019 53998.292709 19.245 0.047 7.017984 -0.423507
54000.301957 19.837 0.046 54000.303623 19.539 0.02 54000.30029 19.207 0.019 54000.301123 19.239 0.039 54000.30279 19.379 0.065 7.017984 -0.423507
54005.322062 19.839 0.032 54005.323729 19.547 0.016 54005.320395 19.17 0.013 54005.321229 19.338 0.02 54005.322895 19.326 0.045 7.017984 -0.423507
54006.248641 19.915 0.069 54006.250308 19.524 0.016 54006.246974 19.19 0.021 54006.247808 19.26 0.021 54006.249474 19.209 0.052 7.017984 -0.423507
54007.351995 19.812 0.044 54007.353662 19.501 0.023 54007.350328 19.207 0.029 54007.351162 19.328 0.019 54007.352828 19.229 0.05 7.017984 -0.423507
54009.275839 19.898 0.051 54009.277506 19.604 0.019 54009.274173 19.212 0.016 54009.275006 19.357 0.019 54009.276673 19.349 0.054 7.017984 -0.423507
54010.277314 19.812 0.049 54010.27898 19.554 0.021 54010.275647 19.341 0.021 54010.27648 19.299 0.019 54010.278147 19.288 0.043 7.017984 -0.423507
54011.340262 19.914 0.051 54011.341929 19.495 0.024 54011.338595 19.236 0.022 54011.339429 19.36 0.021 54011.341095 19.267 0.051 7.017984 -0.423507
54012.270156 19.924 0.071 54012.271822 19.596 0.027 54012.268489 19.203 0.019 54012.269322 19.301 0.029 54012.270989 19.412 0.057 7.017984 -0.423507
54020.276121 19.743 0.053 54020.277788 19.507 0.021 54020.274454 19.2 0.017 54020.275288 19.324 0.026 54020.276954 19.213 0.063 7.017984 -0.423507
54025.339274 19.897 0.051 54025.34094 19.535 0.018 54025.337607 19.217 0.017 54025.33844 19.273 0.02 54025.340107 19.286 0.064 7.017984 -0.423507
54029.269655 19.817 0.054 54029.271322 19.546 0.049 54029.267989 19.247 0.021 54029.268822 19.418 0.032 54029.270489 19.469 0.094 7.017984 -0.423507
54030.269679 19.841 0.038 54030.271345 19.54 0.024 54030.268012 19.165 0.014 54030.268845 19.294 0.02 54030.270512 19.304 0.045 7.017984 -0.423507
54035.345459 19.727 0.053 54035.347126 19.544 0.017 54035.343793 19.204 0.024 54035.344626 19.342 0.048 54035.346293 19.419 0.091 7.017984 -0.423507
54037.250933 19.785 0.038 54037.2526 19.526 0.02 54037.249266 19.186 0.018 54037.2501 19.326 0.019 54037.251766 19.348 0.053 7.017984 -0.423507
54040.265402 19.755 0.062 54040.267069 19.534 0.027 54040.263735 19.218 0.022 54040.264569 19.35 0.025 54040.266235 19.292 0.067 7.017984 -0.423507
54049.291862 -99.99 0.105 54049.293528 19.481 0.035 54049.290195 19.184 0.024 54049.291028 19.331 0.034 54049.292695 19.342 0.138 7.017984 -0.423507
54053.256189 19.718 0.037 54053.257855 19.507 0.019 54053.254522 19.175 0.018 54053.255355 19.307 0.018 54053.257022 19.274 0.052 7.017984 -0.423507
54056.257874 19.721 0.057 54056.25954 19.495 0.033 54056.256207 19.147 0.025 54056.25704 19.344 0.028 54056.258707 19.324 0.098 7.017984 -0.423507
54059.252147 19.682 0.052 54059.253813 19.483 0.027 54059.25048 19.115 0.032 54059.251313 19.233 0.035 54059.25298 19.3 0.077 7.017984 -0.423507
54062.257069 19.8 0.051 54062.258735 19.481 0.02 54062.255402 19.126 0.026 54062.256235 19.267 0.03 54062.257902 19.145 0.073 7.017984 -0.423507
54068.23762 19.768 0.082 54068.239287 19.41 0.031 54068.235953 19.143 0.023 54068.236787 19.241 0.026 54068.238453 19.262 0.071 7.017984 -0.423507
54348.336997 19.335 0.035 54348.338663 19.211 0.019 54348.33533 18.969 0.015 54348.336163 19.042 0.018 54348.33783 19.151 0.044 7.017984 -0.423507
54357.295342 -99.99 0.025 54357.297009 19.186 0.016 54357.293675 18.906 0.017 54357.294509 19.077 0.021 54357.296175 19.172 0.041 7.017984 -0.423507
54358.292856 19.374 0.042 54358.294522 19.203 0.013 54358.291189 18.859 0.026 54358.292022 19.069 0.022 54358.293689 19.148 0.057 7.017984 -0.423507
54359.286871 19.284 0.052 54359.288538 19.207 0.021 54359.285205 19.016 0.026 54359.286038 19.12 0.04 54359.287705 19.497 0.122 7.017984 -0.423507
54365.325903 19.349 0.032 54365.32757 19.229 0.018 54365.324237 18.989 0.015 54365.32507 19.091 0.018 54365.326737 19.143 0.042 7.017984 -0.423507
54381.34554 19.395 0.037 54381.347207 19.184 0.019 54381.343873 18.988 0.016 54381.344707 19.083 0.021 54381.346373 19.021 0.046 7.017984 -0.423507
54382.325369 19.238 0.037 54382.327035 19.19 0.021 54382.323702 18.913 0.017 54382.324535 19.124 0.031 54382.326202 19.134 0.088 7.017984 -0.423507
54384.352143 19.317 0.037 54384.353809 19.21 0.018 54384.350476 18.967 0.017 54384.351309 19.105 0.018 54384.352976 19.002 0.046 7.017984 -0.423507
54385.343167 19.317 0.03 54385.344834 19.176 0.012 54385.3415 18.966 0.015 54385.342334 19.087 0.018 54385.344 19.198 0.043 7.017984 -0.423507
54386.337819 19.282 0.044 54386.339486 19.207 0.025 54386.336153 -99.99 0.016 54386.336986 -99.99 0.024 54386.338653 19.086 0.061 7.017984 -0.423507
54387.343659 19.323 0.039 54387.345326 19.161 0.015 54387.341993 18.966 0.018 54387.342826 19.059 0.025 54387.344493 19.042 0.062 7.017984 -0.423507
54388.342041 19.385 0.035 54388.343708 19.205 0.018 54388.340374 18.991 0.016 54388.341208 19.072 0.016 54388.342874 19.048 0.043 7.017984 -0.423507
54392.338389 19.363 0.054 54392.340056 19.189 0.022 54392.336722 18.94 0.018 54392.337556 19.071 0.037 54392.339222 19.136 0.071 7.017984 -0.423507
54402.33687 19.237 0.062 54402.338537 19.187 0.028 54402.335203 18.926 0.021 54402.336037 99.993 99.999 54402.337703 99.994 99.999 7.017984 -0.423507
54403.255836 19.145 0.07 54403.257502 19.124 0.022 54403.254169 18.943 0.024 54403.255002 19.045 0.032 54403.256669 19.104 0.054 7.017984 -0.423507
54404.313391 19.322 0.043 54404.315058 19.182 0.019 54404.311725 18.967 0.016 54404.312558 19.067 0.017 54404.314225 19.079 0.043 7.017984 -0.423507
54405.311393 19.28 0.037 54405.313059 19.117 0.02 54405.309726 18.948 0.015 54405.310559 19.08 0.018 54405.312226 19.063 0.047 7.017984 -0.423507
54406.249692 19.324 0.028 54406.251359 19.159 0.021 54406.248025 18.927 0.015 54406.248859 19.065 0.019 54406.250525 19.077 0.044 7.017984 -0.423507
54412.252634 19.271 0.032 54412.254301 19.201 0.022 54412.250967 18.963 0.023 54412.251801 19.046 0.021 54412.253467 19.062 0.048 7.017984 -0.423507
