51075.321711 19.285 0.025 51075.323377 19.16 0.012 51075.320044 19.024 0.012 51075.320877 18.767 0.014 51075.322544 18.704 0.044 7.889975 -0.828204
51081.30543 19.242 0.029 51081.307096 19.153 0.012 51081.303763 19.052 0.014 51081.304596 18.795 0.016 51081.306263 18.685 0.04 7.889975 -0.828204
51819.376545 19.01 0.028 51819.378211 18.914 0.01 51819.374878 18.803 0.011 51819.375711 18.576 0.011 51819.377378 18.5 0.031 7.889975 -0.828204
52558.341831 19.016 0.025 52558.343497 18.778 0.009 52558.340164 18.723 0.01 52558.340997 18.48 0.01 52558.342664 18.398 0.026 7.889975 -0.828204
52577.229331 18.844 0.022 52577.230997 18.736 0.008 52577.227664 18.652 0.01 52577.228497 18.485 0.01 52577.230164 18.403 0.031 7.889975 -0.828204
52586.232809 18.849 0.022 52586.234475 18.756 0.008 52586.231142 18.665 0.01 52586.231975 18.523 0.011 52586.233642 18.424 0.034 7.889975 -0.828204
52910.31329 18.803 0.023 52910.314956 18.659 0.008 52910.311623 18.629 0.01 52910.312456 18.43 0.01 52910.314123 18.448 0.028 7.889975 -0.828204
52931.243493 18.747 0.022 52931.245159 18.617 0.008 52931.241826 18.613 0.01 52931.242659 18.464 0.01 52931.244326 18.438 0.028 7.889975 -0.828204
52935.240456 18.738 0.022 52935.242122 18.628 0.008 52935.238789 18.629 0.01 52935.239622 18.353 0.01 52935.241289 18.389 0.03 7.889975 -0.828204
52959.183785 18.762 0.021 52959.185451 18.631 0.008 52959.182118 18.588 0.009 52959.182951 18.442 0.009 52959.184618 18.391 0.023 7.889975 -0.828204
52963.163529 18.759 0.02 52963.165195 18.619 0.008 52963.161862 18.599 0.009 52963.162695 18.347 0.009 52963.164362 18.369 0.023 7.889975 -0.828204
53352.134596 18.974 0.024 53352.136262 18.834 0.009 53352.132929 18.733 0.01 53352.133762 18.525 0.01 53352.135429 18.469 0.028 7.889975 -0.828204
53622.342894 18.894 0.03 53622.34456 18.782 0.01 53622.341227 18.689 0.011 53622.34206 18.478 0.011 53622.343727 18.455 0.038 7.889975 -0.828204
53634.292364 18.929 0.054 53634.29403 18.727 0.018 53634.290697 18.725 0.015 53634.29153 18.518 0.014 53634.293197 18.451 0.037 7.889975 -0.828204
53638.3337 18.888 0.026 53638.335366 18.79 0.01 53638.332033 18.708 0.01 53638.332866 18.499 0.01 53638.334533 18.506 0.029 7.889975 -0.828204
53640.297735 -99.99 0.114 53640.299401 18.769 0.01 53640.296068 -99.99 0.018 53640.296901 -99.99 0.062 53640.298568 18.423 0.066 7.889975 -0.828204
53655.269906 18.918 0.036 53655.271572 18.767 0.014 53655.268239 18.718 0.017 53655.269072 18.492 0.015 53655.270739 -99.99 0.044 7.889975 -0.828204
53664.294863 19.029 0.044 53664.296529 18.817 0.014 53664.293196 18.699 0.013 53664.294029 18.49 0.012 53664.295696 18.398 0.035 7.889975 -0.828204
53669.254106 18.978 0.024 53669.255772 18.792 0.009 53669.252439 18.709 0.01 53669.253272 18.482 0.01 53669.254939 18.426 0.027 7.889975 -0.828204
53671.338876 18.936 0.036 53671.340542 18.814 0.011 53671.337209 18.701 0.011 53671.338042 18.518 0.011 53671.339709 18.401 0.033 7.889975 -0.828204
53674.238342 18.922 0.025 53674.240008 18.807 0.009 53674.236675 18.695 0.01 53674.237508 18.517 0.01 53674.239175 18.471 0.029 7.889975 -0.828204
53676.327819 19.011 0.028 53676.329485 18.818 0.01 53676.326152 18.721 0.01 53676.326985 18.463 0.01 53676.328652 18.458 0.025 7.889975 -0.828204
53679.299711 18.918 0.032 53679.301377 18.789 0.009 53679.298044 18.711 0.012 53679.298877 18.526 0.012 53679.300544 18.515 0.038 7.889975 -0.828204
53681.291223 18.941 0.031 53681.292889 18.776 0.012 53681.289556 18.705 0.011 53681.290389 18.523 0.011 53681.292056 18.41 0.031 7.889975 -0.828204
53685.250275 18.805 0.051 53685.251941 18.768 0.022 53685.248608 18.701 0.02 53685.249441 18.523 0.019 53685.251108 18.319 0.037 7.889975 -0.828204
53694.264153 18.977 0.081 53694.265819 18.822 0.024 53694.262486 18.727 0.019 53694.263319 18.524 0.018 53694.264986 -99.99 0.044 7.889975 -0.828204
53697.248248 18.873 0.028 53697.249914 18.833 0.01 53697.246581 18.709 0.011 53697.247414 18.537 0.011 53697.249081 18.459 0.027 7.889975 -0.828204
53700.247206 18.935 0.032 53700.248872 18.81 0.01 53700.245539 18.686 0.011 53700.246372 18.504 0.012 53700.248039 18.477 0.038 7.889975 -0.828204
53705.233876 18.899 0.027 53705.235542 18.76 0.009 53705.232209 18.702 0.01 53705.233042 18.508 0.01 53705.234709 18.476 0.027 7.889975 -0.828204
53975.318919 -99.99 0.03 53975.320586 18.696 0.044 53975.317253 18.684 0.019 53975.318086 18.47 0.02 53975.319753 18.451 0.031 7.889975 -0.828204
53990.331701 18.805 0.034 53990.333368 18.699 0.02 53990.330035 18.668 0.015 53990.330868 18.485 0.012 53990.332535 18.442 0.032 7.889975 -0.828204
53994.34191 18.748 0.03 53994.343576 18.678 0.027 53994.340243 18.647 0.016 53994.341076 18.482 0.021 53994.342743 18.431 0.03 7.889975 -0.828204
53996.325608 18.736 0.025 53996.327275 18.672 0.024 53996.323942 18.63 0.02 53996.324775 18.495 0.034 53996.326442 18.449 0.034 7.889975 -0.828204
53998.29423 18.841 0.023 53998.295897 18.664 0.022 53998.292563 18.648 0.016 53998.293397 18.478 0.014 53998.295063 18.38 0.024 7.889975 -0.828204
54005.324478 18.858 0.023 54005.326145 18.72 0.019 54005.322811 18.669 0.017 54005.323645 18.469 0.017 54005.325311 18.497 0.028 7.889975 -0.828204
54010.279719 18.814 0.025 54010.281386 18.719 0.023 54010.278053 18.646 0.019 54010.278886 18.447 0.019 54010.280553 18.418 0.029 7.889975 -0.828204
54012.272576 18.785 0.035 54012.274242 18.691 0.02 54012.270909 18.668 0.018 54012.271742 18.516 0.018 54012.273409 18.429 0.027 7.889975 -0.828204
54020.278556 18.851 0.038 54020.280223 18.748 0.015 54020.276889 18.666 0.018 54020.277723 18.516 0.016 54020.279389 18.461 0.037 7.889975 -0.828204
54024.360148 18.982 0.035 54024.361814 18.755 0.027 54024.358481 18.668 0.022 54024.359314 18.521 0.021 54024.360981 18.429 0.047 7.889975 -0.828204
54030.272097 18.882 0.024 54030.273763 18.766 0.019 54030.27043 18.653 0.017 54030.271263 18.803 0.025 54030.27293 18.399 0.027 7.889975 -0.828204
54035.347866 18.882 0.035 54035.349533 18.768 0.036 54035.3462 18.691 0.016 54035.347033 18.508 0.024 54035.3487 18.433 0.045 7.889975 -0.828204
54037.253342 18.832 0.027 54037.255009 18.752 0.018 54037.251675 18.668 0.02 54037.252509 18.495 0.016 54037.254175 18.422 0.028 7.889975 -0.828204
54040.267888 18.969 0.044 54040.269555 18.756 0.023 54040.266221 18.683 0.018 54040.267055 18.488 0.013 54040.268721 18.417 0.032 7.889975 -0.828204
54049.294332 18.835 0.053 54049.295999 18.718 0.025 54049.292665 18.657 0.024 54049.293499 18.498 0.019 54049.295165 18.476 0.052 7.889975 -0.828204
54053.258599 18.874 0.033 54053.260266 18.742 0.021 54053.256933 18.668 0.013 54053.257766 18.493 0.02 54053.259433 18.469 0.031 7.889975 -0.828204
54056.260277 18.889 0.03 54056.261944 18.753 0.017 54056.25861 18.682 0.024 54056.259444 18.448 0.025 54056.26111 18.449 0.038 7.889975 -0.828204
54059.254553 18.927 0.04 54059.256219 18.764 0.032 54059.252886 18.695 0.017 54059.253719 18.52 0.018 54059.255386 18.368 0.039 7.889975 -0.828204
54062.259451 18.903 0.042 54062.261117 18.82 0.034 54062.257784 18.69 0.014 54062.258617 18.536 0.025 54062.260284 18.384 0.04 7.889975 -0.828204
54068.240041 18.811 0.059 54068.241708 18.756 0.03 54068.238375 18.693 0.02 54068.239208 18.48 0.017 54068.240875 18.447 0.039 7.889975 -0.828204
54357.297765 18.984 0.029 54357.299432 18.86 0.016 54357.296099 18.736 0.015 54357.296932 18.568 0.018 54357.298599 18.5 0.027 7.889975 -0.828204
54362.347568 18.967 0.028 54362.349234 18.917 0.023 54362.345901 18.789 0.022 54362.346734 18.6 0.014 54362.348401 18.497 0.033 7.889975 -0.828204
54382.327824 19.065 0.036 54382.329491 18.905 0.025 54382.326157 18.831 0.019 54382.326991 18.584 0.028 54382.328657 18.546 0.047 7.889975 -0.828204
54385.345589 19.02 0.026 54385.347256 18.903 0.019 54385.343922 18.812 0.014 54385.344756 18.74 0.017 54385.346422 18.408 0.029 7.889975 -0.828204
54387.346098 19.131 0.039 54387.347765 18.909 0.022 54387.344432 18.845 0.019 54387.345265 18.594 0.014 54387.346932 18.55 0.037 7.889975 -0.828204
54392.340842 19.113 0.035 54392.342509 18.908 0.035 54392.339175 18.832 0.04 54392.340009 18.575 0.03 54392.341675 18.55 0.047 7.889975 -0.828204
54402.339281 19.009 0.057 54402.340948 18.914 0.035 54402.337614 18.751 0.021 54402.338448 18.627 0.026 54402.340114 18.561 0.039 7.889975 -0.828204
