51081.303582 19.636 0.038 51081.305248 19.533 0.015 51081.301915 19.424 0.018 51081.302748 19.445 0.025 51081.304415 19.55 0.083 7.228624 0.578109
51819.374738 -99.99 0.038 51819.376404 19.465 0.014 51819.373071 19.382 0.016 51819.373904 19.403 0.022 51819.375571 19.529 0.071 7.228624 0.578109
52558.339997 19.693 0.034 52558.341663 19.53 0.013 52558.33833 19.429 0.015 52558.339163 19.438 0.02 52558.34083 19.448 0.062 7.228624 0.578109
52577.227499 19.704 0.035 52577.229165 19.534 0.013 52577.225832 19.45 0.016 52577.226665 19.482 0.023 52577.228332 19.561 0.079 7.228624 0.578109
52586.230977 19.691 0.032 52586.232643 19.544 0.013 52586.22931 19.42 0.016 52586.230143 19.42 0.025 52586.23181 19.521 0.083 7.228624 0.578109
52910.311459 19.663 0.034 52910.313125 19.49 0.013 52910.309792 19.393 0.014 52910.310625 19.408 0.021 52910.312292 19.452 0.065 7.228624 0.578109
52931.241661 19.704 0.037 52931.243327 19.479 0.013 52931.239994 19.397 0.015 52931.240827 19.438 0.023 52931.242494 19.496 0.072 7.228624 0.578109
52935.238624 19.708 0.036 52935.24029 19.48 0.013 52935.236957 19.409 0.015 52935.23779 19.383 0.022 52935.239457 19.569 0.08 7.228624 0.578109
52959.181954 19.702 0.032 52959.18362 19.477 0.012 52959.180287 19.391 0.014 52959.18112 19.412 0.018 52959.182787 19.448 0.05 7.228624 0.578109
52963.161697 -99.99 0.03 52963.163363 19.495 0.012 52963.16003 19.394 0.014 52963.160863 19.43 0.019 52963.16253 19.372 0.049 7.228624 0.578109
53352.132765 19.668 0.032 53352.134431 19.509 0.013 53352.131098 19.352 0.013 53352.131931 19.357 0.019 53352.133598 19.308 0.051 7.228624 0.578109
53622.341065 19.623 0.039 53622.342731 19.443 0.015 53622.339398 19.406 0.017 53622.340231 19.376 0.025 53622.341898 19.421 0.075 7.228624 0.578109
53634.290534 -99.99 0.078 53634.2922 19.463 0.033 53634.288867 19.379 0.026 53634.2897 19.383 0.03 53634.291367 19.305 0.077 7.228624 0.578109
53638.331869 19.622 0.038 53638.333535 19.467 0.015 53638.330202 19.369 0.015 53638.331035 19.368 0.02 53638.332702 19.376 0.058 7.228624 0.578109
53640.295905 -99.99 0.06 53640.297571 -99.99 0.049 53640.294238 19.392 0.017 53640.295071 19.344 0.022 53640.296738 -99.99 0.63 7.228624 0.578109
53655.268076 -99.99 0.074 53655.269742 19.466 0.023 53655.266409 19.364 0.022 53655.267242 19.361 0.035 53655.268909 19.468 0.119 7.228624 0.578109
53664.293032 19.665 0.063 53664.294698 19.477 0.025 53664.291365 19.402 0.021 53664.292198 19.374 0.026 53664.293865 19.433 0.073 7.228624 0.578109
53669.252275 19.717 0.036 53669.253941 19.462 0.012 53669.250608 19.377 0.014 53669.251441 19.407 0.022 53669.253108 19.512 0.064 7.228624 0.578109
53671.337044 19.6 0.049 53671.33871 19.495 0.016 53671.335377 19.352 0.017 53671.33621 19.332 0.024 53671.337877 19.361 0.072 7.228624 0.578109
53674.236511 19.774 0.037 53674.238177 19.454 0.013 53674.234844 19.386 0.015 53674.235677 19.4 0.02 53674.237344 19.382 0.059 7.228624 0.578109
53676.325986 19.739 0.04 53676.327652 19.505 0.013 53676.324319 19.409 0.015 53676.325152 19.397 0.02 53676.326819 19.437 0.053 7.228624 0.578109
53679.297878 19.712 0.045 53679.299544 19.49 0.014 53679.296211 19.416 0.02 53679.297044 19.377 0.027 53679.298711 19.483 0.084 7.228624 0.578109
53681.289392 19.607 0.043 53681.291058 19.503 0.015 53681.287725 19.385 0.02 53681.288558 19.381 0.026 53681.290225 19.392 0.065 7.228624 0.578109
53685.248443 19.567 0.087 53685.250109 19.484 0.042 53685.246776 19.477 0.039 53685.247609 19.356 0.039 53685.249276 19.367 0.097 7.228624 0.578109
53694.262321 19.911 0.148 53694.263987 19.507 0.046 53694.260654 19.332 0.031 53694.261487 19.403 0.047 53694.263154 19.498 0.134 7.228624 0.578109
53697.246416 19.752 0.042 53697.248082 19.512 0.015 53697.244749 19.392 0.016 53697.245582 19.397 0.022 53697.247249 19.255 0.049 7.228624 0.578109
53700.245374 19.72 0.046 53700.24704 19.497 0.016 53700.243707 19.405 0.017 53700.24454 19.428 0.027 53700.246207 19.46 0.082 7.228624 0.578109
53705.232045 19.755 0.04 53705.233711 19.511 0.014 53705.230378 19.383 0.015 53705.231211 19.38 0.02 53705.232878 19.486 0.058 7.228624 0.578109
53975.317067 19.714 0.036 53975.318734 19.579 0.024 53975.315401 19.48 0.018 53975.316234 19.447 0.023 53975.317901 19.525 0.064 7.228624 0.578109
53990.32986 19.585 0.052 53990.331527 19.608 0.029 53990.328193 19.557 0.025 53990.329027 19.448 0.029 53990.330693 19.362 0.069 7.228624 0.578109
53994.340057 19.768 0.031 53994.341724 19.564 0.017 53994.338391 19.5 0.015 53994.339224 19.425 0.019 53994.340891 19.506 0.062 7.228624 0.578109
53996.323768 -99.99 0.035 53996.325435 19.601 0.018 53996.322101 19.493 0.02 53996.322935 19.499 0.029 53996.324601 19.53 0.07 7.228624 0.578109
53998.292414 19.822 0.035 53998.294081 19.905 0.041 53998.290748 19.494 0.019 53998.291581 19.474 0.022 53998.293248 19.633 0.071 7.228624 0.578109
54005.322659 19.76 0.032 54005.324326 19.575 0.016 54005.320993 19.473 0.016 54005.321826 19.495 0.02 54005.323493 19.524 0.051 7.228624 0.578109
54010.27788 19.775 0.037 54010.279547 19.552 0.026 54010.276213 19.508 0.022 54010.277047 19.476 0.022 54010.278713 19.494 0.053 7.228624 0.578109
54012.270889 19.734 0.061 54012.272556 19.586 0.027 54012.269223 19.446 0.025 54012.270056 19.518 0.027 54012.271723 19.469 0.065 7.228624 0.578109
54020.276718 19.799 0.047 54020.278385 19.567 0.026 54020.275052 19.482 0.023 54020.275885 19.505 0.027 54020.277552 19.489 0.077 7.228624 0.578109
54024.358308 -99.99 0.046 54024.359975 19.597 0.027 54024.356642 19.493 0.019 54024.357475 19.502 0.028 54024.359142 19.541 0.093 7.228624 0.578109
54030.270266 19.804 0.032 54030.271933 19.598 0.02 54030.268599 19.507 0.018 54030.269433 19.462 0.021 54030.271099 19.544 0.055 7.228624 0.578109
54035.346033 19.736 0.051 54035.3477 19.595 0.019 54035.344367 19.559 0.039 54035.3452 19.535 0.035 54035.346867 19.454 0.08 7.228624 0.578109
54037.251543 19.793 0.039 54037.25321 19.61 0.021 54037.249876 19.517 0.02 54037.25071 19.502 0.023 54037.252376 19.571 0.06 7.228624 0.578109
54040.266043 19.974 0.077 54040.267709 19.574 0.029 54040.264376 19.521 0.028 54040.265209 19.429 0.031 54040.266876 19.45 0.074 7.228624 0.578109
54047.296557 19.584 0.196 54047.298223 19.604 0.055 54047.29489 19.444 0.043 54047.295723 19.522 0.047 54047.29739 19.491 0.134 7.228624 0.578109
54049.29244 -99.99 0.14 54049.294107 -99.99 0.069 54049.290774 19.516 0.032 54049.291607 19.513 0.053 54049.293274 19.495 0.133 7.228624 0.578109
54053.25677 19.717 0.034 54053.258436 19.593 0.019 54053.255103 19.512 0.018 54053.255936 19.503 0.022 54053.257603 19.627 0.06 7.228624 0.578109
54056.258468 19.826 0.066 54056.260135 19.585 0.027 54056.256802 19.493 0.026 54056.257635 19.543 0.038 54056.259302 19.582 0.1 7.228624 0.578109
54059.252726 19.811 0.05 54059.254393 19.591 0.023 54059.251059 19.54 0.042 54059.251893 19.497 0.032 54059.253559 19.595 0.088 7.228624 0.578109
54062.257623 19.717 0.046 54062.259289 19.574 0.023 54062.255956 19.522 0.026 54062.256789 19.473 0.031 54062.258456 19.37 0.085 7.228624 0.578109
54068.238208 19.763 0.08 54068.239875 19.623 0.035 54068.236541 19.529 0.029 54068.237375 19.498 0.036 54068.239041 19.428 0.079 7.228624 0.578109
54357.295941 19.79 0.034 54357.297608 19.633 0.019 54357.294274 19.543 0.019 54357.295108 19.557 0.024 54357.296774 19.524 0.053 7.228624 0.578109
54362.345811 19.888 0.042 54362.347478 19.65 0.024 54362.344145 19.551 0.022 54362.344978 19.505 0.027 54362.346645 19.573 0.069 7.228624 0.578109
54382.325979 19.845 0.064 54382.327646 19.642 0.026 54382.324312 19.594 0.023 54382.325146 19.457 0.035 54382.326812 19.533 0.116 7.228624 0.578109
54385.343744 19.844 0.036 54385.34541 19.678 0.017 54385.342077 19.529 0.019 54385.34291 19.498 0.022 54385.344577 19.543 0.052 7.228624 0.578109
54387.344315 20.025 0.06 54387.345982 19.65 0.022 54387.342648 19.571 0.025 54387.343482 19.515 0.03 54387.345148 19.719 0.097 7.228624 0.578109
54392.338997 19.808 0.054 54392.340663 19.719 0.034 54392.33733 19.545 0.028 54392.338163 19.489 0.049 54392.33983 19.721 0.105 7.228624 0.578109
54402.337414 19.845 0.108 54402.33908 19.7 0.041 54402.335747 19.603 0.034 54402.33658 19.524 0.032 54402.338247 19.519 0.079 7.228624 0.578109
