51081.309742 19.853 0.045 51081.311408 19.894 0.02 51081.308075 19.995 0.026 51081.308908 19.597 0.026 51081.310575 19.544 0.11 9.458749 0.115238
51819.380918 19.935 0.051 51819.382584 19.949 0.019 51819.379251 20.055 0.025 51819.380084 19.736 0.027 51819.381751 19.485 0.088 9.458749 0.115238
52558.346174 19.853 0.049 52558.34784 19.991 0.017 52558.344507 20.13 0.027 52558.34534 19.751 0.028 52558.347007 19.62 0.088 9.458749 0.115238
52577.233676 19.921 0.045 52577.235342 20.005 0.017 52577.232009 20.114 0.024 52577.232842 19.742 0.028 52577.234509 19.597 0.093 9.458749 0.115238
52586.237154 -99.99 0.042 52586.23882 20.036 0.017 52586.235487 20.147 0.026 52586.23632 19.747 0.027 52586.237987 19.684 0.109 9.458749 0.115238
52910.317636 19.774 0.039 52910.319302 19.866 0.015 52910.315969 19.995 0.023 52910.316802 19.696 0.022 52910.318469 19.455 0.069 9.458749 0.115238
52931.247838 19.788 0.041 52931.249504 19.818 0.015 52931.246171 19.995 0.023 52931.247004 19.659 0.025 52931.248671 19.416 0.08 9.458749 0.115238
52935.244802 19.794 0.042 52935.246468 19.826 0.015 52935.243135 20.006 0.024 52935.243968 19.644 0.025 52935.245635 19.454 0.085 9.458749 0.115238
52959.188131 19.824 0.036 52959.189797 19.794 0.014 52959.186464 19.956 0.019 52959.187297 19.615 0.019 52959.188964 19.462 0.062 9.458749 0.115238
52963.167875 19.767 0.034 52963.169541 19.829 0.014 52963.166208 19.963 0.018 52963.167041 19.623 0.018 52963.168708 19.462 0.065 9.458749 0.115238
53352.138942 19.743 0.036 53352.140608 19.791 0.014 53352.137275 19.952 0.019 53352.138108 19.602 0.02 53352.139775 19.419 0.069 9.458749 0.115238
53622.34724 19.832 0.058 53622.348906 19.908 0.02 53622.345573 20.072 0.028 53622.346406 19.727 0.033 53622.348073 19.386 0.114 9.458749 0.115238
53634.29671 19.889 0.097 53634.298376 19.919 0.043 53634.295043 20.048 0.041 53634.295876 19.658 0.031 53634.297543 19.646 0.114 9.458749 0.115238
53638.338045 19.876 0.05 53638.339711 19.917 0.019 53638.336378 20.031 0.024 53638.337211 19.639 0.022 53638.338878 19.342 0.069 9.458749 0.115238
53640.302081 19.76 0.055 53640.303747 19.954 0.019 53640.300414 20.056 0.027 53640.301247 19.668 0.029 53640.302914 19.547 0.105 9.458749 0.115238
53655.274253 19.949 0.084 53655.275919 19.881 0.03 53655.272586 20.087 0.041 53655.273419 19.648 0.034 53655.275086 19.546 0.134 9.458749 0.115238
53664.299208 19.873 0.082 53664.300874 19.91 0.035 53664.297541 20.063 0.035 53664.298374 19.683 0.031 53664.300041 19.691 0.121 9.458749 0.115238
53669.258452 19.852 0.042 53669.260118 19.928 0.015 53669.256785 20.101 0.022 53669.257618 19.733 0.024 53669.259285 19.512 0.074 9.458749 0.115238
53671.343219 19.827 0.072 53671.344885 19.905 0.021 53671.341552 20.134 0.033 53671.342385 19.715 0.034 53671.344052 19.723 0.143 9.458749 0.115238
53674.242688 19.881 0.049 53674.244354 19.953 0.016 53674.241021 20.067 0.024 53674.241854 19.718 0.026 53674.243521 19.588 0.088 9.458749 0.115238
53676.332162 19.846 0.048 53676.333828 19.953 0.016 53676.330495 20.054 0.022 53676.331328 19.674 0.021 53676.332995 19.658 0.074 9.458749 0.115238
53679.304056 19.934 0.06 53679.305722 19.934 0.019 53679.302389 20.119 0.031 53679.303222 19.674 0.032 53679.304889 19.624 0.122 9.458749 0.115238
53681.295568 19.949 0.06 53681.297234 19.953 0.021 53681.293901 20.065 0.032 53681.294734 19.7 0.027 53681.296401 19.547 0.091 9.458749 0.115238
53685.25462 19.883 0.144 53685.256286 19.896 0.064 53685.252953 20.03 0.064 53685.253786 19.597 0.047 53685.255453 19.781 0.206 9.458749 0.115238
53694.268498 19.626 0.128 53694.270164 19.866 0.054 53694.266831 20.144 0.07 53694.267664 19.627 0.05 53694.269331 19.508 0.177 9.458749 0.115238
53697.252593 19.873 0.055 53697.254259 19.973 0.019 53697.250926 20.045 0.024 53697.251759 19.726 0.024 53697.253426 19.592 0.081 9.458749 0.115238
53700.25155 19.84 0.057 53700.253216 19.93 0.019 53700.249883 20.078 0.032 53700.250716 19.643 0.029 53700.252383 19.509 0.102 9.458749 0.115238
53705.23822 19.92 0.05 53705.239886 19.966 0.017 53705.236553 20.115 0.024 53705.237386 19.731 0.023 53705.239053 19.51 0.076 9.458749 0.115238
53975.323246 19.776 0.041 53975.324912 19.811 0.023 53975.321579 19.933 0.023 53975.322412 19.606 0.023 53975.324079 19.454 0.069 9.458749 0.115238
53990.336036 19.749 0.061 53990.337702 19.832 0.029 53990.334369 19.922 0.029 53990.335202 19.625 0.028 53990.336869 19.556 0.09 9.458749 0.115238
53994.346236 19.801 0.043 53994.347903 19.788 0.016 53994.344569 19.898 0.024 53994.345403 19.576 0.031 53994.347069 19.456 0.065 9.458749 0.115238
53996.329951 19.73 0.04 53996.331617 19.825 0.017 53996.328284 19.962 0.026 53996.329117 19.597 0.024 53996.330784 19.468 0.074 9.458749 0.115238
53998.298598 19.809 0.035 53998.300265 19.783 0.023 53998.296931 19.937 0.026 53998.297765 19.577 0.021 53998.299431 19.521 0.068 9.458749 0.115238
54005.328818 19.751 0.033 54005.330485 19.811 0.017 54005.327152 19.959 0.019 54005.327985 19.595 0.02 54005.329652 19.39 0.054 9.458749 0.115238
54010.284101 19.808 0.042 54010.285768 19.806 0.021 54010.282434 19.914 0.022 54010.283268 19.574 0.023 54010.284934 19.712 0.076 9.458749 0.115238
54012.277002 19.946 0.077 54012.278669 19.773 0.029 54012.275336 19.931 0.033 54012.276169 19.521 0.028 54012.277836 19.527 0.072 9.458749 0.115238
54020.282939 19.794 0.067 54020.284606 19.772 0.029 54020.281273 19.92 0.024 54020.282106 19.534 0.024 54020.283773 19.786 0.185 9.458749 0.115238
54024.364483 19.792 0.069 54024.36615 19.74 0.02 54024.362816 19.884 0.031 54024.36365 19.614 0.034 54024.365316 19.586 0.145 9.458749 0.115238
54030.276475 19.781 0.038 54030.278142 19.771 0.018 54030.274809 19.904 0.022 54030.275642 19.616 0.021 54030.277309 19.411 0.059 9.458749 0.115238
54035.352221 19.693 0.074 54035.353887 19.821 0.052 54035.350554 19.916 0.036 54035.351387 19.585 0.037 54035.353054 19.457 0.119 9.458749 0.115238
54037.25771 19.776 0.041 54037.259377 19.805 0.019 54037.256043 19.939 0.023 54037.256877 19.586 0.025 54037.258543 19.324 0.065 9.458749 0.115238
54040.27216 19.724 0.07 54040.273827 19.784 0.032 54040.270493 19.969 0.036 54040.271327 19.58 0.031 54040.272993 19.267 0.075 9.458749 0.115238
54049.298646 19.878 0.1 54049.300313 19.783 0.036 54049.29698 -99.99 0.061 54049.297813 19.61 0.04 54049.29948 19.64 0.136 9.458749 0.115238
54053.263024 19.815 0.041 54053.264691 19.829 0.021 54053.261358 19.928 0.022 54053.262191 19.576 0.02 54053.263858 19.428 0.069 9.458749 0.115238
54056.264658 19.778 0.063 54056.266324 19.832 0.023 54056.262991 20.01 0.051 54056.263824 19.682 0.041 54056.265491 19.557 0.119 9.458749 0.115238
54059.258901 19.797 0.063 54059.260568 19.795 0.027 54059.257234 19.942 0.038 54059.258068 19.635 0.046 54059.259734 19.369 0.121 9.458749 0.115238
54062.263801 19.785 0.053 54062.265468 19.843 0.024 54062.262135 19.928 0.024 54062.262968 19.548 0.027 54062.264635 19.165 0.073 9.458749 0.115238
54068.244403 19.727 0.088 54068.24607 19.839 0.041 54068.242737 19.966 0.048 54068.24357 19.615 0.04 54068.245237 19.581 0.146 9.458749 0.115238
54357.302098 19.71 0.036 54357.303765 19.721 0.018 54357.300431 19.869 0.02 54357.301265 19.521 0.025 54357.302931 19.444 0.059 9.458749 0.115238
54362.351927 19.714 0.04 54362.353593 19.758 0.023 54362.35026 19.841 0.023 54362.351093 19.544 0.023 54362.35276 19.265 0.067 9.458749 0.115238
54382.332137 19.671 0.07 54382.333804 19.702 0.02 54382.33047 19.832 0.036 54382.331304 19.481 0.036 54382.33297 19.151 0.095 9.458749 0.115238
54385.349923 19.663 0.038 54385.351589 19.744 0.015 54385.348256 19.806 0.019 54385.349089 19.502 0.018 54385.350756 19.485 0.062 9.458749 0.115238
54387.350523 19.698 0.051 54387.35219 19.685 0.022 54387.348856 19.843 0.034 54387.34969 19.531 0.028 54387.351356 19.282 0.083 9.458749 0.115238
54392.345152 19.706 0.059 54392.346819 19.68 0.022 54392.343486 19.87 0.029 54392.344319 19.482 0.031 54392.345986 19.5 0.106 9.458749 0.115238
54402.343594 19.476 0.081 54402.345261 19.612 0.034 54402.341927 19.766 0.035 54402.342761 19.5 0.031 54402.344427 19.377 0.089 9.458749 0.115238
