51075.314418 20.46 0.071 51075.316084 20.307 0.024 51075.312751 20.005 0.028 51075.313584 19.981 0.046 51075.315251 20.096 0.175 5.255286 1.234123
52196.314911 20.303 0.055 52196.316577 20.108 0.019 52196.313244 19.832 0.021 52196.314077 19.889 0.034 52196.315744 19.819 0.098 5.255286 1.234123
52196.333618 20.192 0.059 52196.335284 20.168 0.024 52196.331951 19.871 0.023 52196.332784 19.917 0.032 52196.334451 20.074 0.134 5.255286 1.234123
52197.328018 -99.99 0.056 52197.329684 20.154 0.02 52197.326351 19.825 0.023 52197.327184 19.909 0.037 52197.328851 19.999 0.133 5.255286 1.234123
52225.17822 20.225 0.052 52225.179886 20.127 0.019 52225.176553 19.848 0.022 52225.177386 19.826 0.032 52225.179053 19.971 0.123 5.255286 1.234123
52231.214002 20.203 0.05 52231.215668 20.113 0.018 52231.212335 19.866 0.02 52231.213168 20.004 0.031 52231.214835 20 0.104 5.255286 1.234123
52253.200172 20.271 0.093 52253.201838 20.084 0.025 52253.198505 19.83 0.029 52253.199338 19.909 0.045 52253.201005 19.865 0.138 5.255286 1.234123
52557.322004 20.052 0.052 52557.32367 19.956 0.019 52557.320337 19.711 0.019 52557.32117 19.754 0.03 52557.322837 19.863 0.12 5.255286 1.234123
52578.218089 19.952 0.042 52578.219755 19.905 0.016 52578.216422 19.713 0.021 52578.217255 19.75 0.03 52578.218922 19.824 0.107 5.255286 1.234123
52908.296571 20.442 0.068 52908.298237 20.355 0.022 52908.294904 19.991 0.024 52908.295737 20.089 0.041 52908.297404 19.992 0.132 5.255286 1.234123
52911.310357 20.429 0.083 52911.312023 20.285 0.025 52911.30869 19.959 0.027 52911.309523 20.125 0.05 52911.31119 19.969 0.143 5.255286 1.234123
52930.187731 20.322 0.085 52930.189397 20.189 0.03 52930.186064 19.939 0.026 52930.186897 20.05 0.045 52930.188564 19.809 0.153 5.255286 1.234123
52934.228473 20.272 0.073 52934.230139 20.069 0.024 52934.226806 19.779 0.026 52934.227639 19.919 0.043 52934.229306 19.839 0.15 5.255286 1.234123
52936.224399 -99.99 0.051 52936.226065 20.06 0.02 52936.222732 19.878 0.021 52936.223565 19.891 0.035 52936.225232 19.872 0.116 5.255286 1.234123
52962.149921 20.074 0.052 52962.151587 20.117 0.021 52962.148254 19.848 0.022 52962.149087 19.909 0.035 52962.150754 19.765 0.102 5.255286 1.234123
53270.288469 -99.99 0.05 53270.290135 20.179 0.021 53270.286802 19.909 0.029 53270.287635 19.997 0.036 53270.289302 20.002 0.105 5.255286 1.234123
53272.338403 20.27 0.067 53272.340069 20.215 0.028 53272.336736 19.916 0.027 53272.337569 19.976 0.04 53272.339236 19.926 0.13 5.255286 1.234123
53286.307121 20.207 0.098 53286.308787 20.157 0.026 53286.305454 19.834 0.038 53286.306287 19.998 0.062 53286.307954 19.607 0.12 5.255286 1.234123
53288.265612 20.246 0.07 53288.267278 20.099 0.025 53288.263945 19.892 0.025 53288.264778 19.921 0.037 53288.266445 20.076 0.154 5.255286 1.234123
53294.313287 20.307 0.066 53294.314953 20.092 0.02 53294.31162 19.922 0.027 53294.312453 19.939 0.041 53294.31412 19.818 0.109 5.255286 1.234123
53302.261281 20.234 0.106 53302.262947 20.127 0.043 53302.259614 19.848 0.041 53302.260447 19.907 0.049 53302.262114 19.949 0.137 5.255286 1.234123
53312.216868 20.315 0.067 53312.218535 20.184 0.027 53312.215201 19.9 0.028 53312.216035 19.984 0.042 53312.217701 19.834 0.12 5.255286 1.234123
53314.218009 20.29 0.066 53314.219675 20.149 0.02 53314.216342 19.862 0.025 53314.217175 19.973 0.04 53314.218842 19.959 0.143 5.255286 1.234123
53616.322373 -99.99 0.094 53616.324039 20.302 0.026 53616.320706 19.989 0.027 53616.321539 20.022 0.045 53616.323206 20.146 0.164 5.255286 1.234123
53626.298797 20.346 0.075 53626.300463 20.257 0.028 53626.29713 19.946 0.028 53626.297963 19.973 0.04 53626.29963 19.93 0.135 5.255286 1.234123
53628.283662 20.448 0.152 53628.285328 20.21 0.054 53628.281995 19.903 0.041 53628.282828 19.959 0.052 53628.284495 20.103 0.173 5.255286 1.234123
53637.285278 20.275 0.096 53637.286944 20.237 0.038 53637.283611 19.907 0.032 53637.284444 20.026 0.053 53637.286111 19.904 0.155 5.255286 1.234123
53639.330655 20.36 0.064 53639.332321 20.239 0.023 53639.328988 19.907 0.023 53639.329821 19.964 0.032 53639.331488 19.769 0.082 5.255286 1.234123
53654.312347 20.326 0.066 53654.314013 20.153 0.019 53654.31068 19.874 0.022 53654.311513 19.977 0.035 53654.31318 19.984 0.13 5.255286 1.234123
53663.273253 20.104 0.085 53663.274919 20.107 0.035 53663.271586 19.926 0.031 53663.272419 19.935 0.039 53663.274086 -99.99 0.108 5.255286 1.234123
53666.343351 20.272 0.11 53666.345017 20.147 0.034 53666.341684 19.911 0.03 53666.342517 19.922 0.039 53666.344184 20.428 0.18 5.255286 1.234123
53668.262852 20.423 0.101 53668.264518 20.08 0.025 53668.261185 19.834 0.031 53668.262018 19.919 0.054 53668.263685 19.695 0.142 5.255286 1.234123
53670.267704 20.283 0.063 53670.26937 20.13 0.019 53670.266037 19.824 0.023 53670.26687 19.859 0.036 53670.268537 20.109 0.137 5.255286 1.234123
53673.235688 20.167 0.055 53673.237354 20.094 0.02 53673.234021 19.84 0.021 53673.234854 19.874 0.032 53673.236521 20.043 0.133 5.255286 1.234123
53675.232577 20.291 0.067 53675.234243 20.119 0.019 53675.23091 19.815 0.024 53675.231743 19.953 0.04 53675.23341 19.94 0.139 5.255286 1.234123
53677.253608 20.144 0.051 53677.255274 20.181 0.019 53677.251941 19.873 0.02 53677.252774 19.878 0.03 53677.254441 19.939 0.091 5.255286 1.234123
53680.240274 20.378 0.066 53680.24194 20.189 0.02 53680.238607 19.826 0.021 53680.23944 19.911 0.031 53680.241107 19.988 0.104 5.255286 1.234123
53693.242169 20.257 0.128 53693.243835 20.145 0.043 53693.240502 19.868 0.033 53693.241335 19.914 0.039 53693.243002 20.034 0.117 5.255286 1.234123
53698.239561 20.301 0.069 53698.241227 20.075 0.02 53698.237894 19.832 0.023 53698.238727 19.916 0.036 53698.240394 20.014 0.123 5.255286 1.234123
53704.225494 20.284 0.072 53704.22716 20.07 0.021 53704.223827 19.843 0.024 53704.22466 19.924 0.039 53704.226327 20.131 0.161 5.255286 1.234123
53974.318166 20.508 0.059 53974.319832 20.318 0.025 53974.316499 20.033 0.024 53974.317332 20.054 0.033 53974.318999 20.594 0.189 5.255286 1.234123
53989.321564 -99.99 0.135 53989.32323 20.282 0.054 53989.319897 20.051 0.043 53989.32073 19.977 0.047 53989.322397 20.252 0.154 5.255286 1.234123
53997.417495 20.518 0.078 53997.419161 20.328 0.027 53997.415828 20.013 0.031 53997.416661 -99.99 0.04 53997.418328 -99.99 0.11 5.255286 1.234123
54000.296968 20.388 0.07 54000.298634 20.351 0.035 54000.295301 19.973 0.031 54000.296134 20.05 0.043 54000.297801 20.05 0.152 5.255286 1.234123
54006.243735 20.481 0.083 54006.245402 20.309 0.035 54006.242069 -99.99 0.035 54006.242902 -99.99 0.047 54006.244569 -99.99 0.19 5.255286 1.234123
54007.34714 20.399 0.061 54007.348807 20.293 0.024 54007.345473 20.055 0.028 54007.346307 20.086 0.038 54007.347973 19.931 0.123 5.255286 1.234123
54009.270946 20.367 0.075 54009.272613 20.299 0.032 54009.269279 20.017 0.025 54009.270113 20.085 0.043 54009.271779 19.931 0.111 5.255286 1.234123
54011.335391 20.563 0.083 54011.337058 20.325 0.039 54011.333724 19.994 0.031 54011.334558 20.045 0.043 54011.336224 20.31 0.158 5.255286 1.234123
54019.285582 20.478 0.106 54019.287249 20.306 0.032 54019.283915 19.947 0.034 54019.284749 20.043 0.045 54019.286415 19.811 0.091 5.255286 1.234123
54025.334403 20.337 0.076 54025.33607 20.234 0.026 54025.332737 19.971 0.027 54025.33357 20.047 0.044 54025.335237 19.913 0.125 5.255286 1.234123
54029.264745 20.398 0.064 54029.266412 20.234 0.029 54029.263079 20.033 0.033 54029.263912 20.039 0.049 54029.265579 19.96 0.144 5.255286 1.234123
54348.33212 20.507 0.069 54348.333787 20.426 0.029 54348.330453 20.046 0.027 54348.331287 19.982 0.035 54348.332953 20.187 0.129 5.255286 1.234123
54358.287967 20.569 0.111 54358.289634 20.398 0.03 54358.2863 20.105 0.031 54358.287134 20.034 0.049 54358.2888 20.141 0.156 5.255286 1.234123
54365.321046 20.817 0.077 54365.322713 20.443 0.025 54365.319379 20.1 0.025 54365.320213 20.206 0.04 54365.321879 20.27 0.125 5.255286 1.234123
54381.340579 20.732 0.082 54381.342246 20.357 0.032 54381.338912 20.068 0.025 54381.339746 20.142 0.037 54381.341412 20.079 0.115 5.255286 1.234123
54386.332908 20.506 0.075 54386.334575 20.428 0.024 54386.331242 20.094 0.026 54386.332075 20.163 0.044 54386.333742 20.049 0.114 5.255286 1.234123
54388.337184 20.766 0.085 54388.338851 -99.99 0.029 54388.335517 20.081 0.029 54388.336351 20.09 0.035 54388.338017 20.029 0.11 5.255286 1.234123
54403.251044 20.706 0.184 54403.252711 20.389 0.062 54403.249378 19.899 0.093 54403.250211 20.35 0.132 54403.251878 20.45 0.315 5.255286 1.234123
54404.308509 20.681 0.12 54404.310175 20.434 0.036 54404.306842 20.029 0.029 54404.307675 20.066 0.04 54404.309342 20.16 0.123 5.255286 1.234123
54405.306497 20.695 0.112 54405.308164 20.418 0.034 54405.304831 20.071 0.03 54405.305664 20.167 0.042 54405.307331 20.462 0.158 5.255286 1.234123
54406.24478 20.601 0.064 54406.246447 20.389 0.029 54406.243114 20.048 0.032 54406.243947 20.053 0.038 54406.245614 20.2 0.123 5.255286 1.234123
54412.247967 20.539 0.088 54412.249633 20.406 0.03 54412.2463 20.091 0.034 54412.247133 -99.99 0.05 54412.2488 -99.99 0.154 5.255286 1.234123
