51081.298018 21.96 0.308 51081.299684 21.204 0.058 51081.296351 20.539 0.049 51081.297184 20.164 0.052 51081.298851 19.741 0.111 5.207413 0.941905
51819.369138 21.485 0.171 51819.370804 20.983 0.04 51819.367471 20.351 0.032 51819.368304 20.092 0.038 51819.369971 19.769 0.097 5.207413 0.941905
52558.3344 21.132 0.124 52558.336066 20.63 0.027 52558.332733 20.114 0.025 52558.333566 19.928 0.032 52558.335233 19.77 0.088 5.207413 0.941905
52577.221902 21.201 0.118 52577.223568 20.622 0.027 52577.220235 20.17 0.03 52577.221068 19.95 0.035 52577.222735 19.672 0.092 5.207413 0.941905
52586.22538 21.089 0.097 52586.227046 20.572 0.025 52586.223713 20.103 0.027 52586.224546 19.88 0.035 52586.226213 19.489 0.089 5.207413 0.941905
52910.305862 21.661 0.16 52910.307528 20.912 0.034 52910.304195 20.27 0.029 52910.305028 20.044 0.034 52910.306695 19.836 0.092 5.207413 0.941905
52931.236063 21.315 0.141 52931.237729 20.865 0.037 52931.234396 20.235 0.03 52931.235229 20.094 0.038 52931.236896 19.838 0.11 5.207413 0.941905
52935.233027 21.618 0.162 52935.234693 20.852 0.033 52935.23136 20.291 0.041 52935.232193 20.066 0.036 52935.23386 19.884 0.12 5.207413 0.941905
52959.176355 21.625 0.152 52959.178021 20.797 0.029 52959.174688 20.3 0.027 52959.175521 20.01 0.034 52959.177188 19.704 0.076 5.207413 0.941905
52963.1561 21.3 0.097 52963.157766 20.883 0.029 52963.154433 20.246 0.025 52963.155266 20.055 0.034 52963.156933 19.725 0.076 5.207413 0.941905
53352.127165 21.647 0.141 53352.128831 20.935 0.03 53352.125498 20.347 0.033 53352.126331 20.118 0.038 53352.127998 19.733 0.089 5.207413 0.941905
53622.335467 21.537 0.204 53622.337133 21.171 0.052 53622.3338 20.474 0.043 53622.334633 20.303 0.065 53622.3363 19.906 0.139 5.207413 0.941905
53634.284937 -99.99 0.831 53634.286603 21.259 0.145 53634.28327 20.444 0.07 53634.284103 20.325 0.076 53634.28577 19.869 0.141 5.207413 0.941905
53638.326272 21.581 0.188 53638.327938 21.076 0.046 53638.324605 20.577 0.037 53638.325438 20.223 0.04 53638.327105 19.921 0.106 5.207413 0.941905
53640.290308 21.802 0.262 53640.291974 21.181 0.05 53640.288641 20.539 0.046 53640.289474 -99.99 0.05 53640.291141 19.919 0.116 5.207413 0.941905
53655.262478 21.565 0.3 53655.264144 21.156 0.084 53655.260811 20.544 0.06 53655.261644 20.351 0.062 53655.263311 19.8 0.132 5.207413 0.941905
53664.287435 21.434 0.302 53664.289101 21.251 0.107 53664.285768 20.534 0.057 53664.286601 20.359 0.069 53664.288268 19.77 0.115 5.207413 0.941905
53669.246678 21.651 0.171 53669.248344 21.277 0.041 53669.245011 20.504 0.032 53669.245844 20.174 0.038 53669.247511 19.811 0.1 5.207413 0.941905
53671.331449 22.63 0.652 53671.333115 21.216 0.05 53671.329782 20.599 0.048 53671.330615 20.292 0.049 53671.332282 19.873 0.12 5.207413 0.941905
53674.230914 21.94 0.243 53674.23258 21.233 0.041 53674.229247 20.558 0.035 53674.23008 20.231 0.04 53674.231747 20.12 0.143 5.207413 0.941905
53676.32039 21.795 0.246 53676.322056 21.159 0.038 53676.318723 20.559 0.034 53676.319556 20.34 0.04 53676.321223 19.828 0.085 5.207413 0.941905
53679.292282 21.821 0.303 53679.293948 21.169 0.053 53679.290615 20.513 0.051 53679.291448 20.167 0.057 53679.293115 19.741 0.132 5.207413 0.941905
53681.283795 22.17 0.379 53681.285461 21.223 0.052 53681.282128 20.54 0.042 53681.282961 20.304 0.052 53681.284628 19.91 0.122 5.207413 0.941905
53694.256724 21.331 0.646 53694.25839 21.283 0.208 53694.255057 20.502 0.096 53694.25589 20.519 0.128 53694.257557 20.068 0.251 5.207413 0.941905
53697.240819 21.839 0.257 53697.242485 21.225 0.045 53697.239152 20.551 0.039 53697.239985 20.362 0.043 53697.241652 19.773 0.085 5.207413 0.941905
53700.239778 -99.99 0.254 53700.241444 21.233 0.053 53700.238111 20.546 0.045 53700.238944 20.301 0.059 53700.240611 19.785 0.113 5.207413 0.941905
53705.226447 22.107 0.287 53705.228113 21.223 0.044 53705.22478 20.617 0.037 53705.225613 20.258 0.039 53705.22728 20.14 0.109 5.207413 0.941905
53975.311445 -99.99 0.222 53975.313112 21.248 0.04 53975.309779 20.614 0.035 53975.310612 20.454 0.056 53975.312279 19.766 0.101 5.207413 0.941905
53990.324334 21.579 0.307 53990.326001 21.215 0.096 53990.322667 20.589 0.057 53990.323501 20.426 0.068 53990.325167 19.975 0.143 5.207413 0.941905
53994.334435 21.595 0.137 53994.336101 21.238 0.039 53994.332768 20.643 0.036 53994.333601 20.298 0.041 53994.335268 19.951 0.104 5.207413 0.941905
53996.318183 21.326 0.162 53996.31985 21.264 0.05 53996.316517 20.555 0.042 53996.31735 20.328 0.058 53996.319017 20.12 0.152 5.207413 0.941905
53998.286816 21.883 0.169 53998.288483 21.279 0.036 53998.28515 20.613 0.031 53998.285983 20.382 0.04 53998.28765 20.088 0.109 5.207413 0.941905
54005.317054 21.566 0.128 54005.31872 21.148 0.033 54005.315387 20.653 0.033 54005.31622 -99.99 0.038 54005.317887 -99.99 0.085 5.207413 0.941905
54010.272313 21.465 0.153 54010.273979 21.304 0.06 54010.270646 20.701 0.046 54010.271479 20.367 0.043 54010.273146 -99.99 0.101 5.207413 0.941905
54012.265131 21.91 0.439 54012.266797 21.165 0.109 54012.263464 20.567 0.061 54012.264297 20.281 0.058 54012.265964 -99.99 0.118 5.207413 0.941905
54020.271176 22.415 0.676 54020.272842 21.305 0.083 54020.269509 20.672 0.055 54020.270342 20.313 0.083 54020.272009 20.094 0.164 5.207413 0.941905
54024.352703 21.096 0.17 54024.354369 21.361 0.065 54024.351036 20.725 0.057 54024.351869 20.287 0.059 54024.353536 19.919 0.142 5.207413 0.941905
54030.264677 21.77 0.158 54030.266344 21.267 0.035 54030.263011 20.544 0.031 54030.263844 -99.99 0.044 54030.265511 19.984 0.097 5.207413 0.941905
54035.34045 -99.99 0.266 54035.342117 21.32 0.076 54035.338783 20.611 0.064 54035.339617 20.543 0.102 54035.341283 20.25 0.223 5.207413 0.941905
54037.245917 21.925 0.2 54037.247583 21.235 0.043 54037.24425 20.564 0.034 54037.245083 20.349 0.047 54037.24675 20.309 0.122 5.207413 0.941905
54040.260394 21.473 0.309 54040.26206 21.075 0.097 54040.258727 -99.99 0.089 54040.25956 20.412 0.076 54040.261227 20.292 0.183 5.207413 0.941905
54047.290936 20.594 0.475 54047.292603 21.746 0.364 54047.289269 20.446 0.118 54047.290103 20.393 0.126 54047.291769 19.969 0.196 5.207413 0.941905
54049.286856 21.079 0.399 54049.288523 21.253 0.134 54049.285189 20.775 0.102 54049.286023 20.324 0.091 54049.287689 20.381 0.28 5.207413 0.941905
54053.251169 21.476 0.151 54053.252835 21.197 0.041 54053.249502 20.677 0.039 54053.250335 20.424 0.045 54053.252002 19.784 0.082 5.207413 0.941905
54056.252892 21.693 0.29 54056.254558 21.258 0.055 54056.251225 20.538 0.049 54056.252058 20.216 0.057 54056.253725 19.766 0.132 5.207413 0.941905
54059.247189 21.628 0.27 54059.248856 21.4 0.075 54059.245522 20.624 0.053 54059.246356 -99.99 0.086 54059.248022 19.838 0.123 5.207413 0.941905
54062.252026 21.528 0.268 54062.253693 21.174 0.056 54062.250359 20.632 0.056 54062.251193 20.509 0.081 54062.252859 19.675 0.133 5.207413 0.941905
54068.232653 21.715 0.488 54068.23432 21.217 0.145 54068.230987 20.621 0.093 54068.23182 20.272 0.081 54068.233487 20.131 0.18 5.207413 0.941905
54357.290373 21.54 0.15 54357.29204 20.992 0.031 54357.288707 20.41 0.031 54357.28954 20.141 0.035 54357.291207 19.947 0.09 5.207413 0.941905
54362.340159 21.701 0.179 54362.341825 20.993 0.035 54362.338492 20.381 0.039 54362.339325 20.143 0.041 54362.340992 19.958 0.105 5.207413 0.941905
54382.320407 21.613 0.251 54382.322074 20.957 0.043 54382.318741 20.223 0.035 54382.319574 20.185 0.054 54382.321241 19.943 0.142 5.207413 0.941905
54385.338194 21.524 0.16 54385.339861 20.883 0.03 54385.336528 20.32 0.048 54385.337361 20.09 0.033 54385.339028 19.878 0.081 5.207413 0.941905
54387.338653 22.333 0.473 54387.340319 20.961 0.039 54387.336986 20.204 0.035 54387.337819 20.098 0.043 54387.339486 19.976 0.116 5.207413 0.941905
54392.333427 21.523 0.225 54392.335094 20.997 0.043 54392.33176 20.321 0.037 54392.332594 20.129 0.044 54392.33426 19.895 0.115 5.207413 0.941905
54402.331847 21.763 0.646 54402.333514 21.147 0.119 54402.33018 20.347 0.061 54402.331014 20.1 0.052 54402.33268 19.948 0.131 5.207413 0.941905
