51075.277402 18.914 0.021 51075.279068 18.729 0.009 51075.275735 18.475 0.009 51075.276568 18.3 0.014 51075.278235 18.33 0.045 -8.105268 0.376139
51464.265346 18.847 0.022 51464.267012 18.637 0.009 51464.263679 18.431 0.009 51464.264512 18.229 0.01 51464.266179 -99.99 0.041 -8.105268 0.376139
52196.27795 18.629 0.022 52196.279616 18.461 0.007 52196.276283 18.29 0.008 52196.277116 18.117 0.009 52196.278783 18.152 0.031 -8.105268 0.376139
52197.291024 18.6 0.019 52197.29269 18.47 0.007 52197.289357 18.276 0.008 52197.29019 18.116 0.009 52197.291857 18.12 0.025 -8.105268 0.376139
52225.141213 18.656 0.019 52225.142879 18.474 0.007 52225.139546 18.307 0.008 52225.140379 18.131 0.009 52225.142046 18.157 0.027 -8.105268 0.376139
52231.176998 18.648 0.02 52231.178664 18.487 0.007 52231.175331 18.294 0.008 52231.176164 18.127 0.009 52231.177831 18.166 0.026 -8.105268 0.376139
52253.16317 18.706 0.026 52253.164836 18.493 0.008 52253.161503 18.313 0.009 52253.162336 18.146 0.01 52253.164003 18.184 0.033 -8.105268 0.376139
52557.285001 18.728 0.024 52557.286667 18.545 0.008 52557.283334 18.361 0.009 52557.284167 18.169 0.009 52557.285834 18.19 0.032 -8.105268 0.376139
52578.181083 18.784 0.021 52578.182749 18.576 0.008 52578.179416 18.364 0.008 52578.180249 18.176 0.009 52578.181916 18.195 0.027 -8.105268 0.376139
52908.259567 18.615 0.02 52908.261233 18.446 0.007 52908.2579 18.316 0.008 52908.258733 18.169 0.009 52908.2604 18.161 0.03 -8.105268 0.376139
52911.273352 18.651 0.021 52911.275018 18.467 0.007 52911.271685 18.303 0.008 52911.272518 18.154 0.009 52911.274185 18.202 0.031 -8.105268 0.376139
52930.150725 18.631 0.021 52930.152391 18.454 0.007 52930.149058 18.308 0.008 52930.149891 18.136 0.009 52930.151558 18.147 0.027 -8.105268 0.376139
52934.191467 18.664 0.021 52934.193133 18.468 0.008 52934.1898 18.313 0.008 52934.190633 18.131 0.009 52934.1923 18.12 0.032 -8.105268 0.376139
52936.187392 18.635 0.02 52936.189058 18.462 0.007 52936.185725 18.309 0.008 52936.186558 18.136 0.009 52936.188225 18.121 0.025 -8.105268 0.376139
52962.112914 18.639 0.02 52962.11458 18.447 0.007 52962.111247 18.313 0.008 52962.11208 18.164 0.009 52962.113747 18.21 0.031 -8.105268 0.376139
53270.251496 18.929 0.028 53270.253163 18.688 0.019 53270.249829 18.461 0.014 53270.250663 18.283 0.017 53270.252329 18.376 0.038 -8.105268 0.376139
53272.301399 18.826 0.03 53272.303065 18.698 0.012 53272.299732 18.473 0.011 53272.300565 18.266 0.011 53272.302232 18.294 0.04 -8.105268 0.376139
53286.270116 18.939 0.032 53286.271782 18.729 0.01 53286.268449 18.498 0.011 53286.269282 18.285 0.012 53286.270949 18.251 0.035 -8.105268 0.376139
53288.228607 18.88 0.023 53288.230273 18.746 0.008 53288.22694 18.497 0.009 53288.227773 18.301 0.009 53288.22944 18.348 0.028 -8.105268 0.376139
53294.255994 18.962 0.028 53294.257661 18.763 0.015 53294.254328 18.485 0.016 53294.255161 18.293 0.019 53294.256828 18.344 0.037 -8.105268 0.376139
53302.224274 18.932 0.044 53302.22594 18.75 0.016 53302.222607 18.475 0.014 53302.22344 18.285 0.014 53302.225107 18.407 0.042 -8.105268 0.376139
53312.179874 18.951 0.031 53312.181541 18.743 0.016 53312.178208 18.489 0.014 53312.179041 18.301 0.014 53312.180708 18.296 0.035 -8.105268 0.376139
53314.181002 18.968 0.024 53314.182668 18.753 0.008 53314.179335 18.488 0.009 53314.180168 18.292 0.01 53314.181835 18.26 0.033 -8.105268 0.376139
53616.285369 19.017 0.051 53616.287035 18.738 0.009 53616.283702 18.515 0.01 53616.284535 18.328 0.013 53616.286202 18.232 0.044 -8.105268 0.376139
53623.27558 18.931 0.027 53623.277246 18.747 0.009 53623.273913 18.498 0.009 53623.274746 18.302 0.01 53623.276413 18.28 0.032 -8.105268 0.376139
53626.261793 18.907 0.027 53626.263459 18.726 0.01 53626.260126 18.518 0.01 53626.260959 18.298 0.011 53626.262626 18.331 0.032 -8.105268 0.376139
53628.246658 18.917 0.041 53628.248324 18.71 0.015 53628.244991 18.502 0.012 53628.245824 18.291 0.012 53628.247491 18.32 0.039 -8.105268 0.376139
53637.248273 18.914 0.033 53637.249939 18.725 0.011 53637.246606 18.501 0.012 53637.247439 18.309 0.012 53637.249106 18.255 0.044 -8.105268 0.376139
53639.29365 18.862 0.024 53639.295316 18.717 0.009 53639.291983 18.494 0.009 53639.292816 18.31 0.009 53639.294483 18.322 0.032 -8.105268 0.376139
53644.240741 18.857 0.025 53644.242408 18.711 0.028 53644.239075 18.481 0.016 53644.239908 18.313 0.021 53644.241575 18.283 0.027 -8.105268 0.376139
53654.275343 18.875 0.025 53654.277009 18.706 0.008 53654.273676 18.484 0.009 53654.274509 18.297 0.01 53654.276176 18.271 0.031 -8.105268 0.376139
53656.222936 18.879 0.055 53656.224602 18.72 0.019 53656.221269 18.534 0.018 53656.222102 18.296 0.016 53656.223769 -99.99 0.048 -8.105268 0.376139
53663.236246 18.853 0.032 53663.237912 18.7 0.011 53663.234579 18.485 0.01 53663.235412 18.28 0.01 53663.237079 18.303 0.029 -8.105268 0.376139
53665.214215 -99.99 0.36 53665.215881 -99.99 0.079 53665.212548 18.214 0.126 53665.213381 -99.99 0.221 53665.215048 -99.99 0.572 -8.105268 0.376139
53668.225845 18.872 0.028 53668.227511 18.696 0.009 53668.224178 18.485 0.01 53668.225011 18.269 0.011 53668.226678 18.272 0.041 -8.105268 0.376139
53670.230697 18.851 0.023 53670.232363 18.694 0.008 53670.22903 18.485 0.009 53670.229863 18.274 0.009 53670.23153 18.267 0.031 -8.105268 0.376139
53673.198682 18.871 0.026 53673.200348 18.684 0.008 53673.197015 18.476 0.009 53673.197848 18.275 0.01 53673.199515 18.291 0.036 -8.105268 0.376139
53675.195571 18.86 0.026 53675.197237 18.708 0.008 53675.193904 18.478 0.01 53675.194737 18.272 0.011 53675.196404 18.249 0.038 -8.105268 0.376139
53677.216602 18.852 0.023 53677.218268 18.7 0.008 53677.214935 18.489 0.009 53677.215768 18.294 0.009 53677.217435 18.302 0.028 -8.105268 0.376139
53680.203267 18.852 0.024 53680.204933 18.703 0.008 53680.2016 18.492 0.009 53680.202433 18.304 0.01 53680.2041 18.276 0.029 -8.105268 0.376139
53693.205166 18.801 0.037 53693.206832 18.705 0.013 53693.203499 18.507 0.012 53693.204332 18.275 0.01 53693.205999 18.292 0.031 -8.105268 0.376139
53704.188491 18.847 0.026 53704.190157 18.7 0.008 53704.186824 18.474 0.009 53704.187657 18.273 0.01 53704.189324 18.249 0.033 -8.105268 0.376139
53974.281144 18.938 0.026 53974.282811 18.793 0.014 53974.279478 18.564 0.016 53974.280311 18.345 0.013 53974.281978 18.348 0.031 -8.105268 0.376139
53989.284665 18.94 0.039 53989.286332 18.808 0.018 53989.282999 18.559 0.016 53989.283832 18.383 0.017 53989.285499 18.309 0.032 -8.105268 0.376139
53997.380183 18.932 0.03 53997.381849 -99.99 0.02 53997.378516 -99.99 0.02 53997.379349 18.294 0.019 53997.381016 -99.99 0.037 -8.105268 0.376139
54000.260001 18.972 0.03 54000.261667 18.795 0.02 54000.258334 18.556 0.027 54000.259167 18.355 0.022 54000.260834 18.306 0.038 -8.105268 0.376139
54007.310146 18.982 0.025 54007.311812 18.804 0.014 54007.308479 18.567 0.028 54007.309312 18.339 0.016 54007.310979 18.364 0.036 -8.105268 0.376139
54009.23388 18.953 0.03 54009.235546 18.841 0.021 54009.232213 18.539 0.015 54009.233046 18.371 0.019 54009.234713 18.331 0.031 -8.105268 0.376139
54011.298441 18.946 0.031 54011.300107 18.789 0.016 54011.296774 18.549 0.013 54011.297607 18.366 0.017 54011.299274 18.357 0.029 -8.105268 0.376139
54019.248585 18.951 0.038 54019.250252 18.787 0.02 54019.246918 18.538 0.014 54019.247752 18.334 0.018 54019.249418 18.332 0.042 -8.105268 0.376139
54025.297475 18.948 0.037 54025.299142 18.771 0.02 54025.295808 18.568 0.017 54025.296642 18.348 0.018 54025.298308 18.361 0.047 -8.105268 0.376139
54029.227745 18.921 0.027 54029.229411 18.787 0.017 54029.226078 18.553 0.018 54029.226911 18.334 0.029 54029.228578 18.318 0.032 -8.105268 0.376139
54348.295164 19.036 0.032 54348.296831 18.788 0.017 54348.293498 18.533 0.026 54348.294331 18.33 0.026 54348.295998 18.467 0.04 -8.105268 0.376139
54358.25095 18.99 0.034 54358.252617 18.757 0.019 54358.249283 18.517 0.02 54358.250117 18.335 0.02 54358.251783 18.398 0.042 -8.105268 0.376139
54365.284008 18.855 0.04 54365.285674 18.748 0.025 54365.282341 18.553 0.018 54365.283174 18.301 0.022 54365.284841 18.317 0.052 -8.105268 0.376139
54373.358204 18.879 0.056 54373.35987 18.789 0.027 54373.356537 18.504 0.018 54373.35737 18.352 0.017 54373.359037 18.425 0.043 -8.105268 0.376139
54381.303583 18.885 0.033 54381.305249 18.753 0.02 54381.301916 18.558 0.017 54381.302749 18.327 0.026 54381.304416 18.396 0.035 -8.105268 0.376139
54386.295915 18.894 0.027 54386.297581 18.774 0.021 54386.294248 18.542 0.016 54386.295081 18.344 0.018 54386.296748 18.364 0.038 -8.105268 0.376139
54388.300154 18.871 0.026 54388.301821 18.779 0.017 54388.298488 18.56 0.019 54388.299321 18.328 0.016 54388.300988 18.408 0.033 -8.105268 0.376139
54403.213947 18.875 0.033 54403.215614 18.773 0.02 54403.21228 18.533 0.015 54403.213114 18.322 0.02 54403.21478 18.372 0.035 -8.105268 0.376139
54404.271534 18.856 0.032 54404.273201 18.755 0.016 54404.269868 18.536 0.016 54404.270701 18.33 0.018 54404.272368 18.374 0.034 -8.105268 0.376139
54405.269467 18.917 0.029 54405.271134 18.74 0.014 54405.267801 18.538 0.018 54405.268634 18.351 0.017 54405.270301 18.341 0.034 -8.105268 0.376139
54406.20778 18.873 0.03 54406.209447 18.733 0.024 54406.206114 18.551 0.021 54406.206947 18.326 0.02 54406.208614 18.318 0.032 -8.105268 0.376139
54412.210753 18.859 0.024 54412.21242 18.733 0.016 54412.209087 18.522 0.018 54412.20992 18.327 0.019 54412.211587 18.387 0.035 -8.105268 0.376139
