51075.280143 20.558 0.07 51075.281809 19.958 0.022 51075.278476 19.814 0.023 51075.279309 19.673 0.032 51075.280976 19.493 0.105 -7.115496 -0.829139
51081.26383 20.71 0.114 51081.265496 20.019 0.023 51081.262163 19.774 0.025 51081.262996 19.722 0.035 51081.264663 19.494 0.097 -7.115496 -0.829139
51464.268071 20.899 0.109 51464.269737 20.108 0.031 51464.266404 19.836 0.027 51464.267237 19.748 0.034 51464.268904 19.435 0.094 -7.115496 -0.829139
51467.359053 20.714 0.166 51467.360719 19.986 0.026 51467.357386 19.797 0.029 51467.358219 19.677 0.035 51467.359886 19.344 0.102 -7.115496 -0.829139
51819.334996 20.603 0.085 51819.336662 19.97 0.02 51819.333329 19.749 0.019 51819.334162 19.678 0.022 51819.335829 19.502 0.072 -7.115496 -0.829139
52558.300272 20.694 0.089 52558.301938 19.891 0.017 52558.298605 19.685 0.018 52558.299438 19.527 0.019 52558.301105 19.179 0.047 -7.115496 -0.829139
52577.187769 20.567 0.089 52577.189435 19.906 0.018 52577.186102 19.685 0.021 52577.186935 19.579 0.025 52577.188602 19.37 0.085 -7.115496 -0.829139
52586.191249 20.551 0.075 52586.192915 19.859 0.017 52586.189582 19.676 0.022 52586.190415 19.548 0.024 52586.192082 19.228 0.068 -7.115496 -0.829139
52910.27173 20.518 0.062 52910.273396 19.846 0.015 52910.270063 19.622 0.015 52910.270896 19.504 0.017 52910.272563 19.282 0.05 -7.115496 -0.829139
52935.198894 20.583 0.079 52935.20056 19.866 0.018 52935.197227 19.676 0.021 52935.19806 19.573 0.024 52935.199727 19.294 0.063 -7.115496 -0.829139
52959.142222 20.563 0.073 52959.143888 19.893 0.016 52959.140555 19.665 0.017 52959.141388 19.533 0.019 52959.143055 19.383 0.054 -7.115496 -0.829139
52963.121966 20.708 0.07 52963.123632 19.871 0.016 52963.120299 19.655 0.016 52963.121132 19.575 0.018 52963.122799 19.312 0.048 -7.115496 -0.829139
53313.192095 20.56 0.105 53313.193761 19.926 0.023 53313.190428 19.727 0.024 53313.191261 19.511 0.027 53313.192928 19.278 0.084 -7.115496 -0.829139
53352.093031 20.613 0.07 53352.094697 19.861 0.017 53352.091364 19.676 0.018 53352.092197 19.573 0.02 53352.093864 19.367 0.068 -7.115496 -0.829139
53622.301335 20.911 0.13 53622.303001 20.098 0.034 53622.299668 19.84 0.026 53622.300501 19.606 0.028 53622.302168 19.456 0.086 -7.115496 -0.829139
53634.250805 20.969 0.369 53634.252471 20.066 0.066 53634.249138 -99.99 0.063 53634.249971 -99.99 0.051 53634.251638 -99.99 0.133 -7.115496 -0.829139
53636.256339 20.641 0.17 53636.258005 19.99 0.045 53636.254672 19.631 0.026 53636.255505 19.635 0.031 53636.257172 19.207 0.087 -7.115496 -0.829139
53638.29214 20.813 0.115 53638.293806 20.023 0.022 53638.290473 19.816 0.021 53638.291306 19.646 0.021 53638.292973 19.4 0.06 -7.115496 -0.829139
53655.228346 21.048 0.292 53655.230012 -99.99 0.062 53655.226679 19.764 0.048 53655.227512 19.664 0.048 53655.229179 19.558 0.128 -7.115496 -0.829139
53664.253303 20.463 0.146 53664.254969 20.025 0.045 53664.251636 19.853 0.035 53664.252469 19.706 0.035 53664.254136 19.512 0.089 -7.115496 -0.829139
53666.216906 20.817 0.102 53666.218572 20.016 0.022 53666.215239 19.78 0.02 53666.216072 19.725 0.023 53666.217739 19.371 0.065 -7.115496 -0.829139
53669.212545 20.844 0.094 53669.214211 20.017 0.017 53669.210878 19.782 0.019 53669.211711 19.661 0.022 53669.213378 19.391 0.066 -7.115496 -0.829139
53671.297322 20.659 0.138 53671.298988 19.995 0.024 53671.295655 19.825 0.026 53671.296488 19.592 0.026 53671.298155 19.347 0.079 -7.115496 -0.829139
53674.196781 20.719 0.087 53674.198447 20.004 0.018 53674.195114 19.799 0.021 53674.195947 19.666 0.022 53674.197614 19.368 0.056 -7.115496 -0.829139
53676.286266 20.736 0.121 53676.287932 20.017 0.023 53676.284599 19.772 0.024 53676.285432 19.694 0.025 53676.287099 19.427 0.067 -7.115496 -0.829139
53679.258154 20.613 0.112 53679.25982 20.055 0.023 53679.256487 19.797 0.025 53679.25732 19.706 0.028 53679.258987 19.377 0.084 -7.115496 -0.829139
53681.249666 20.778 0.102 53681.251332 20.05 0.022 53681.247999 19.785 0.029 53681.248832 19.747 0.03 53681.250499 19.491 0.065 -7.115496 -0.829139
53687.247056 21.261 0.442 53687.248722 20.024 0.058 53687.245389 19.744 0.039 53687.246222 19.736 0.033 53687.247889 19.449 0.074 -7.115496 -0.829139
53694.222598 -99.99 0.587 53694.224264 20.246 0.105 53694.220931 19.937 0.065 53694.221764 19.826 0.068 53694.223431 19.756 0.24 -7.115496 -0.829139
53697.206689 20.906 0.197 53697.208355 20.049 0.033 53697.205022 19.874 0.046 53697.205855 19.693 0.039 53697.207522 19.351 0.087 -7.115496 -0.829139
53700.205649 21.05 0.153 53700.207315 20.083 0.021 53700.203982 19.911 0.025 53700.204815 19.738 0.029 53700.206482 19.349 0.072 -7.115496 -0.829139
53705.192318 20.704 0.097 53705.193984 20.083 0.021 53705.190651 19.857 0.021 53705.191484 19.747 0.024 53705.193151 19.451 0.061 -7.115496 -0.829139
53975.277346 20.609 0.108 53975.279013 19.856 0.024 53975.27568 19.673 0.02 53975.276513 19.586 0.03 53975.27818 19.312 0.071 -7.115496 -0.829139
53993.345142 20.488 0.088 53993.346809 -99.99 0.033 53993.343475 19.613 0.024 53993.344309 19.513 0.024 53993.345975 -99.99 0.078 -7.115496 -0.829139
53996.284049 20.661 0.074 53996.285716 19.89 0.026 53996.282382 19.668 0.019 53996.283216 19.606 0.024 53996.284882 19.445 0.06 -7.115496 -0.829139
53998.252688 20.467 0.059 53998.254355 19.832 0.023 53998.251022 19.657 0.02 53998.251855 19.55 0.022 53998.253522 19.349 0.044 -7.115496 -0.829139
54005.282918 20.411 0.059 54005.284585 19.824 0.028 54005.281251 19.658 0.019 54005.282085 19.541 0.017 54005.283751 19.345 0.048 -7.115496 -0.829139
54010.238161 20.489 0.077 54010.239828 19.823 0.021 54010.236494 19.68 0.022 54010.237328 19.467 0.021 54010.238994 19.315 0.043 -7.115496 -0.829139
54012.231064 20.606 0.16 54012.232731 19.802 0.036 54012.229397 19.654 0.029 54012.230231 19.573 0.027 54012.231897 19.291 0.054 -7.115496 -0.829139
54020.236981 20.373 0.084 54020.238648 19.79 0.022 54020.235314 19.648 0.023 54020.236148 19.547 0.026 54020.237814 19.299 0.065 -7.115496 -0.829139
54022.286253 -99.99 0.121 54022.28792 19.722 0.034 54022.284587 19.675 0.023 54022.28542 19.583 0.033 54022.287087 19.581 0.148 -7.115496 -0.829139
54028.227348 20.331 0.07 54028.229015 19.787 0.026 54028.225682 19.625 0.022 54028.226515 19.532 0.024 54028.228182 19.523 0.084 -7.115496 -0.829139
54030.230541 20.339 0.055 54030.232207 19.783 0.019 54030.228874 19.601 0.02 54030.229707 19.559 0.018 54030.231374 19.319 0.048 -7.115496 -0.829139
54035.306329 20.679 0.136 54035.307996 19.807 0.023 54035.304663 19.67 0.028 54035.305496 19.496 0.031 54035.307163 19.276 0.077 -7.115496 -0.829139
54037.211792 20.455 0.087 54037.213458 19.773 0.025 54037.210125 19.652 0.029 54037.210958 19.494 0.027 54037.212625 19.334 0.079 -7.115496 -0.829139
54040.226336 20.305 0.122 54040.228003 19.748 0.037 54040.224669 19.604 0.031 54040.225503 19.537 0.029 54040.227169 19.334 0.07 -7.115496 -0.829139
54047.256826 20.185 0.209 54047.258493 19.786 0.055 54047.255159 19.625 0.046 54047.255993 19.425 0.077 54047.257659 19.424 0.095 -7.115496 -0.829139
54049.252717 20.52 0.155 54049.254384 19.821 0.033 54049.251051 19.562 0.028 54049.251884 19.477 0.028 54049.253551 19.47 0.087 -7.115496 -0.829139
54053.217046 20.609 0.074 54053.218713 19.806 0.019 54053.215379 19.627 0.018 54053.216213 19.523 0.023 54053.217879 19.314 0.055 -7.115496 -0.829139
54056.218724 -99.99 0.152 54056.220391 19.827 0.045 54056.217058 19.597 0.035 54056.217891 -99.99 0.068 54056.219558 19.173 0.093 -7.115496 -0.829139
54059.21301 20.568 0.125 54059.214677 19.761 0.02 54059.211344 19.615 0.025 54059.212177 19.548 0.032 54059.213844 19.205 0.071 -7.115496 -0.829139
54062.217906 20.445 0.114 54062.219573 19.785 0.036 54062.216239 19.623 0.068 54062.217073 19.555 0.04 54062.218739 19.226 0.083 -7.115496 -0.829139
54357.256214 20.718 0.09 54357.257881 19.889 0.026 54357.254547 19.68 0.023 54357.255381 19.507 0.024 54357.257047 19.337 0.062 -7.115496 -0.829139
54362.306033 20.567 0.085 54362.307699 19.924 0.022 54362.304366 19.709 0.021 54362.305199 19.601 0.027 54362.306866 19.185 0.065 -7.115496 -0.829139
54385.304031 20.585 0.089 54385.305698 19.907 0.019 54385.302364 19.728 0.025 54385.303198 19.595 0.027 54385.304864 19.334 0.057 -7.115496 -0.829139
54387.304546 20.605 0.098 54387.306213 19.932 0.024 54387.30288 19.71 0.021 54387.303713 19.596 0.024 54387.30538 19.322 0.065 -7.115496 -0.829139
54392.299253 20.622 0.089 54392.30092 19.916 0.021 54392.297587 19.705 0.022 54392.29842 19.553 0.025 54392.300087 19.283 0.067 -7.115496 -0.829139
54402.297788 20.758 0.264 54402.299455 19.956 0.046 54402.296122 19.718 0.033 54402.296955 19.54 0.031 54402.298622 19.361 0.067 -7.115496 -0.829139
