51075.322095 19.883 0.036 51075.323761 20.063 0.019 51075.320428 20.006 0.022 51075.321261 19.741 0.03 51075.322928 19.626 0.096 8.028693 -0.05696
52196.322622 19.7 0.038 52196.324288 19.799 0.015 52196.320955 19.767 0.019 52196.321788 19.467 0.02 52196.323455 19.391 0.066 8.028693 -0.05696
52196.341345 19.74 0.04 52196.343011 19.802 0.016 52196.339678 19.726 0.021 52196.340511 19.484 0.022 52196.342178 19.443 0.069 8.028693 -0.05696
52197.335728 19.699 0.037 52197.337394 19.798 0.016 52197.334061 19.744 0.019 52197.334894 19.468 0.02 52197.336561 19.308 0.069 8.028693 -0.05696
52225.185901 19.756 0.036 52225.187567 19.815 0.016 52225.184234 19.766 0.018 52225.185067 19.464 0.02 52225.186734 19.483 0.068 8.028693 -0.05696
52231.221684 19.68 0.034 52231.22335 19.839 0.016 52231.220017 19.809 0.018 52231.22085 19.486 0.018 52231.222517 19.452 0.06 8.028693 -0.05696
52253.207853 19.747 0.042 52253.209519 19.879 0.017 52253.206186 19.866 0.022 52253.207019 19.478 0.021 52253.208686 19.445 0.066 8.028693 -0.05696
52557.329685 19.717 0.042 52557.331351 19.761 0.016 52557.328018 19.72 0.02 52557.328851 19.399 0.021 52557.330518 19.203 0.062 8.028693 -0.05696
52578.225769 19.639 0.034 52578.227435 19.74 0.014 52578.224102 19.734 0.02 52578.224935 19.466 0.02 52578.226602 19.252 0.056 8.028693 -0.05696
52908.304251 19.591 0.034 52908.305917 19.654 0.014 52908.302584 19.671 0.017 52908.303417 19.405 0.02 52908.305084 19.309 0.065 8.028693 -0.05696
52911.318039 19.615 0.045 52911.319705 19.682 0.022 52911.316372 19.692 0.022 52911.317205 19.401 0.026 52911.318872 19.335 0.099 8.028693 -0.05696
52934.236153 19.595 0.041 52934.237819 19.653 0.017 52934.234486 19.646 0.023 52934.235319 19.406 0.025 52934.236986 19.323 0.093 8.028693 -0.05696
52936.232079 19.574 0.034 52936.233745 19.671 0.015 52936.230412 19.66 0.017 52936.231245 19.403 0.019 52936.232912 19.303 0.06 8.028693 -0.05696
52962.157603 19.59 0.032 52962.159269 19.708 0.016 52962.155936 19.676 0.018 52962.156769 19.404 0.019 52962.158436 19.311 0.062 8.028693 -0.05696
53270.296133 19.711 0.035 53270.297799 19.802 0.027 53270.294466 19.802 0.017 53270.295299 19.501 0.019 53270.296966 19.465 0.057 8.028693 -0.05696
53272.346083 19.584 0.036 53272.347749 19.802 0.018 53272.344416 19.829 0.022 53272.345249 19.509 0.022 53272.346916 19.345 0.059 8.028693 -0.05696
53286.314802 -99.99 0.043 53286.316468 19.785 0.019 53286.313135 19.839 0.025 53286.313968 19.457 0.024 53286.315635 19.544 0.087 8.028693 -0.05696
53288.273291 19.696 0.044 53288.274957 19.78 0.017 53288.271624 19.744 0.021 53288.272457 19.503 0.024 53288.274124 19.287 0.068 8.028693 -0.05696
53294.320969 19.66 0.042 53294.322635 19.776 0.016 53294.319302 19.72 0.023 53294.320135 19.447 0.022 53294.321802 19.417 0.076 8.028693 -0.05696
53298.317746 19.7 0.039 53298.319412 19.781 0.016 53298.316079 19.75 0.02 53298.316912 19.486 0.021 53298.318579 19.564 0.077 8.028693 -0.05696
53302.26896 -99.99 0.054 53302.270626 19.798 0.029 53302.267293 19.791 0.027 53302.268126 19.475 0.023 53302.269793 19.429 0.064 8.028693 -0.05696
53312.224493 19.707 0.047 53312.226159 19.786 0.025 53312.222826 19.761 0.024 53312.223659 19.519 0.025 53312.225326 19.503 0.082 8.028693 -0.05696
53314.22569 19.719 0.038 53314.227356 19.78 0.015 53314.224023 19.772 0.022 53314.224856 19.482 0.022 53314.226523 19.394 0.074 8.028693 -0.05696
53616.330053 19.789 0.06 53616.331719 19.803 0.021 53616.328386 19.801 0.025 53616.329219 19.521 0.033 53616.330886 19.586 0.122 8.028693 -0.05696
53626.306478 19.652 0.037 53626.308144 19.787 0.017 53626.304811 19.765 0.021 53626.305644 19.466 0.022 53626.307311 19.442 0.069 8.028693 -0.05696
53628.291343 19.691 0.074 53628.293009 19.77 0.035 53628.289676 19.715 0.03 53628.290509 19.482 0.028 53628.292176 19.456 0.083 8.028693 -0.05696
53637.29296 19.636 0.058 53637.294626 19.769 0.027 53637.291293 19.712 0.027 53637.292126 19.465 0.031 53637.293793 19.346 0.099 8.028693 -0.05696
53639.338337 19.655 0.036 53639.340003 19.756 0.016 53639.33667 19.727 0.017 53639.337503 19.455 0.018 53639.33917 19.436 0.054 8.028693 -0.05696
53654.320029 19.628 0.039 53654.321695 19.737 0.015 53654.318362 19.746 0.019 53654.319195 19.476 0.022 53654.320862 19.356 0.068 8.028693 -0.05696
53663.280934 19.631 0.058 53663.2826 19.752 0.028 53663.279267 19.683 0.024 53663.2801 19.419 0.021 53663.281767 19.367 0.059 8.028693 -0.05696
53665.258903 19.491 0.093 53665.260569 19.719 0.04 53665.257236 19.737 0.09 53665.258069 19.57 0.052 53665.259736 -99.99 0.154 8.028693 -0.05696
53666.351034 19.678 0.065 53666.3527 19.81 0.026 53666.349367 19.712 0.024 53666.3502 19.452 0.024 53666.351867 19.247 0.061 8.028693 -0.05696
53668.270533 19.671 0.051 53668.272199 19.75 0.021 53668.268866 19.707 0.026 53668.269699 19.459 0.03 53668.271366 19.589 0.113 8.028693 -0.05696
53670.275386 19.642 0.038 53670.277052 19.74 0.015 53670.273719 19.695 0.019 53670.274552 19.444 0.02 53670.276219 19.509 0.073 8.028693 -0.05696
53673.243371 19.672 0.038 53673.245037 19.751 0.015 53673.241704 19.722 0.019 53673.242537 19.46 0.02 53673.244204 19.509 0.068 8.028693 -0.05696
53675.240259 19.592 0.039 53675.241925 19.769 0.016 53675.238592 19.739 0.022 53675.239425 19.406 0.023 53675.241092 19.582 0.098 8.028693 -0.05696
53677.261289 19.683 0.063 53677.262955 19.711 0.014 53677.259622 19.693 0.018 53677.260455 19.421 0.019 53677.262122 19.426 0.061 8.028693 -0.05696
53680.247955 19.626 0.037 53680.249621 19.738 0.015 53680.246288 19.739 0.018 53680.247121 19.436 0.018 53680.248788 19.292 0.055 8.028693 -0.05696
53693.249853 19.494 0.073 53693.251519 19.756 0.029 53693.248186 19.719 0.026 53693.249019 19.452 0.023 53693.250686 19.454 0.066 8.028693 -0.05696
53698.247243 19.706 0.043 53698.248909 19.744 0.018 53698.245576 19.727 0.02 53698.246409 19.433 0.021 53698.248076 19.428 0.074 8.028693 -0.05696
53704.233175 19.616 0.041 53704.234841 19.783 0.018 53704.231508 19.755 0.023 53704.232341 19.463 0.024 53704.234008 19.61 0.096 8.028693 -0.05696
53974.325832 19.631 0.033 53974.327499 19.769 0.019 53974.324166 19.735 0.021 53974.324999 19.475 0.023 53974.326666 19.486 0.051 8.028693 -0.05696
53977.374439 19.662 0.033 53977.376105 19.774 0.02 53977.372772 19.742 0.022 53977.373605 19.459 0.025 53977.375272 19.346 0.05 8.028693 -0.05696
53989.329317 19.704 0.068 53989.330984 19.724 0.03 53989.327651 19.788 0.029 53989.328484 19.464 0.031 53989.330151 19.567 0.064 8.028693 -0.05696
53997.424886 19.657 0.043 53997.426553 19.806 0.028 53997.423219 19.752 0.02 53997.424053 -99.99 0.021 53997.425719 -99.99 0.055 8.028693 -0.05696
54000.304638 19.637 0.045 54000.306304 19.781 0.024 54000.302971 19.751 0.025 54000.303804 19.519 0.028 54000.305471 19.435 0.081 8.028693 -0.05696
54006.251465 -99.99 0.107 54006.253132 -99.99 0.028 54006.249799 19.758 0.026 54006.250632 -99.99 0.028 54006.252299 -99.99 0.101 8.028693 -0.05696
54007.354789 -99.99 0.041 54007.356455 19.77 0.022 54007.353122 19.766 0.023 54007.353955 19.477 0.025 54007.355622 19.391 0.063 8.028693 -0.05696
54009.27862 19.716 0.038 54009.280287 19.786 0.034 54009.276954 19.714 0.02 54009.277787 19.491 0.025 54009.279454 19.476 0.061 8.028693 -0.05696
54011.343058 19.739 0.047 54011.344724 19.795 0.022 54011.341391 19.757 0.024 54011.342224 19.527 0.024 54011.343891 19.365 0.057 8.028693 -0.05696
54025.342061 19.648 0.041 54025.343728 19.808 0.03 54025.340395 19.753 0.024 54025.341228 19.493 0.026 54025.342895 19.319 0.086 8.028693 -0.05696
54029.272419 -99.99 0.059 54029.274086 -99.99 0.045 54029.270753 19.783 0.042 54029.271586 19.482 0.038 54029.273253 20.295 0.161 8.028693 -0.05696
54348.339803 19.765 0.044 54348.34147 19.953 0.021 54348.338136 19.897 0.022 54348.33897 19.561 0.032 54348.340636 19.678 0.072 8.028693 -0.05696
54358.29565 19.869 0.052 54358.297317 19.928 0.04 54358.293983 19.904 0.032 54358.294817 19.569 0.026 54358.296483 19.425 0.089 8.028693 -0.05696
54359.28966 19.744 0.058 54359.291327 19.923 0.027 54359.287993 19.842 0.038 54359.288827 19.628 0.042 54359.290493 19.568 0.125 8.028693 -0.05696
54365.328693 19.782 0.04 54365.33036 19.898 0.021 54365.327026 19.888 0.021 54365.32786 19.572 0.024 54365.329526 19.521 0.057 8.028693 -0.05696
54381.34827 19.776 0.049 54381.349936 19.951 0.029 54381.346603 19.925 0.03 54381.347436 19.619 0.029 54381.349103 19.501 0.102 8.028693 -0.05696
54384.354901 19.725 0.043 54384.356567 19.964 0.022 54384.353234 19.918 0.031 54384.354067 19.622 0.025 54384.355734 19.698 0.083 8.028693 -0.05696
54386.340582 19.717 0.048 54386.342249 19.918 0.056 54386.338916 19.906 0.031 54386.339749 19.58 0.033 54386.341416 19.551 0.093 8.028693 -0.05696
54388.344884 19.778 0.041 54388.34655 19.975 0.035 54388.343217 19.908 0.021 54388.34405 19.601 0.023 54388.345717 19.415 0.06 8.028693 -0.05696
54403.25864 19.883 0.083 54403.260306 19.91 0.031 54403.256973 19.852 0.034 54403.257806 19.535 0.034 54403.259473 19.588 0.091 8.028693 -0.05696
54404.316202 19.654 0.057 54404.317869 19.976 0.029 54404.314535 19.861 0.024 54404.315369 19.571 0.029 54404.317035 19.471 0.071 8.028693 -0.05696
54405.314185 19.795 0.052 54405.315851 19.958 0.027 54405.312518 19.952 0.024 54405.313351 19.623 0.023 54405.315018 19.556 0.071 8.028693 -0.05696
54406.252454 19.769 0.042 54406.254121 19.913 0.017 54406.250788 19.901 0.024 54406.251621 19.576 0.026 54406.253288 19.421 0.055 8.028693 -0.05696
54412.25542 19.705 0.04 54412.257087 19.94 0.022 54412.253753 19.927 0.022 54412.254587 19.563 0.022 54412.256253 19.53 0.076 8.028693 -0.05696
