51081.297643 22.176 0.321 51081.299309 20.767 0.037 51081.295976 19.835 0.025 51081.296809 19.358 0.022 51081.298476 19.214 0.066 5.064938 -0.23677
51819.368759 22.864 0.493 51819.370425 20.928 0.037 51819.367092 20.028 0.024 51819.367925 19.499 0.021 51819.369592 19.234 0.058 5.064938 -0.23677
52558.334005 22.071 0.262 52558.335671 20.898 0.032 52558.332338 19.999 0.022 52558.333171 19.506 0.02 52558.334838 19.164 0.053 5.064938 -0.23677
52577.221507 21.934 0.208 52577.223173 20.824 0.032 52577.21984 19.944 0.024 52577.220673 19.448 0.023 52577.22234 19.052 0.055 5.064938 -0.23677
52586.224985 22.555 0.29 52586.226651 20.78 0.029 52586.223318 19.962 0.024 52586.224151 19.433 0.022 52586.225818 19.132 0.058 5.064938 -0.23677
52910.305466 22.608 0.305 52910.307132 20.88 0.03 52910.303799 19.956 0.019 52910.304632 19.438 0.019 52910.306299 19.194 0.05 5.064938 -0.23677
52931.235669 22.837 0.443 52931.237335 20.813 0.034 52931.234002 19.944 0.023 52931.234835 19.441 0.021 52931.236502 19.287 0.061 5.064938 -0.23677
52935.232632 22.695 0.362 52935.234298 20.868 0.032 52935.230965 19.967 0.021 52935.231798 19.458 0.019 52935.233465 19.186 0.056 5.064938 -0.23677
52959.175961 23.152 0.462 52959.177627 20.888 0.031 52959.174294 19.929 0.019 52959.175127 19.443 0.018 52959.176794 19.124 0.044 5.064938 -0.23677
52963.155705 22.316 0.195 52963.157371 20.878 0.028 52963.154038 19.945 0.019 52963.154871 19.419 0.017 52963.156538 19.132 0.042 5.064938 -0.23677
53352.126771 22.483 0.254 53352.128437 20.831 0.028 53352.125104 19.977 0.02 53352.125937 19.472 0.019 53352.127604 19.232 0.055 5.064938 -0.23677
53622.335073 22.125 0.302 53622.336739 20.919 0.038 53622.333406 19.91 0.028 53622.334239 19.372 0.024 53622.335906 19.204 0.067 5.064938 -0.23677
53634.284542 21.402 0.439 53634.286208 20.725 0.095 53634.282875 19.9 0.044 53634.283708 19.453 0.031 53634.285375 19.173 0.076 5.064938 -0.23677
53638.325877 22.681 0.439 53638.327543 20.824 0.036 53638.32421 19.892 0.021 53638.325043 19.4 0.018 53638.32671 19.07 0.045 5.064938 -0.23677
53640.289912 22.005 0.298 53640.291578 20.856 0.038 53640.288245 19.915 0.031 53640.289078 19.387 0.023 53640.290745 19.25 0.062 5.064938 -0.23677
53655.262083 21.993 0.403 53655.263749 20.821 0.067 53655.260416 19.94 0.036 53655.261249 19.446 0.028 53655.262916 19.237 0.078 5.064938 -0.23677
53664.28704 22.407 0.723 53664.288706 20.95 0.082 53664.285373 19.986 0.032 53664.286206 19.428 0.026 53664.287873 19.14 0.063 5.064938 -0.23677
53669.246283 22.407 0.258 53669.247949 20.863 0.03 53669.244616 19.945 0.02 53669.245449 19.396 0.019 53669.247116 19.085 0.051 5.064938 -0.23677
53671.331054 22.819 0.705 53671.33272 20.918 0.042 53671.329387 19.942 0.027 53671.33022 19.41 0.022 53671.331887 19.161 0.064 5.064938 -0.23677
53674.230519 22.218 0.262 53674.232185 20.859 0.031 53674.228852 19.941 0.022 53674.229685 19.417 0.019 53674.231352 19.073 0.048 5.064938 -0.23677
53676.319997 22.237 0.3 53676.321663 20.765 0.029 53676.31833 19.924 0.022 53676.319163 19.421 0.018 53676.32083 19.183 0.051 5.064938 -0.23677
53679.291888 22.7 0.554 53679.293554 20.788 0.037 53679.290221 19.96 0.029 53679.291054 19.424 0.025 53679.292721 19.17 0.074 5.064938 -0.23677
53681.283401 24.969 1.067 53681.285067 20.797 0.036 53681.281734 19.885 0.023 53681.282567 19.413 0.021 53681.284234 19.149 0.058 5.064938 -0.23677
53685.242452 22.206 0.866 53685.244118 20.809 0.121 53685.240785 19.889 0.053 53685.241618 19.39 0.033 53685.243285 19.302 0.081 5.064938 -0.23677
53694.256331 21.043 0.555 53694.257997 20.756 0.152 53694.254664 19.875 0.054 53694.255497 19.452 0.048 53694.257164 19.31 0.126 5.064938 -0.23677
53697.240424 22.568 0.424 53697.24209 20.786 0.033 53697.238757 19.923 0.023 53697.23959 19.392 0.019 53697.241257 19.153 0.05 5.064938 -0.23677
53700.239383 22.837 0.687 53700.241049 -99.99 0.037 53700.237716 19.912 0.025 53700.238549 19.422 0.025 53700.240216 19.191 0.069 5.064938 -0.23677
53705.226052 22.261 0.288 53705.227718 20.798 0.032 53705.224385 19.913 0.021 53705.225218 19.372 0.018 53705.226885 19.226 0.049 5.064938 -0.23677
53975.311046 21.898 0.212 53975.312713 -99.99 0.034 53975.309379 19.774 0.019 53975.310213 19.336 0.026 53975.311879 19.111 0.057 5.064938 -0.23677
53990.323936 21.581 0.315 53990.325603 20.651 0.058 53990.322269 19.811 0.026 53990.323103 19.296 0.025 53990.324769 19.018 0.052 5.064938 -0.23677
53994.334054 22.978 0.429 53994.335721 20.666 0.026 53994.332387 19.77 0.018 53994.333221 19.312 0.022 53994.334887 19.057 0.044 5.064938 -0.23677
53996.317796 22.012 0.278 53996.319462 20.635 0.032 53996.316129 19.946 0.033 53996.316962 19.3 0.027 53996.318629 19.018 0.053 5.064938 -0.23677
53998.286412 22.007 0.169 53998.288079 20.617 0.025 53998.284746 19.825 0.017 53998.285579 19.311 0.02 53998.287246 19.072 0.04 5.064938 -0.23677
54005.316665 21.986 0.155 54005.318332 20.657 0.023 54005.314999 19.793 0.019 54005.315832 19.278 0.019 54005.317499 18.941 0.035 5.064938 -0.23677
54010.271931 22.452 0.376 54010.273598 20.647 0.043 54010.270264 19.783 0.023 54010.271098 19.395 0.02 54010.272764 19.07 0.039 5.064938 -0.23677
54012.264794 24.596 4.985 54012.266461 20.671 0.066 54012.263127 19.795 0.029 54012.263961 19.258 0.025 54012.265627 18.984 0.046 5.064938 -0.23677
54020.270775 21.428 0.333 54020.272442 20.704 0.053 54020.269108 19.793 0.027 54020.269942 19.312 0.027 54020.271608 19.09 0.063 5.064938 -0.23677
54024.352324 21.966 0.359 54024.353991 20.564 0.039 54024.350657 19.853 0.025 54024.351491 19.312 0.023 54024.353157 18.946 0.062 5.064938 -0.23677
54030.264271 22.203 0.209 54030.265937 20.607 0.028 54030.262604 19.809 0.016 54030.263437 19.311 0.02 54030.265104 19.07 0.037 5.064938 -0.23677
54035.340061 23.531 2.265 54035.341728 20.662 0.052 54035.338395 19.81 0.065 54035.339228 -99.99 0.074 54035.340895 18.786 0.069 5.064938 -0.23677
54037.245552 22.808 0.405 54037.247219 20.638 0.025 54037.243885 19.789 0.021 54037.244719 19.296 0.021 54037.246385 19.071 0.043 5.064938 -0.23677
54040.259998 21.826 0.42 54040.261664 20.63 0.062 54040.258331 19.744 0.032 54040.259164 19.311 0.026 54040.260831 19.065 0.052 5.064938 -0.23677
54049.286485 23.46 3.21 54049.288152 20.668 0.086 54049.284818 19.794 0.056 54049.285652 19.264 0.038 54049.287318 19.111 0.099 5.064938 -0.23677
54053.250773 22.2 0.243 54053.25244 20.625 0.029 54053.249107 19.822 0.024 54053.24994 19.253 0.02 54053.251607 19.105 0.048 5.064938 -0.23677
54056.252491 22.656 0.57 54056.254157 20.598 0.04 54056.250824 19.796 0.041 54056.251657 19.341 0.032 54056.253324 19.025 0.06 5.064938 -0.23677
54059.246801 22.75 0.792 54059.248467 20.655 0.042 54059.245134 19.843 0.033 54059.245967 19.325 0.047 54059.247634 19.103 0.064 5.064938 -0.23677
54062.251629 22.923 0.814 54062.253296 20.73 0.047 54062.249962 19.781 0.03 54062.250796 19.311 0.032 54062.252462 19.268 0.097 5.064938 -0.23677
54068.232243 99.988 99.999 54068.23391 20.627 0.109 54068.230577 19.793 0.042 54068.23141 19.297 0.031 54068.233077 19.013 0.066 5.064938 -0.23677
54357.289956 22.663 0.354 54357.291622 20.495 0.026 54357.288289 19.712 0.022 54357.289122 19.191 0.029 54357.290789 18.956 0.035 5.064938 -0.23677
54362.339769 21.845 0.178 54362.341436 20.499 0.025 54362.338103 19.704 0.026 54362.338936 19.221 0.029 54362.340603 18.938 0.042 5.064938 -0.23677
54382.31995 21.684 0.242 54382.321617 -99.99 0.035 54382.318283 19.71 0.032 54382.319117 19.244 0.042 54382.320783 18.863 0.055 5.064938 -0.23677
54385.337815 22.622 0.375 54385.339482 20.545 0.029 54385.336149 19.678 0.033 54385.336982 19.202 0.019 54385.338649 18.907 0.036 5.064938 -0.23677
54387.338251 21.937 0.295 54387.339918 20.516 0.036 54387.336584 19.686 0.037 54387.337418 19.206 0.026 54387.339084 19.054 0.056 5.064938 -0.23677
54392.332978 22.107 0.335 54392.334645 20.521 0.033 54392.331312 19.679 0.022 54392.332145 19.216 0.027 54392.333812 18.902 0.05 5.064938 -0.23677
54402.331456 22.061 0.861 54402.333122 20.505 0.074 54402.329789 19.637 0.03 54402.330622 19.206 0.032 54402.332289 18.941 0.053 5.064938 -0.23677
