51075.27812 21.313 0.147 51075.279786 20.767 0.035 51075.276453 20.579 0.043 51075.277286 20.063 0.051 51075.278953 19.936 0.164 -7.847831 1.182689
51464.266041 21.39 0.188 51464.267707 21.033 0.051 51464.264374 20.764 0.052 51464.265207 20.18 0.05 51464.266874 19.989 0.147 -7.847831 1.182689
52196.278632 21.388 0.145 52196.280298 20.899 0.033 52196.276965 20.599 0.038 52196.277798 20.075 0.04 52196.279465 19.988 0.134 -7.847831 1.182689
52197.291767 21.651 0.15 52197.293433 20.978 0.033 52197.2901 20.674 0.035 52197.290933 20.075 0.034 52197.2926 19.924 0.109 -7.847831 1.182689
52225.141927 21.434 0.128 52225.143593 20.872 0.032 52225.14026 20.594 0.037 52225.141093 20.071 0.038 52225.14276 19.814 0.101 -7.847831 1.182689
52231.17771 21.596 0.143 52231.179376 20.891 0.03 52231.176043 20.683 0.035 52231.176876 20.143 0.035 52231.178543 19.842 0.091 -7.847831 1.182689
52557.285714 21.355 0.151 52557.28738 20.676 0.03 52557.284047 20.55 0.038 52557.28488 20.089 0.04 52557.286547 19.962 0.132 -7.847831 1.182689
52578.181796 21.183 0.105 52578.183462 20.749 0.027 52578.180129 20.584 0.036 52578.180962 20.08 0.036 52578.182629 19.718 0.086 -7.847831 1.182689
52908.26028 21.202 0.126 52908.261946 20.634 0.029 52908.258613 20.528 0.037 52908.259446 19.905 0.035 52908.261113 19.761 0.114 -7.847831 1.182689
52911.274065 21.308 0.132 52911.275731 20.662 0.029 52911.272398 20.489 0.035 52911.273231 20.052 0.039 52911.274898 19.893 0.124 -7.847831 1.182689
52930.151439 21.461 0.142 52930.153105 20.708 0.028 52930.149772 20.516 0.029 52930.150605 20.001 0.03 52930.152272 20.039 0.116 -7.847831 1.182689
52934.192181 21.143 0.134 52934.193847 20.77 0.03 52934.190514 20.56 0.041 52934.191347 20.045 0.042 52934.193014 20.16 0.156 -7.847831 1.182689
52936.188105 21.084 0.096 52936.189771 20.768 0.057 52936.186438 20.54 0.032 52936.187271 19.997 0.036 52936.188938 -99.99 0.101 -7.847831 1.182689
52962.113628 21.351 0.14 52962.115294 20.691 0.031 52962.111961 20.51 0.036 52962.112794 20.021 0.038 52962.114461 19.756 0.103 -7.847831 1.182689
53270.252179 21.239 0.168 53270.253845 20.835 0.034 53270.250512 20.649 0.036 53270.251345 20.116 0.036 53270.253012 20.017 0.11 -7.847831 1.182689
53272.302112 21.44 0.291 53272.303778 20.819 0.067 53272.300445 20.697 0.064 53272.301278 20.151 0.05 53272.302945 19.927 0.123 -7.847831 1.182689
53286.270829 21.422 0.201 53286.272495 20.849 0.042 53286.269162 20.621 0.056 53286.269995 20.008 0.049 53286.271662 20.274 0.176 -7.847831 1.182689
53288.22932 21.306 0.133 53288.230986 20.757 0.029 53288.227653 20.582 0.034 53288.228486 20.002 0.034 53288.230153 19.936 0.103 -7.847831 1.182689
53302.224988 21.266 0.347 53302.226654 20.805 0.095 53302.223321 20.491 0.088 53302.224154 20.099 0.075 53302.225821 19.847 0.144 -7.847831 1.182689
53312.180567 21.383 0.143 53312.182234 20.946 0.042 53312.178901 20.614 0.042 53312.179734 20.024 0.042 53312.181401 19.998 0.135 -7.847831 1.182689
53314.181716 21.409 0.149 53314.183382 20.832 0.031 53314.180049 20.629 0.041 53314.180882 20.055 0.042 53314.182549 19.935 0.133 -7.847831 1.182689
53616.286083 -99.99 0.229 53616.287749 20.565 0.035 53616.284416 -99.99 0.054 53616.285249 20.098 0.096 53616.286916 19.915 0.164 -7.847831 1.182689
53623.276295 21.427 0.157 53623.277961 20.699 0.031 53623.274628 20.58 0.036 53623.275461 20.025 0.036 53623.277128 20.047 0.122 -7.847831 1.182689
53626.262506 21.007 0.141 53626.264172 20.653 0.046 53626.260839 20.497 0.046 53626.261672 20.07 0.045 53626.263339 19.813 0.111 -7.847831 1.182689
53628.247372 21.277 0.373 53628.249038 20.564 0.089 53628.245705 20.409 0.069 53628.246538 19.916 0.057 53628.248205 19.905 0.165 -7.847831 1.182689
53637.248987 21.059 0.21 53637.250653 20.643 0.054 53637.24732 20.538 0.057 53637.248153 20.016 0.057 53637.24982 19.694 0.152 -7.847831 1.182689
53639.294353 21.411 0.155 53639.296019 20.773 0.034 53639.292686 20.655 0.035 53639.293519 20.037 0.035 53639.295186 19.928 0.107 -7.847831 1.182689
53644.24146 21.224 0.097 53644.243126 20.742 0.03 53644.239793 20.59 0.03 53644.240626 20.041 0.029 53644.242293 19.952 0.081 -7.847831 1.182689
53654.276057 21.362 0.143 53654.277723 20.753 0.029 53654.27439 20.559 0.037 53654.275223 20.042 0.039 53654.27689 19.794 0.108 -7.847831 1.182689
53663.236961 21.029 0.185 53663.238627 20.788 0.058 53663.235294 20.645 0.052 53663.236127 19.994 0.038 53663.237794 20.116 0.122 -7.847831 1.182689
53668.22656 21.157 0.163 53668.228226 20.78 0.038 53668.224893 20.541 0.043 53668.225726 20.003 0.048 53668.227393 19.931 0.161 -7.847831 1.182689
53670.231412 21.15 0.121 53670.233078 20.731 0.029 53670.229745 20.596 0.035 53670.230578 20.035 0.036 53670.232245 19.834 0.103 -7.847831 1.182689
53673.199396 20.989 0.13 53673.201062 20.729 0.03 53673.197729 20.59 0.04 53673.198562 20.019 0.041 53673.200229 20.003 0.146 -7.847831 1.182689
53675.196285 21.348 0.17 53675.197951 20.769 0.033 53675.194618 20.579 0.05 53675.195451 20.017 0.046 53675.197118 19.823 0.128 -7.847831 1.182689
53677.217315 21.281 0.127 53677.218981 20.74 0.028 53677.215648 20.516 0.034 53677.216481 20.099 0.034 53677.218148 20.006 0.1 -7.847831 1.182689
53680.203981 21.167 0.124 53680.205647 20.738 0.03 53680.202314 20.552 0.039 53680.203147 19.959 0.034 53680.204814 19.91 0.1 -7.847831 1.182689
53693.205879 20.923 0.211 53693.207545 20.782 0.069 53693.204212 20.732 0.066 53693.205045 20.033 0.044 53693.206712 19.918 0.109 -7.847831 1.182689
53704.189206 21.323 0.165 53704.190872 20.695 0.03 53704.187539 20.552 0.037 53704.188372 19.991 0.036 53704.190039 19.987 0.121 -7.847831 1.182689
53974.281875 21.591 0.14 53974.283541 20.947 0.031 53974.280208 20.625 0.031 53974.281041 20.17 0.032 53974.282708 20.254 0.122 -7.847831 1.182689
53989.285311 21.103 0.198 53989.286977 20.839 0.068 53989.283644 20.55 0.056 53989.284477 20.083 0.047 53989.286144 19.985 0.121 -7.847831 1.182689
53997.380941 21.377 0.159 53997.382608 20.874 0.04 53997.379274 20.603 0.04 53997.380108 -99.99 0.047 53997.381774 -99.99 0.122 -7.847831 1.182689
54000.260701 21.188 0.152 54000.262367 20.88 0.035 54000.259034 20.684 0.052 54000.259867 20.042 0.045 54000.261534 20.047 0.14 -7.847831 1.182689
54007.310821 21.337 0.152 54007.312488 20.921 0.033 54007.309155 20.669 0.041 54007.309988 20.073 0.039 54007.311655 20.137 0.145 -7.847831 1.182689
54009.234669 21.73 0.206 54009.236336 20.967 0.045 54009.233002 20.675 0.043 54009.233836 20.141 0.038 54009.235502 20.053 0.119 -7.847831 1.182689
54011.299103 21.758 0.258 54011.30077 20.981 0.066 54011.297437 20.654 0.056 54011.29827 20.13 0.046 54011.299937 -99.99 0.099 -7.847831 1.182689
54019.249366 21.462 0.333 54019.251032 20.874 0.076 54019.247699 20.75 0.067 54019.248532 20.193 0.059 54019.250199 20.042 0.171 -7.847831 1.182689
54025.298115 21.403 0.148 54025.299782 20.865 0.061 54025.296449 20.597 0.057 54025.297282 20.105 0.059 54025.298949 20.097 0.168 -7.847831 1.182689
54029.228492 21.647 0.166 54029.230158 20.956 0.036 54029.226825 20.671 0.042 54029.227658 20.221 0.047 54029.229325 20.06 0.127 -7.847831 1.182689
54348.295829 21.428 0.173 54348.297496 20.911 0.039 54348.294162 20.778 0.044 54348.294996 20.092 0.04 54348.296662 19.915 0.114 -7.847831 1.182689
54358.251659 21.293 0.187 54358.253325 20.913 0.045 54358.249992 20.726 0.049 54358.250825 20.19 0.047 54358.252492 20.066 0.137 -7.847831 1.182689
54365.284755 -99.99 0.394 54365.286422 21.094 0.113 54365.283088 20.72 0.061 54365.283922 -99.99 0.069 54365.285588 20.192 0.253 -7.847831 1.182689
54381.304376 21.19 0.12 54381.306043 20.958 0.036 54381.30271 20.742 0.043 54381.303543 20.263 0.045 54381.30521 20.117 0.126 -7.847831 1.182689
54386.296666 21.402 0.152 54386.298333 20.954 0.033 54386.295 20.712 0.04 54386.295833 20.238 0.043 54386.2975 20.288 0.14 -7.847831 1.182689
54388.300981 21.36 0.154 54388.302648 20.935 0.037 54388.299314 20.769 0.042 54388.300148 20.216 0.042 54388.301814 20.147 0.116 -7.847831 1.182689
54403.214661 21.397 0.24 54403.216328 20.883 0.064 54403.212994 20.711 0.059 54403.213828 20.144 0.05 54403.215494 19.952 0.123 -7.847831 1.182689
54404.272214 21.402 0.222 54404.27388 21.004 0.057 54404.270547 20.8 0.05 54404.27138 20.229 0.045 54404.273047 20.099 0.114 -7.847831 1.182689
54405.270192 21.717 0.241 54405.271858 21.054 0.053 54405.268525 20.67 0.046 54405.269358 20.206 0.044 54405.271025 19.969 0.133 -7.847831 1.182689
54406.208527 21.476 0.15 54406.210194 20.992 0.039 54406.206861 20.767 0.05 54406.207694 20.179 0.054 54406.209361 19.991 0.129 -7.847831 1.182689
54412.211447 21.533 0.168 54412.213114 21.015 0.037 54412.20978 20.691 0.037 54412.210614 -99.99 0.038 54412.21228 -99.99 0.105 -7.847831 1.182689
