51075.32352 20.504 0.058 51075.325186 -99.99 0.021 51075.321853 20.03 0.023 51075.322686 19.999 0.033 51075.324353 -99.99 0.165 8.542993 0.397224
51819.378363 20.316 0.059 51819.380029 20.114 0.024 51819.376696 19.986 0.024 51819.377529 20.023 0.036 51819.379196 19.938 0.103 8.542993 0.397224
52196.324085 -99.99 0.065 52196.325751 20.17 0.02 52196.322418 20.039 0.024 52196.323251 20.024 0.032 52196.324918 19.774 0.108 8.542993 0.397224
52196.342725 -99.99 0.065 52196.344391 20.143 0.02 52196.341058 20.028 0.023 52196.341891 20.118 0.032 52196.343558 19.849 0.112 8.542993 0.397224
52197.33719 20.442 0.069 52197.338856 20.109 0.019 52197.335523 20.014 0.022 52197.336356 20.084 0.034 52197.338023 20.111 0.165 8.542993 0.397224
52225.187326 20.636 0.07 52225.188992 20.19 0.02 52225.185659 20.087 0.023 52225.186492 20.06 0.031 52225.188159 20.025 0.134 8.542993 0.397224
52231.223108 20.435 0.06 52231.224774 20.239 0.019 52231.221441 20.126 0.023 52231.222274 20.129 0.03 52231.223941 19.837 0.1 8.542993 0.397224
52253.209277 20.416 0.072 52253.210943 20.199 0.021 52253.20761 20.097 0.025 52253.208443 20.102 0.033 52253.21011 19.856 0.11 8.542993 0.397224
52557.33111 20.365 0.069 52557.332776 20.17 0.021 52557.329443 20.022 0.026 52557.330276 20.023 0.035 52557.331943 20.131 0.164 8.542993 0.397224
52578.227194 20.453 0.063 52578.22886 20.122 0.018 52578.225527 20.013 0.023 52578.22636 20.031 0.03 52578.228027 19.797 0.102 8.542993 0.397224
52908.305676 20.571 0.075 52908.307342 20.256 0.021 52908.304009 20.044 0.023 52908.304842 20.069 0.032 52908.306509 19.594 0.093 8.542993 0.397224
52911.319463 21.021 0.181 52911.321129 -99.99 0.025 52911.317796 20.001 0.03 52911.318629 19.992 0.042 52911.320296 19.714 0.171 8.542993 0.397224
52934.237577 -99.99 0.094 52934.239243 20.225 0.026 52934.23591 20.029 0.03 52934.236743 20.083 0.045 52934.23841 19.852 0.178 8.542993 0.397224
52936.233504 20.525 0.074 52936.23517 20.192 0.019 52936.231837 20.049 0.023 52936.23267 20.098 0.033 52936.234337 19.952 0.122 8.542993 0.397224
52962.159028 -99.99 0.075 52962.160694 20.228 0.023 52962.157361 20.061 0.023 52962.158194 20.001 0.032 52962.159861 19.732 0.111 8.542993 0.397224
53270.297564 20.463 0.059 53270.29923 20.231 0.018 53270.295897 20.083 0.022 53270.29673 20.027 0.029 53270.298397 19.838 0.09 8.542993 0.397224
53272.347507 -99.99 0.074 53272.349173 20.198 0.022 53272.34584 20.076 0.025 53272.346673 20.105 0.033 53272.34834 20.028 0.126 8.542993 0.397224
53286.316227 20.407 0.092 53286.317893 20.289 0.025 53286.31456 20.107 0.03 53286.315393 20.109 0.039 53286.31706 19.931 0.132 8.542993 0.397224
53288.274719 20.463 0.084 53288.276385 20.258 0.022 53288.273052 20.097 0.029 53288.273885 19.966 0.034 53288.275552 19.879 0.125 8.542993 0.397224
53294.322392 20.461 0.08 53294.324058 20.196 0.023 53294.320725 20.096 0.029 53294.321558 20.047 0.039 53294.323225 19.718 0.115 8.542993 0.397224
53298.31917 -99.99 0.123 53298.320836 20.209 0.021 53298.317503 20.07 0.027 53298.318336 20.061 0.034 53298.320003 20.048 0.143 8.542993 0.397224
53302.270385 20.53 0.117 53302.272051 20.23 0.04 53302.268718 20.069 0.035 53302.269551 20.102 0.04 53302.271218 20.054 0.124 8.542993 0.397224
53312.225924 20.549 0.09 53312.227591 20.297 0.036 53312.224258 20.008 0.029 53312.225091 20.01 0.038 53312.226758 20.706 0.28 8.542993 0.397224
53314.227114 -99.99 0.074 53314.22878 20.178 0.02 53314.225447 20.034 0.027 53314.22628 20.048 0.036 53314.227947 19.818 0.128 8.542993 0.397224
53616.331476 20.21 0.096 53616.333142 20.349 0.029 53616.329809 20.131 0.035 53616.330642 20.038 0.049 53616.332309 19.892 0.182 8.542993 0.397224
53626.307902 20.536 0.081 53626.309568 -99.99 0.022 53626.306235 20.124 0.025 53626.307068 20.144 0.035 53626.308735 19.776 0.104 8.542993 0.397224
53628.292766 -99.99 0.167 53628.294432 20.362 0.056 53628.291099 20.154 0.045 53628.291932 20.134 0.05 53628.293599 19.962 0.15 8.542993 0.397224
53637.294383 20.49 0.125 53637.296049 20.2 0.038 53637.292716 20.029 0.034 53637.293549 20.04 0.048 53637.295216 19.624 0.141 8.542993 0.397224
53639.33976 20.548 0.077 53639.341426 20.328 0.024 53639.338093 20.089 0.023 53639.338926 20.083 0.027 53639.340593 19.99 0.106 8.542993 0.397224
53654.321451 20.508 0.078 53654.323117 20.179 0.02 53654.319784 19.998 0.023 53654.320617 19.984 0.032 53654.322284 19.867 0.131 8.542993 0.397224
53663.282356 -99.99 0.149 53663.284022 20.181 0.035 53663.280689 20.061 0.031 53663.281522 20.075 0.034 53663.283189 20.006 0.112 8.542993 0.397224
53665.260326 20.537 0.197 53665.261992 -99.99 0.042 53665.258659 -99.99 0.068 53665.259492 -99.99 0.099 53665.261159 -99.99 0.261 8.542993 0.397224
53666.352456 -99.99 0.194 53666.354122 20.238 0.034 53666.350789 20.076 0.033 53666.351622 20.079 0.038 53666.353289 20.069 0.136 8.542993 0.397224
53668.271956 20.53 0.11 53668.273622 -99.99 0.027 53668.270289 20.011 0.038 53668.271122 -99.99 0.048 53668.272789 -99.99 0.16 8.542993 0.397224
53670.276808 20.427 0.072 53670.278474 20.193 0.02 53670.275141 20.019 0.023 53670.275974 20.024 0.031 53670.277641 19.783 0.105 8.542993 0.397224
53673.244794 20.565 0.072 53673.24646 20.194 0.018 53673.243127 20.038 0.024 53673.24396 20.004 0.031 53673.245627 19.514 0.078 8.542993 0.397224
53675.241682 20.491 0.077 53675.243348 20.169 0.021 53675.240015 20.037 0.027 53675.240848 20.096 0.041 53675.242515 19.63 0.112 8.542993 0.397224
53677.262713 20.437 0.07 53677.264379 20.188 0.019 53677.261046 20.004 0.023 53677.261879 19.965 0.03 53677.263546 19.885 0.149 8.542993 0.397224
53680.249379 -99.99 0.059 53680.251045 20.163 0.019 53680.247712 20.049 0.023 53680.248545 20.031 0.029 53680.250212 20.157 0.131 8.542993 0.397224
53693.251275 20.389 0.135 53693.252941 -99.99 0.048 53693.249608 -99.99 0.043 53693.250441 19.994 0.037 53693.252108 19.85 0.121 8.542993 0.397224
53698.248665 20.427 0.08 53698.250331 20.211 0.021 53698.246998 20.046 0.026 53698.247831 20.036 0.035 53698.249498 19.821 0.124 8.542993 0.397224
53704.234598 20.655 0.107 53704.236264 20.189 0.024 53704.232931 20.029 0.027 53704.233764 20.066 0.038 53704.235431 19.605 0.14 8.542993 0.397224
53974.32727 -99.99 0.049 53974.328937 20.081 0.021 53974.325603 19.987 0.022 53974.326437 20.046 0.027 53974.328103 19.968 0.102 8.542993 0.397224
53977.375859 20.409 0.054 53977.377526 20.1 0.018 53977.374192 19.972 0.019 53977.375026 19.966 0.026 53977.376692 19.78 0.087 8.542993 0.397224
53989.330691 -99.99 0.087 53989.332358 20.017 0.039 53989.329025 19.98 0.033 53989.329858 -99.99 0.032 53989.331525 19.933 0.098 8.542993 0.397224
54000.306097 20.172 0.059 54000.307764 -99.99 0.113 54000.304431 19.951 0.029 54000.305264 19.94 0.036 54000.306931 19.742 0.114 8.542993 0.397224
54007.356233 -99.99 0.055 54007.3579 20.101 0.03 54007.354567 19.9 0.021 54007.3554 19.941 0.033 54007.357067 19.527 0.083 8.542993 0.397224
54009.280014 -99.99 0.056 54009.281681 20.091 0.026 54009.278348 19.918 0.031 54009.279181 19.862 0.03 54009.280848 19.825 0.107 8.542993 0.397224
54011.344488 20.3 0.063 54011.346155 20.092 0.027 54011.342822 19.935 0.026 54011.343655 19.952 0.03 54011.345322 19.893 0.097 8.542993 0.397224
54025.343499 -99.99 0.076 54025.345165 20.158 0.028 54025.341832 20.036 0.025 54025.342665 19.961 0.033 54025.344332 20.072 0.161 8.542993 0.397224
54029.27385 20.153 0.105 54029.275517 -99.99 0.037 54029.272183 19.988 0.043 54029.273017 19.951 0.05 54029.274683 19.729 0.127 8.542993 0.397224
54348.341251 20.331 0.066 54348.342918 20.134 0.023 54348.339585 20.027 0.023 54348.340418 19.993 0.028 54348.342085 20.011 0.122 8.542993 0.397224
54358.297063 -99.99 0.102 54358.29873 20.072 0.026 54358.295397 19.942 0.027 54358.29623 19.937 0.038 54358.297897 19.515 0.105 8.542993 0.397224
54359.291096 20.387 0.095 54359.292762 20.086 0.029 54359.289429 19.944 0.047 54359.290262 19.897 0.045 54359.291929 19.504 0.153 8.542993 0.397224
54365.3302 -99.99 0.055 54365.331867 20.051 0.022 54365.328534 19.966 0.023 54365.329367 20.013 0.031 54365.331034 19.736 0.082 8.542993 0.397224
54381.349714 -99.99 0.065 54381.351381 -99.99 0.023 54381.348048 19.927 0.025 54381.348881 19.979 0.032 54381.350548 19.783 0.103 8.542993 0.397224
54384.356332 20.288 0.064 54384.357999 20.189 0.025 54384.354665 19.979 0.028 54384.355499 20.021 0.031 54384.357165 -99.99 0.106 8.542993 0.397224
54386.342011 -99.99 0.091 54386.343677 20.138 0.03 54386.340344 19.966 0.027 54386.341177 19.998 0.042 54386.342844 -99.99 0.131 8.542993 0.397224
54388.346273 20.324 0.062 54388.34794 20.155 0.02 54388.344607 19.995 0.022 54388.34544 19.906 0.032 54388.347107 19.804 0.095 8.542993 0.397224
54403.26007 20.765 0.152 54403.261737 20.162 0.053 54403.258404 20.045 0.043 54403.259237 19.967 0.048 54403.260904 19.886 0.12 8.542993 0.397224
54404.317614 20.581 0.119 54404.319281 20.191 0.031 54404.315947 20.012 0.03 54404.316781 19.988 0.037 54404.318447 19.696 0.092 8.542993 0.397224
54405.315579 -99.99 0.094 54405.317245 20.198 0.031 54405.313912 20.032 0.029 54405.314745 20.029 0.034 54405.316412 19.955 0.114 8.542993 0.397224
54406.253883 20.392 0.059 54406.25555 20.111 0.017 54406.252216 20.028 0.022 54406.25305 20.014 0.029 54406.254716 19.81 0.092 8.542993 0.397224
54412.256803 -99.99 0.077 54412.258469 20.19 0.025 54412.255136 20.016 0.023 54412.255969 20.048 0.036 54412.257636 20.201 0.151 8.542993 0.397224
