51075.322381 20.792 0.08 51075.324047 20.351 0.024 51075.320714 20.21 0.027 51075.321547 19.999 0.033 51075.323214 19.917 0.122 8.131967 -0.461193
52196.322899 20.481 0.073 52196.324565 20.2 0.021 52196.321232 20.056 0.023 52196.322065 19.854 0.024 52196.323732 19.655 0.077 8.131967 -0.461193
52196.341576 20.42 0.072 52196.343242 20.201 0.021 52196.339909 20.024 0.025 52196.340742 19.884 0.027 52196.342409 19.61 0.075 8.131967 -0.461193
52197.336007 20.53 0.076 52197.337673 20.226 0.025 52197.33434 20.058 0.022 52197.335173 19.926 0.025 52197.33684 19.825 0.097 8.131967 -0.461193
52225.186187 20.555 0.071 52225.187853 20.234 0.021 52225.18452 20.065 0.023 52225.185353 19.941 0.027 52225.18702 19.663 0.079 8.131967 -0.461193
52231.22197 20.548 0.071 52231.223636 20.259 0.021 52231.220303 20.089 0.022 52231.221136 19.958 0.024 52231.222803 19.744 0.074 8.131967 -0.461193
52253.208138 20.47 0.082 52253.209804 20.2 0.022 52253.206471 20.091 0.027 52253.207304 19.888 0.028 52253.208971 19.688 0.079 8.131967 -0.461193
52557.329971 20.055 0.059 52557.331637 19.783 0.016 52557.328304 19.71 0.019 52557.329137 19.622 0.024 52557.330804 19.448 0.069 8.131967 -0.461193
52578.226056 20.128 0.052 52578.227722 19.766 0.015 52578.224389 19.699 0.019 52578.225222 19.615 0.022 52578.226889 19.458 0.064 8.131967 -0.461193
52908.304537 20.231 0.06 52908.306203 19.988 0.018 52908.30287 19.902 0.021 52908.303703 19.761 0.024 52908.30537 19.523 0.077 8.131967 -0.461193
52911.318325 20.394 0.091 52911.319991 -99.99 0.026 52911.316658 19.969 0.028 52911.317491 19.847 0.035 52911.319158 19.816 0.157 8.131967 -0.461193
52934.236438 20.415 0.088 52934.238104 20.099 0.025 52934.234771 19.926 0.027 52934.235604 19.849 0.035 52934.237271 19.573 0.105 8.131967 -0.461193
52936.232365 20.367 0.068 52936.234031 20.08 0.02 52936.230698 19.944 0.021 52936.231531 19.844 0.025 52936.233198 19.537 0.069 8.131967 -0.461193
52962.157889 20.39 0.063 52962.159555 20.099 0.019 52962.156222 19.955 0.022 52962.157055 19.78 0.024 52962.158722 19.755 0.086 8.131967 -0.461193
53270.296465 20.196 0.053 53270.298132 19.918 0.02 53270.294799 19.832 0.017 53270.295632 19.705 0.024 53270.297299 19.496 0.052 8.131967 -0.461193
53272.346369 20.181 0.059 53272.348035 19.932 0.02 53272.344702 19.835 0.022 53272.345535 19.791 0.025 53272.347202 19.582 0.066 8.131967 -0.461193
53286.315087 20.273 0.08 53286.316753 19.927 0.022 53286.31342 19.857 0.026 53286.314253 19.79 0.029 53286.31592 19.479 0.077 8.131967 -0.461193
53288.273577 20.299 0.077 53288.275243 19.924 0.018 53288.27191 19.868 0.023 53288.272743 19.708 0.026 53288.27441 19.47 0.072 8.131967 -0.461193
53294.321255 20.297 0.074 53294.322921 19.953 0.018 53294.319588 19.839 0.022 53294.320421 19.74 0.026 53294.322088 19.626 0.08 8.131967 -0.461193
53298.318032 20.206 0.062 53298.319698 19.919 0.018 53298.316365 19.824 0.021 53298.317198 19.766 0.024 53298.318865 19.691 0.084 8.131967 -0.461193
53302.269246 20.093 0.088 53302.270912 19.899 0.033 53302.267579 19.826 0.028 53302.268412 19.775 0.027 53302.270079 19.488 0.064 8.131967 -0.461193
53312.224827 -99.99 0.075 53312.226494 19.97 0.028 53312.223161 19.838 0.025 53312.223994 19.681 0.027 53312.225661 19.346 0.069 8.131967 -0.461193
53314.225976 20.12 0.057 53314.227642 19.895 0.016 53314.224309 19.854 0.023 53314.225142 19.692 0.024 53314.226809 19.392 0.069 8.131967 -0.461193
53616.330337 20.3 0.106 53616.332003 20.086 0.025 53616.32867 19.984 0.03 53616.329503 19.949 0.044 53616.33117 19.605 0.121 8.131967 -0.461193
53626.306763 20.29 0.068 53626.308429 20.089 0.021 53626.305096 19.977 0.025 53626.305929 19.786 0.025 53626.307596 19.619 0.078 8.131967 -0.461193
53628.291628 20.195 0.126 53628.293294 20.051 0.044 53628.289961 19.963 0.039 53628.290794 19.806 0.035 53628.292461 19.587 0.09 8.131967 -0.461193
53637.293244 20.31 0.117 53637.29491 20.073 0.035 53637.291577 19.913 0.032 53637.29241 19.879 0.04 53637.294077 19.728 0.137 8.131967 -0.461193
53639.338621 20.263 0.062 53639.340287 20.102 0.021 53639.336954 19.953 0.021 53639.337787 19.823 0.021 53639.339454 19.494 0.055 8.131967 -0.461193
53654.320313 20.488 0.082 53654.321979 20.114 0.021 53654.318646 19.948 0.023 53654.319479 19.835 0.026 53654.321146 19.599 0.081 8.131967 -0.461193
53663.281218 20.429 0.121 53663.282884 20.11 0.036 53663.279551 19.995 0.03 53663.280384 19.846 0.026 53663.282051 19.696 0.074 8.131967 -0.461193
53665.259187 -99.99 0.233 53665.260853 20.026 0.062 53665.25752 19.815 0.085 53665.258353 19.864 0.059 53665.26002 -99.99 0.179 8.131967 -0.461193
53666.351318 20.582 0.148 53666.352984 20.18 0.035 53666.349651 19.962 0.029 53666.350484 19.895 0.03 53666.352151 19.608 0.08 8.131967 -0.461193
53668.270817 20.377 0.094 53668.272483 20.076 0.029 53668.26915 19.996 0.033 53668.269983 19.835 0.041 53668.27165 19.673 0.118 8.131967 -0.461193
53670.27567 20.35 0.069 53670.277336 20.082 0.019 53670.274003 19.961 0.023 53670.274836 19.824 0.026 53670.276503 19.58 0.076 8.131967 -0.461193
53673.243655 20.41 0.072 53673.245321 20.142 0.019 53673.241988 19.968 0.022 53673.242821 19.855 0.025 53673.244488 19.623 0.067 8.131967 -0.461193
53675.240544 20.498 0.082 53675.24221 20.181 0.021 53675.238877 20 0.027 53675.23971 19.901 0.031 53675.241377 19.722 0.101 8.131967 -0.461193
53677.261574 20.502 0.079 53677.26324 20.109 0.019 53677.259907 19.968 0.023 53677.26074 19.805 0.024 53677.262407 19.535 0.067 8.131967 -0.461193
53680.248241 20.345 0.066 53680.249907 20.183 0.02 53680.246574 19.947 0.021 53680.247407 19.863 0.024 53680.249074 19.583 0.063 8.131967 -0.461193
53693.250137 20.534 0.176 53693.251803 20.191 0.046 53693.24847 20.034 0.034 53693.249303 19.852 0.032 53693.25097 19.552 0.074 8.131967 -0.461193
53698.247527 20.465 0.086 53698.249193 20.125 0.022 53698.24586 19.992 0.025 53698.246693 19.886 0.028 53698.24836 19.58 0.081 8.131967 -0.461193
53704.233459 20.378 0.08 53704.235125 20.203 0.024 53704.231792 19.98 0.026 53704.232625 19.883 0.031 53704.234292 19.704 0.109 8.131967 -0.461193
53974.32612 20.633 0.066 53974.327787 20.329 0.024 53974.324453 20.181 0.025 53974.325287 20.002 0.024 53974.326953 19.837 0.063 8.131967 -0.461193
53977.374721 20.766 0.071 53977.376388 20.365 0.026 53977.373054 20.177 0.022 53977.373888 20.034 0.024 53977.375554 19.804 0.072 8.131967 -0.461193
53989.329537 20.739 0.168 53989.331204 20.351 0.051 53989.327871 20.106 0.036 53989.328704 20.083 0.034 53989.330371 19.762 0.068 8.131967 -0.461193
53997.425213 20.543 0.08 53997.42688 20.323 0.026 53997.423546 20.166 0.024 53997.42438 20.02 0.026 53997.426046 19.705 0.073 8.131967 -0.461193
54000.304947 20.637 0.089 54000.306614 20.358 0.032 54000.303281 20.23 0.029 54000.304114 20.059 0.039 54000.305781 19.457 0.077 8.131967 -0.461193
54006.251793 -99.99 0.23 54006.25346 20.317 0.033 54006.250126 20.196 0.033 54006.25096 20.114 0.065 54006.252626 19.613 0.074 8.131967 -0.461193
54007.355137 20.682 0.083 54007.356804 20.262 0.031 54007.353471 20.121 0.026 54007.354304 19.943 0.027 54007.355971 19.665 0.074 8.131967 -0.461193
54009.278862 20.633 0.08 54009.280529 20.344 0.029 54009.277196 20.209 0.03 54009.278029 20.102 0.034 54009.279696 20.005 0.094 8.131967 -0.461193
54011.34339 20.614 0.093 54011.345057 20.338 0.032 54011.341723 20.158 0.029 54011.342557 20.08 0.031 54011.344223 19.752 0.077 8.131967 -0.461193
54025.342346 20.51 0.083 54025.344012 20.265 0.025 54025.340679 20.184 0.031 54025.341512 19.986 0.03 54025.343179 19.927 0.107 8.131967 -0.461193
54029.272749 20.54 0.107 54029.274416 -99.99 0.031 54029.271083 20.117 0.035 54029.271916 19.993 0.05 54029.273583 19.789 0.154 8.131967 -0.461193
54348.340082 20.322 0.066 54348.341748 19.99 0.024 54348.338415 19.914 0.022 54348.339248 19.809 0.026 54348.340915 19.469 0.061 8.131967 -0.461193
54358.295926 20.325 0.082 54358.297593 20.04 0.025 54358.29426 19.912 0.03 54358.295093 19.851 0.032 54358.29676 19.644 0.108 8.131967 -0.461193
54359.289944 20.313 0.105 54359.291611 20.012 0.031 54359.288278 19.956 0.043 54359.289111 19.84 0.049 54359.290778 19.713 0.13 8.131967 -0.461193
54365.328995 20.262 0.053 54365.330662 20.032 0.022 54365.327328 19.862 0.023 54365.328162 19.809 0.027 54365.329828 19.557 0.057 8.131967 -0.461193
54381.348564 20.338 0.069 54381.350231 19.959 0.03 54381.346897 19.913 0.027 54381.347731 19.827 0.028 54381.349397 19.664 0.071 8.131967 -0.461193
54384.355236 20.392 0.071 54384.356902 20.117 0.033 54384.353569 20.014 0.028 54384.354402 19.772 0.025 54384.356069 19.531 0.07 8.131967 -0.461193
54386.340864 20.28 0.076 54386.342531 20.04 0.029 54386.339198 19.962 0.035 54386.340031 19.817 0.03 54386.341698 19.541 0.091 8.131967 -0.461193
54388.345216 20.323 0.067 54388.346883 20.045 0.023 54388.343549 19.939 0.023 54388.344383 19.781 0.024 54388.346049 19.616 0.068 8.131967 -0.461193
54403.258972 20.337 0.128 54403.260638 20.111 0.037 54403.257305 19.964 0.039 54403.258138 19.867 0.05 54403.259805 19.691 0.092 8.131967 -0.461193
54404.316479 20.434 0.115 54404.318146 20.094 0.03 54404.314812 19.937 0.026 54404.315646 19.848 0.028 54404.317312 19.596 0.075 8.131967 -0.461193
54405.314463 20.44 0.103 54405.31613 20.122 0.029 54405.312796 19.959 0.025 54405.31363 19.867 0.028 54405.315296 19.641 0.076 8.131967 -0.461193
54406.252744 20.381 0.058 54406.254411 20.081 0.025 54406.251077 19.949 0.023 54406.251911 19.821 0.026 54406.253577 19.686 0.067 8.131967 -0.461193
54412.255688 20.33 0.07 54412.257355 20.097 0.026 54412.254021 19.996 0.024 54412.254855 19.855 0.025 54412.256521 19.709 0.087 8.131967 -0.461193
