51081.306712 19.929 0.047 51081.308378 19.498 0.016 51081.305045 19.387 0.017 51081.305878 19.157 0.019 51081.307545 18.849 0.051 8.35583 -0.308247
53352.135887 19.786 0.035 53352.137553 19.388 0.011 53352.13422 19.302 0.013 53352.135053 19.15 0.015 53352.13672 18.944 0.043 8.35583 -0.308247
53622.344187 19.643 0.045 53622.345853 19.283 0.014 53622.34252 19.166 0.015 53622.343353 18.927 0.018 53622.34502 18.759 0.053 8.35583 -0.308247
53634.293656 19.55 0.091 53634.295322 19.235 0.025 53634.291989 19.125 0.022 53634.292822 18.945 0.023 53634.294489 18.825 0.054 8.35583 -0.308247
53638.334992 19.574 0.039 53638.336658 19.259 0.013 53638.333325 19.172 0.014 53638.334158 19.052 0.015 53638.335825 18.857 0.043 8.35583 -0.308247
53655.271199 19.618 0.059 53655.272865 19.276 0.021 53655.269532 19.103 0.02 53655.270365 18.948 0.021 53655.272032 18.727 0.057 8.35583 -0.308247
53669.255397 19.646 0.033 53669.257063 19.225 0.011 53669.25373 19.132 0.012 53669.254563 19.033 0.015 53669.25623 18.875 0.041 8.35583 -0.308247
53671.340167 19.527 0.049 53671.341833 19.247 0.015 53671.3385 19.111 0.015 53671.339333 18.974 0.018 53671.341 18.831 0.055 8.35583 -0.308247
53674.239633 19.556 0.037 53674.241299 19.245 0.012 53674.237966 19.149 0.013 53674.238799 18.984 0.014 53674.240466 18.868 0.042 8.35583 -0.308247
53679.301002 19.628 0.045 53679.302668 19.237 0.012 53679.299335 19.131 0.015 53679.300168 18.96 0.017 53679.301835 18.789 0.051 8.35583 -0.308247
53681.292515 19.513 0.044 53681.294181 19.255 0.014 53681.290848 19.173 0.015 53681.291681 18.998 0.017 53681.293348 18.941 0.07 8.35583 -0.308247
53685.251567 19.621 0.09 53685.253233 19.234 0.034 53685.2499 19.191 0.032 53685.250733 18.99 0.026 53685.2524 18.873 0.062 8.35583 -0.308247
53697.249538 19.672 0.043 53697.251204 19.282 0.013 53697.247871 19.176 0.014 53697.248704 19.031 0.015 53697.250371 18.889 0.04 8.35583 -0.308247
53700.248497 19.606 0.047 53700.250163 19.237 0.013 53700.24683 19.084 0.016 53700.247663 18.864 0.018 53700.24933 18.732 0.049 8.35583 -0.308247
53705.235166 19.563 0.039 53705.236832 19.227 0.012 53705.233499 19.122 0.014 53705.234332 18.929 0.015 53705.235999 18.781 0.036 8.35583 -0.308247
53975.32017 19.865 0.043 53975.321837 19.442 0.023 53975.318503 19.371 0.02 53975.319337 19.208 0.021 53975.321003 19.058 0.045 8.35583 -0.308247
53994.343161 19.949 0.039 53994.344828 19.487 0.02 53994.341495 19.411 0.018 53994.342328 19.254 0.022 53994.343995 18.936 0.044 8.35583 -0.308247
54005.325794 20.033 0.038 54005.32746 19.553 0.02 54005.324127 19.492 0.018 54005.32496 19.368 0.021 54005.326627 19.144 0.037 8.35583 -0.308247
54020.279831 20.044 0.065 54020.281497 19.568 0.02 54020.278164 19.527 0.022 54020.278997 19.279 0.024 54020.280664 19.027 0.054 8.35583 -0.308247
54024.361545 20.049 0.076 54024.363212 19.611 0.023 54024.359878 19.383 0.023 54024.360712 19.159 0.031 54024.362378 18.851 0.062 8.35583 -0.308247
54049.295585 19.977 0.13 54049.297252 19.611 0.033 54049.293918 19.439 0.033 54049.294752 19.101 0.03 54049.296418 18.878 0.071 8.35583 -0.308247
54059.255855 20.119 0.082 54059.257522 19.648 0.055 54059.254189 19.496 0.048 54059.255022 19.168 0.031 54059.256689 18.94 0.077 8.35583 -0.308247
54362.348879 20.064 0.049 54362.350545 19.574 0.025 54362.347212 19.48 0.017 54362.348045 19.274 0.023 54362.349712 19.192 0.053 8.35583 -0.308247
54382.329071 -99.99 0.065 54382.330738 19.576 0.058 54382.327405 19.447 0.032 54382.328238 19.179 0.028 54382.329905 18.921 0.063 8.35583 -0.308247
54385.346876 -99.99 0.049 54385.348543 19.602 0.019 54385.34521 19.533 0.018 54385.346043 19.333 0.021 54385.34771 19.173 0.042 8.35583 -0.308247
54387.347365 -99.99 0.064 54387.349031 19.621 0.025 54387.345698 19.516 0.022 54387.346531 19.192 0.024 54387.348198 19.067 0.062 8.35583 -0.308247
