51075.315024 21.109 0.101 51075.31669 20.838 0.035 51075.313357 20.224 0.03 51075.31419 19.896 0.038 51075.315857 19.696 0.108 5.474675 0.75233
52196.315522 21.252 0.104 52196.317188 20.674 0.029 52196.313855 20.216 0.025 52196.314688 19.871 0.028 52196.316355 19.588 0.07 5.474675 0.75233
52196.334205 20.957 0.1 52196.335871 20.7 0.03 52196.332538 20.235 0.027 52196.333371 19.824 0.029 52196.335038 19.487 0.075 5.474675 0.75233
52197.328628 21.199 0.111 52197.330294 20.717 0.03 52197.326961 20.184 0.028 52197.327794 19.848 0.031 52197.329461 19.902 0.106 5.474675 0.75233
52225.178828 21.172 0.094 52225.180494 20.566 0.026 52225.177161 20.137 0.026 52225.177994 19.801 0.029 52225.179661 19.587 0.077 5.474675 0.75233
52231.21461 21.116 0.089 52231.216276 20.623 0.026 52231.212943 20.172 0.022 52231.213776 19.815 0.024 52231.215443 19.687 0.068 5.474675 0.75233
52253.20078 21.188 0.165 52253.202446 20.603 0.033 52253.199113 20.068 0.033 52253.199946 19.751 0.035 52253.201613 19.549 0.088 5.474675 0.75233
52557.322611 21.533 0.157 52557.324277 20.943 0.044 52557.320944 20.309 0.03 52557.321777 19.891 0.033 52557.323444 19.821 0.105 5.474675 0.75233
52578.218697 21.489 0.122 52578.220363 20.931 0.034 52578.21703 20.28 0.028 52578.217863 19.939 0.032 52578.21953 19.71 0.079 5.474675 0.75233
52908.297179 21.206 0.106 52908.298845 20.659 0.028 52908.295512 20.138 0.026 52908.296345 19.807 0.031 52908.298012 19.64 0.082 5.474675 0.75233
52911.310964 21.213 0.124 52911.31263 20.742 0.037 52911.309297 20.188 0.031 52911.31013 19.853 0.037 52911.311797 19.596 0.087 5.474675 0.75233
52930.188338 21.231 0.162 52930.190004 20.695 0.045 52930.186671 20.179 0.031 52930.187504 19.788 0.044 52930.189171 19.424 0.115 5.474675 0.75233
52934.229081 21.314 0.148 52934.230747 20.694 0.039 52934.227414 20.169 0.031 52934.228247 19.729 0.034 52934.229914 19.515 0.094 5.474675 0.75233
52936.225007 21.266 0.113 52936.226673 20.623 0.029 52936.22334 20.096 0.025 52936.224173 19.722 0.027 52936.22584 19.473 0.069 5.474675 0.75233
52962.150528 21.096 0.092 52962.152194 20.713 0.031 52962.148861 20.165 0.027 52962.149694 19.772 0.031 52962.151361 19.474 0.069 5.474675 0.75233
53270.289089 21.124 0.087 53270.290756 20.549 0.027 53270.287422 20.111 0.035 53270.288256 19.632 0.025 53270.289922 19.368 0.049 5.474675 0.75233
53272.339009 21.112 0.135 53272.340675 20.43 0.034 53272.337342 20.052 0.029 53272.338175 19.513 0.028 53272.339842 19.361 0.066 5.474675 0.75233
53286.307727 20.748 0.125 53286.309393 20.396 0.032 53286.30606 19.935 0.043 53286.306893 19.546 0.046 53286.30856 19.24 0.077 5.474675 0.75233
53288.266219 21.165 0.141 53288.267885 20.474 0.031 53288.264552 19.935 0.024 53288.265385 19.627 0.028 53288.267052 19.459 0.089 5.474675 0.75233
53294.313895 20.803 0.095 53294.315561 20.36 0.026 53294.312228 19.906 0.028 53294.313061 19.569 0.03 53294.314728 19.305 0.065 5.474675 0.75233
53302.261888 -99.99 0.186 53302.263554 20.515 0.059 53302.260221 19.947 0.037 53302.261054 19.557 0.032 53302.262721 19.449 0.069 5.474675 0.75233
53312.217416 20.725 0.085 53312.219083 20.454 0.035 53312.21575 19.986 0.027 53312.216583 19.608 0.029 53312.21825 19.439 0.071 5.474675 0.75233
53314.218617 21.002 0.101 53314.220283 20.462 0.027 53314.21695 19.946 0.024 53314.217783 19.659 0.031 53314.21945 19.222 0.061 5.474675 0.75233
53616.322979 20.691 0.104 53616.324645 20.287 0.03 53616.321312 19.74 0.024 53616.322145 19.397 0.027 53616.323812 18.963 0.058 5.474675 0.75233
53623.313191 20.756 0.106 53623.314857 -99.99 0.065 53623.311524 -99.99 0.039 53623.312357 19.367 0.043 53623.314024 19.307 0.12 5.474675 0.75233
53626.299404 20.812 0.088 53626.30107 20.322 0.028 53626.297737 19.782 0.022 53626.29857 19.472 0.026 53626.300237 19.255 0.062 5.474675 0.75233
53628.284269 20.868 0.199 53628.285935 20.31 0.055 53628.282602 19.791 0.031 53628.283435 19.472 0.03 53628.285102 19.279 0.067 5.474675 0.75233
53637.285886 20.86 0.15 53637.287552 20.351 0.042 53637.284219 19.849 0.029 53637.285052 19.549 0.032 53637.286719 19.19 0.077 5.474675 0.75233
53639.331261 20.748 0.077 53639.332927 20.334 0.025 53639.329594 19.852 0.02 53639.330427 19.449 0.02 53639.332094 19.179 0.043 5.474675 0.75233
53654.312954 20.675 0.082 53654.31462 20.32 0.023 53654.311287 20.062 0.025 53654.31212 19.386 0.022 53654.313787 19.108 0.052 5.474675 0.75233
53663.273858 20.828 0.145 53663.275524 20.268 0.039 53663.272191 19.697 0.024 53663.273024 19.409 0.022 53663.274691 19.184 0.046 5.474675 0.75233
53666.343959 20.688 0.153 53666.345625 20.346 0.043 53666.342292 19.81 0.028 53666.343125 19.47 0.027 53666.344792 19.266 0.061 5.474675 0.75233
53668.263458 20.768 0.114 53668.265124 20.304 0.031 53668.261791 19.719 0.027 53668.262624 19.485 0.034 53668.264291 19.248 0.083 5.474675 0.75233
53670.268311 20.616 0.068 53670.269977 20.285 0.022 53670.266644 19.812 0.022 53670.267477 19.443 0.023 53670.269144 19.227 0.055 5.474675 0.75233
53673.236296 20.848 0.079 53673.237962 20.273 0.021 53673.234629 19.803 0.019 53673.235462 19.506 0.023 53673.237129 19.269 0.055 5.474675 0.75233
53675.233184 20.811 0.084 53675.23485 20.245 0.024 53675.231517 19.802 0.024 53675.23235 19.405 0.027 53675.234017 19.147 0.064 5.474675 0.75233
53677.254214 20.739 0.071 53677.25588 20.232 0.02 53677.252547 19.808 0.018 53677.25338 19.436 0.019 53677.255047 19.17 0.042 5.474675 0.75233
53680.24088 20.793 0.076 53680.242546 20.253 0.021 53680.239213 19.75 0.019 53680.240046 19.459 0.023 53680.241713 19.273 0.051 5.474675 0.75233
53693.242777 20.906 0.181 53693.244443 20.226 0.049 53693.24111 19.788 0.028 53693.241943 19.439 0.027 53693.24361 19.311 0.058 5.474675 0.75233
53698.240168 20.582 0.075 53698.241834 20.309 0.024 53698.238501 19.686 0.02 53698.239334 19.366 0.023 53698.241001 19.188 0.054 5.474675 0.75233
53704.226101 20.64 0.081 53704.227767 20.238 0.026 53704.224434 19.77 0.021 53704.225267 19.436 0.026 53704.226934 19.199 0.066 5.474675 0.75233
53974.31877 20.71 0.058 53974.320436 20.226 0.022 53974.317103 19.709 0.026 53974.317936 19.447 0.018 53974.319603 19.253 0.047 5.474675 0.75233
53989.322169 20.981 0.185 53989.323836 20.309 0.053 53989.320503 19.728 0.032 53989.321336 19.405 0.029 53989.323003 19.157 0.054 5.474675 0.75233
53997.417804 -99.99 0.069 53997.419471 -99.99 0.035 53997.416137 -99.99 0.023 53997.416971 19.448 0.025 53997.418637 -99.99 0.044 5.474675 0.75233
54000.297586 20.658 0.077 54000.299253 20.232 0.026 54000.295919 19.807 0.026 54000.296753 19.398 0.031 54000.298419 19.256 0.061 5.474675 0.75233
54006.244342 20.793 0.091 54006.246009 -99.99 0.029 54006.242675 -99.99 0.034 54006.243509 19.413 0.027 54006.245175 -99.99 0.06 5.474675 0.75233
54007.347733 20.538 0.067 54007.3494 20.27 0.032 54007.346066 19.729 0.025 54007.3469 19.448 0.024 54007.348566 19.154 0.048 5.474675 0.75233
54009.271502 20.737 0.076 54009.273168 20.231 0.028 54009.269835 19.732 0.021 54009.270668 19.376 0.024 54009.272335 19.297 0.061 5.474675 0.75233
54011.336042 20.702 0.091 54011.337708 20.288 0.037 54011.334375 19.725 0.037 54011.335208 19.396 0.024 54011.336875 19.21 0.048 5.474675 0.75233
54019.286222 20.762 0.101 54019.287889 20.26 0.032 54019.284555 19.758 0.027 54019.285389 19.4 0.023 54019.287055 19.149 0.04 5.474675 0.75233
54025.335051 20.628 0.082 54025.336718 20.201 0.025 54025.333385 19.745 0.023 54025.334218 19.373 0.027 54025.335885 19.164 0.062 5.474675 0.75233
54029.265344 20.727 0.081 54029.267011 20.152 0.036 54029.263678 19.775 0.031 54029.264511 19.411 0.028 54029.266178 19.225 0.071 5.474675 0.75233
54348.332752 20.581 0.064 54348.334419 20.197 0.024 54348.331086 19.728 0.02 54348.331919 19.399 0.023 54348.333586 19.153 0.045 5.474675 0.75233
54358.288606 20.764 0.091 54358.290273 20.213 0.039 54358.286939 19.682 0.023 54358.287773 19.389 0.028 54358.289439 19.262 0.068 5.474675 0.75233
54359.282657 20.693 0.148 54359.284324 20.25 0.035 54359.28099 19.678 0.06 54359.281824 19.432 0.061 54359.28349 19.045 0.097 5.474675 0.75233
54365.32163 20.777 0.067 54365.323297 20.211 0.023 54365.319963 19.729 0.02 54365.320797 19.378 0.022 54365.322463 19.189 0.041 5.474675 0.75233
54381.341201 20.861 0.078 54381.342868 20.221 0.023 54381.339534 19.685 0.023 54381.340368 19.388 0.023 54381.342034 19.175 0.05 5.474675 0.75233
54384.34783 -99.99 0.079 54384.349496 20.2 0.022 54384.346163 19.776 0.037 54384.346996 19.428 0.023 54384.348663 19.159 0.054 5.474675 0.75233
54386.3335 -99.99 0.07 54386.335166 20.202 0.024 54386.331833 19.722 0.025 54386.332666 19.357 0.021 54386.334333 19.19 0.048 5.474675 0.75233
54388.337791 -99.99 0.081 54388.339458 20.226 0.026 54388.336124 19.716 0.026 54388.336958 19.382 0.021 54388.338624 19.208 0.046 5.474675 0.75233
54403.251564 20.726 0.19 54403.25323 20.231 0.06 54403.249897 -99.99 0.052 54403.25073 19.352 0.04 54403.252397 19.189 0.079 5.474675 0.75233
54404.309131 20.691 0.11 54404.310798 20.274 0.032 54404.307464 19.741 0.025 54404.308298 19.4 0.022 54404.309964 19.277 0.048 5.474675 0.75233
54405.307074 20.795 0.098 54405.30874 20.221 0.032 54405.305407 19.745 0.027 54405.30624 19.401 0.021 54405.307907 19.175 0.042 5.474675 0.75233
54406.24538 20.756 0.065 54406.247047 20.248 0.026 54406.243714 19.713 0.023 54406.244547 19.338 0.019 54406.246214 19.14 0.044 5.474675 0.75233
54412.248313 20.697 0.082 54412.249979 20.188 0.024 54412.246646 19.687 0.026 54412.247479 19.359 0.025 54412.249146 19.225 0.059 5.474675 0.75233
