52172.231393 21.454 0.135 52172.233059 20.749 0.028 52172.229726 20.552 0.031 52172.230559 20.038 0.028 52172.232226 19.865 0.109 -50.143382 0.095361
52930.08192 22.331 0.312 52930.083586 21.499 0.047 52930.080253 21.064 0.054 52930.081086 20.287 0.038 52930.082753 20.335 0.168 -50.143382 0.095361
52931.082751 22.354 0.297 52931.084417 21.569 0.052 52931.081084 20.908 0.042 52931.081917 20.281 0.036 52931.083584 20.025 0.134 -50.143382 0.095361
52935.079714 23.995 1.07 52935.08138 21.418 0.047 52935.078047 21.068 0.052 52935.07888 20.295 0.037 52935.080547 19.844 0.112 -50.143382 0.095361
53313.072915 22.594 0.494 53313.074581 21.663 0.075 53313.071248 21.1 0.074 53313.072081 20.263 0.056 53313.073748 19.84 0.176 -50.143382 0.095361
53622.182162 22.401 0.529 53622.183828 22.113 0.114 53622.180495 21.212 0.074 53622.181328 20.382 0.055 53622.182995 19.934 0.159 -50.143382 0.095361
53634.131631 24.945 2.601 53634.133297 -99.99 0.316 53634.129964 -99.99 0.155 53634.130797 -99.99 0.076 53634.132464 -99.99 0.189 -50.143382 0.095361
53636.137161 23.975 1.183 53636.138827 21.855 0.068 53636.135494 21.163 0.05 53636.136327 20.27 0.042 53636.137994 19.999 0.141 -50.143382 0.095361
53645.196831 22.272 0.36 53645.198497 21.977 0.077 53645.195164 21.197 0.054 53645.195997 20.386 0.054 53645.197664 20.115 0.172 -50.143382 0.095361
53664.134127 24.342 1.944 53664.135793 21.59 0.111 53664.13246 21.135 0.088 53664.133293 20.371 0.05 53664.13496 20.188 0.179 -50.143382 0.095361
53674.077602 22.541 0.376 53674.079268 22.027 0.072 53674.075935 21.241 0.066 53674.076768 20.393 0.046 53674.078435 20.046 0.141 -50.143382 0.095361
53685.089541 22.482 1.417 53685.091207 21.898 0.351 53685.087874 20.998 0.149 53685.088707 20.426 0.091 53685.090374 20.031 0.222 -50.143382 0.095361
53687.127892 21.492 0.576 53687.129558 22.034 0.321 53687.126225 20.91 0.108 53687.127058 20.423 0.072 53687.128725 20.014 0.167 -50.143382 0.095361
53700.086484 22.508 0.407 53700.08815 22.239 0.101 53700.084817 20.964 0.05 53700.08565 20.409 0.046 53700.087317 20.084 0.158 -50.143382 0.095361
53705.073154 22.844 0.631 53705.07482 21.948 0.087 53705.071487 21.083 0.073 53705.07232 20.34 0.053 53705.073987 20.064 0.18 -50.143382 0.095361
53975.158144 22.61 0.475 53975.159811 22.069 0.072 53975.156477 21.209 0.074 53975.157311 20.456 0.052 53975.158977 20.122 0.152 -50.143382 0.095361
53994.1536 23.547 0.829 53994.155266 22.073 0.057 53994.151933 21.097 0.042 53994.152766 20.38 0.033 53994.154433 20.573 0.179 -50.143382 0.095361
53998.133496 22.993 0.408 53998.135163 21.972 0.05 53998.13183 21.148 0.042 53998.132663 20.447 0.036 53998.13433 20.143 0.11 -50.143382 0.095361
54022.16708 27.128 99.999 54022.168747 -99.99 0.114 54022.165414 21.162 0.092 54022.166247 20.265 0.053 54022.167914 20.146 0.152 -50.143382 0.095361
54028.108172 22.675 0.506 54028.109839 21.878 0.076 54028.106505 21.232 0.063 54028.107339 20.444 0.048 54028.109005 19.926 0.127 -50.143382 0.095361
54037.092595 23.193 0.832 54037.094261 22.649 0.322 54037.090928 21.141 0.067 54037.091761 20.411 0.044 54037.093428 20.115 0.12 -50.143382 0.095361
54050.091731 22.774 0.559 54050.093398 22.194 0.196 54050.090065 21.126 0.07 54050.090898 20.389 0.05 54050.092565 20.069 0.171 -50.143382 0.095361
54053.097872 22.645 0.645 54053.099538 22.096 0.095 54053.096205 21.13 0.086 54053.097038 20.447 0.062 54053.098705 20.201 0.217 -50.143382 0.095361
54059.093826 23.702 1.608 54059.095493 22.041 0.188 54059.09216 21.077 0.098 54059.092993 20.418 0.075 54059.09466 20.204 0.253 -50.143382 0.095361
54061.104882 22.581 0.595 54061.106549 21.889 0.103 54061.103216 21.119 0.089 54061.104049 20.652 0.086 54061.105716 20.615 0.352 -50.143382 0.095361
54062.098725 100.001 99.999 54062.100392 22.183 0.168 54062.097059 21.426 0.178 54062.097892 20.527 0.098 54062.099559 20.137 0.272 -50.143382 0.095361
54068.088732 100.006 99.999 54068.090398 22.25 0.398 54068.087065 21.267 0.198 54068.087898 20.328 0.075 54068.089565 20.053 0.247 -50.143382 0.095361
54385.184843 23.455 1.044 54385.18651 21.764 0.1 54385.183177 21.161 0.059 54385.18401 20.317 0.042 54385.185677 19.875 0.107 -50.143382 0.095361
54387.185346 25.214 8.037 54387.187013 21.908 0.134 54387.18368 20.898 0.122 54387.184513 20.324 0.064 54387.18618 19.728 0.171 -50.143382 0.095361
54390.188367 99.997 99.999 54390.190034 21.688 0.121 54390.186701 21.066 0.144 54390.187534 20.276 0.064 54390.189201 19.909 0.197 -50.143382 0.095361
54392.180078 23.058 1.694 54392.181745 21.012 0.141 54392.178411 -99.99 0.164 54392.179245 20.396 0.085 54392.180911 20.874 0.51 -50.143382 0.095361
54402.178557 21.659 0.544 54402.180224 21.876 0.291 54402.176891 21.052 0.094 54402.177724 20.404 0.06 54402.179391 20.12 0.17 -50.143382 0.095361
