51467.344857 20.63 0.125 51467.346523 20.426 0.036 51467.34319 20.204 0.041 51467.344023 20.217 0.061 51467.34569 20.268 0.31 -12.234093 0.122812
51819.320885 20.419 0.065 51819.322551 20.296 0.022 51819.319218 20.115 0.024 51819.320051 20.127 0.032 51819.321718 20.061 0.131 -12.234093 0.122812
52558.286095 21.209 0.124 52558.287761 20.836 0.034 52558.284428 20.626 0.035 52558.285261 20.524 0.046 52558.286928 20.565 0.209 -12.234093 0.122812
52577.173592 21.26 0.15 52577.175258 20.739 0.031 52577.171925 20.597 0.043 52577.172758 20.432 0.06 52577.174425 20.646 0.339 -12.234093 0.122812
52586.17707 21.248 0.124 52586.178736 20.766 0.029 52586.175403 20.545 0.041 52586.176236 20.528 0.059 52586.177903 20.563 0.283 -12.234093 0.122812
52910.257554 21.186 0.097 52910.25922 20.75 0.026 52910.255887 20.543 0.027 52910.25672 20.502 0.039 52910.258387 20.434 0.162 -12.234093 0.122812
52931.187754 20.944 0.091 52931.18942 20.759 0.028 52931.186087 20.61 0.03 52931.18692 20.544 0.039 52931.188587 20.236 0.139 -12.234093 0.122812
52935.184719 21.001 0.107 52935.186385 20.809 0.03 52935.183052 20.561 0.036 52935.183885 20.61 0.053 52935.185552 20.301 0.172 -12.234093 0.122812
52959.128045 21.204 0.109 52959.129711 20.718 0.029 52959.126378 20.513 0.031 52959.127211 20.516 0.041 52959.128878 20.047 0.115 -12.234093 0.122812
52963.107789 21.073 0.087 52963.109455 20.667 0.026 52963.106122 20.437 0.028 52963.106955 20.405 0.036 52963.108622 20.093 0.115 -12.234093 0.122812
53313.177919 20.66 0.09 53313.179585 20.398 0.026 53313.176252 20.31 0.033 53313.177085 20.333 0.051 53313.178752 19.927 0.154 -12.234093 0.122812
53352.078854 20.713 0.079 53352.08052 20.424 0.022 53352.077187 20.228 0.027 53352.07802 20.354 0.043 53352.079687 20.02 0.139 -12.234093 0.122812
53622.28716 20.689 0.112 53622.288826 20.474 0.031 53622.285493 20.325 0.037 53622.286326 20.22 0.05 53622.287993 20.274 0.24 -12.234093 0.122812
53634.23663 21.817 0.829 53634.238296 20.538 0.113 53634.234963 20.324 0.081 53634.235796 20.266 0.097 53634.237463 20.146 0.302 -12.234093 0.122812
53636.242162 20.735 0.205 53636.243828 20.433 0.06 53636.240495 20.149 0.063 53636.241328 20.09 0.078 53636.242995 19.626 0.16 -12.234093 0.122812
53638.277964 20.873 0.101 53638.27963 20.509 0.029 53638.276297 20.318 0.029 53638.27713 20.282 0.035 53638.278797 20.108 0.128 -12.234093 0.122812
53655.214168 20.803 0.215 53655.215834 20.47 0.067 53655.212501 20.283 0.059 53655.213334 20.313 0.081 53655.215001 19.666 0.154 -12.234093 0.122812
53664.239127 20.743 0.189 53664.240793 20.437 0.051 53664.23746 20.298 0.052 53664.238293 20.35 0.06 53664.23996 19.843 0.15 -12.234093 0.122812
53666.202729 20.856 0.094 53666.204395 20.468 0.027 53666.201062 20.236 0.029 53666.201895 20.342 0.041 53666.203562 20.067 0.131 -12.234093 0.122812
53669.198368 20.866 0.09 53669.200034 20.499 0.023 53669.196701 20.314 0.032 53669.197534 20.281 0.04 53669.199201 20.21 0.158 -12.234093 0.122812
53671.283148 21.212 0.188 53671.284814 20.582 0.029 53671.281481 20.266 0.033 53671.282314 20.287 0.042 53671.283981 20.005 0.151 -12.234093 0.122812
53674.182603 21.019 0.141 53674.184269 20.539 0.028 53674.180936 20.354 0.038 53674.181769 20.298 0.048 53674.183436 20.037 0.16 -12.234093 0.122812
53676.272091 20.886 0.119 53676.273757 20.564 0.026 53676.270424 20.294 0.03 53676.271257 20.297 0.044 53676.272924 20.246 0.138 -12.234093 0.122812
53679.243978 21.08 0.148 53679.245644 20.549 0.029 53679.242311 20.345 0.034 53679.243144 20.276 0.048 53679.244811 20.096 0.179 -12.234093 0.122812
53681.23549 20.821 0.099 53681.237156 20.496 0.027 53681.233823 20.289 0.028 53681.234656 20.324 0.034 53681.236323 20.167 0.139 -12.234093 0.122812
53685.194539 20.824 0.501 53685.196205 20.436 0.172 53685.192872 20.248 0.139 53685.193705 20.207 0.18 53685.195372 19.546 0.285 -12.234093 0.122812
53687.23288 20.884 0.333 53687.234546 20.736 0.109 53687.231213 20.269 0.065 53687.232046 20.254 0.061 53687.233713 20.006 0.166 -12.234093 0.122812
53697.192513 20.801 0.275 53697.194179 20.585 0.076 53697.190846 20.317 0.068 53697.191679 20.31 0.094 53697.193346 20.388 0.422 -12.234093 0.122812
53700.191472 20.78 0.107 53700.193138 20.552 0.03 53700.189805 20.293 0.034 53700.190638 20.288 0.048 53700.192305 20.005 0.155 -12.234093 0.122812
53705.178142 20.834 0.116 53705.179808 20.492 0.026 53705.176475 20.27 0.029 53705.177308 20.218 0.037 53705.178975 20.147 0.152 -12.234093 0.122812
53975.263156 20.835 0.099 53975.264823 20.484 0.035 53975.26149 20.367 0.033 53975.262323 20.358 0.043 53975.26399 19.973 0.132 -12.234093 0.122812
53993.330959 20.842 0.117 53993.332626 -99.99 0.061 53993.329293 20.339 0.029 53993.330126 20.359 0.039 53993.331793 20.557 0.287 -12.234093 0.122812
53996.269867 20.792 0.08 53996.271534 20.503 0.027 53996.268201 20.304 0.027 53996.269034 20.269 0.038 53996.270701 20.179 0.148 -12.234093 0.122812
53998.238559 20.866 0.073 53998.240226 20.5 0.021 53998.236892 20.305 0.023 53998.237726 20.366 0.031 53998.239392 20.068 0.096 -12.234093 0.122812
54005.268757 20.873 0.076 54005.270424 20.506 0.02 54005.267091 20.3 0.023 54005.267924 20.36 0.032 54005.269591 20.065 0.1 -12.234093 0.122812
54010.22405 20.77 0.091 54010.225717 20.588 0.035 54010.222383 20.265 0.028 54010.223217 20.3 0.034 54010.224883 20.22 0.106 -12.234093 0.122812
54012.21697 20.479 0.121 54012.218637 20.442 0.054 54012.215304 20.265 0.043 54012.216137 20.341 0.048 54012.217804 20.348 0.141 -12.234093 0.122812
54020.222807 20.783 0.117 54020.224473 20.515 0.034 54020.22114 20.343 0.033 54020.221973 20.315 0.045 54020.22364 20.311 0.215 -12.234093 0.122812
54022.272082 20.771 0.078 54022.273749 20.499 0.025 54022.270415 20.317 0.027 54022.271249 20.363 0.034 54022.272915 20.148 0.131 -12.234093 0.122812
54028.213201 21.017 0.128 54028.214867 20.476 0.034 54028.211534 20.244 0.032 54028.212367 20.223 0.044 54028.214034 20.016 0.152 -12.234093 0.122812
54030.216361 20.885 0.079 54030.218028 20.517 0.021 54030.214695 20.332 0.024 54030.215528 20.42 0.032 54030.217195 19.99 0.091 -12.234093 0.122812
54035.29213 20.464 0.138 54035.293797 20.48 0.043 54035.290463 20.307 0.047 54035.291297 20.292 0.061 54035.292963 20.231 0.296 -12.234093 0.122812
54037.197683 20.753 0.108 54037.199349 20.423 0.033 54037.196016 20.269 0.039 54037.196849 20.343 0.052 54037.198516 20.31 0.178 -12.234093 0.122812
54040.212097 20.808 0.186 54040.213764 20.449 0.063 54040.210431 20.322 0.059 54040.211264 20.282 0.06 54040.212931 19.86 0.121 -12.234093 0.122812
54049.238606 20.271 0.143 54049.240272 20.455 0.061 54049.236939 20.288 0.053 54049.237772 20.237 0.06 54049.239439 20.307 0.253 -12.234093 0.122812
54050.196719 20.511 0.122 54050.198385 -99.99 0.111 54050.195052 20.268 0.051 54050.195885 20.306 0.068 54050.197552 19.765 0.147 -12.234093 0.122812
54053.20287 20.633 0.084 54053.204536 20.513 0.03 54053.201203 20.249 0.031 54053.202036 20.349 0.045 54053.203703 19.977 0.137 -12.234093 0.122812
54056.204614 21.141 0.215 54056.206281 20.439 0.044 54056.202947 20.263 0.045 54056.203781 20.205 0.061 54056.205447 20.688 0.45 -12.234093 0.122812
54059.198837 20.894 0.137 54059.200503 20.538 0.034 54059.19717 20.261 0.04 54059.198003 20.31 0.048 54059.19967 20.443 0.269 -12.234093 0.122812
54062.203844 21.016 0.175 54062.205511 20.558 0.042 54062.202177 -99.99 0.041 54062.203011 20.284 0.062 54062.204677 20.188 0.235 -12.234093 0.122812
54357.242033 21.11 0.123 54357.2437 20.772 0.036 54357.240367 20.5 0.035 54357.2412 20.54 0.045 54357.242867 20.158 0.135 -12.234093 0.122812
54362.291863 20.96 0.095 54362.293529 20.739 0.028 54362.290196 20.583 0.031 54362.291029 20.527 0.047 54362.292696 20.07 0.135 -12.234093 0.122812
54376.300497 20.973 0.106 54376.302163 20.695 0.034 54376.29883 20.527 0.034 54376.299663 20.492 0.044 54376.30133 20.199 0.141 -12.234093 0.122812
54385.289859 21.172 0.149 54385.291526 -99.99 0.043 54385.288192 20.507 0.034 54385.289026 20.503 0.038 54385.290692 20.028 0.153 -12.234093 0.122812
54387.290341 20.972 0.13 54387.292007 20.663 0.03 54387.288674 20.429 0.033 54387.289507 20.389 0.045 54387.291174 20.446 0.206 -12.234093 0.122812
54392.285095 21.409 0.209 54392.286762 20.638 0.031 54392.283428 20.391 0.033 54392.284262 20.471 0.047 54392.285928 20.128 0.144 -12.234093 0.122812
54402.283564 21.442 0.535 54402.285231 20.612 0.072 54402.281898 20.512 0.061 54402.282731 20.496 0.065 54402.284398 20.106 0.164 -12.234093 0.122812
