51075.272113 21.212 0.115 51075.273779 20.368 0.029 51075.270446 20.369 0.034 51075.271279 20.264 0.057 51075.272946 19.853 0.153 -10.014304 -1.031282
51464.260004 21.08 0.116 51464.26167 20.224 0.031 51464.258337 20.149 0.031 51464.25917 20.133 0.045 51464.260837 20.018 0.156 -10.014304 -1.031282
52196.272645 20.838 0.086 52196.274311 20.1 0.024 52196.270978 19.964 0.022 52196.271811 19.9 0.033 52196.273478 19.621 0.099 -10.014304 -1.031282
52197.285755 20.761 0.072 52197.287421 20.107 0.02 52197.284088 19.972 0.021 52197.284921 19.876 0.028 52197.286588 19.621 0.081 -10.014304 -1.031282
52225.135924 20.926 0.072 52225.13759 20.188 0.022 52225.134257 20.01 0.023 52225.13509 19.917 0.03 52225.136757 19.702 0.09 -10.014304 -1.031282
52231.17171 20.819 0.079 52231.173376 20.17 0.022 52231.170043 20.018 0.023 52231.170876 19.994 0.032 52231.172543 19.686 0.082 -10.014304 -1.031282
52253.157883 20.837 0.112 52253.159549 20.157 0.028 52253.156216 20.028 0.031 52253.157049 19.956 0.039 52253.158716 19.854 0.116 -10.014304 -1.031282
52557.279713 21.112 0.12 52557.281379 20.485 0.03 52557.278046 20.335 0.03 52557.278879 20.28 0.045 52557.280546 19.913 0.123 -10.014304 -1.031282
52578.175795 21.506 0.142 52578.177461 20.424 0.029 52578.174128 20.366 0.034 52578.174961 20.149 0.042 52578.176628 19.925 0.12 -10.014304 -1.031282
52908.254278 21.041 0.097 52908.255944 20.374 0.027 52908.252611 20.168 0.026 52908.253444 20.179 0.039 52908.255111 19.736 0.096 -10.014304 -1.031282
52911.268064 21.002 0.099 52911.26973 20.263 0.025 52911.266397 20.15 0.027 52911.26723 20.018 0.037 52911.268897 19.817 0.109 -10.014304 -1.031282
52930.145437 21.182 0.108 52930.147103 20.325 0.026 52930.14377 20.177 0.026 52930.144603 20.045 0.034 52930.14627 19.849 0.093 -10.014304 -1.031282
52934.186178 21.039 0.111 52934.187844 20.32 0.028 52934.184511 20.18 0.033 52934.185344 20.025 0.037 52934.187011 19.968 0.123 -10.014304 -1.031282
52936.182104 21.225 0.098 52936.18377 20.293 0.024 52936.180437 20.175 0.027 52936.18127 20.095 0.035 52936.182937 19.736 0.083 -10.014304 -1.031282
52962.107625 21.13 0.095 52962.109291 20.338 0.027 52962.105958 20.21 0.029 52962.106791 20.067 0.036 52962.108458 19.889 0.106 -10.014304 -1.031282
53270.246161 20.664 0.067 53270.247828 20.041 0.024 53270.244494 19.97 0.025 53270.245328 19.85 0.03 53270.246994 19.828 0.085 -10.014304 -1.031282
53272.296111 20.809 0.161 53272.297777 20.036 0.042 53272.294444 19.876 0.035 53272.295277 19.883 0.045 53272.296944 19.628 0.09 -10.014304 -1.031282
53286.264828 20.813 0.14 53286.266494 20.076 0.029 53286.263161 19.872 0.025 53286.263994 19.808 0.035 53286.265661 19.238 0.111 -10.014304 -1.031282
53288.223317 20.76 0.074 53288.224983 20.027 0.019 53288.22165 19.905 0.019 53288.222483 19.843 0.024 53288.22415 19.742 0.072 -10.014304 -1.031282
53294.250636 20.631 0.074 53294.252303 20.043 0.027 53294.248969 19.946 0.025 53294.249803 19.842 0.032 53294.251469 19.544 0.085 -10.014304 -1.031282
53302.218986 20.581 0.203 53302.220652 20.152 0.057 53302.217319 19.918 0.047 53302.218152 19.874 0.051 53302.219819 19.61 0.111 -10.014304 -1.031282
53312.174532 20.834 0.077 53312.176199 20.074 0.025 53312.172865 19.941 0.023 53312.173699 19.845 0.031 53312.175365 19.763 0.103 -10.014304 -1.031282
53314.175713 20.824 0.083 53314.177379 20.075 0.021 53314.174046 19.943 0.023 53314.174879 19.804 0.03 53314.176546 19.642 0.09 -10.014304 -1.031282
53616.28008 20.908 0.116 53616.281746 -99.99 0.04 53616.278413 20.091 0.029 53616.279246 19.883 0.037 53616.280913 19.526 0.103 -10.014304 -1.031282
53623.270291 21.047 0.152 53623.271957 20.253 0.032 53623.268624 20.017 0.027 53623.269457 19.964 0.043 53623.271124 19.629 0.114 -10.014304 -1.031282
53626.256505 20.958 0.137 53626.258171 20.19 0.036 53626.254838 20.006 0.032 53626.255671 19.861 0.037 53626.257338 19.58 0.089 -10.014304 -1.031282
53628.241369 20.884 0.232 53628.243035 20.213 0.058 53628.239702 20.012 0.047 53628.240535 19.939 0.049 53628.242202 19.77 0.12 -10.014304 -1.031282
53637.242985 20.913 0.148 53637.244651 20.204 0.038 53637.241318 20.045 0.035 53637.242151 19.905 0.045 53637.243818 19.67 0.123 -10.014304 -1.031282
53644.235479 20.892 0.067 53644.237145 20.132 0.024 53644.233812 20.011 0.025 53644.234645 19.884 0.027 53644.236312 19.595 0.058 -10.014304 -1.031282
53654.270054 20.885 0.099 53654.27172 20.145 0.022 53654.268387 19.968 0.029 53654.26922 19.889 0.032 53654.270887 19.911 0.125 -10.014304 -1.031282
53656.217648 20.615 0.231 53656.219314 20.233 0.075 53656.215981 20.083 0.062 53656.216814 19.978 0.067 53656.218481 19.587 0.132 -10.014304 -1.031282
53663.230958 20.805 0.143 53663.232624 20.165 0.036 53663.229291 19.982 0.027 53663.230124 19.892 0.03 53663.231791 19.655 0.075 -10.014304 -1.031282
53668.220557 20.926 0.115 53668.222223 20.247 0.026 53668.21889 20.003 0.029 53668.219723 19.969 0.043 53668.22139 19.765 0.125 -10.014304 -1.031282
53670.22541 21.004 0.093 53670.227076 20.196 0.023 53670.223743 20.052 0.024 53670.224576 19.986 0.033 53670.226243 19.675 0.089 -10.014304 -1.031282
53673.193394 20.939 0.093 53673.19506 20.199 0.024 53673.191727 20.059 0.025 53673.19256 19.888 0.03 53673.194227 19.728 0.091 -10.014304 -1.031282
53675.190281 21.013 0.111 53675.191947 20.169 0.029 53675.188614 20.021 0.035 53675.189447 19.992 0.043 53675.191114 19.583 0.112 -10.014304 -1.031282
53677.211314 20.909 0.084 53677.21298 20.178 0.022 53677.209647 20.007 0.022 53677.21048 19.938 0.029 53677.212147 19.601 0.072 -10.014304 -1.031282
53680.19798 20.847 0.088 53680.199646 20.199 0.025 53680.196313 20.081 0.025 53680.197146 19.882 0.028 53680.198813 19.686 0.081 -10.014304 -1.031282
53693.199879 20.729 0.18 53693.201545 20.127 0.045 53693.198212 20.015 0.039 53693.199045 19.943 0.039 53693.200712 19.652 0.085 -10.014304 -1.031282
53702.195613 -99.99 0.16 53702.19728 20.191 0.05 53702.193947 20.057 0.054 53702.19478 19.938 0.079 53702.196447 20.235 0.389 -10.014304 -1.031282
53704.183203 20.89 0.092 53704.184869 20.227 0.025 53704.181536 20.038 0.024 53704.182369 19.932 0.031 53704.184036 19.66 0.086 -10.014304 -1.031282
53974.275866 20.526 0.055 53974.277533 19.96 0.033 53974.2742 19.815 0.022 53974.275033 19.698 0.027 53974.2767 19.453 0.058 -10.014304 -1.031282
53989.279276 20.553 0.122 53989.280943 19.915 0.035 53989.27761 19.766 0.03 53989.278443 19.717 0.034 53989.28011 19.42 0.068 -10.014304 -1.031282
53997.374892 20.523 0.07 53997.376559 19.903 0.025 53997.373225 19.743 0.023 53997.374059 19.659 0.031 53997.375725 -99.99 0.07 -10.014304 -1.031282
54000.254672 20.439 0.075 54000.256339 19.886 0.028 54000.253006 19.733 0.024 54000.253839 19.654 0.029 54000.255506 19.531 0.1 -10.014304 -1.031282
54007.304824 20.616 0.076 54007.306491 19.799 0.025 54007.303157 19.734 0.024 54007.303991 19.654 0.031 54007.305657 19.503 0.079 -10.014304 -1.031282
54009.228588 -99.99 0.065 54009.230254 19.85 0.023 54009.226921 19.683 0.025 54009.227754 19.688 0.026 54009.229421 19.424 0.06 -10.014304 -1.031282
54011.293084 20.425 0.089 54011.29475 19.869 0.039 54011.291417 19.684 0.024 54011.29225 19.631 0.029 54011.293917 19.457 0.058 -10.014304 -1.031282
54019.243308 20.238 0.095 54019.244975 19.858 0.027 54019.241641 19.685 0.026 54019.242475 19.695 0.03 54019.244141 -99.99 0.083 -10.014304 -1.031282
54025.29209 20.348 0.077 54025.293757 19.828 0.033 54025.290423 19.668 0.024 54025.291257 19.673 0.034 54025.292923 19.445 0.095 -10.014304 -1.031282
54029.222484 20.44 0.066 54029.224151 19.817 0.025 54029.220818 19.608 0.024 54029.221651 19.62 0.032 54029.223318 -99.99 0.085 -10.014304 -1.031282
54348.289826 20.532 0.068 54348.291492 19.937 0.025 54348.288159 19.812 0.025 54348.288992 19.783 0.034 54348.290659 19.518 0.089 -10.014304 -1.031282
54358.245653 20.562 0.105 54358.247319 19.982 0.026 54358.243986 19.846 0.029 54358.244819 19.762 0.033 54358.246486 19.375 0.072 -10.014304 -1.031282
54365.278734 20.696 0.101 54365.2804 19.911 0.033 54365.277067 19.792 0.027 54365.2779 19.726 0.04 54365.279567 19.524 0.089 -10.014304 -1.031282
54373.352927 20.698 0.24 54373.354593 -99.99 0.06 54373.35126 19.828 0.045 54373.352093 19.768 0.046 54373.35376 19.472 0.128 -10.014304 -1.031282
54381.298294 20.486 0.067 54381.29996 19.93 0.024 54381.296627 19.792 0.02 54381.29746 19.719 0.029 54381.299127 19.617 0.081 -10.014304 -1.031282
54386.290622 20.65 0.076 54386.292289 19.933 0.03 54386.288956 19.773 0.021 54386.289789 19.697 0.027 54386.291456 19.541 0.068 -10.014304 -1.031282
54388.294876 20.516 0.071 54388.296542 19.95 0.023 54388.293209 19.767 0.022 54388.294042 19.692 0.026 54388.295709 19.515 0.073 -10.014304 -1.031282
54403.208679 20.609 0.109 54403.210346 19.831 0.031 54403.207012 19.739 0.026 54403.207846 19.715 0.029 54403.209512 19.507 0.072 -10.014304 -1.031282
54405.264198 20.49 0.075 54405.265865 19.922 0.026 54405.262531 19.731 0.022 54405.263365 19.857 0.043 54405.265031 19.539 0.079 -10.014304 -1.031282
54406.20248 20.608 0.1 54406.204147 19.846 0.026 54406.200814 19.734 0.024 54406.201647 19.639 0.029 54406.203314 19.425 0.067 -10.014304 -1.031282
54412.205501 20.497 0.059 54412.207167 19.888 0.024 54412.203834 19.752 0.027 54412.204667 19.647 0.027 54412.206334 19.49 0.063 -10.014304 -1.031282
