51075.259993 19.991 0.049 51075.261659 19.695 0.015 51075.258326 19.101 0.013 51075.259159 18.884 0.016 51075.260826 18.824 0.056 -14.389539 -0.452436
51464.248005 19.896 0.053 51464.249671 19.631 0.017 51464.246338 19.084 0.013 51464.247171 18.879 0.015 51464.248838 18.815 0.047 -14.389539 -0.452436
52197.273637 19.994 0.049 52197.275303 19.62 0.013 52197.27197 19.037 0.011 52197.272803 18.817 0.012 52197.27447 18.717 0.035 -14.389539 -0.452436
52231.159593 19.892 0.047 52231.161259 19.633 0.014 52231.157926 19.045 0.012 52231.158759 18.8 0.012 52231.160426 18.779 0.039 -14.389539 -0.452436
52253.145766 20.106 0.077 52253.147432 19.639 0.019 52253.144099 19.052 0.014 52253.144932 18.805 0.014 52253.146599 18.758 0.043 -14.389539 -0.452436
52557.267596 19.896 0.054 52557.269262 19.5 0.014 52557.265929 18.948 0.012 52557.266762 18.771 0.012 52557.268429 18.642 0.038 -14.389539 -0.452436
52578.163676 19.887 0.046 52578.165342 19.426 0.012 52578.162009 18.947 0.011 52578.162842 18.737 0.012 52578.164509 18.55 0.034 -14.389539 -0.452436
52908.24216 19.742 0.048 52908.243826 19.527 0.014 52908.240493 19.019 0.012 52908.241326 18.798 0.013 52908.242993 18.747 0.04 -14.389539 -0.452436
52911.255946 19.91 0.052 52911.257612 19.575 0.014 52911.254279 19.022 0.012 52911.255112 18.813 0.013 52911.256779 18.756 0.042 -14.389539 -0.452436
52929.193903 19.87 0.048 52929.195569 19.564 0.014 52929.192236 19.028 0.012 52929.193069 18.834 0.013 52929.194736 18.775 0.04 -14.389539 -0.452436
52930.133319 19.965 0.046 52930.134985 19.571 0.013 52930.131652 19.052 0.011 52930.132485 18.834 0.011 52930.134152 18.764 0.036 -14.389539 -0.452436
52934.174059 19.859 0.048 52934.175725 19.542 0.014 52934.172392 18.983 0.012 52934.173225 18.769 0.012 52934.174892 18.65 0.037 -14.389539 -0.452436
52936.169985 19.918 0.044 52936.171651 19.665 0.014 52936.168318 19.024 0.011 52936.169151 18.82 0.012 52936.170818 18.67 0.033 -14.389539 -0.452436
52962.095507 19.936 0.049 52962.097173 19.553 0.014 52962.09384 19.029 0.013 52962.094673 18.848 0.013 52962.09634 18.659 0.037 -14.389539 -0.452436
53270.234089 20.304 0.071 53270.235756 19.866 0.023 53270.232422 19.215 0.015 53270.233256 19.017 0.015 53270.234922 18.927 0.035 -14.389539 -0.452436
53272.283995 20.257 0.1 53272.285661 19.854 0.03 53272.282328 19.192 0.018 53272.283161 19.054 0.016 53272.284828 18.924 0.043 -14.389539 -0.452436
53286.25271 20.285 0.082 53286.254376 19.882 0.02 53286.251043 19.235 0.017 53286.251876 19.072 0.017 53286.253543 19.008 0.046 -14.389539 -0.452436
53288.2112 20.239 0.059 53288.212866 19.824 0.015 53288.209533 19.216 0.013 53288.210366 19.03 0.013 53288.212033 18.926 0.035 -14.389539 -0.452436
53302.206869 20.215 0.148 53302.208535 19.903 0.053 53302.205202 19.184 0.029 53302.206035 19.009 0.024 53302.207702 18.909 0.06 -14.389539 -0.452436
53312.162398 20.337 0.097 53312.164065 19.886 0.023 53312.160732 19.218 0.022 53312.161565 18.997 0.022 53312.163232 18.94 0.057 -14.389539 -0.452436
53314.163596 20.212 0.057 53314.165262 19.868 0.016 53314.161929 19.208 0.013 53314.162762 19.038 0.015 53314.164429 18.967 0.051 -14.389539 -0.452436
53616.267963 20.082 0.076 53616.269629 19.72 0.018 53616.266296 19.198 0.014 53616.267129 18.992 0.017 53616.268796 18.895 0.056 -14.389539 -0.452436
53626.244387 20.045 0.068 53626.246053 19.73 0.023 53626.24272 19.138 0.017 53626.243553 18.988 0.015 53626.24522 18.923 0.043 -14.389539 -0.452436
53628.229252 20.098 0.109 53628.230918 19.8 0.037 53628.227585 19.14 0.019 53628.228418 18.98 0.017 53628.230085 18.901 0.045 -14.389539 -0.452436
53644.223315 20.198 0.044 53644.224981 19.776 0.021 53644.221648 19.177 0.018 53644.222481 18.996 0.019 53644.224148 18.854 0.031 -14.389539 -0.452436
53654.257937 20.125 0.057 53654.259603 19.827 0.018 53654.25627 19.17 0.014 53654.257103 19.005 0.015 53654.25877 18.978 0.051 -14.389539 -0.452436
53656.20553 20.055 0.161 53656.207196 19.858 0.058 53656.203863 19.228 0.028 53656.204696 19.005 0.026 53656.206363 18.858 0.073 -14.389539 -0.452436
53663.218839 20.154 0.089 53663.220505 19.771 0.025 53663.217172 19.221 0.016 53663.218005 19.02 0.014 53663.219672 18.813 0.036 -14.389539 -0.452436
53665.196809 20.368 0.488 53665.198475 19.557 0.14 53665.195142 19.203 0.137 53665.195975 18.967 0.093 53665.197642 18.64 0.239 -14.389539 -0.452436
53673.181276 20.213 0.061 53673.182942 19.842 0.016 53673.179609 19.213 0.013 53673.180442 18.989 0.013 53673.182109 18.938 0.042 -14.389539 -0.452436
53675.178164 20.168 0.06 53675.17983 19.788 0.016 53675.176497 19.204 0.014 53675.17733 19.052 0.015 53675.178997 19.009 0.052 -14.389539 -0.452436
53677.199195 20.175 0.054 53677.200861 19.758 0.014 53677.197528 19.22 0.012 53677.198361 18.987 0.012 53677.200028 18.928 0.036 -14.389539 -0.452436
53693.187761 20.155 0.105 53693.189427 19.847 0.033 53693.186094 19.195 0.017 53693.186927 19 0.015 53693.188594 18.751 0.038 -14.389539 -0.452436
53704.171086 20.358 0.072 53704.172752 19.87 0.018 53704.169419 19.219 0.013 53704.170252 19.023 0.014 53704.171919 18.923 0.047 -14.389539 -0.452436
53989.267135 20.214 0.092 53989.268802 19.935 0.038 53989.265469 19.266 0.021 53989.266302 19.045 0.02 53989.267969 18.951 0.045 -14.389539 -0.452436
53997.362773 20.164 0.063 53997.36444 19.96 0.025 53997.361106 19.263 0.02 53997.36194 19.067 0.021 53997.363606 18.869 0.045 -14.389539 -0.452436
54000.242675 20.305 0.076 54000.244341 19.939 0.022 54000.241008 19.28 0.023 54000.241841 19.089 0.023 54000.243508 18.97 0.054 -14.389539 -0.452436
54007.292698 20.314 0.079 54007.294365 19.976 0.02 54007.291031 19.259 0.021 54007.291865 19.093 0.018 54007.293531 18.945 0.041 -14.389539 -0.452436
54009.216479 20.511 0.074 54009.218146 19.929 0.024 54009.214813 19.277 0.021 54009.215646 19.084 0.022 54009.217313 19.062 0.039 -14.389539 -0.452436
54011.280958 20.436 0.099 54011.282625 19.988 0.033 54011.279292 19.276 0.019 54011.280125 19.133 0.023 54011.281792 18.992 0.04 -14.389539 -0.452436
54019.231185 20.326 0.079 54019.232851 19.937 0.03 54019.229518 19.287 0.021 54019.230351 19.109 0.016 54019.232018 18.988 0.038 -14.389539 -0.452436
54025.279977 20.27 0.076 54025.281644 19.957 0.029 54025.27831 19.277 0.018 54025.279144 19.053 0.021 54025.28081 19.006 0.053 -14.389539 -0.452436
54029.210342 20.322 0.065 54029.212009 19.942 0.024 54029.208675 19.263 0.036 54029.209509 19.082 0.024 54029.211175 18.873 0.044 -14.389539 -0.452436
54348.277709 20.289 0.074 54348.279376 19.812 0.023 54348.276043 19.244 0.025 54348.276876 19.038 0.028 54348.278543 18.88 0.045 -14.389539 -0.452436
54358.233539 20.383 0.085 54358.235206 19.892 0.028 54358.231872 19.206 0.023 54358.232706 19.013 0.02 54358.234372 18.817 0.047 -14.389539 -0.452436
54365.2666 20.213 0.068 54365.268267 19.922 0.027 54365.264934 19.248 0.021 54365.265767 19.093 0.024 54365.267434 18.964 0.047 -14.389539 -0.452436
54373.340876 25.629 99.999 54373.342543 19.965 0.047 54373.33921 19.407 0.029 54373.340043 19.12 0.029 54373.34171 18.959 0.063 -14.389539 -0.452436
54381.286174 20.295 0.08 54381.287841 19.972 0.026 54381.284507 19.236 0.021 54381.285341 18.995 0.025 54381.287007 18.893 0.049 -14.389539 -0.452436
54382.275726 20.382 0.083 54382.277393 19.783 0.023 54382.274059 19.301 0.034 54382.274893 19.059 0.028 54382.276559 18.925 0.061 -14.389539 -0.452436
54386.278535 20.296 0.062 54386.280202 19.986 0.022 54386.276869 19.273 0.02 54386.277702 19.035 0.023 54386.279369 19.008 0.042 -14.389539 -0.452436
54388.282783 20.301 0.072 54388.284449 19.909 0.035 54388.281116 19.26 0.016 54388.281949 19.083 0.018 54388.283616 18.867 0.042 -14.389539 -0.452436
54403.196546 20.291 0.096 54403.198212 19.936 0.027 54403.194879 19.259 0.022 54403.195712 19.061 0.018 54403.197379 18.919 0.061 -14.389539 -0.452436
54404.203147 20.322 0.056 54404.204814 19.9 0.024 54404.201481 19.276 0.025 54404.202314 19.05 0.025 54404.203981 18.897 0.035 -14.389539 -0.452436
54405.252069 20.298 0.065 54405.253736 19.898 0.028 54405.250402 19.263 0.02 54405.251236 19.072 0.019 54405.252902 18.934 0.041 -14.389539 -0.452436
54406.190378 20.183 0.055 54406.192044 19.902 0.023 54406.188711 19.235 0.018 54406.189544 19.035 0.02 54406.191211 18.911 0.048 -14.389539 -0.452436
54412.193381 20.265 0.059 54412.195048 19.933 0.028 54412.191714 19.264 0.017 54412.192548 19.099 0.016 54412.194214 18.99 0.041 -14.389539 -0.452436
