51467.346005 20.69 0.132 51467.347671 20.065 0.027 51467.344338 20.081 0.033 51467.345171 20.087 0.05 51467.346838 19.756 0.176 -11.810286 0.152735
51819.322015 20.642 0.076 51819.323681 19.969 0.018 51819.320348 20.001 0.022 51819.321181 19.967 0.027 51819.322848 19.657 0.094 -11.810286 0.152735
52558.287269 20.407 0.072 52558.288935 19.922 0.017 52558.285602 19.971 0.022 52558.286435 19.949 0.028 52558.288102 19.841 0.123 -11.810286 0.152735
52577.174765 20.552 0.078 52577.176431 19.877 0.017 52577.173098 19.942 0.026 52577.173931 20.006 0.043 52577.175598 19.477 0.112 -11.810286 0.152735
52586.178243 20.329 0.056 52586.179909 19.845 0.016 52586.176576 19.899 0.023 52586.177409 19.914 0.032 52586.179076 19.816 0.129 -11.810286 0.152735
52910.258727 20.589 0.065 52910.260393 19.953 0.016 52910.25706 20.045 0.02 52910.257893 20.032 0.027 52910.25956 19.875 0.102 -11.810286 0.152735
52931.188928 20.613 0.071 52931.190594 19.969 0.017 52931.187261 20.061 0.022 52931.188094 20.004 0.027 52931.189761 19.667 0.085 -11.810286 0.152735
52935.185892 20.738 0.084 52935.187558 19.972 0.018 52935.184225 20.004 0.024 52935.185058 20.064 0.032 52935.186725 19.545 0.09 -11.810286 0.152735
52959.129219 20.65 0.069 52959.130885 19.991 0.016 52959.127552 20.01 0.021 52959.128385 20.054 0.027 52959.130052 19.917 0.102 -11.810286 0.152735
52963.108963 20.685 0.064 52963.110629 19.98 0.015 52963.107296 20.029 0.02 52963.108129 20.062 0.026 52963.109796 19.811 0.086 -11.810286 0.152735
53313.179093 20.708 0.1 53313.180759 20.087 0.02 53313.177426 20.073 0.028 53313.178259 20.092 0.041 53313.179926 19.681 0.137 -11.810286 0.152735
53352.080027 20.707 0.074 53352.081693 20.026 0.017 53352.07836 20.102 0.027 53352.079193 20.094 0.037 53352.08086 19.911 0.13 -11.810286 0.152735
53622.288334 20.717 0.121 53622.29 20.139 0.025 53622.286667 20.18 0.032 53622.2875 20.206 0.05 53622.289167 19.824 0.172 -11.810286 0.152735
53634.237804 21.252 0.534 53634.23947 -99.99 0.085 53634.236137 20.203 0.077 53634.23697 -99.99 0.083 53634.238637 20.31 0.358 -11.810286 0.152735
53636.243336 21.116 0.252 53636.245002 20.289 0.042 53636.241669 20.239 0.063 53636.242502 20.366 0.071 53636.244169 19.688 0.135 -11.810286 0.152735
53638.279137 20.948 0.105 53638.280803 20.19 0.023 53638.27747 20.233 0.026 53638.278303 20.261 0.034 53638.27997 19.832 0.104 -11.810286 0.152735
53640.243173 -99.99 0.262 53640.244839 -99.99 0.057 53640.241506 -99.99 0.037 53640.242339 -99.99 0.12 53640.244006 -99.99 0.34 -11.810286 0.152735
53655.215342 20.648 0.198 53655.217008 20.164 0.041 53655.213675 20.184 0.053 53655.214508 20.158 0.059 53655.216175 19.766 0.163 -11.810286 0.152735
53664.240301 20.783 0.18 53664.241967 20.224 0.041 53664.238634 20.268 0.047 53664.239467 20.171 0.05 53664.241134 19.883 0.139 -11.810286 0.152735
53666.203903 20.928 0.091 53666.205569 20.179 0.021 53666.202236 20.272 0.029 53666.203069 20.237 0.036 53666.204736 19.806 0.1 -11.810286 0.152735
53669.199542 20.844 0.086 53669.201208 20.208 0.018 53669.197875 20.237 0.026 53669.198708 20.3 0.038 53669.200375 19.839 0.106 -11.810286 0.152735
53671.284321 20.842 0.13 53671.285987 20.274 0.024 53671.282654 20.244 0.031 53671.283487 20.271 0.043 53671.285154 20.141 0.162 -11.810286 0.152735
53674.183777 20.798 0.108 53674.185443 20.177 0.021 53674.18211 20.203 0.033 53674.182943 20.152 0.044 53674.18461 19.982 0.14 -11.810286 0.152735
53676.273264 20.741 0.101 53676.27493 20.183 0.02 53676.271597 20.195 0.03 53676.27243 20.214 0.036 53676.274097 20.105 0.12 -11.810286 0.152735
53679.245152 20.701 0.12 53679.246818 20.158 0.024 53679.243485 20.122 0.033 53679.244318 20.191 0.046 53679.245985 19.864 0.152 -11.810286 0.152735
53681.236663 20.818 0.102 53681.238329 20.169 0.021 53681.234996 20.227 0.027 53681.235829 20.212 0.034 53681.237496 19.937 0.121 -11.810286 0.152735
53687.234054 21.037 0.369 53687.23572 20.177 0.059 53687.232387 20.249 0.061 53687.23322 20.122 0.058 53687.234887 19.898 0.131 -11.810286 0.152735
53697.193686 21.075 0.376 53697.195352 20.166 0.06 53697.192019 20 0.067 53697.192852 20.005 0.082 53697.194519 19.706 0.269 -11.810286 0.152735
53700.192646 20.701 0.099 53700.194312 20.156 0.022 53700.190979 20.257 0.03 53700.191812 20.238 0.04 53700.193479 19.95 0.162 -11.810286 0.152735
53705.179316 20.795 0.107 53705.180982 20.18 0.021 53705.177649 20.226 0.03 53705.178482 20.132 0.037 53705.180149 19.939 0.116 -11.810286 0.152735
53975.264334 20.64 0.094 53975.266001 20.126 0.021 53975.262667 20.194 0.032 53975.263501 20.214 0.041 53975.265167 19.798 0.116 -11.810286 0.152735
53993.332218 20.358 0.131 53993.333885 20.061 0.063 53993.330551 20.134 0.03 53993.331385 20.123 0.036 53993.333051 -99.99 0.126 -11.810286 0.152735
53996.271098 20.74 0.084 53996.272765 20.102 0.021 53996.269431 20.149 0.026 53996.270265 20.14 0.033 53996.271931 19.932 0.125 -11.810286 0.152735
53998.239673 20.737 0.063 53998.241339 20.059 0.02 53998.238006 20.128 0.021 53998.238839 20.133 0.035 53998.240506 19.821 0.076 -11.810286 0.152735
54005.269957 20.666 0.068 54005.271624 20.061 0.023 54005.26829 20.144 0.022 54005.269124 20.185 0.029 54005.27079 19.926 0.087 -11.810286 0.152735
54010.225176 20.851 0.095 54010.226843 20.079 0.026 54010.223509 20.105 0.028 54010.224343 20.159 0.032 54010.226009 19.924 0.085 -11.810286 0.152735
54012.218092 20.682 0.149 54012.219759 20.074 0.041 54012.216425 20.222 0.042 54012.217259 20.117 0.042 54012.218925 19.701 0.085 -11.810286 0.152735
54020.223979 20.899 0.119 54020.225645 20.106 0.023 54020.222312 20.153 0.031 54020.223145 20.13 0.046 54020.224812 20.101 0.151 -11.810286 0.152735
54022.273269 20.706 0.075 54022.274936 20.089 0.024 54022.271602 20.161 0.026 54022.272436 20.101 0.033 54022.274102 19.728 0.081 -11.810286 0.152735
54028.214349 20.694 0.096 54028.216015 20.078 0.026 54028.212682 20.115 0.033 54028.213515 20.111 0.04 54028.215182 19.699 0.098 -11.810286 0.152735
54030.21756 20.706 0.068 54030.219227 20.081 0.018 54030.215894 20.107 0.023 54030.216727 20.144 0.028 54030.218394 19.806 0.079 -11.810286 0.152735
54035.293382 -99.99 0.182 54035.295048 20.086 0.037 54035.291715 20.175 0.044 54035.292548 20.12 0.068 54035.294215 19.865 0.189 -11.810286 0.152735
54037.198848 20.547 0.083 54037.200515 20.067 0.029 54037.197182 20.099 0.038 54037.198015 20.16 0.047 54037.199682 19.898 0.133 -11.810286 0.152735
54040.213383 20.841 0.189 54040.21505 20.072 0.046 54040.211717 20.223 0.056 54040.21255 20.129 0.05 54040.214217 19.77 0.114 -11.810286 0.152735
54049.23976 20.591 0.187 54049.241426 20.163 0.05 54049.238093 20.095 0.045 54049.238926 20.206 0.061 54049.240593 19.791 0.154 -11.810286 0.152735
54050.197889 20.597 0.119 54050.199556 20.044 0.034 54050.196223 20.072 0.041 54050.197056 20.122 0.054 54050.198723 20.288 0.311 -11.810286 0.152735
54053.204058 20.744 0.094 54053.205725 20.057 0.023 54053.202392 20.133 0.028 54053.203225 20.197 0.04 54053.204892 19.81 0.115 -11.810286 0.152735
54059.200008 20.625 0.124 54059.201675 20.059 0.047 54059.198342 20.058 0.03 54059.199175 20.188 0.046 54059.200842 19.84 0.17 -11.810286 0.152735
54062.20491 20.548 0.108 54062.206576 20.084 0.028 54062.203243 20.084 0.036 54062.204076 20.169 0.057 54062.205743 20.036 0.215 -11.810286 0.152735
54357.243285 -99.99 0.112 54357.244952 20.399 0.026 54357.241619 20.384 0.031 54357.242452 20.418 0.041 54357.244119 20.072 0.129 -11.810286 0.152735
54362.293016 21.175 0.121 54362.294682 20.407 0.039 54362.291349 20.391 0.031 54362.292182 20.395 0.049 54362.293849 20.28 0.179 -11.810286 0.152735
54376.301688 21.204 0.136 54376.303354 -99.99 0.03 54376.300021 20.392 0.034 54376.300854 20.434 0.043 54376.302521 20.089 0.13 -11.810286 0.152735
54385.29103 21.028 0.134 54385.292696 20.387 0.025 54385.289363 20.398 0.034 54385.290196 20.333 0.059 54385.291863 19.829 0.12 -11.810286 0.152735
54387.291546 21.003 0.121 54387.293213 20.294 0.025 54387.289879 20.348 0.033 54387.290713 20.36 0.047 54387.292379 19.992 0.134 -11.810286 0.152735
54392.286347 21.164 0.144 54392.288014 20.39 0.03 54392.28468 20.313 0.033 54392.285514 20.326 0.045 54392.28718 20.34 0.174 -11.810286 0.152735
54402.284718 20.951 0.31 54402.286385 20.385 0.06 54402.283051 20.332 0.056 54402.283885 20.32 0.061 54402.285551 19.814 0.119 -11.810286 0.152735
