51467.340464 20.602 0.149 51467.34213 20.447 0.037 51467.338797 20.244 0.042 51467.33963 20.184 0.055 51467.341297 19.786 0.157 -13.813136 -0.705051
51819.316487 20.861 0.104 51819.318153 20.361 0.025 51819.31482 20.16 0.026 51819.315653 20.13 0.031 51819.31732 19.944 0.101 -13.813136 -0.705051
52558.281722 20.256 0.07 52558.283388 19.951 0.018 52558.280055 19.814 0.02 52558.280888 19.78 0.027 52558.282555 19.549 0.067 -13.813136 -0.705051
52577.169219 20.271 0.07 52577.170885 19.971 0.019 52577.167552 19.849 0.025 52577.168385 19.795 0.035 52577.170052 19.562 0.101 -13.813136 -0.705051
52586.172696 20.222 0.061 52586.174362 19.916 0.018 52586.171029 19.794 0.023 52586.171862 19.861 0.031 52586.173529 19.531 0.093 -13.813136 -0.705051
52910.253181 19.87 0.041 52910.254847 19.623 0.013 52910.251514 19.543 0.015 52910.252347 19.547 0.018 52910.254014 19.344 0.054 -13.813136 -0.705051
52931.183381 19.785 0.04 52931.185047 19.552 0.013 52931.181714 19.477 0.015 52931.182547 19.523 0.018 52931.184214 19.498 0.06 -13.813136 -0.705051
52935.180344 19.832 0.046 52935.18201 19.529 0.014 52935.178677 19.457 0.016 52935.17951 19.51 0.021 52935.181177 19.31 0.064 -13.813136 -0.705051
52959.123671 19.853 0.045 52959.125337 19.578 0.014 52959.122004 19.505 0.017 52959.122837 19.53 0.019 52959.124504 19.436 0.06 -13.813136 -0.705051
52963.103416 19.834 0.04 52963.105082 19.608 0.013 52963.101749 19.535 0.015 52963.102582 19.53 0.017 52963.104249 19.397 0.052 -13.813136 -0.705051
53313.173545 20.522 0.093 53313.175211 19.984 0.021 53313.171878 19.81 0.025 53313.172711 19.761 0.031 53313.174378 19.601 0.111 -13.813136 -0.705051
53352.07448 20.502 0.072 53352.076146 19.987 0.017 53352.072813 19.86 0.023 53352.073646 19.879 0.03 53352.075313 19.54 0.083 -13.813136 -0.705051
53622.282786 20.183 0.082 53622.284452 19.749 0.02 53622.281119 19.628 0.025 53622.281952 19.721 0.034 53622.283619 19.404 0.101 -13.813136 -0.705051
53636.237788 19.913 0.095 53636.239454 19.733 0.03 53636.236121 19.573 0.03 53636.236954 19.628 0.034 53636.238621 19.497 0.094 -13.813136 -0.705051
53638.27359 20.037 0.057 53638.275256 19.738 0.017 53638.271923 19.597 0.018 53638.272756 19.635 0.022 53638.274423 19.402 0.061 -13.813136 -0.705051
53640.237625 -99.99 0.206 53640.239291 -99.99 0.031 53640.235958 -99.99 0.053 53640.236791 -99.99 0.072 53640.238458 19.357 0.133 -13.813136 -0.705051
53655.209795 19.958 0.114 53655.211461 19.635 0.038 53655.208128 19.544 0.032 53655.208961 19.634 0.044 53655.210628 19.375 0.114 -13.813136 -0.705051
53664.234752 19.89 0.1 53664.236418 19.72 0.033 53664.233085 19.637 0.03 53664.233918 19.561 0.027 53664.235585 19.586 0.107 -13.813136 -0.705051
53666.198355 20.073 0.055 53666.200021 19.77 0.018 53666.196688 19.618 0.019 53666.197521 19.617 0.022 53666.199188 19.48 0.073 -13.813136 -0.705051
53669.193994 20.085 0.058 53669.19566 19.738 0.015 53669.192327 19.603 0.019 53669.19316 19.633 0.026 53669.194827 19.381 0.077 -13.813136 -0.705051
53671.278775 20.14 0.094 53671.280441 19.775 0.019 53671.277108 19.622 0.022 53671.277941 19.617 0.028 53671.279608 19.502 0.088 -13.813136 -0.705051
53674.178229 20.214 0.092 53674.179895 19.736 0.017 53674.176562 19.619 0.021 53674.177395 19.66 0.029 53674.179062 19.479 0.089 -13.813136 -0.705051
53676.267719 20.119 0.067 53676.269385 19.793 0.018 53676.266052 19.658 0.019 53676.266885 19.66 0.023 53676.268552 19.283 0.061 -13.813136 -0.705051
53679.239605 20.264 0.08 53679.241271 19.78 0.018 53679.237938 19.657 0.022 53679.238771 19.761 0.027 53679.240438 19.527 0.079 -13.813136 -0.705051
53681.231117 20.295 0.073 53681.232783 19.799 0.019 53681.22945 19.626 0.019 53681.230283 19.674 0.023 53681.23195 19.463 0.06 -13.813136 -0.705051
53685.190165 20.602 0.317 53685.191831 19.883 0.082 53685.188498 19.803 0.075 53685.189331 -99.99 0.067 53685.190998 19.164 0.124 -13.813136 -0.705051
53687.228508 20.07 0.191 53687.230174 19.718 0.054 53687.226841 19.618 0.041 53687.227674 19.611 0.036 53687.229341 19.435 0.093 -13.813136 -0.705051
53694.204048 20.183 0.282 53694.205714 19.871 0.065 53694.202381 19.74 0.061 53694.203214 19.796 0.07 53694.204881 -99.99 0.155 -13.813136 -0.705051
53697.18814 20.244 0.139 53697.189806 19.889 0.033 53697.186473 19.738 0.04 53697.187306 19.788 0.045 53697.188973 19.476 0.109 -13.813136 -0.705051
53700.1871 20.14 0.071 53700.188766 19.812 0.018 53700.185433 19.687 0.021 53700.186266 19.708 0.028 53700.187933 19.359 0.077 -13.813136 -0.705051
53705.173769 20.184 0.065 53705.175435 19.798 0.017 53705.172102 19.642 0.019 53705.172935 19.68 0.025 53705.174602 19.585 0.081 -13.813136 -0.705051
53975.258772 20.154 0.056 53975.260439 19.838 0.022 53975.257106 19.699 0.021 53975.257939 19.757 0.026 53975.259606 19.594 0.083 -13.813136 -0.705051
53993.32657 20.241 0.066 53993.328237 19.885 0.022 53993.324903 19.702 0.028 53993.325737 19.746 0.025 53993.327403 19.622 0.068 -13.813136 -0.705051
53996.265494 20.215 0.059 53996.267161 19.855 0.019 53996.263828 19.68 0.019 53996.264661 19.764 0.024 53996.266328 19.632 0.073 -13.813136 -0.705051
53998.23414 20.186 0.051 53998.235807 19.886 0.019 53998.232473 19.735 0.018 53998.233307 19.805 0.022 53998.234973 19.641 0.058 -13.813136 -0.705051
54005.264363 20.23 0.057 54005.26603 19.86 0.022 54005.262697 19.741 0.021 54005.26353 19.723 0.024 54005.265197 19.629 0.068 -13.813136 -0.705051
54010.219649 20.289 0.072 54010.221316 19.89 0.029 54010.217983 19.774 0.022 54010.218816 19.826 0.027 54010.220483 19.538 0.053 -13.813136 -0.705051
54012.212443 20.071 0.094 54012.21411 19.889 0.038 54012.210777 19.75 0.03 54012.21161 19.834 0.039 54012.213277 19.744 0.072 -13.813136 -0.705051
54020.218431 20.132 0.065 54020.220098 19.836 0.026 54020.216764 19.705 0.021 54020.217598 19.764 0.027 54020.219264 -99.99 0.093 -13.813136 -0.705051
54022.267703 -99.99 0.133 54022.26937 19.863 0.021 54022.266037 19.768 0.021 54022.26687 -99.99 0.06 54022.268537 19.473 0.09 -13.813136 -0.705051
54028.208798 20.345 0.07 54028.210465 19.89 0.023 54028.207131 19.734 0.026 54028.207965 19.834 0.029 54028.209631 19.533 0.079 -13.813136 -0.705051
54030.211999 20.323 0.063 54030.213665 19.906 0.023 54030.210332 19.784 0.016 54030.211165 19.821 0.023 54030.212832 19.605 0.057 -13.813136 -0.705051
54035.287782 20.084 0.093 54035.289449 19.891 0.027 54035.286115 19.748 0.032 54035.286949 19.81 0.033 54035.288615 19.633 0.117 -13.813136 -0.705051
54037.193234 20.369 0.097 54037.194901 19.938 0.031 54037.191567 19.758 0.032 54037.192401 19.881 0.036 54037.194067 19.577 0.099 -13.813136 -0.705051
54040.207718 20.46 0.156 54040.209384 19.914 0.045 54040.206051 19.815 0.04 54040.206884 19.897 0.042 54040.208551 19.595 0.087 -13.813136 -0.705051
54049.234209 20.15 0.134 54049.235875 19.932 0.045 54049.232542 19.799 0.041 54049.233375 19.755 0.042 54049.235042 19.461 0.104 -13.813136 -0.705051
54053.198517 20.271 0.064 54053.200184 19.941 0.03 54053.19685 19.697 0.036 54053.197684 19.736 0.027 54053.19935 19.417 0.08 -13.813136 -0.705051
54056.200217 20.406 0.093 54056.201883 19.906 0.037 54056.19855 19.799 0.028 54056.199383 19.726 0.032 54056.20105 19.437 0.104 -13.813136 -0.705051
54059.194463 20.348 0.088 54059.19613 19.91 0.022 54059.192797 19.749 0.026 54059.19363 19.737 0.033 54059.195297 19.294 0.076 -13.813136 -0.705051
54061.205509 20.396 0.076 54061.207175 19.925 0.027 54061.203842 19.747 0.02 54061.204675 19.819 0.03 54061.206342 19.514 0.067 -13.813136 -0.705051
54062.199364 20.244 0.093 54062.20103 19.911 0.059 54062.197697 19.76 0.029 54062.19853 19.759 0.037 54062.200197 20.052 0.192 -13.813136 -0.705051
54357.237679 20.479 0.074 54357.239346 20.071 0.031 54357.236012 19.967 0.023 54357.236846 20.02 0.029 54357.238512 19.717 0.078 -13.813136 -0.705051
54362.287449 20.49 0.071 54362.289115 20.099 0.024 54362.285782 19.927 0.022 54362.286615 19.978 0.031 54362.288282 19.792 0.085 -13.813136 -0.705051
54376.296121 20.649 0.096 54376.297788 20.142 0.028 54376.294455 20.048 0.026 54376.295288 20.04 0.032 54376.296955 19.652 0.081 -13.813136 -0.705051
54385.285484 20.384 0.072 54385.287151 20.092 0.025 54385.283817 19.961 0.023 54385.284651 20.034 0.026 54385.286317 19.719 0.079 -13.813136 -0.705051
54387.285975 20.64 0.097 54387.287642 20.099 0.021 54387.284309 19.982 0.026 54387.285142 19.999 0.033 54387.286809 19.66 0.084 -13.813136 -0.705051
54392.280696 20.412 0.087 54392.282363 20.088 0.023 54392.279029 19.994 0.025 54392.279863 20.021 0.029 54392.281529 19.647 0.079 -13.813136 -0.705051
54402.279168 20.214 0.15 54402.280834 20.039 0.046 54402.277501 19.972 0.038 54402.278334 19.991 0.038 54402.280001 19.685 0.086 -13.813136 -0.705051
