51467.342311 19.537 0.048 51467.343977 19.547 0.016 51467.340644 19.394 0.02 51467.341477 19.093 0.022 51467.343144 18.938 0.084 -13.145916 0.166056
51819.318287 19.583 0.035 51819.319953 19.405 0.012 51819.31662 19.283 0.014 51819.317453 18.983 0.014 51819.31912 18.989 0.052 -13.145916 0.166056
52558.28357 19.541 0.035 52558.285236 19.402 0.012 52558.281903 19.285 0.014 52558.282736 18.974 0.014 52558.284403 18.838 0.046 -13.145916 0.166056
52577.171067 19.469 0.035 52577.172733 19.363 0.012 52577.1694 19.324 0.016 52577.170233 18.976 0.017 52577.1719 18.895 0.069 -13.145916 0.166056
52586.174545 19.459 0.032 52586.176211 19.384 0.012 52586.172878 19.307 0.015 52586.173711 18.975 0.017 52586.175378 18.818 0.055 -13.145916 0.166056
52910.255028 19.638 0.034 52910.256694 19.552 0.012 52910.253361 19.427 0.014 52910.254194 19.058 0.014 52910.255861 18.943 0.046 -13.145916 0.166056
52931.185229 19.638 0.034 52931.186895 19.602 0.013 52931.183562 19.503 0.014 52931.184395 19.114 0.014 52931.186062 18.981 0.046 -13.145916 0.166056
52935.182193 19.645 0.038 52935.183859 19.59 0.014 52935.180526 19.485 0.016 52935.181359 19.111 0.016 52935.183026 18.954 0.055 -13.145916 0.166056
52959.125519 19.787 0.039 52959.127185 19.616 0.013 52959.123852 19.515 0.016 52959.124685 19.131 0.015 52959.126352 18.998 0.051 -13.145916 0.166056
52963.105263 19.758 0.034 52963.106929 19.649 0.013 52963.103596 19.522 0.015 52963.104429 19.133 0.014 52963.106096 19.059 0.046 -13.145916 0.166056
53313.175394 19.926 0.057 53313.17706 19.912 0.019 53313.173727 19.781 0.025 53313.17456 19.331 0.026 53313.176227 19.393 0.097 -13.145916 0.166056
53352.076328 20.054 0.046 53352.077994 19.956 0.017 53352.074661 19.788 0.02 53352.075494 19.39 0.02 53352.077161 19.226 0.072 -13.145916 0.166056
53622.284634 19.904 0.063 53622.2863 19.725 0.017 53622.282967 19.599 0.023 53622.2838 19.252 0.024 53622.285467 -99.99 0.096 -13.145916 0.166056
53636.239637 19.716 0.07 53636.241303 19.703 0.034 53636.23797 19.666 0.031 53636.238803 19.185 0.024 53636.24047 18.987 0.093 -13.145916 0.166056
53638.275438 19.722 0.042 53638.277104 19.706 0.015 53638.273771 19.604 0.017 53638.274604 19.264 0.017 53638.276271 19.075 0.055 -13.145916 0.166056
53640.239473 -99.99 0.092 53640.241139 19.675 0.018 53640.237806 -99.99 0.05 53640.238639 -99.99 0.029 53640.240306 -99.99 0.214 -13.145916 0.166056
53655.211644 19.654 0.092 53655.21331 19.703 0.037 53655.209977 19.588 0.034 53655.21081 19.21 0.033 53655.212477 18.89 0.078 -13.145916 0.166056
53664.236601 19.646 0.082 53664.238267 19.642 0.026 53664.234934 19.644 0.028 53664.235767 19.274 0.025 53664.237434 18.961 0.075 -13.145916 0.166056
53666.200205 19.732 0.041 53666.201871 19.648 0.015 53666.198538 19.576 0.017 53666.199371 19.184 0.017 53666.201038 18.982 0.055 -13.145916 0.166056
53669.195842 19.747 0.043 53669.197508 19.661 0.013 53669.194175 19.586 0.018 53669.195008 19.251 0.019 53669.196675 19.015 0.064 -13.145916 0.166056
53671.280622 19.678 0.058 53671.282288 19.601 0.016 53671.278955 19.562 0.022 53671.279788 19.161 0.021 53671.281455 18.989 0.067 -13.145916 0.166056
53674.180078 19.751 0.049 53674.181744 19.643 0.015 53674.178411 19.527 0.022 53674.179244 19.171 0.021 53674.180911 19.159 0.079 -13.145916 0.166056
53676.269566 19.64 0.045 53676.271232 19.717 0.016 53676.267899 19.595 0.018 53676.268732 19.198 0.018 53676.270399 19.108 0.058 -13.145916 0.166056
53679.241452 19.785 0.051 53679.243118 -99.99 0.016 53679.239785 19.581 0.021 53679.240618 19.199 0.021 53679.242285 19.046 0.066 -13.145916 0.166056
53681.232964 19.708 0.047 53681.23463 19.673 0.014 53681.231297 19.558 0.017 53681.23213 19.241 0.016 53681.233797 19.029 0.048 -13.145916 0.166056
53685.192013 19.712 0.129 53685.193679 -99.99 0.066 53685.190346 19.53 0.063 53685.191179 19.31 0.059 53685.192846 -99.99 0.141 -13.145916 0.166056
53687.230355 19.604 0.111 53687.232021 19.783 0.043 53687.228688 19.592 0.036 53687.229521 19.22 0.028 53687.231188 19.184 0.073 -13.145916 0.166056
53694.205896 19.747 0.139 53694.207562 19.678 0.049 53694.204229 19.747 0.062 53694.205062 19.339 0.041 53694.206729 -99.99 0.144 -13.145916 0.166056
53697.189987 19.958 0.106 53697.191653 19.708 0.03 53697.18832 19.588 0.037 53697.189153 19.194 0.028 53697.19082 18.94 0.095 -13.145916 0.166056
53700.188946 19.748 0.047 53700.190612 19.687 0.015 53700.187279 19.55 0.019 53700.188112 19.183 0.021 53700.189779 19.037 0.063 -13.145916 0.166056
53705.175617 19.681 0.043 53705.177283 19.685 0.015 53705.17395 19.514 0.017 53705.174783 19.218 0.018 53705.17645 19.107 0.057 -13.145916 0.166056
53975.260675 19.683 0.041 53975.262341 19.545 0.025 53975.259008 19.459 0.02 53975.259841 19.13 0.023 53975.261508 19.089 0.071 -13.145916 0.166056
53993.328452 19.545 0.035 53993.330119 19.556 0.017 53993.326785 19.414 0.018 53993.327619 19.132 0.019 53993.329285 18.982 0.05 -13.145916 0.166056
53996.267347 19.676 0.042 53996.269013 19.539 0.026 53996.26568 19.408 0.018 53996.266513 19.134 0.02 53996.26818 18.995 0.052 -13.145916 0.166056
53998.236 19.607 0.042 53998.237667 19.524 0.017 53998.234334 19.43 0.017 53998.235167 19.11 0.02 53998.236834 18.993 0.042 -13.145916 0.166056
54005.266215 19.715 0.032 54005.267881 19.513 0.018 54005.264548 19.426 0.018 54005.265381 19.157 0.024 54005.267048 19.121 0.049 -13.145916 0.166056
54010.221451 19.603 0.036 54010.223118 19.533 0.021 54010.219785 19.401 0.019 54010.220618 19.071 0.021 54010.222285 18.989 0.048 -13.145916 0.166056
54012.214365 19.624 0.06 54012.216031 19.542 0.027 54012.212698 19.42 0.025 54012.213531 19.149 0.028 54012.215198 19.047 0.052 -13.145916 0.166056
54020.22034 19.607 0.045 54020.222007 19.509 0.025 54020.218673 19.394 0.017 54020.219507 19.124 0.024 54020.221173 19.099 0.068 -13.145916 0.166056
54022.269598 19.617 0.034 54022.271264 19.487 0.015 54022.267931 -99.99 0.034 54022.268764 -99.99 0.023 54022.270431 18.942 0.043 -13.145916 0.166056
54028.210656 19.626 0.04 54028.212323 19.465 0.018 54028.208989 19.418 0.022 54028.209823 19.125 0.018 54028.211489 19.002 0.061 -13.145916 0.166056
54030.213868 19.534 0.032 54030.215534 19.511 0.026 54030.212201 19.419 0.016 54030.213034 19.1 0.018 54030.214701 19.012 0.042 -13.145916 0.166056
54035.289615 19.702 0.061 54035.291281 19.547 0.025 54035.287948 19.435 0.023 54035.288781 19.118 0.023 54035.290448 18.889 0.073 -13.145916 0.166056
54037.195088 19.623 0.043 54037.196754 19.547 0.02 54037.193421 19.428 0.024 54037.194254 19.133 0.023 54037.195921 19.052 0.064 -13.145916 0.166056
54040.209616 19.592 0.063 54040.211282 19.517 0.027 54040.207949 19.435 0.029 54040.208782 19.158 0.024 54040.210449 18.936 0.055 -13.145916 0.166056
54049.23611 19.645 0.091 54049.237777 19.571 0.028 54049.234444 19.447 0.03 54049.235277 19.101 0.024 54049.236944 18.908 0.073 -13.145916 0.166056
54050.194186 19.661 0.066 54050.195853 19.513 0.034 54050.192519 -99.99 0.034 54050.193353 19.086 0.029 54050.195019 18.967 0.089 -13.145916 0.166056
54053.200369 19.669 0.041 54053.202035 19.491 0.025 54053.198702 19.403 0.021 54053.199535 19.098 0.025 54053.201202 18.897 0.057 -13.145916 0.166056
54056.202066 19.645 0.059 54056.203733 19.518 0.037 54056.2004 19.414 0.028 54056.201233 19.094 0.023 54056.2029 -99.99 0.083 -13.145916 0.166056
54059.196299 19.706 0.05 54059.197965 19.539 0.018 54059.194632 19.444 0.022 54059.195465 19.112 0.025 54059.197132 19.043 0.074 -13.145916 0.166056
54062.201223 19.658 0.084 54062.20289 19.538 0.02 54062.199557 19.416 0.024 54062.20039 19.089 0.028 54062.202057 19.106 0.094 -13.145916 0.166056
54357.239518 19.432 0.037 54357.241185 19.34 0.02 54357.237851 19.227 0.026 54357.238685 19.004 0.022 54357.240351 18.751 0.044 -13.145916 0.166056
54362.289304 19.456 0.034 54362.290971 19.331 0.021 54362.287638 19.269 0.018 54362.288471 18.996 0.023 54362.290138 18.943 0.048 -13.145916 0.166056
54376.297982 19.422 0.041 54376.299649 19.358 0.021 54376.296315 19.262 0.017 54376.297149 19.005 0.023 54376.298815 18.874 0.048 -13.145916 0.166056
54385.287341 -99.99 0.037 54385.289008 19.341 0.021 54385.285675 19.23 0.016 54385.286508 18.974 0.026 54385.288175 18.856 0.045 -13.145916 0.166056
54387.287818 19.352 0.034 54387.289485 19.368 0.019 54387.286151 19.223 0.016 54387.286985 18.955 0.016 54387.288651 18.981 0.053 -13.145916 0.166056
54392.28258 19.471 0.047 54392.284246 19.307 0.02 54392.280913 19.249 0.017 54392.281746 18.952 0.021 54392.283413 18.819 0.047 -13.145916 0.166056
54402.281118 19.326 0.067 54402.282785 19.309 0.025 54402.279451 19.224 0.021 54402.280285 18.951 0.022 54402.281951 18.783 0.049 -13.145916 0.166056
