51075.267317 19.96 0.046 51075.268983 20.049 0.021 51075.26565 20.032 0.027 51075.266483 19.787 0.037 51075.26815 19.637 0.125 -11.74752 1.119755
51464.255238 19.952 0.05 51464.256904 20.003 0.02 51464.253571 20.067 0.029 51464.254404 19.782 0.036 51464.256071 19.826 0.123 -11.74752 1.119755
52196.267863 20.099 0.049 52196.269529 20.112 0.019 52196.266196 20.067 0.024 52196.267029 19.785 0.03 52196.268696 19.71 0.098 -11.74752 1.119755
52197.280971 20.165 0.05 52197.282637 20.082 0.018 52197.279304 20.036 0.023 52197.280137 19.85 0.029 52197.281804 19.821 0.091 -11.74752 1.119755
52225.131124 20.066 0.047 52225.13279 20.05 0.017 52225.129457 20.062 0.025 52225.13029 19.84 0.031 52225.131957 19.76 0.097 -11.74752 1.119755
52231.16691 20.178 0.052 52231.168576 20.061 0.018 52231.165243 20.041 0.023 52231.166076 19.834 0.03 52231.167743 19.746 0.088 -11.74752 1.119755
52253.153084 -99.99 0.07 52253.15475 19.916 0.022 52253.151417 19.919 0.032 52253.15225 19.729 0.038 52253.153917 19.606 0.115 -11.74752 1.119755
52557.274912 20.171 0.062 52557.276578 20.091 0.02 52557.273245 20.03 0.027 52557.274078 19.857 0.035 52557.275745 19.995 0.123 -11.74752 1.119755
52578.170994 20.088 0.052 52578.17266 20.11 0.019 52578.169327 20.158 0.028 52578.17016 19.897 0.037 52578.171827 19.817 0.115 -11.74752 1.119755
52908.249479 20.378 0.07 52908.251145 20.319 0.023 52908.247812 20.239 0.029 52908.248645 19.977 0.036 52908.250312 20.05 0.143 -11.74752 1.119755
52911.263264 20.354 0.07 52911.26493 20.343 0.026 52911.261597 20.259 0.029 52911.26243 19.875 0.035 52911.264097 19.837 0.123 -11.74752 1.119755
52929.201221 20.292 0.064 52929.202887 20.323 0.027 52929.199554 20.253 0.033 52929.200387 19.896 0.036 52929.202054 19.854 0.121 -11.74752 1.119755
52930.140638 20.41 0.064 52930.142304 20.292 0.021 52930.138971 20.317 0.027 52930.139804 19.958 0.031 52930.141471 19.862 0.101 -11.74752 1.119755
52934.18138 20.27 0.072 52934.183046 20.354 0.027 52934.179713 20.243 0.032 52934.180546 19.977 0.053 52934.182213 19.837 0.12 -11.74752 1.119755
52936.177305 20.439 0.064 52936.178971 20.357 0.022 52936.175638 20.312 0.028 52936.176471 19.942 0.033 52936.178138 19.926 0.115 -11.74752 1.119755
52962.102826 20.464 0.073 52962.104492 20.409 0.026 52962.101159 20.303 0.034 52962.101992 20.05 0.044 52962.103659 20.053 0.132 -11.74752 1.119755
53270.241366 20.559 0.071 53270.243033 20.51 0.032 53270.2397 20.358 0.033 53270.240533 19.996 0.037 53270.2422 19.954 0.12 -11.74752 1.119755
53272.291313 20.47 0.106 53272.292979 20.462 0.05 53272.289646 20.373 0.048 53272.290479 19.868 0.041 53272.292146 19.78 0.118 -11.74752 1.119755
53286.260028 20.434 0.089 53286.261694 20.498 0.029 53286.258361 20.313 0.035 53286.259194 19.958 0.038 53286.260861 19.987 0.137 -11.74752 1.119755
53288.21852 20.549 0.067 53288.220186 20.502 0.024 53288.216853 20.351 0.029 53288.217686 20.033 0.03 53288.219353 19.854 0.085 -11.74752 1.119755
53294.245845 20.646 0.102 53294.247511 20.548 0.032 53294.244178 20.363 0.045 53294.245011 -99.99 0.054 53294.246678 19.753 0.111 -11.74752 1.119755
53302.214188 20.413 0.187 53302.215854 20.517 0.08 53302.212521 20.443 0.094 53302.213354 19.956 0.068 53302.215021 19.752 0.148 -11.74752 1.119755
53312.169724 20.447 0.065 53312.17139 20.501 0.029 53312.168057 20.299 0.035 53312.16889 19.959 0.038 53312.170557 20.028 0.13 -11.74752 1.119755
53314.170916 20.479 0.062 53314.172582 20.487 0.025 53314.169249 20.305 0.031 53314.170082 20.039 0.038 53314.171749 20.066 0.136 -11.74752 1.119755
53616.275284 20.199 0.088 53616.27695 20.173 0.025 53616.273617 20.079 0.036 53616.27445 19.871 0.041 53616.276117 20.161 0.19 -11.74752 1.119755
53623.265495 20.406 0.08 53623.267161 20.208 0.024 53623.263828 20.049 0.043 53623.264661 19.793 0.034 53623.266328 -99.99 0.13 -11.74752 1.119755
53626.251706 20.218 0.081 53626.253372 20.195 0.033 53626.250039 20.048 0.033 53626.250872 19.824 0.035 53626.252539 19.682 0.097 -11.74752 1.119755
53628.236571 20.09 0.111 53628.238237 20.211 0.055 53628.234904 20.07 0.047 53628.235737 19.765 0.041 53628.237404 19.71 0.117 -11.74752 1.119755
53637.238186 20.01 0.09 53637.239852 20.07 0.032 53637.236519 20.078 0.037 53637.237352 19.8 0.045 53637.239019 19.823 0.155 -11.74752 1.119755
53644.230634 20.114 0.042 53644.232301 20.121 0.017 53644.228967 20.059 0.023 53644.229801 19.764 0.025 53644.231467 19.683 0.068 -11.74752 1.119755
53654.265255 20.177 0.059 53654.266921 20.039 0.021 53654.263588 20.06 0.027 53654.264421 19.811 0.032 53654.266088 19.618 0.098 -11.74752 1.119755
53663.226159 20.192 0.082 53663.227825 20.164 0.031 53663.224492 20.078 0.031 53663.225325 19.755 0.032 53663.226992 19.533 0.069 -11.74752 1.119755
53668.21576 20.141 0.074 53668.217426 20.083 0.022 53668.214093 20.046 0.031 53668.214926 19.711 0.038 53668.216593 19.663 0.141 -11.74752 1.119755
53670.220611 20.223 0.058 53670.222277 20.116 0.018 53670.218944 20.091 0.026 53670.219777 19.851 0.03 53670.221444 19.658 0.09 -11.74752 1.119755
53673.188595 20.218 0.059 53673.190261 20.11 0.019 53673.186928 20.059 0.025 53673.187761 19.773 0.029 53673.189428 19.547 0.076 -11.74752 1.119755
53675.185483 20.17 0.056 53675.187149 20.094 0.02 53675.183816 20.044 0.028 53675.184649 19.811 0.035 53675.186316 19.73 0.105 -11.74752 1.119755
53677.206515 20.225 0.055 53677.208181 20.154 0.02 53677.204848 20.092 0.024 53677.205681 19.843 0.026 53677.207348 19.721 0.075 -11.74752 1.119755
53680.193181 20.262 0.057 53680.194847 20.173 0.021 53680.191514 20.091 0.027 53680.192347 19.84 0.028 53680.194014 19.601 0.071 -11.74752 1.119755
53693.195079 20.19 0.108 53693.196745 20.091 0.04 53693.193412 20.073 0.039 53693.194245 19.832 0.035 53693.195912 19.676 0.091 -11.74752 1.119755
53702.190846 -99.99 0.127 53702.192512 -99.99 0.038 53702.189179 20.115 0.06 53702.190012 19.814 0.075 53702.191679 19.545 0.212 -11.74752 1.119755
53704.178405 20.163 0.056 53704.180071 20.171 0.02 53704.176738 20.061 0.025 53704.177571 19.789 0.028 53704.179238 19.836 0.097 -11.74752 1.119755
53989.274455 20.224 0.086 53989.276122 20.103 0.036 53989.272788 20.113 0.039 53989.273622 19.78 0.035 53989.275288 19.737 0.091 -11.74752 1.119755
53997.370121 20.139 0.058 53997.371788 20.082 0.021 53997.368454 20.098 0.027 53997.369288 -99.99 0.031 53997.370954 -99.99 0.078 -11.74752 1.119755
54000.249865 20.173 0.055 54000.251532 20.149 0.029 54000.248199 20.05 0.026 54000.249032 19.752 0.033 54000.250699 19.701 0.098 -11.74752 1.119755
54007.300013 20.128 0.057 54007.30168 20.12 0.02 54007.298346 20.049 0.025 54007.29918 19.799 0.032 54007.300846 19.938 0.109 -11.74752 1.119755
54009.223796 20.151 0.057 54009.225462 20.093 0.025 54009.222129 20.036 0.023 54009.222962 19.774 0.03 54009.224629 19.769 0.091 -11.74752 1.119755
54011.288292 20.153 0.07 54011.289959 20.143 0.034 54011.286626 20.055 0.034 54011.287459 19.763 0.031 54011.289126 19.755 0.082 -11.74752 1.119755
54019.238499 20.147 0.079 54019.240166 20.108 0.042 54019.236832 20.063 0.032 54019.237666 19.755 0.038 54019.239332 19.718 0.096 -11.74752 1.119755
54025.287309 20.165 0.065 54025.288976 20.093 0.021 54025.285642 20.05 0.027 54025.286476 19.74 0.031 54025.288142 19.659 0.097 -11.74752 1.119755
54029.217636 20.14 0.05 54029.219302 20.095 0.022 54029.215969 20.027 0.025 54029.216802 19.686 0.027 54029.218469 19.668 0.088 -11.74752 1.119755
54348.285036 20.073 0.062 54348.286702 20.156 0.034 54348.283369 20.099 0.025 54348.284202 19.795 0.036 54348.285869 19.978 0.151 -11.74752 1.119755
54358.240868 -99.99 0.074 54358.242535 20.176 0.043 54358.239202 20.142 0.03 54358.240035 19.808 0.032 54358.241702 19.876 0.12 -11.74752 1.119755
54365.273943 20.002 0.057 54365.27561 20.11 0.029 54365.272277 20.066 0.027 54365.27311 19.833 0.032 54365.274777 19.714 0.095 -11.74752 1.119755
54373.348137 20.163 0.143 54373.349804 20.113 0.056 54373.34647 20.042 0.047 54373.347304 19.754 0.041 54373.34897 19.652 0.106 -11.74752 1.119755
54381.293496 20.125 0.068 54381.295163 20.169 0.026 54381.29183 20.064 0.03 54381.292663 19.8 0.031 54381.29433 19.606 0.085 -11.74752 1.119755
54382.283041 20.213 0.077 54382.284708 20.123 0.035 54382.281374 20.127 0.034 54382.282208 19.847 0.036 54382.283874 20.154 0.19 -11.74752 1.119755
54386.28582 20.161 0.052 54386.287487 20.146 0.021 54386.284154 20.077 0.024 54386.284987 19.831 0.028 54386.286654 19.661 0.069 -11.74752 1.119755
54388.290063 20.144 0.055 54388.29173 20.157 0.025 54388.288397 20.114 0.028 54388.28923 19.769 0.028 54388.290897 19.886 0.099 -11.74752 1.119755
54403.203853 20.135 0.086 54403.20552 20.176 0.037 54403.202187 20.134 0.034 54403.20302 19.801 0.036 54403.204687 19.739 0.097 -11.74752 1.119755
54405.25938 20.138 0.058 54405.261047 20.253 0.028 54405.257714 20.135 0.03 54405.258547 19.844 0.031 54405.260214 19.691 0.077 -11.74752 1.119755
54406.197687 -99.99 0.057 54406.199354 20.2 0.024 54406.19602 20.14 0.033 54406.196854 19.833 0.034 54406.19852 19.881 0.096 -11.74752 1.119755
54412.200645 20.055 0.057 54412.202311 20.203 0.024 54412.198978 20.147 0.027 54412.199811 -99.99 0.028 54412.201478 -99.99 0.081 -11.74752 1.119755
