51075.45293 21.183 0.109 51075.454596 21.131 0.039 51075.451263 20.688 0.041 51075.452096 20.7 0.071 51075.453763 20.38 0.212 55.259754 1.104254
51818.422629 21.203 0.125 51818.424295 21.298 0.047 51818.420962 20.786 0.044 51818.421795 20.916 0.073 51818.423462 20.563 0.196 55.259754 1.104254
52171.410695 21.166 0.11 52171.412361 20.876 0.031 52171.409028 20.518 0.032 52171.409861 20.523 0.045 52171.411528 20.641 0.173 55.259754 1.104254
52173.38697 21.086 0.121 52173.388636 20.931 0.038 52173.385303 20.577 0.037 52173.386136 20.637 0.06 52173.387803 20.676 0.256 55.259754 1.104254
52224.367097 21.093 0.096 52224.368763 20.896 0.031 52224.36543 20.617 0.034 52224.366263 20.497 0.047 52224.36793 20.647 0.192 55.259754 1.104254
52234.323589 21.04 0.117 52234.325255 20.841 0.036 52234.321922 20.546 0.035 52234.322755 20.54 0.054 52234.324422 20.55 0.176 55.259754 1.104254
52261.286944 20.997 0.1 52261.28861 20.884 0.033 52261.285277 20.523 0.03 52261.28611 20.524 0.053 52261.287777 20.633 0.177 55.259754 1.104254
52283.15432 20.976 0.111 52283.155986 20.886 0.038 52283.152653 20.631 0.044 52283.153486 20.546 0.062 52283.155153 20.518 0.231 55.259754 1.104254
52287.167443 21.007 0.099 52287.169109 20.814 0.031 52287.165776 20.531 0.034 52287.166609 20.521 0.051 52287.168276 20.518 0.158 55.259754 1.104254
52557.460491 20.819 0.076 52557.462157 20.775 0.028 52557.458824 20.438 0.032 52557.459657 20.392 0.049 52557.461324 20.588 0.207 55.259754 1.104254
52585.361821 20.83 0.077 52585.363487 20.796 0.026 52585.360154 20.426 0.03 52585.360987 20.42 0.046 52585.362654 20.496 0.17 55.259754 1.104254
52908.435059 21.085 0.109 52908.436725 21.113 0.046 52908.433392 20.595 0.043 52908.434225 20.612 0.07 52908.435892 20.385 0.178 55.259754 1.104254
52912.4145 21.361 0.157 52912.416166 21.124 0.041 52912.412833 20.65 0.039 52912.413666 20.681 0.062 52912.415333 21.049 0.33 55.259754 1.104254
52934.366966 21.509 0.154 52934.368632 21.191 0.04 52934.365299 20.68 0.039 52934.366132 20.698 0.066 52934.367799 20.372 0.185 55.259754 1.104254
52936.362892 21.263 0.111 52936.364558 21.211 0.037 52936.361225 20.67 0.036 52936.362058 20.748 0.061 52936.363725 20.545 0.186 55.259754 1.104254
53270.426944 20.912 0.072 53270.428611 20.772 0.028 53270.425278 20.511 0.026 53270.426111 20.51 0.038 53270.427778 20.544 0.146 55.259754 1.104254
53272.476888 20.854 0.08 53272.478554 20.772 0.027 53272.475221 20.492 0.028 53272.476054 20.38 0.043 53272.477721 20.236 0.136 55.259754 1.104254
53286.445611 20.942 0.154 53286.447277 20.698 0.044 53286.443944 20.459 0.053 53286.444777 20.513 0.088 53286.446444 20.32 0.234 55.259754 1.104254
53288.404104 20.986 0.101 53288.40577 20.843 0.03 53288.402437 20.481 0.031 53288.40327 20.456 0.046 53288.404937 20.265 0.137 55.259754 1.104254
53294.451775 21.062 0.112 53294.453441 20.821 0.032 53294.450108 20.466 0.034 53294.450941 20.449 0.051 53294.452608 20.464 0.154 55.259754 1.104254
53296.39881 20.937 0.091 53296.400477 20.805 0.031 53296.397143 20.468 0.039 53296.397977 20.512 0.055 53296.399643 20.499 0.186 55.259754 1.104254
53298.448551 20.898 0.097 53298.450217 20.763 0.032 53298.446884 20.568 0.043 53298.447717 20.512 0.065 53298.449384 20.44 0.201 55.259754 1.104254
53312.355348 20.971 0.149 53312.357014 20.711 0.047 53312.353681 20.431 0.058 53312.354514 20.607 0.07 53312.356181 20.85 0.281 55.259754 1.104254
53314.356505 20.986 0.134 53314.358171 20.679 0.037 53314.354838 20.434 0.038 53314.355671 20.497 0.06 53314.357338 20.33 0.195 55.259754 1.104254
53319.3443 20.796 0.128 53319.345966 20.769 0.047 53319.342633 20.553 0.057 53319.343466 20.383 0.07 53319.345133 20.563 0.276 55.259754 1.104254
53616.460854 20.946 0.11 53616.46252 20.823 0.035 53616.459187 20.411 0.03 53616.46002 20.451 0.052 53616.461687 20.796 0.235 55.259754 1.104254
53626.437282 20.647 0.086 53626.438948 20.773 0.032 53626.435615 -99.99 0.042 53626.436448 -99.99 0.069 53626.438115 20.601 0.189 55.259754 1.104254
53628.422147 21.024 0.149 53628.423813 20.757 0.041 53628.42048 20.401 0.045 53628.421313 20.365 0.079 53628.42298 20.69 0.344 55.259754 1.104254
53639.469143 20.799 0.119 53639.470809 20.744 0.036 53639.467476 20.357 0.033 53639.468309 20.377 0.05 53639.469976 20.333 0.138 55.259754 1.104254
53657.427195 20.744 0.104 53657.428861 20.751 0.032 53657.425528 20.378 0.038 53657.426361 20.383 0.062 53657.428028 20.544 0.223 55.259754 1.104254
53663.411742 20.858 0.22 53663.413408 20.67 0.071 53663.410075 20.449 0.06 53663.410908 20.328 0.06 53663.412575 20.881 0.276 55.259754 1.104254
53665.389715 20.678 0.155 53665.391381 20.895 0.08 53665.388048 20.413 0.048 53665.388881 20.504 0.071 53665.390548 20.821 0.274 55.259754 1.104254
53668.401344 20.671 0.134 53668.40301 20.686 0.049 53668.399677 20.318 0.045 53668.40051 20.402 0.07 53668.402177 20.479 0.219 55.259754 1.104254
53669.488946 20.407 0.122 53669.490612 20.677 0.049 53669.487279 20.303 0.044 53669.488112 20.301 0.06 53669.489779 19.939 0.141 55.259754 1.104254
53670.406194 20.595 0.126 53670.40786 20.754 0.046 53670.404527 20.466 0.049 53670.40536 20.392 0.074 53670.407027 20.462 0.247 55.259754 1.104254
53673.374183 20.72 0.082 53673.375849 20.675 0.027 53673.372516 20.421 0.03 53673.373349 20.287 0.039 53673.375016 20.425 0.146 55.259754 1.104254
53675.371071 20.806 0.09 53675.372737 20.702 0.027 53675.369404 20.489 0.035 53675.370237 20.411 0.047 53675.371904 20.608 0.186 55.259754 1.104254
53680.378768 20.802 0.09 53680.380434 20.74 0.028 53680.377101 20.392 0.031 53680.377934 20.294 0.04 53680.379601 20.363 0.147 55.259754 1.104254
53683.437312 21.953 0.705 53683.438978 20.515 0.048 53683.435645 20.3 0.086 53683.436478 20.252 0.128 53683.438145 20.727 0.594 55.259754 1.104254
53686.378198 20.98 0.176 53686.379864 20.586 0.055 53686.376531 20.455 0.055 53686.377364 20.304 0.056 53686.379031 20.5 0.181 55.259754 1.104254
53693.380656 20.518 0.258 53693.382322 20.461 0.094 53693.378989 20.209 0.074 53693.379822 20.056 0.069 53693.381489 20.214 0.212 55.259754 1.104254
53699.401489 20.543 0.107 53699.403155 20.623 0.035 53699.399822 20.365 0.035 53699.400655 20.424 0.049 53699.402322 20.383 0.144 55.259754 1.104254
53704.363976 20.654 0.101 53704.365642 20.766 0.043 53704.362309 20.308 0.034 53704.363142 20.372 0.055 53704.364809 20.345 0.223 55.259754 1.104254
53989.460068 21.283 0.234 53989.461735 21.042 0.086 53989.458402 20.527 0.055 53989.459235 20.631 0.07 53989.460902 -99.99 0.158 55.259754 1.104254
54008.446404 21.004 0.099 54008.448071 21.095 0.035 54008.444737 20.665 0.037 54008.445571 20.542 0.051 54008.447237 20.601 0.186 55.259754 1.104254
54009.409376 21.149 0.082 54009.411042 21.024 0.025 54009.407709 20.629 0.027 54009.408542 20.613 0.04 54009.410209 20.513 0.126 55.259754 1.104254
54011.473865 21.137 0.084 54011.475531 21.047 0.027 54011.472198 20.682 0.031 54011.473031 -99.99 0.041 54011.474698 21.064 0.17 55.259754 1.104254
54019.468875 21.117 0.187 54019.470542 20.995 0.068 54019.467209 20.668 0.056 54019.468042 20.784 0.082 54019.469709 20.46 0.154 55.259754 1.104254
54025.472862 21.039 0.118 54025.474529 21.054 0.038 54025.471195 20.675 0.043 54025.472029 20.704 0.063 54025.473695 20.664 0.198 55.259754 1.104254
54348.470687 21.297 0.188 54348.472354 21.203 0.068 54348.46902 20.822 0.055 54348.469854 20.858 0.08 54348.47152 20.997 0.277 55.259754 1.104254
54358.426439 21.376 0.139 54358.428105 21.259 0.04 54358.424772 20.758 0.033 54358.425605 20.653 0.045 54358.427272 20.639 0.162 55.259754 1.104254
54365.459514 21.219 0.089 54365.461181 21.257 0.033 54365.457847 20.84 0.032 54365.458681 20.738 0.042 54365.460347 20.65 0.124 55.259754 1.104254
54381.479065 21.126 0.131 54381.480732 21.278 0.047 54381.477399 20.817 0.046 54381.478232 20.76 0.066 54381.479899 20.748 0.215 55.259754 1.104254
54386.471386 21.358 0.134 54386.473053 21.313 0.038 54386.46972 20.885 0.036 54386.470553 20.732 0.048 54386.47222 20.954 0.187 55.259754 1.104254
54388.475678 21.33 0.138 54388.477345 21.27 0.039 54388.474012 20.749 0.04 54388.474845 20.73 0.059 54388.476512 20.893 0.218 55.259754 1.104254
54392.473221 21.09 0.114 54392.474888 21.32 0.044 54392.471554 20.785 0.046 54392.472388 20.739 0.057 54392.474054 20.286 0.14 55.259754 1.104254
54403.389567 -99.99 1.08 54403.391234 -99.99 99.999 54403.387901 20.77 0.126 54403.388734 20.349 0.212 54403.390401 -99.99 99.999 55.259754 1.104254
54406.383279 21.46 0.143 54406.384945 21.265 0.043 54406.381612 20.814 0.039 54406.382445 20.698 0.046 54406.384112 20.665 0.138 55.259754 1.104254
54409.388133 21.458 0.148 54409.3898 21.279 0.039 54409.386467 20.747 0.038 54409.3873 20.706 0.057 54409.388967 20.955 0.257 55.259754 1.104254
54412.409044 21.126 0.14 54412.410711 21.25 0.047 54412.407377 20.942 0.065 54412.408211 20.796 0.076 54412.409877 20.849 0.254 55.259754 1.104254
