51081.444971 20.26 0.063 51081.446637 19.957 0.019 51081.443304 19.712 0.02 51081.444137 19.498 0.024 51081.445804 19.464 0.084 58.263263 -0.710791
52225.340755 20.171 0.057 52225.342421 19.681 0.014 52225.339088 19.496 0.015 52225.339921 19.434 0.018 52225.341588 19.41 0.059 58.263263 -0.710791
52288.175181 20.152 0.061 52288.176847 19.675 0.015 52288.173514 19.49 0.017 52288.174347 19.245 0.017 52288.176014 19.177 0.058 58.263263 -0.710791
52551.448462 20.2 0.059 52551.450128 19.714 0.015 52551.446795 19.523 0.015 52551.447628 19.294 0.016 52551.449295 19.309 0.06 58.263263 -0.710791
52558.481335 20.148 0.049 52558.483001 19.705 0.014 52558.479668 19.549 0.015 52558.480501 19.304 0.016 52558.482168 19.24 0.053 58.263263 -0.710791
52578.352945 20.032 0.055 52578.354611 19.711 0.015 52578.351278 19.567 0.017 52578.352111 19.279 0.017 52578.353778 19.269 0.058 58.263263 -0.710791
52585.315927 20.109 0.046 52585.317593 19.696 0.013 52585.31426 19.554 0.016 52585.315093 19.346 0.017 52585.31676 19.399 0.061 58.263263 -0.710791
52909.482558 20.131 0.051 52909.484224 19.809 0.015 52909.480891 19.655 0.016 52909.481724 19.442 0.016 52909.483391 19.393 0.052 58.263263 -0.710791
52910.452801 20.308 0.072 52910.454467 19.784 0.016 52910.451134 19.621 0.016 52910.451967 19.389 0.018 52910.453634 19.45 0.062 58.263263 -0.710791
52935.379971 20.032 0.047 52935.381637 19.749 0.014 52935.378304 19.624 0.017 52935.379137 19.369 0.018 52935.380804 19.341 0.058 58.263263 -0.710791
53351.225355 20.14 0.068 53351.227021 19.795 0.016 53351.223688 19.611 0.017 53351.224521 19.416 0.019 53351.226188 19.343 0.076 58.263263 -0.710791
53627.439498 20.189 0.06 53627.441164 19.689 0.015 53627.437831 19.523 0.016 53627.438664 19.267 0.016 53627.440331 19.342 0.055 58.263263 -0.710791
53634.431871 20.004 0.137 53634.433537 19.679 0.048 53634.430204 19.571 0.028 53634.431037 19.379 0.026 53634.432704 19.287 0.066 58.263263 -0.710791
53638.473209 20.095 0.072 53638.474875 19.722 0.02 53638.471542 19.534 0.02 53638.472375 19.277 0.018 53638.474042 19.393 0.073 58.263263 -0.710791
53640.437244 20.163 0.064 53640.43891 19.704 0.017 53640.435577 19.584 0.018 53640.43641 19.346 0.017 53640.438077 19.295 0.055 58.263263 -0.710791
53643.479719 20.146 0.069 53643.481385 19.719 0.015 53643.478052 19.6 0.019 53643.478885 19.337 0.02 53643.480552 19.359 0.061 58.263263 -0.710791
53657.317395 20.162 0.207 53657.319061 19.723 0.051 53657.315728 19.449 0.036 53657.316561 19.281 0.036 53657.318228 19.168 0.101 58.263263 -0.710791
53657.481685 20.153 0.074 53657.483351 19.684 0.016 53657.480018 19.552 0.019 53657.480851 19.237 0.018 53657.482518 19.283 0.07 58.263263 -0.710791
53668.487613 19.892 0.11 53668.489279 19.686 0.028 53668.485946 19.519 0.028 53668.486779 19.297 0.03 53668.488446 19.146 0.093 58.263263 -0.710791
53670.493584 19.925 0.105 53670.49525 19.633 0.023 53670.491917 19.533 0.03 53670.49275 19.297 0.032 53670.494417 19.231 0.089 58.263263 -0.710791
53671.478363 20.197 0.084 53671.480029 19.665 0.017 53671.476696 19.515 0.018 53671.477529 19.334 0.018 53671.479196 19.31 0.06 58.263263 -0.710791
53679.439212 19.992 0.059 53679.440878 19.657 0.015 53679.437545 19.543 0.019 53679.438378 19.315 0.019 53679.440045 19.272 0.067 58.263263 -0.710791
53681.430725 19.895 0.057 53681.432391 19.655 0.016 53681.429058 19.51 0.018 53681.429891 19.303 0.017 53681.431558 19.379 0.06 58.263263 -0.710791
53684.392225 19.908 0.066 53684.393891 19.642 0.016 53684.390558 19.509 0.025 53684.391391 19.301 0.025 53684.393058 19.328 0.091 58.263263 -0.710791
53694.403696 20.5 0.355 53694.405362 19.589 0.048 53694.402029 19.512 0.039 53694.402862 19.267 0.032 53694.404529 19.194 0.104 58.263263 -0.710791
53696.396443 19.814 0.075 53696.398109 19.645 0.022 53696.394776 19.453 0.02 53696.395609 19.277 0.021 53696.397276 19.284 0.07 58.263263 -0.710791
53697.387752 19.891 0.068 53697.389418 19.682 0.021 53697.386085 19.514 0.018 53697.386918 19.306 0.018 53697.388585 19.219 0.058 58.263263 -0.710791
53700.386707 19.982 0.066 53700.388373 19.615 0.016 53700.38504 19.541 0.019 53700.385873 19.31 0.019 53700.38754 19.3 0.07 58.263263 -0.710791
53705.373378 20.009 0.082 53705.375044 19.594 0.018 53705.371711 19.514 0.022 53705.372544 19.319 0.027 53705.374211 -99.99 0.081 58.263263 -0.710791
53975.458371 20.147 0.055 53975.460038 19.701 0.019 53975.456705 19.535 0.025 53975.457538 19.37 0.021 53975.459205 19.374 0.06 58.263263 -0.710791
53994.481376 20.083 0.068 53994.483043 19.653 0.022 53994.479709 19.543 0.024 53994.480543 19.301 0.033 53994.482209 19.408 0.057 58.263263 -0.710791
53996.465107 20.087 0.048 53996.466774 19.674 0.018 53996.463441 19.527 0.023 53996.464274 19.314 0.021 53996.465941 19.306 0.046 58.263263 -0.710791
54005.478286 20.128 0.052 54005.479953 19.695 0.017 54005.47662 19.555 0.02 54005.477453 19.32 0.017 54005.47912 19.23 0.052 58.263263 -0.710791
54010.419222 20.014 0.046 54010.420889 19.725 0.024 54010.417555 19.56 0.02 54010.418389 19.353 0.018 54010.420055 19.334 0.039 58.263263 -0.710791
54012.412096 20.072 0.057 54012.413762 19.723 0.019 54012.410429 19.55 0.023 54012.411262 19.343 0.021 54012.412929 19.373 0.06 58.263263 -0.710791
54020.450137 19.94 0.077 54020.451804 19.704 0.04 54020.448471 19.531 0.024 54020.449304 19.309 0.021 54020.450971 19.373 0.062 58.263263 -0.710791
54028.487942 -99.99 0.07 54028.489609 19.629 0.035 54028.486275 19.558 0.02 54028.487109 19.376 0.031 54028.488775 19.268 0.064 58.263263 -0.710791
54030.443369 19.924 0.05 54030.445036 19.739 0.022 54030.441702 19.557 0.021 54030.442536 19.304 0.022 54030.444202 19.356 0.051 58.263263 -0.710791
54035.487443 20.127 0.081 54035.48911 19.733 0.025 54035.485777 19.566 0.025 54035.48661 19.314 0.033 54035.488277 19.383 0.114 58.263263 -0.710791
54037.392869 20.075 0.044 54037.394535 19.738 0.018 54037.391202 19.58 0.024 54037.392035 19.335 0.022 54037.393702 19.373 0.044 58.263263 -0.710791
54040.407343 20.057 0.045 54040.40901 19.708 0.018 54040.405676 19.551 0.018 54040.40651 19.323 0.024 54040.408176 19.306 0.052 58.263263 -0.710791
54041.442867 20.055 0.052 54041.444533 19.733 0.023 54041.4412 19.556 0.018 54041.442033 19.335 0.02 54041.4437 19.281 0.053 58.263263 -0.710791
54047.437861 20.341 0.234 54047.439528 19.669 0.048 54047.436194 19.554 0.036 54047.437028 19.313 0.029 54047.438694 19.181 0.069 58.263263 -0.710791
54049.433876 19.836 0.117 54049.435543 19.683 0.04 54049.43221 19.516 0.028 54049.433043 19.292 0.029 54049.43471 19.077 0.076 58.263263 -0.710791
54050.393964 20.176 0.099 54050.395631 19.701 0.025 54050.392298 19.566 0.025 54050.393131 19.326 0.023 54050.394798 19.211 0.067 58.263263 -0.710791
54053.413559 20.143 0.096 54053.415226 19.722 0.026 54053.411892 19.531 0.03 54053.412726 19.403 0.044 54053.414392 19.437 0.115 58.263263 -0.710791
54056.399785 20.126 0.063 54056.401452 19.727 0.019 54056.398118 19.582 0.036 54056.398952 19.371 0.025 54056.400618 19.33 0.071 58.263263 -0.710791
54059.394065 20.281 0.08 54059.395732 19.783 0.02 54059.392398 19.516 0.022 54059.393232 19.346 0.022 54059.394898 19.345 0.076 58.263263 -0.710791
54061.405145 20.188 0.094 54061.406812 19.77 0.019 54061.403478 19.595 0.027 54061.404312 19.341 0.027 54061.405978 19.2 0.079 58.263263 -0.710791
54062.398949 20.139 0.055 54062.400616 19.807 0.025 54062.397283 19.593 0.018 54062.398116 19.384 0.018 54062.399783 19.409 0.061 58.263263 -0.710791
54064.395447 20.091 0.065 54064.397114 19.759 0.025 54064.393781 19.584 0.023 54064.394614 19.38 0.022 54064.396281 19.245 0.072 58.263263 -0.710791
54068.379603 20.049 0.065 54068.38127 19.733 0.022 54068.377936 19.59 0.026 54068.37877 19.339 0.024 54068.380436 19.306 0.075 58.263263 -0.710791
54357.437258 20.036 0.043 54357.438924 19.693 0.03 54357.435591 19.528 0.022 54357.436424 19.282 0.025 54357.438091 19.25 0.04 58.263263 -0.710791
54362.487092 20.055 0.046 54362.488759 19.69 0.016 54362.485426 19.546 0.019 54362.486259 19.333 0.025 54362.487926 19.339 0.047 58.263263 -0.710791
54376.482181 20.033 0.056 54376.483848 19.64 0.021 54376.480515 19.529 0.018 54376.481348 19.285 0.022 54376.483015 19.349 0.052 58.263263 -0.710791
54382.467304 19.955 0.05 54382.468971 19.656 0.022 54382.465638 19.503 0.022 54382.466471 19.255 0.02 54382.468138 19.229 0.058 58.263263 -0.710791
54385.485084 19.987 0.051 54385.48675 19.597 0.026 54385.483417 19.5 0.021 54385.48425 19.237 0.023 54385.485917 19.256 0.051 58.263263 -0.710791
54387.485596 20.146 0.065 54387.487263 19.602 0.02 54387.48393 19.493 0.019 54387.484763 19.312 0.018 54387.48643 19.242 0.052 58.263263 -0.710791
54390.477982 20.066 0.08 54390.479649 19.607 0.022 54390.476316 19.438 0.025 54390.477149 19.252 0.044 54390.478816 19.226 0.12 58.263263 -0.710791
54391.486396 20.049 0.108 54391.488062 19.655 0.035 54391.484729 19.499 0.029 54391.485562 19.25 0.035 54391.487229 18.964 0.086 58.263263 -0.710791
54402.478802 19.86 0.129 54402.480469 19.639 0.038 54402.477135 19.537 0.029 54402.477969 19.291 0.031 54402.479635 19.143 0.06 58.263263 -0.710791
