51081.43838 19.805 0.045 51081.440046 -99.99 0.014 51081.436713 19.214 0.015 51081.437546 18.918 0.017 51081.439213 18.797 0.052 55.883549 0.948592
51875.253322 19.92 0.04 51875.254988 19.566 0.013 51875.251655 19.294 0.014 51875.252488 18.997 0.021 51875.254155 18.854 0.044 55.883549 0.948592
52171.485742 19.747 0.042 52171.487408 19.394 0.015 52171.484075 19.171 0.014 52171.484908 18.863 0.016 52171.486575 18.75 0.04 55.883549 0.948592
52225.334164 19.878 0.041 52225.33583 19.507 0.013 52225.332497 19.238 0.013 52225.33333 18.901 0.014 52225.334997 18.833 0.039 55.883549 0.948592
52288.168591 19.895 0.043 52288.170257 19.557 0.013 52288.166924 19.257 0.014 52288.167757 18.94 0.015 52288.169424 18.914 0.041 55.883549 0.948592
52551.44187 19.773 0.037 52551.443536 19.285 0.011 52551.440203 19.067 0.012 52551.441036 18.793 0.014 52551.442703 18.733 0.038 55.883549 0.948592
52558.474744 19.704 0.036 52558.47641 19.318 0.011 52558.473077 19.049 0.011 52558.47391 18.788 0.013 52558.475577 18.725 0.04 55.883549 0.948592
52578.346355 19.743 0.039 52578.348021 19.288 0.011 52578.344688 19.039 0.011 52578.345521 18.77 0.013 52578.347188 18.774 0.038 55.883549 0.948592
52585.309338 19.681 0.033 52585.311004 19.286 0.011 52585.307671 19.053 0.012 52585.308504 18.779 0.014 52585.310171 18.745 0.041 55.883549 0.948592
52909.475967 19.628 0.034 52909.477633 19.27 0.011 52909.4743 19.022 0.012 52909.475133 18.771 0.012 52909.4768 18.703 0.034 55.883549 0.948592
52910.44621 19.595 0.041 52910.447876 19.208 0.012 52910.444543 19.029 0.011 52910.445376 18.752 0.014 52910.447043 18.652 0.036 55.883549 0.948592
52935.373381 19.582 0.034 52935.375047 19.253 0.011 52935.371714 19.026 0.013 52935.372547 18.809 0.014 52935.374214 18.655 0.042 55.883549 0.948592
53351.218767 19.758 0.041 53351.220433 19.291 0.012 53351.2171 19.062 0.012 53351.217933 18.767 0.015 53351.2196 18.693 0.04 55.883549 0.948592
53622.475811 19.893 0.041 53622.477477 19.415 0.012 53622.474144 19.149 0.012 53622.474977 18.848 0.017 53622.476644 18.93 0.036 55.883549 0.948592
53627.43291 19.815 0.042 53627.434576 19.396 0.013 53627.431243 19.139 0.013 53627.432076 18.88 0.015 53627.433743 18.806 0.039 55.883549 0.948592
53634.425283 19.79 0.085 53634.426949 19.438 0.029 53634.423616 19.165 0.024 53634.424449 18.893 0.022 53634.426116 18.76 0.043 55.883549 0.948592
53638.46662 19.779 0.053 53638.468286 19.387 0.016 53638.464953 19.134 0.015 53638.465786 18.819 0.017 53638.467453 18.704 0.045 55.883549 0.948592
53640.430656 19.921 0.053 53640.432322 19.418 0.015 53640.428989 19.148 0.014 53640.429822 18.865 0.015 53640.431489 18.76 0.042 55.883549 0.948592
53643.473132 19.875 0.055 53643.474798 19.437 0.014 53643.471465 19.152 0.013 53643.472298 18.869 0.015 53643.473965 18.806 0.045 55.883549 0.948592
53657.310809 19.562 0.111 53657.312475 19.436 0.04 53657.309142 19.172 0.032 53657.309975 18.85 0.027 53657.311642 -99.99 0.08 55.883549 0.948592
53657.475096 19.862 0.058 53657.476762 19.449 0.013 53657.473429 19.157 0.015 53657.474262 18.835 0.016 53657.475929 18.768 0.044 55.883549 0.948592
53664.427784 19.797 0.15 53664.42945 19.382 0.051 53664.426117 19.124 0.043 53664.42695 18.822 0.049 53664.428617 -99.99 0.199 55.883549 0.948592
53669.387032 19.879 0.056 53669.388698 -99.99 0.015 53669.385365 19.175 0.018 53669.386198 18.823 0.018 53669.387865 18.78 0.042 55.883549 0.948592
53670.486995 19.866 0.086 53670.488661 19.427 0.021 53670.485328 19.148 0.023 53670.486161 18.822 0.023 53670.487828 18.786 0.072 55.883549 0.948592
53671.471773 19.9 0.06 53671.473439 19.423 0.015 53671.470106 19.177 0.017 53671.470939 18.863 0.016 53671.472606 18.77 0.043 55.883549 0.948592
53674.371269 19.856 0.06 53674.372935 19.448 0.014 53674.369602 19.123 0.017 53674.370435 18.854 0.02 53674.372102 18.785 0.055 55.883549 0.948592
53676.460716 19.824 0.065 53676.462382 19.379 0.015 53676.459049 19.118 0.023 53676.459882 18.84 0.023 53676.461549 18.6 0.047 55.883549 0.948592
53679.432622 19.885 0.053 53679.434288 19.437 0.013 53679.430955 19.16 0.016 53679.431788 18.865 0.017 53679.433455 18.803 0.047 55.883549 0.948592
53681.424136 19.788 0.057 53681.425802 19.473 0.015 53681.422469 19.152 0.017 53681.423302 18.899 0.017 53681.424969 18.678 0.041 55.883549 0.948592
53684.385636 19.793 0.049 53684.387302 19.41 0.015 53684.383969 19.166 0.015 53684.384802 18.859 0.016 53684.386469 18.81 0.052 55.883549 0.948592
53694.397101 19.878 0.143 53694.398767 19.362 0.037 53694.395434 19.094 0.023 53694.396267 18.806 0.023 53694.397934 18.669 0.058 55.883549 0.948592
53696.389856 19.77 0.06 53696.391522 19.425 0.018 53696.388189 19.142 0.016 53696.389022 18.844 0.02 53696.390689 18.805 0.047 55.883549 0.948592
53697.381162 19.787 0.057 53697.382828 19.378 0.015 53697.379495 19.149 0.018 53697.380328 18.843 0.017 53697.381995 18.726 0.04 55.883549 0.948592
53700.380118 19.834 0.047 53700.381784 19.428 0.013 53700.378451 19.145 0.014 53700.379284 18.856 0.017 53700.380951 18.866 0.049 55.883549 0.948592
53705.366789 19.808 0.072 53705.368455 -99.99 0.014 53705.365122 19.101 0.017 53705.365955 18.832 0.022 53705.367622 18.843 0.068 55.883549 0.948592
53975.4518 19.688 0.043 53975.453467 19.375 0.018 53975.450133 19.093 0.017 53975.450967 18.784 0.017 53975.452633 18.841 0.048 55.883549 0.948592
53994.474803 19.827 0.049 53994.476469 19.376 0.021 53994.473136 19.125 0.019 53994.473969 18.804 0.018 53994.475636 18.731 0.039 55.883549 0.948592
53996.458575 19.857 0.043 53996.460242 19.382 0.017 53996.456909 19.103 0.02 53996.457742 18.848 0.017 53996.459409 18.715 0.037 55.883549 0.948592
54005.471724 19.729 0.037 54005.473391 19.383 0.019 54005.470058 19.128 0.021 54005.470891 18.861 0.018 54005.472558 18.745 0.036 55.883549 0.948592
54009.485523 19.833 0.041 54009.48719 19.409 0.017 54009.483857 19.165 0.014 54009.48469 18.797 0.018 54009.486357 18.76 0.031 55.883549 0.948592
54010.412641 19.799 0.035 54010.414307 19.422 0.017 54010.410974 19.116 0.016 54010.411807 18.81 0.016 54010.413474 -99.99 0.032 55.883549 0.948592
54012.405502 19.827 0.049 54012.407168 19.367 0.019 54012.403835 19.102 0.016 54012.404668 18.816 0.024 54012.406335 18.718 0.044 55.883549 0.948592
54020.44353 19.86 0.061 54020.445197 19.38 0.021 54020.441864 19.132 0.019 54020.442697 18.812 0.02 54020.444364 18.704 0.04 55.883549 0.948592
54024.493039 19.777 0.057 54024.494706 19.405 0.016 54024.491372 19.136 0.016 54024.492206 18.826 0.021 54024.493872 18.845 0.046 55.883549 0.948592
54028.481335 19.837 0.045 54028.483002 19.423 0.023 54028.479668 19.139 0.018 54028.480502 18.864 0.021 54028.482168 18.785 0.042 55.883549 0.948592
54030.436797 19.757 0.037 54030.438464 19.396 0.016 54030.435131 19.114 0.014 54030.435964 18.85 0.015 54030.437631 18.772 0.034 55.883549 0.948592
54035.480868 19.691 0.059 54035.482535 19.385 0.017 54035.479202 19.144 0.019 54035.480035 18.848 0.022 54035.481702 18.841 0.059 55.883549 0.948592
54037.386264 19.77 0.038 54037.387931 19.421 0.018 54037.384597 19.169 0.016 54037.385431 18.845 0.016 54037.387097 18.749 0.033 55.883549 0.948592
54040.400738 19.788 0.037 54040.402405 19.381 0.021 54040.399071 19.165 0.016 54040.399905 18.895 0.018 54040.401571 18.718 0.036 55.883549 0.948592
54041.436289 19.899 0.043 54041.437956 19.425 0.02 54041.434623 19.131 0.017 54041.435456 18.806 0.016 54041.437123 18.724 0.038 55.883549 0.948592
54047.431325 19.52 0.111 54047.432992 19.32 0.042 54047.429658 19.125 0.028 54047.430492 18.812 0.028 54047.432158 18.76 0.052 55.883549 0.948592
54049.427274 20.012 0.117 54049.428941 19.356 0.03 54049.425607 19.146 0.025 54049.426441 18.843 0.024 54049.428107 18.813 0.057 55.883549 0.948592
54050.387386 19.707 0.062 54050.389052 19.392 0.023 54050.385719 19.159 0.036 54050.386552 18.853 0.024 54050.388219 18.833 0.058 55.883549 0.948592
54053.40711 19.696 0.058 54053.408777 19.479 0.039 54053.405443 19.063 0.019 54053.406277 -99.99 0.04 54053.407943 -99.99 0.153 55.883549 0.948592
54056.393187 19.763 0.044 54056.394853 19.4 0.018 54056.39152 19.147 0.021 54056.392353 18.858 0.02 54056.39402 18.712 0.043 55.883549 0.948592
54059.387489 19.769 0.048 54059.389155 19.375 0.022 54059.385822 19.118 0.019 54059.386655 18.819 0.019 54059.388322 18.842 0.048 55.883549 0.948592
54061.398557 19.758 0.054 54061.400224 19.413 0.021 54061.396891 19.145 0.018 54061.397724 18.813 0.02 54061.399391 18.663 0.048 55.883549 0.948592
54062.392364 19.732 0.042 54062.39403 19.4 0.016 54062.390697 19.139 0.014 54062.39153 18.876 0.019 54062.393197 18.8 0.038 55.883549 0.948592
54064.388807 19.807 0.053 54064.390473 19.391 0.017 54064.38714 19.133 0.018 54064.387973 18.826 0.02 54064.38964 18.802 0.048 55.883549 0.948592
54068.372969 19.882 0.088 54068.374636 19.342 0.027 54068.371303 19.161 0.025 54068.372136 18.835 0.024 54068.373803 18.758 0.078 55.883549 0.948592
54357.430673 19.544 0.033 54357.43234 19.209 0.02 54357.429007 19.024 0.019 54357.42984 18.744 0.02 54357.431507 18.671 0.03 55.883549 0.948592
54362.480488 19.535 0.034 54362.482155 19.228 0.02 54362.478821 19.026 0.016 54362.479655 18.745 0.019 54362.481321 18.658 0.032 55.883549 0.948592
54376.475572 19.572 0.044 54376.477239 19.191 0.018 54376.473905 18.996 0.018 54376.474739 18.753 0.016 54376.476405 18.665 0.035 55.883549 0.948592
54382.460702 19.54 0.035 54382.462368 19.2 0.026 54382.459035 19.037 0.017 54382.459868 18.735 0.016 54382.461535 18.68 0.038 55.883549 0.948592
54385.478507 19.565 0.034 54385.480174 19.236 0.015 54385.47684 19.029 0.019 54385.477674 18.763 0.017 54385.47934 18.673 0.032 55.883549 0.948592
54387.479 19.587 0.04 54387.480666 19.187 0.016 54387.477333 19.007 0.014 54387.478166 18.767 0.016 54387.479833 18.664 0.033 55.883549 0.948592
54390.471421 19.512 0.051 54390.473087 19.247 0.015 54390.469754 19.016 0.027 54390.470587 18.762 0.023 54390.472254 18.63 0.067 55.883549 0.948592
54391.479822 19.462 0.046 54391.481488 19.213 0.021 54391.478155 19.052 0.02 54391.478988 18.755 0.023 54391.480655 18.705 0.055 55.883549 0.948592
54402.472203 19.594 0.099 54402.47387 19.285 0.036 54402.470536 19.08 0.027 54402.47137 18.746 0.024 54402.473036 18.657 0.047 55.883549 0.948592
