51818.430547 20.007 0.049 51818.432213 19.697 0.015 51818.42888 19.447 0.015 51818.429713 19.215 0.015 51818.43138 19.172 0.051 58.144823 -0.443371
52171.418655 19.778 0.042 52171.420321 19.518 0.013 52171.416988 19.371 0.014 52171.417821 19.144 0.014 52171.419488 19.072 0.043 58.144823 -0.443371
52173.394926 19.79 0.047 52173.396592 19.515 0.014 52173.393259 19.378 0.015 52173.394092 19.132 0.017 52173.395759 19.219 0.069 58.144823 -0.443371
52224.375059 20.003 0.049 52224.376725 19.616 0.014 52224.373392 19.407 0.014 52224.374225 19.132 0.015 52224.375892 19.229 0.053 58.144823 -0.443371
52234.331579 19.861 0.05 52234.333245 19.585 0.014 52234.329912 19.413 0.015 52234.330745 19.074 0.015 52234.332412 19.173 0.052 58.144823 -0.443371
52261.294936 19.957 0.048 52261.296602 19.634 0.014 52261.293269 19.441 0.015 52261.294102 19.173 0.014 52261.295769 19.16 0.046 58.144823 -0.443371
52283.162311 19.976 0.057 52283.163977 19.656 0.015 52283.160644 19.423 0.018 52283.161477 19.174 0.018 52283.163144 19.296 0.075 58.144823 -0.443371
52287.175433 19.889 0.049 52287.177099 19.628 0.014 52287.173766 19.401 0.016 52287.174599 19.165 0.016 52287.176266 19.09 0.044 58.144823 -0.443371
52557.46848 19.815 0.041 52557.470146 19.559 0.013 52557.466813 19.405 0.015 52557.467646 19.133 0.015 52557.469313 19.193 0.06 58.144823 -0.443371
52585.369812 19.863 0.041 52585.371478 19.545 0.012 52585.368145 19.381 0.014 52585.368978 19.128 0.014 52585.370645 19.118 0.047 58.144823 -0.443371
52908.443048 19.777 0.043 52908.444714 19.525 0.013 52908.441381 19.401 0.014 52908.442214 19.184 0.015 52908.443881 19.239 0.051 58.144823 -0.443371
52912.422489 19.756 0.049 52912.424155 19.531 0.014 52912.420822 19.458 0.016 52912.421655 19.199 0.016 52912.423322 19.122 0.05 58.144823 -0.443371
52934.374956 19.857 0.045 52934.376622 19.561 0.013 52934.373289 19.484 0.016 52934.374122 19.206 0.017 52934.375789 19.238 0.057 58.144823 -0.443371
52936.370882 19.826 0.041 52936.372548 19.589 0.013 52936.369215 19.454 0.015 52936.370048 19.216 0.015 52936.371715 19.216 0.05 58.144823 -0.443371
53270.434952 20.298 0.052 53270.436619 20.002 0.021 53270.433285 19.737 0.017 53270.434119 19.451 0.021 53270.435785 19.549 0.055 58.144823 -0.443371
53272.484877 20.22 0.061 53272.486543 19.991 0.018 53272.48321 19.77 0.017 53272.484043 19.44 0.017 53272.48571 19.441 0.059 58.144823 -0.443371
53286.453599 20.284 0.089 53286.455265 19.934 0.022 53286.451932 19.723 0.024 53286.452765 19.413 0.022 53286.454432 19.5 0.079 58.144823 -0.443371
53288.412092 20.215 0.061 53288.413758 19.965 0.017 53288.410425 19.732 0.018 53288.411258 19.458 0.018 53288.412925 19.516 0.065 58.144823 -0.443371
53294.459763 20.286 0.06 53294.461429 19.96 0.018 53294.458096 19.751 0.018 53294.458929 19.431 0.018 53294.460596 19.525 0.064 58.144823 -0.443371
53296.406786 20.276 0.059 53296.408453 19.977 0.021 53296.405119 19.754 0.022 53296.405953 19.49 0.024 53296.407619 19.487 0.062 58.144823 -0.443371
53298.45654 20.306 0.062 53298.458206 19.922 0.017 53298.454873 19.741 0.021 53298.455706 19.415 0.02 53298.457373 19.28 0.066 58.144823 -0.443371
53312.363294 20.156 0.089 53312.36496 19.881 0.03 53312.361627 19.723 0.024 53312.36246 19.375 0.023 53312.364127 19.274 0.075 58.144823 -0.443371
53314.364493 20.166 0.065 53314.366159 19.909 0.019 53314.362826 19.724 0.02 53314.363659 19.421 0.019 53314.365326 19.489 0.068 58.144823 -0.443371
53319.352291 20.099 0.074 53319.353957 19.924 0.024 53319.350624 19.695 0.024 53319.351457 19.425 0.024 53319.353124 19.538 0.101 58.144823 -0.443371
53616.468842 20.513 0.097 53616.470508 20.167 0.022 53616.467175 19.926 0.023 53616.468008 19.601 0.023 53616.469675 19.612 0.089 58.144823 -0.443371
53626.445271 20.456 0.098 53626.446937 -99.99 0.033 53626.443604 19.972 0.029 53626.444437 -99.99 0.035 53626.446104 -99.99 0.156 58.144823 -0.443371
53628.430135 -99.99 0.099 53628.431801 20.172 0.025 53628.428468 19.89 0.031 53628.429301 19.561 0.031 53628.430968 19.844 0.134 58.144823 -0.443371
53639.477132 20.495 0.096 53639.478798 20.196 0.032 53639.475465 19.956 0.023 53639.476298 19.594 0.021 53639.477965 19.583 0.067 58.144823 -0.443371
53657.435182 20.442 0.085 53657.436848 20.211 0.022 53657.433515 19.964 0.026 53657.434348 19.59 0.025 53657.436015 19.7 0.093 58.144823 -0.443371
53675.379059 20.64 0.083 53675.380725 20.221 0.02 53675.377392 19.947 0.026 53675.378225 19.607 0.021 53675.379892 19.581 0.07 58.144823 -0.443371
53680.386757 20.635 0.099 53680.388423 20.196 0.021 53680.38509 19.966 0.029 53680.385923 19.571 0.023 53680.38759 19.574 0.077 58.144823 -0.443371
53683.445303 20.657 0.18 53683.446969 20.217 0.036 53683.443636 19.964 0.056 53683.444469 19.562 0.052 53683.446136 19.702 0.184 58.144823 -0.443371
53686.386188 20.48 0.123 53686.387854 20.175 0.038 53686.384521 19.879 0.033 53686.385354 19.551 0.027 53686.387021 19.628 0.084 58.144823 -0.443371
53687.443565 21.016 0.441 53687.445231 20.15 0.095 53687.441898 19.979 0.092 53687.442731 19.62 0.078 53687.444398 19.3 0.155 58.144823 -0.443371
53693.388645 20.319 0.221 53693.390311 20.251 0.079 53693.386978 -99.99 0.046 53693.387811 19.535 0.036 53693.389478 19.82 0.143 58.144823 -0.443371
53699.409478 20.438 0.103 53699.411144 20.205 0.028 53699.407811 19.939 0.025 53699.408644 19.566 0.021 53699.410311 19.533 0.075 58.144823 -0.443371
53704.371966 20.67 0.127 53704.373632 20.171 0.025 53704.370299 19.881 0.027 53704.371132 19.58 0.026 53704.372799 19.498 0.089 58.144823 -0.443371
53989.468017 20.686 0.154 53989.469683 20.317 0.044 53989.46635 20.054 0.033 53989.467183 19.69 0.024 53989.46885 19.666 0.063 58.144823 -0.443371
54008.454386 20.553 0.073 54008.456053 20.251 0.023 54008.45272 19.981 0.02 54008.453553 19.632 0.021 54008.45522 19.582 0.065 58.144823 -0.443371
54009.417393 20.573 0.068 54009.41906 20.213 0.022 54009.415727 19.974 0.019 54009.41656 19.64 0.02 54009.418227 19.835 0.06 58.144823 -0.443371
54011.481863 20.474 0.06 54011.48353 20.311 0.023 54011.480197 19.994 0.025 54011.48103 19.661 0.019 54011.482697 19.849 0.061 58.144823 -0.443371
54019.476926 20.361 0.114 54019.478593 20.234 0.041 54019.475259 19.955 0.029 54019.476093 19.644 0.027 54019.477759 19.663 0.073 58.144823 -0.443371
54025.480886 20.579 0.101 54025.482553 20.254 0.025 54025.479219 19.977 0.024 54025.480053 19.657 0.025 54025.481719 19.632 0.084 58.144823 -0.443371
54358.43442 20.48 0.076 54358.436087 20.259 0.024 54358.432753 19.996 0.021 54358.433587 19.725 0.028 54358.435253 19.697 0.073 58.144823 -0.443371
54365.467491 20.485 0.054 54365.469158 20.247 0.022 54365.465824 19.99 0.023 54365.466658 19.705 0.022 54365.468324 19.736 0.056 58.144823 -0.443371
54381.487081 20.535 0.083 54381.488747 20.198 0.03 54381.485414 19.962 0.022 54381.486247 19.638 0.022 54381.487914 19.72 0.08 58.144823 -0.443371
54386.479367 20.427 0.069 54386.481034 20.213 0.024 54386.4777 19.958 0.022 54386.478534 19.629 0.023 54386.4802 19.905 0.079 58.144823 -0.443371
54388.483632 20.603 0.081 54388.485299 20.218 0.023 54388.481966 20.023 0.027 54388.482799 19.714 0.026 54388.484466 19.75 0.08 58.144823 -0.443371
54392.481204 -99.99 0.08 54392.482871 20.25 0.025 54392.479538 19.962 0.027 54392.480371 19.651 0.022 54392.482038 19.594 0.073 58.144823 -0.443371
54403.397437 -99.99 0.153 54403.399103 20.244 0.042 54403.39577 19.939 0.033 54403.396603 19.666 0.029 54403.39827 19.79 0.101 58.144823 -0.443371
54404.455052 20.319 0.126 54404.456719 20.132 0.065 54404.453386 20.018 0.041 54404.454219 19.729 0.035 54404.455886 19.913 0.123 58.144823 -0.443371
54406.391259 20.469 0.072 54406.392926 20.256 0.028 54406.389593 19.977 0.021 54406.390426 19.658 0.021 54406.392093 19.592 0.051 58.144823 -0.443371
54409.396113 20.499 0.066 54409.39778 20.24 0.022 54409.394447 20.004 0.02 54409.39528 19.707 0.024 54409.396947 19.777 0.072 58.144823 -0.443371
54412.417018 20.541 0.129 54412.418684 20.164 0.032 54412.415351 19.865 0.035 54412.416184 19.59 0.032 54412.417851 19.71 0.148 58.144823 -0.443371
