51081.436192 19.937 0.044 51081.437858 19.274 0.012 51081.434525 19.148 0.013 51081.435358 19.143 0.017 51081.437025 18.984 0.063 55.10792 0.135454
51875.251146 19.789 0.036 51875.252812 19.11 0.01 51875.249479 18.979 0.011 51875.250312 18.887 0.013 51875.251979 18.782 0.044 55.10792 0.135454
52171.483567 19.997 0.049 52171.485233 19.354 0.012 52171.4819 19.181 0.013 52171.482733 19.101 0.015 52171.4844 18.833 0.046 55.10792 0.135454
52225.332014 20.165 0.05 52225.33368 19.309 0.011 52225.330347 19.219 0.013 52225.33118 19.218 0.016 52225.332847 18.969 0.05 55.10792 0.135454
52288.166441 -99.99 0.049 52288.168107 19.417 0.012 52288.164774 19.212 0.013 52288.165607 19.189 0.016 52288.167274 18.906 0.046 55.10792 0.135454
52551.439724 19.986 0.045 52551.44139 19.4 0.011 52551.438057 19.271 0.013 52551.43889 19.257 0.017 52551.440557 18.971 0.048 55.10792 0.135454
52558.472596 20.04 0.043 52558.474262 19.342 0.011 52558.470929 19.207 0.012 52558.471762 19.117 0.015 52558.473429 18.963 0.047 55.10792 0.135454
52578.344207 19.991 0.042 52578.345873 19.357 0.011 52578.34254 19.235 0.013 52578.343373 19.185 0.016 52578.34504 18.897 0.043 55.10792 0.135454
52585.307189 20.019 0.041 52585.308855 19.336 0.01 52585.305522 19.221 0.012 52585.306355 19.106 0.015 52585.308022 18.941 0.05 55.10792 0.135454
52909.473819 20.371 0.054 52909.475485 19.59 0.012 52909.472152 19.534 0.014 52909.472985 19.398 0.017 52909.474652 19.271 0.057 55.10792 0.135454
52910.444062 20.286 0.059 52910.445728 19.91 0.019 52910.442395 19.657 0.023 52910.443228 19.311 0.018 52910.444895 19.022 0.056 55.10792 0.135454
52935.371233 20.374 0.058 52935.372899 19.61 0.013 52935.369566 19.452 0.015 52935.370399 19.462 0.02 52935.372066 19.244 0.068 55.10792 0.135454
53351.216618 20.057 0.054 53351.218284 19.463 0.013 53351.214951 19.335 0.014 53351.215784 19.433 0.022 53351.217451 19.025 0.061 55.10792 0.135454
53622.473662 19.85 0.04 53622.475328 19.201 0.01 53622.471995 19.061 0.011 53622.472828 19.009 0.013 53622.474495 18.955 0.04 55.10792 0.135454
53627.43076 19.869 0.043 53627.432426 19.223 0.011 53627.429093 19.102 0.013 53627.429926 19.136 0.016 53627.431593 18.919 0.048 55.10792 0.135454
53634.423134 19.786 0.099 53634.4248 -99.99 0.024 53634.421467 19.001 0.024 53634.4223 19.011 0.025 53634.423967 18.862 0.062 55.10792 0.135454
53638.464471 -99.99 0.061 53638.466137 19.19 0.013 53638.462804 19.05 0.013 53638.463637 19.018 0.016 53638.465304 18.902 0.056 55.10792 0.135454
53640.428506 19.849 0.051 53640.430172 19.166 0.011 53640.426839 19.055 0.013 53640.427672 19.004 0.015 53640.429339 18.86 0.05 55.10792 0.135454
53643.470981 19.844 0.052 53643.472647 19.221 0.011 53643.469314 19.136 0.013 53643.470147 19.029 0.015 53643.471814 18.833 0.05 55.10792 0.135454
53657.308658 -99.99 0.207 53657.310324 -99.99 0.029 53657.306991 19.243 0.031 53657.307824 -99.99 0.039 53657.309491 -99.99 0.127 55.10792 0.135454
53657.472946 19.95 0.061 53657.474612 19.279 0.012 53657.471279 19.146 0.013 53657.472112 19.108 0.016 53657.473779 18.903 0.056 55.10792 0.135454
53663.490327 19.642 0.11 53663.491993 19.164 0.025 53663.48866 -99.99 0.021 53663.489493 -99.99 0.022 53663.49116 18.903 0.062 55.10792 0.135454
53665.490258 19.842 0.085 53665.491924 19.199 0.018 53665.488591 19.073 0.016 53665.489424 18.987 0.018 53665.491091 18.838 0.056 55.10792 0.135454
53668.478876 19.866 0.099 53668.480542 19.264 0.024 53668.477209 19.121 0.019 53668.478042 19.08 0.026 53668.479709 18.954 0.096 55.10792 0.135454
53669.384882 -99.99 0.058 53669.386548 19.232 0.013 53669.383215 19.129 0.014 53669.384048 19.039 0.016 53669.385715 18.759 0.062 55.10792 0.135454
53670.484845 19.858 0.113 53670.486511 19.203 0.02 53670.483178 19.073 0.02 53670.484011 19.107 0.027 53670.485678 18.826 0.089 55.10792 0.135454
53671.469625 19.759 0.054 53671.471291 19.205 0.013 53671.467958 19.044 0.013 53671.468791 18.989 0.016 53671.470458 18.844 0.049 55.10792 0.135454
53674.36912 19.897 0.072 53674.370786 19.226 0.014 53674.367453 19.081 0.016 53674.368286 19.229 0.024 53674.369953 18.761 0.067 55.10792 0.135454
53676.458568 19.784 0.079 53676.460234 19.13 0.013 53676.456901 18.996 0.018 53676.457734 18.909 0.022 53676.459401 18.693 0.073 55.10792 0.135454
53679.430474 19.784 0.049 53679.43214 19.183 0.011 53679.428807 19.031 0.013 53679.42964 18.983 0.016 53679.431307 18.819 0.054 55.10792 0.135454
53681.421987 19.836 0.06 53681.423653 19.153 0.012 53681.42032 19.039 0.015 53681.421153 18.98 0.016 53681.42282 18.77 0.05 55.10792 0.135454
53684.383487 19.79 0.05 53684.385153 19.18 0.011 53684.38182 19.091 0.014 53684.382653 18.951 0.016 53684.38432 18.846 0.054 55.10792 0.135454
53687.324803 -99.99 0.183 53687.326469 -99.99 0.057 53687.323136 -99.99 0.03 53687.323969 19.343 0.053 53687.325636 -99.99 0.153 55.10792 0.135454
53694.394954 19.835 0.122 53694.39662 19.156 0.026 53694.393287 19.036 0.021 53694.39412 18.921 0.021 53694.395787 18.763 0.065 55.10792 0.135454
53696.387706 -99.99 0.06 53696.389372 19.131 0.013 53696.386039 18.984 0.014 53696.386872 18.939 0.016 53696.388539 18.801 0.049 55.10792 0.135454
53697.379013 19.862 0.067 53697.380679 19.122 0.013 53697.377346 19.009 0.014 53697.378179 18.992 0.019 53697.379846 18.894 0.053 55.10792 0.135454
53700.377969 19.882 0.049 53700.379635 19.192 0.011 53700.376302 19.014 0.012 53700.377135 18.949 0.015 53700.378802 18.823 0.051 55.10792 0.135454
53705.364639 19.906 0.082 53705.366305 19.267 0.015 53705.362972 19.133 0.016 53705.363805 19.1 0.023 53705.365472 18.86 0.082 55.10792 0.135454
53975.449706 19.928 0.051 53975.451373 19.174 0.022 53975.44804 19.028 0.019 53975.448873 18.91 0.022 53975.45054 18.833 0.049 55.10792 0.135454
53994.472709 19.808 0.05 53994.474376 19.108 0.021 53994.471043 18.994 0.016 53994.471876 18.977 0.019 53994.473543 18.742 0.038 55.10792 0.135454
53996.456384 -99.99 0.044 53996.458051 19.125 0.013 53996.454717 19.047 2.072 53996.455551 18.997 0.026 53996.457217 18.88 0.047 55.10792 0.135454
54005.469576 -99.99 0.036 54005.471243 19.118 0.017 54005.467909 18.966 0.029 54005.468743 18.979 0.016 54005.470409 18.763 0.038 55.10792 0.135454
54009.483418 -99.99 0.033 54009.485085 19.111 0.018 54009.481752 18.991 0.015 54009.482585 18.928 0.014 54009.484252 18.752 0.032 55.10792 0.135454
54010.410595 19.842 0.035 54010.412262 19.092 0.016 54010.408929 19 0.017 54010.409762 18.929 0.015 54010.411429 18.836 0.033 55.10792 0.135454
54012.403329 19.791 0.041 54012.404996 19.114 0.016 54012.401662 18.944 0.018 54012.402496 18.995 0.019 54012.404162 18.788 0.048 55.10792 0.135454
54020.441406 19.64 0.055 54020.443073 19.118 0.023 54020.43974 19.054 0.022 54020.440573 18.994 0.02 54020.44224 18.88 0.048 55.10792 0.135454
54024.490914 -99.99 0.051 54024.492581 19.163 0.02 54024.489247 19.015 0.016 54024.490081 19.016 0.022 54024.491747 18.779 0.05 55.10792 0.135454
54030.434691 19.846 0.044 54030.436358 19.135 0.02 54030.433024 18.977 0.017 54030.433858 18.932 0.015 54030.435524 18.774 0.037 55.10792 0.135454
54035.478602 19.743 0.06 54035.480269 19.145 0.023 54035.476936 19.006 0.02 54035.477769 18.923 0.025 54035.479436 18.746 0.06 55.10792 0.135454
54037.384192 -99.99 0.044 54037.385858 19.128 0.021 54037.382525 18.978 0.013 54037.383358 18.985 0.02 54037.385025 18.848 0.038 55.10792 0.135454
54040.398601 19.706 0.04 54040.400268 19.129 0.02 54040.396934 18.967 0.015 54040.397768 18.936 0.016 54040.399434 18.856 0.04 55.10792 0.135454
54041.434139 19.802 0.046 54041.435806 19.13 0.016 54041.432472 18.966 0.015 54041.433306 18.964 0.018 54041.434972 18.813 0.037 55.10792 0.135454
54047.429288 -99.99 0.119 54047.430955 19.28 0.036 54047.427622 19.098 0.034 54047.428455 19.002 0.029 54047.430122 18.995 0.068 55.10792 0.135454
54049.425107 19.755 0.087 54049.426773 19.071 0.024 54049.42344 19.03 0.022 54049.424273 18.963 0.021 54049.42594 18.849 0.07 55.10792 0.135454
54050.385236 19.948 0.096 54050.386903 19.193 0.024 54050.383569 19.041 0.023 54050.384403 19.011 0.038 54050.386069 18.71 0.061 55.10792 0.135454
54053.404718 19.878 0.068 54053.406384 -99.99 0.038 54053.403051 -99.99 0.045 54053.403884 -99.99 0.035 54053.405551 -99.99 0.087 55.10792 0.135454
54056.391135 19.914 0.047 54056.392801 19.146 0.02 54056.389468 19.1 0.025 54056.390301 18.945 0.021 54056.391968 18.842 0.052 55.10792 0.135454
54059.385434 19.817 0.051 54059.387101 19.107 0.021 54059.383767 19.009 0.018 54059.384601 18.895 0.024 54059.386267 18.813 0.059 55.10792 0.135454
54061.396596 19.838 0.061 54061.398263 19.13 0.04 54061.394929 19.034 0.025 54061.395763 19 0.024 54061.397429 18.691 0.048 55.10792 0.135454
54062.390237 19.829 0.061 54062.391903 19.152 0.024 54062.38857 18.996 0.013 54062.389403 18.925 0.019 54062.39107 18.916 0.043 55.10792 0.135454
54064.386717 19.856 0.052 54064.388384 19.171 0.022 54064.38505 18.998 0.021 54064.385884 18.971 0.02 54064.38755 18.791 0.053 55.10792 0.135454
54068.370871 19.767 0.06 54068.372538 19.171 0.045 54068.369204 19.018 0.024 54068.370038 19.01 0.026 54068.371704 18.985 0.102 55.10792 0.135454
54357.428565 19.852 0.041 54357.430232 19.141 0.018 54357.426899 18.99 0.019 54357.427732 18.967 0.029 54357.429399 18.825 0.036 55.10792 0.135454
54362.478368 19.849 0.039 54362.480035 19.198 0.015 54362.476702 19.046 0.024 54362.477535 18.96 0.017 54362.479202 18.837 0.039 55.10792 0.135454
54376.473455 19.837 0.045 54376.475121 19.175 0.021 54376.471788 19 0.014 54376.472621 18.976 0.015 54376.474288 18.926 0.045 55.10792 0.135454
54385.476343 19.926 0.049 54385.47801 19.176 0.019 54385.474676 19.047 0.039 54385.47551 19.007 0.021 54385.477176 18.893 0.042 55.10792 0.135454
54390.469318 19.982 0.087 54390.470984 19.218 0.027 54390.467651 19.1 0.036 54390.468484 19.028 0.039 54390.470151 18.826 0.091 55.10792 0.135454
54391.477735 19.85 0.074 54391.479402 19.218 0.038 54391.476069 19.109 0.128 54391.476902 19.026 0.03 54391.478569 18.768 0.066 55.10792 0.135454
54402.470035 -99.99 0.148 54402.471702 19.188 0.032 54402.468368 19.002 0.032 54402.469202 19.082 0.032 54402.470868 18.81 0.056 55.10792 0.135454
