51818.427625 18.473 0.016 51818.429291 18.099 0.006 51818.425958 17.711 0.006 51818.426791 17.626 0.007 51818.428458 17.489 0.015 57.06135 0.745357
52171.415685 18.609 0.018 52171.417351 18.222 0.007 52171.414018 17.779 0.006 52171.414851 17.667 0.007 52171.416518 17.508 0.014 57.06135 0.745357
52173.391938 18.647 0.02 52173.393604 18.212 0.007 52173.390271 17.794 0.006 52173.391104 17.674 0.008 52173.392771 17.454 0.016 57.06135 0.745357
52224.372062 18.615 0.018 52224.373728 18.215 0.007 52224.370395 17.792 0.007 52224.371228 17.701 0.008 52224.372895 17.525 0.015 57.06135 0.745357
52234.328579 18.614 0.019 52234.330245 18.188 0.007 52234.326912 17.779 0.006 52234.327745 17.686 0.007 52234.329412 17.516 0.014 57.06135 0.745357
52261.291934 18.625 0.018 52261.2936 18.201 0.007 52261.290267 17.784 0.006 52261.2911 17.672 0.007 52261.292767 17.488 0.014 57.06135 0.745357
52283.159311 18.519 0.018 52283.160977 18.139 0.007 52283.157644 17.763 0.006 52283.158477 17.632 0.007 52283.160144 17.417 0.016 57.06135 0.745357
52287.172433 18.534 0.017 52287.174099 18.155 0.006 52287.170766 17.752 0.006 52287.171599 17.662 0.007 52287.173266 17.469 0.014 57.06135 0.745357
52557.465479 18.517 0.017 52557.467145 18.15 0.007 52557.463812 17.731 0.006 52557.464645 17.638 0.008 52557.466312 17.461 0.016 57.06135 0.745357
52585.366811 18.532 0.016 52585.368477 18.135 0.007 52585.365144 17.723 0.006 52585.365977 17.628 0.007 52585.367644 17.455 0.014 57.06135 0.745357
52908.440049 18.437 0.016 52908.441715 18.027 0.006 52908.438382 17.641 0.006 52908.439215 17.546 0.007 52908.440882 17.394 0.013 57.06135 0.745357
52912.419488 18.384 0.017 52912.421154 18.031 0.006 52912.417821 17.641 0.006 52912.418654 17.554 0.007 52912.420321 17.371 0.014 57.06135 0.745357
52934.371957 18.411 0.016 52934.373623 18.035 0.006 52934.37029 17.64 0.006 52934.371123 17.536 0.007 52934.37279 17.379 0.015 57.06135 0.745357
52936.367882 18.407 0.015 52936.369548 18.057 0.006 52936.366215 17.645 0.006 52936.367048 17.551 0.007 52936.368715 17.384 0.014 57.06135 0.745357
53270.431964 18.52 0.017 53270.43363 18.117 0.014 53270.430297 17.719 0.01 53270.43113 17.621 0.015 53270.432797 17.433 0.019 57.06135 0.745357
53272.481878 18.535 0.017 53272.483544 18.13 0.006 53272.480211 17.724 0.006 53272.481044 17.627 0.007 53272.482711 17.445 0.014 57.06135 0.745357
53286.450598 18.463 0.023 53286.452264 18.105 0.007 53286.448931 17.718 0.007 53286.449764 17.608 0.008 53286.451431 17.465 0.017 57.06135 0.745357
53288.409093 18.508 0.017 53288.410759 18.11 0.007 53288.407426 17.714 0.006 53288.408259 17.618 0.007 53288.409926 17.456 0.014 57.06135 0.745357
53294.456764 18.512 0.017 53294.45843 18.127 0.006 53294.455097 17.706 0.006 53294.45593 17.608 0.007 53294.457597 17.429 0.014 57.06135 0.745357
53296.403829 18.517 0.026 53296.405496 18.117 0.012 53296.402163 17.704 0.009 53296.402996 17.616 0.012 53296.404663 17.426 0.019 57.06135 0.745357
53298.45354 18.495 0.017 53298.455206 18.094 0.006 53298.451873 17.708 0.006 53298.452706 17.591 0.007 53298.454373 17.384 0.015 57.06135 0.745357
53312.360332 18.413 0.032 53312.361999 18.078 0.014 53312.358666 17.69 0.014 53312.359499 17.588 0.013 53312.361166 17.418 0.021 57.06135 0.745357
53314.361494 18.486 0.018 53314.36316 18.098 0.007 53314.359827 17.693 0.006 53314.36066 17.604 0.007 53314.362327 17.389 0.014 57.06135 0.745357
53319.34929 18.443 0.019 53319.350956 18.087 0.007 53319.347623 17.68 0.006 53319.348456 17.579 0.007 53319.350123 17.445 0.017 57.06135 0.745357
53616.465842 18.415 0.017 53616.467508 18.042 0.006 53616.464175 17.652 0.006 53616.465008 17.539 0.007 53616.466675 17.365 0.015 57.06135 0.745357
53626.442271 -99.99 0.084 53626.443937 18.04 0.006 53626.440604 17.646 0.006 53626.441437 17.567 0.007 53626.443104 -99.99 0.025 57.06135 0.745357
53628.427135 18.488 0.019 53628.428801 -99.99 0.007 53628.425468 17.647 0.006 53628.426301 17.538 0.008 53628.427968 17.385 0.018 57.06135 0.745357
53639.474132 18.504 0.019 53639.475798 18.058 0.007 53639.472465 17.676 0.006 53639.473298 17.564 0.007 53639.474965 17.376 0.013 57.06135 0.745357
53657.432182 18.52 0.019 53657.433848 18.088 0.006 53657.430515 17.669 0.006 53657.431348 17.556 0.007 53657.433015 17.399 0.015 57.06135 0.745357
53663.41673 18.488 0.028 53663.418396 18.086 0.009 53663.415063 17.685 0.007 53663.415896 17.555 0.008 53663.417563 17.411 0.014 57.06135 0.745357
53665.394703 18.443 0.024 53665.396369 18.075 0.008 53665.393036 17.67 0.007 53665.393869 17.555 0.008 53665.395536 17.416 0.015 57.06135 0.745357
53668.406332 18.546 0.024 53668.407998 18.065 0.008 53668.404665 17.655 0.006 53668.405498 17.567 0.008 53668.407165 17.37 0.017 57.06135 0.745357
53669.493933 18.485 0.025 53669.495599 18.084 0.008 53669.492266 17.666 0.006 53669.493099 17.57 0.008 53669.494766 17.401 0.016 57.06135 0.745357
53670.411184 18.464 0.021 53670.41285 18.076 0.007 53670.409517 17.667 0.006 53670.41035 17.579 0.008 53670.412017 17.399 0.015 57.06135 0.745357
53673.379171 18.487 0.017 53673.380837 18.071 0.006 53673.377504 17.664 0.006 53673.378337 17.558 0.007 53673.380004 17.385 0.013 57.06135 0.745357
53675.37606 18.49 0.017 53675.377726 18.098 0.006 53675.374393 17.665 0.006 53675.375226 17.555 0.007 53675.376893 17.372 0.014 57.06135 0.745357
53676.495695 -99.99 0.071 53676.497361 18.079 0.019 53676.494028 17.683 0.024 53676.494861 -99.99 0.022 53676.496528 17.362 0.06 57.06135 0.745357
53680.383757 18.443 0.018 53680.385423 18.071 0.006 53680.38209 17.651 0.006 53680.382923 17.554 0.007 53680.38459 17.347 0.014 57.06135 0.745357
53683.442302 18.425 0.033 53683.443968 18.059 0.01 53683.440635 17.696 0.009 53683.441468 17.49 0.011 53683.443135 -99.99 0.031 57.06135 0.745357
53686.383188 18.447 0.023 53686.384854 18.071 0.008 53686.381521 17.664 0.007 53686.382354 17.546 0.008 53686.384021 17.376 0.015 57.06135 0.745357
53687.440564 18.411 0.048 53687.44223 18.051 0.016 53687.438897 17.668 0.014 53687.43973 17.563 0.015 53687.441397 17.394 0.031 57.06135 0.745357
53693.385645 18.425 0.033 53693.387311 18.092 0.012 53693.383978 17.658 0.008 53693.384811 17.544 0.008 53693.386478 17.382 0.016 57.06135 0.745357
53699.406477 18.493 0.022 53699.408143 18.069 0.007 53699.40481 17.653 0.006 53699.405643 17.556 0.007 53699.40731 17.396 0.014 57.06135 0.745357
53704.368965 18.45 0.019 53704.370631 18.072 0.006 53704.367298 17.631 0.006 53704.368131 17.548 0.008 53704.369798 17.39 0.016 57.06135 0.745357
53989.465086 18.293 0.02 53989.466753 17.938 0.015 53989.46342 17.516 0.011 53989.464253 17.426 0.017 53989.46592 17.258 0.018 57.06135 0.745357
54008.451416 18.29 0.02 54008.453082 17.922 0.012 54008.449749 17.496 0.013 54008.450582 17.398 0.015 54008.452249 17.265 0.018 57.06135 0.745357
54009.414362 18.255 0.018 54009.416029 17.945 0.015 54009.412695 17.51 0.01 54009.413529 17.406 0.013 54009.415195 17.263 0.017 57.06135 0.745357
54011.478845 18.275 0.024 54011.480512 17.959 0.021 54011.477179 17.505 0.01 54011.478012 17.402 0.017 54011.479679 17.288 0.016 57.06135 0.745357
54019.47386 18.271 0.025 54019.475527 17.929 0.012 54019.472193 17.514 0.014 54019.473027 17.414 0.012 54019.474693 17.288 0.016 57.06135 0.745357
54025.477883 18.291 0.018 54025.479549 17.914 0.015 54025.476216 17.504 0.008 54025.477049 17.413 0.012 54025.478716 17.268 0.018 57.06135 0.745357
54358.431444 18.32 0.028 54358.433111 17.927 0.015 54358.429778 17.541 0.012 54358.430611 17.43 0.015 54358.432278 17.282 0.017 57.06135 0.745357
54365.464502 18.329 0.017 54365.466169 17.951 0.011 54365.462836 17.529 0.015 54365.463669 17.439 0.016 54365.465336 17.292 0.019 57.06135 0.745357
54381.484109 18.312 0.031 54381.485775 17.975 0.015 54381.482442 17.559 0.014 54381.483275 17.44 0.017 54381.484942 17.272 0.016 57.06135 0.745357
54386.476406 18.4 0.019 54386.478072 17.995 0.016 54386.474739 17.554 0.013 54386.475572 17.464 0.013 54386.477239 17.289 0.017 57.06135 0.745357
54388.48066 18.391 0.023 54388.482327 17.991 0.013 54388.478993 17.546 0.012 54388.479827 17.454 0.011 54388.481493 17.292 0.018 57.06135 0.745357
54392.478233 18.372 0.03 54392.4799 18.009 0.018 54392.476566 17.575 0.018 54392.4774 17.455 0.013 54392.479066 17.282 0.02 57.06135 0.745357
54403.394565 18.435 0.029 54403.396232 18.042 0.014 54403.392898 17.588 0.046 54403.393732 17.482 0.03 54403.395398 17.313 0.017 57.06135 0.745357
54404.45196 18.401 0.024 54404.453627 18.023 0.015 54404.450293 17.557 0.013 54404.451127 17.488 0.013 54404.452793 17.351 0.019 57.06135 0.745357
54406.388299 18.418 0.018 54406.389966 18.022 0.016 54406.386633 17.593 0.013 54406.387466 17.491 0.01 54406.389133 17.321 0.014 57.06135 0.745357
54409.393152 18.45 0.02 54409.394819 18.041 0.015 54409.391485 17.575 0.015 54409.392319 17.484 0.019 54409.393985 17.317 0.021 57.06135 0.745357
54412.414125 18.414 0.032 54412.415792 18.026 0.016 54412.412459 17.578 0.014 54412.413292 17.477 0.016 54412.414959 17.353 0.021 57.06135 0.745357
