51081.437865 20.877 0.106 51081.439531 20.396 0.029 51081.436198 20.368 0.033 51081.437031 20.246 0.045 51081.438698 20.094 0.139 55.696831 -0.69157
51875.252776 20.743 0.081 51875.254442 20.287 0.023 51875.251109 20.253 0.028 51875.251942 20.095 0.03 51875.253609 19.824 0.087 55.696831 -0.69157
52171.485197 20.685 0.087 52171.486863 20.258 0.024 52171.48353 20.253 0.028 52171.484363 20.185 0.032 52171.48603 19.921 0.094 55.696831 -0.69157
52225.333646 20.832 0.09 52225.335312 20.343 0.023 52225.331979 20.27 0.026 52225.332812 20.176 0.032 52225.334479 20.093 0.095 55.696831 -0.69157
52288.168072 20.783 0.088 52288.169738 20.344 0.024 52288.166405 20.343 0.028 52288.167238 20.191 0.031 52288.168905 19.785 0.079 55.696831 -0.69157
52551.441354 20.641 0.075 52551.44302 20.169 0.019 52551.439687 20.183 0.025 52551.44052 20.054 0.028 52551.442187 19.824 0.085 55.696831 -0.69157
52558.474227 20.671 0.074 52558.475893 20.251 0.019 52558.47256 20.206 0.023 52558.473393 20.085 0.026 52558.47506 19.783 0.081 55.696831 -0.69157
52578.345838 20.688 0.081 52578.347504 20.203 0.02 52578.344171 20.15 0.023 52578.345004 20.038 0.026 52578.346671 19.81 0.08 55.696831 -0.69157
52585.308819 20.737 0.073 52585.310485 20.265 0.019 52585.307152 20.198 0.025 52585.307985 20.081 0.03 52585.309652 19.738 0.081 55.696831 -0.69157
52909.475451 21.033 0.1 52909.477117 20.342 0.02 52909.473784 20.25 0.023 52909.474617 20.143 0.027 52909.476284 19.955 0.081 55.696831 -0.69157
52910.445692 20.856 0.117 52910.447358 20.386 0.027 52910.444025 20.263 0.025 52910.444858 20.141 0.03 52910.446525 19.988 0.105 55.696831 -0.69157
52935.372863 20.663 0.076 52935.374529 20.292 0.02 52935.371196 20.276 0.027 52935.372029 20.123 0.032 52935.373696 19.872 0.1 55.696831 -0.69157
53351.218248 21.059 0.144 53351.219914 20.582 0.027 53351.216581 20.455 0.034 53351.217414 20.339 0.042 53351.219081 20.168 0.118 55.696831 -0.69157
53622.475292 20.947 0.09 53622.476958 20.346 0.021 53622.473625 20.323 0.025 53622.474458 20.212 0.028 53622.476125 19.917 0.073 55.696831 -0.69157
53627.432391 20.798 0.099 53627.434057 20.325 0.023 53627.430724 20.36 0.031 53627.431557 20.259 0.033 53627.433224 19.943 0.084 55.696831 -0.69157
53634.424764 21.07 0.328 53634.42643 20.403 0.067 53634.423097 20.233 0.057 53634.42393 20.262 0.061 53634.425597 19.846 0.092 55.696831 -0.69157
53638.466101 20.664 0.123 53638.467767 20.354 0.032 53638.464434 20.314 0.038 53638.465267 20.157 0.039 53638.466934 19.893 0.112 55.696831 -0.69157
53640.430137 20.856 0.119 53640.431803 20.448 0.031 53640.42847 20.316 0.031 53640.429303 20.145 0.034 53640.43097 19.965 0.1 55.696831 -0.69157
53643.472611 20.824 0.113 53643.474277 20.379 0.027 53643.470944 20.4 0.033 53643.471777 20.223 0.035 53643.473444 19.841 0.1 55.696831 -0.69157
53657.310288 21.076 0.427 53657.311954 20.411 0.092 53657.308621 20.422 0.1 53657.309454 -99.99 0.109 53657.311121 19.701 0.178 55.696831 -0.69157
53657.474577 20.757 0.135 53657.476243 20.299 0.026 53657.47291 20.223 0.032 53657.473743 20.142 0.039 53657.47541 19.705 0.105 55.696831 -0.69157
53665.49189 21.255 0.351 53665.493556 20.337 0.052 53665.490223 20.241 0.044 53665.491056 20.148 0.045 53665.492723 19.925 0.138 55.696831 -0.69157
53668.480506 20.731 0.266 53668.482172 20.366 0.052 53668.478839 20.469 0.064 53668.479672 20.245 0.071 53668.481339 19.725 0.179 55.696831 -0.69157
53669.386513 20.926 0.146 53669.388179 -99.99 0.028 53669.384846 20.346 0.039 53669.385679 20.286 0.054 53669.387346 -99.99 0.107 55.696831 -0.69157
53670.486478 20.822 0.295 53670.488144 20.362 0.046 53670.484811 20.361 0.066 53670.485644 20.081 0.064 53670.487311 20.074 0.235 55.696831 -0.69157
53671.471257 20.741 0.137 53671.472923 20.35 0.029 53671.46959 20.332 0.033 53671.470423 20.188 0.035 53671.47209 20.116 0.117 55.696831 -0.69157
53676.4602 20.765 0.152 53676.461866 20.405 0.03 53676.458533 20.266 0.053 53676.459366 20.195 0.061 53676.461033 20.015 0.146 55.696831 -0.69157
53679.432104 20.731 0.117 53679.43377 20.362 0.025 53679.430437 20.243 0.032 53679.43127 20.127 0.039 53679.432937 19.962 0.125 55.696831 -0.69157
53681.423618 20.83 0.137 53681.425284 20.368 0.027 53681.421951 20.241 0.034 53681.422784 20.16 0.038 53681.424451 19.736 0.095 55.696831 -0.69157
53684.385118 20.879 0.116 53684.386784 20.356 0.027 53684.383451 20.226 0.032 53684.384284 20.153 0.037 53684.385951 19.851 0.114 55.696831 -0.69157
53694.396586 21.429 0.602 53694.398252 20.306 0.086 53694.394919 20.346 0.07 53694.395752 20.134 0.059 53694.397419 19.585 0.126 55.696831 -0.69157
53696.389337 20.962 0.182 53696.391003 20.336 0.037 53696.38767 20.349 0.036 53696.388503 20.16 0.036 53696.39017 19.988 0.12 55.696831 -0.69157
53697.380644 21.023 0.168 53697.38231 20.401 0.034 53697.378977 20.321 0.039 53697.37981 20.185 0.039 53697.381477 19.807 0.088 55.696831 -0.69157
53700.3796 20.871 0.116 53700.381266 20.339 0.026 53700.377933 20.23 0.029 53700.378766 20.148 0.036 53700.380433 19.865 0.113 55.696831 -0.69157
53705.366271 20.925 0.204 53705.367937 20.379 0.037 53705.364604 20.308 0.046 53705.365437 20.197 0.059 53705.367104 19.938 0.175 55.696831 -0.69157
53975.451287 20.801 0.091 53975.452954 20.175 0.04 53975.44962 20.275 0.032 53975.450454 20.132 0.031 53975.45212 19.815 0.079 55.696831 -0.69157
53994.474264 20.836 0.119 53994.475931 20.208 0.027 53994.472598 20.165 0.028 53994.473431 20.027 0.026 53994.475098 19.769 0.073 55.696831 -0.69157
53996.458013 20.619 0.077 53996.45968 20.17 0.022 53996.456347 20.15 0.025 53996.45718 20.047 0.03 53996.458847 19.819 0.075 55.696831 -0.69157
54005.471202 20.677 0.078 54005.472869 20.172 0.028 54005.469535 20.136 0.023 54005.470369 20.014 0.025 54005.472035 19.818 0.075 55.696831 -0.69157
54009.484993 20.675 0.067 54009.486659 20.224 0.024 54009.483326 20.128 0.023 54009.484159 20.081 0.024 54009.485826 19.82 0.06 55.696831 -0.69157
54010.412123 20.617 0.062 54010.41379 20.19 0.021 54010.410456 20.123 0.021 54010.41129 20.077 0.025 54010.412956 19.803 0.054 55.696831 -0.69157
54012.404972 20.665 0.092 54012.406638 20.199 0.028 54012.403305 20.099 0.028 54012.404138 19.986 0.031 54012.405805 19.844 0.09 55.696831 -0.69157
54020.443011 -99.99 0.098 54020.444677 20.113 0.031 54020.441344 20.142 0.029 54020.442177 19.976 0.031 54020.443844 19.803 0.084 55.696831 -0.69157
54024.492549 20.536 0.111 54024.494215 20.18 0.035 54024.490882 20.162 0.031 54024.491715 20.014 0.035 54024.493382 19.849 0.102 55.696831 -0.69157
54028.480831 20.723 0.094 54028.482498 20.155 0.025 54028.479165 20.099 0.026 54028.479998 20.059 0.032 54028.481665 19.899 0.102 55.696831 -0.69157
54030.436256 20.58 0.071 54030.437923 20.177 0.022 54030.43459 20.137 0.023 54030.435423 20.016 0.025 54030.43709 19.827 0.074 55.696831 -0.69157
54035.480268 20.47 0.108 54035.481935 20.156 0.028 54035.478601 20.141 0.037 54035.479435 20.043 0.043 54035.481101 19.914 0.147 55.696831 -0.69157
54037.385756 20.591 0.067 54037.387423 20.208 0.022 54037.384089 20.176 0.023 54037.384923 20.042 0.027 54037.386589 19.722 0.058 55.696831 -0.69157
54040.400236 20.606 0.069 54040.401903 20.175 0.023 54040.39857 20.115 0.022 54040.399403 20.03 0.029 54040.40107 19.788 0.077 55.696831 -0.69157
54041.435738 20.667 0.08 54041.437405 20.214 0.023 54041.434072 20.149 0.022 54041.434905 20.081 0.025 54041.436572 19.783 0.076 55.696831 -0.69157
54047.430752 20.629 0.285 54047.432419 20.109 0.063 54047.429085 20.197 0.058 54047.429919 20.093 0.05 54047.431585 19.904 0.141 55.696831 -0.69157
54049.42678 20.475 0.192 54049.428446 20.252 0.051 54049.425113 20.096 0.042 54049.425946 20.051 0.049 54049.427613 19.994 0.157 55.696831 -0.69157
54050.386887 20.64 0.147 54050.388554 20.106 0.036 54050.385221 20.14 0.046 54050.386054 19.974 0.043 54050.387721 19.73 0.113 55.696831 -0.69157
54053.40634 20.508 0.138 54053.408007 20.175 0.046 54053.404674 20.192 0.04 54053.405507 20.046 0.053 54053.407174 19.986 0.188 55.696831 -0.69157
54056.392772 20.576 0.089 54056.394439 20.227 0.024 54056.391106 20.096 0.025 54056.391939 20.06 0.039 54056.393606 19.996 0.118 55.696831 -0.69157
54059.386952 20.74 0.102 54059.388619 20.201 0.024 54059.385286 20.161 0.031 54059.386119 20.086 0.039 54059.387786 19.66 0.101 55.696831 -0.69157
54061.398035 20.552 0.112 54061.399701 20.262 0.027 54061.396368 20.15 0.03 54061.397201 20.055 0.037 54061.398868 19.837 0.124 55.696831 -0.69157
54062.391866 20.684 0.081 54062.393533 20.255 0.026 54062.3902 20.185 0.028 54062.391033 20.049 0.028 54062.3927 19.907 0.085 55.696831 -0.69157
54064.388309 20.596 0.097 54064.389976 20.258 0.022 54064.386643 20.184 0.029 54064.387476 20.112 0.037 54064.389143 19.651 0.095 55.696831 -0.69157
54068.372464 20.928 0.167 54068.37413 20.267 0.057 54068.370797 20.188 0.037 54068.37163 20.098 0.062 54068.373297 19.831 0.156 55.696831 -0.69157
54357.430154 20.613 0.067 54357.431821 20.229 0.024 54357.428487 20.108 0.026 54357.429321 20.007 0.027 54357.430987 19.892 0.067 55.696831 -0.69157
54362.479965 20.54 0.064 54362.481632 20.19 0.025 54362.478298 20.157 0.026 54362.479132 20.12 0.032 54362.480798 19.788 0.07 55.696831 -0.69157
54376.475053 20.713 0.101 54376.476719 20.228 0.027 54376.473386 20.2 0.027 54376.474219 20.049 0.027 54376.475886 19.896 0.085 55.696831 -0.69157
54382.460191 20.754 0.085 54382.461857 20.223 0.025 54382.458524 20.175 0.025 54382.459357 20.026 0.03 54382.461024 19.675 0.077 55.696831 -0.69157
54385.477971 20.726 0.085 54385.479638 20.247 0.022 54385.476304 20.137 0.026 54385.477138 20.037 0.026 54385.478804 19.826 0.074 55.696831 -0.69157
54387.478474 20.726 0.101 54387.480141 20.263 0.03 54387.476807 20.143 0.026 54387.477641 20.075 0.03 54387.479307 19.686 0.073 55.696831 -0.69157
54390.470871 20.509 0.124 54390.472538 20.226 0.042 54390.469204 20.19 0.055 54390.470038 20.104 0.066 54390.471704 19.988 0.216 55.696831 -0.69157
54391.479325 20.63 0.119 54391.480991 20.257 0.027 54391.477658 20.181 0.039 54391.478491 20.004 0.044 54391.480158 19.86 0.139 55.696831 -0.69157
54402.471673 20.979 0.38 54402.473339 20.278 0.071 54402.470006 20.181 0.066 54402.470839 19.997 0.052 54402.472506 19.947 0.127 55.696831 -0.69157
