51818.426254 20.999 0.101 51818.42792 20.382 0.025 51818.424587 20.216 0.03 51818.42542 19.951 0.035 51818.427087 19.509 0.09 56.588601 -0.028198
52173.390607 21.299 0.125 52173.392273 20.612 0.028 52173.38894 20.478 0.038 52173.389773 20.086 0.038 52173.39144 19.894 0.128 56.588601 -0.028198
52261.290625 21.295 0.12 52261.292291 20.661 0.028 52261.288958 20.49 0.032 52261.289791 20.102 0.031 52261.291458 19.995 0.099 56.588601 -0.028198
52557.46417 21.259 0.106 52557.465836 20.582 0.024 52557.462503 20.483 0.032 52557.463336 20.224 0.037 52557.465003 20.485 0.187 56.588601 -0.028198
52585.365502 21.117 0.087 52585.367168 20.545 0.022 52585.363835 20.459 0.028 52585.364668 20.193 0.033 52585.366335 20.098 0.115 56.588601 -0.028198
52908.438739 20.89 0.085 52908.440405 20.288 0.021 52908.437072 20.163 0.032 52908.437905 19.823 0.029 52908.439572 19.564 0.076 56.588601 -0.028198
52934.370647 20.885 0.085 52934.372313 20.275 0.021 52934.36898 20.1 0.025 52934.369813 19.876 0.03 52934.37148 19.726 0.099 56.588601 -0.028198
52936.366573 20.861 0.075 52936.368239 20.301 0.02 52936.364906 20.236 0.027 52936.365739 19.952 0.029 52936.367406 19.883 0.096 56.588601 -0.028198
53288.407782 21.091 0.104 53288.409448 20.481 0.024 53288.406115 20.241 0.027 53288.406948 20.11 0.033 53288.408615 19.8 0.09 56.588601 -0.028198
53296.402478 21.108 0.105 53296.404144 20.434 0.033 53296.400811 20.342 0.084 53296.401644 19.974 0.185 53296.403311 20.131 0.492 56.588601 -0.028198
53298.45223 20.986 0.096 53298.453896 20.423 0.022 53298.450563 20.339 0.032 53298.451396 20.035 0.035 53298.453063 19.65 0.09 56.588601 -0.028198
53312.359039 20.915 0.145 53312.360705 20.288 0.037 53312.357372 20.26 0.097 53312.358205 20.105 0.22 53312.359872 19.857 0.316 56.588601 -0.028198
53314.360184 20.702 0.093 53314.36185 20.246 0.027 53314.358517 20.093 0.028 53314.35935 19.983 0.034 53314.361017 20.115 0.131 56.588601 -0.028198
53319.34798 21.106 0.155 53319.349646 20.286 0.029 53319.346313 20.864 0.074 53319.347146 19.96 0.048 53319.348813 19.94 0.156 56.588601 -0.028198
53616.464534 20.783 0.089 53616.4662 20.223 0.022 53616.462867 20.897 0.062 53616.4637 19.868 0.031 53616.465367 19.889 0.109 56.588601 -0.028198
53626.440962 20.621 0.072 53626.442628 -99.99 0.097 53626.439295 20.001 0.022 53626.440128 19.74 0.023 53626.441795 -99.99 0.12 56.588601 -0.028198
53628.425826 20.786 0.111 53628.427492 20.07 0.023 53628.424159 20.238 0.037 53628.424992 19.669 0.039 53628.426659 19.762 0.15 56.588601 -0.028198
53639.472823 20.849 0.098 53639.474489 20.123 0.023 53639.471156 20.009 0.023 53639.471989 19.727 0.023 53639.473656 19.592 0.07 56.588601 -0.028198
53657.430875 20.583 0.1 53657.432541 19.91 0.02 53657.429208 19.698 0.024 53657.430041 19.559 0.034 53657.431708 19.144 0.08 56.588601 -0.028198
53663.415422 20.462 0.142 53663.417088 20.064 0.042 53663.413755 19.999 0.036 53663.414588 19.755 0.031 53663.416255 19.829 0.102 56.588601 -0.028198
53665.393394 20.351 0.133 53665.39506 19.944 0.036 53665.391727 19.785 0.035 53665.39256 19.59 0.035 53665.394227 19.651 0.119 56.588601 -0.028198
53668.405024 20.263 0.107 53668.40669 19.938 0.033 53668.403357 20.75 0.073 53668.40419 19.551 0.034 53668.405857 19.867 0.171 56.588601 -0.028198
53669.492628 20.403 0.115 53669.494294 20.031 0.027 53669.490961 19.991 0.031 53669.491794 19.891 0.037 53669.493461 19.486 0.097 56.588601 -0.028198
53673.377863 20.382 0.06 53673.379529 20.122 0.018 53673.376196 19.916 0.021 53673.377029 19.723 0.023 53673.378696 19.685 0.077 56.588601 -0.028198
53675.374751 20.545 0.07 53675.376417 20.032 0.019 53675.373084 19.958 0.023 53675.373917 19.769 0.026 53675.375584 19.634 0.088 56.588601 -0.028198
53680.382448 20.548 0.077 53680.384114 20.033 0.018 53680.380781 20.028 0.024 53680.381614 19.804 0.024 53680.383281 19.551 0.078 56.588601 -0.028198
53683.440993 21.167 0.237 53683.442659 20.087 0.044 53683.439326 20.009 0.048 53683.440159 19.82 0.053 53683.441826 19.751 0.26 56.588601 -0.028198
53686.38188 20.629 0.129 53686.383546 20.145 0.043 53686.380213 19.985 0.033 53686.381046 19.789 0.035 53686.382713 19.703 0.103 56.588601 -0.028198
53693.384337 20.402 0.181 53693.386003 20.019 0.052 53693.38267 20.203 0.057 53693.383503 20.02 0.05 53693.38517 19.947 0.134 56.588601 -0.028198
53704.367657 20.751 0.133 53704.369323 20.168 0.023 53704.36599 20.894 0.077 53704.366823 19.874 0.038 53704.36849 19.405 0.093 56.588601 -0.028198
53989.463702 20.709 0.147 53989.465368 20.11 0.038 53989.462035 20.032 0.075 53989.462868 19.862 0.16 53989.464535 19.613 0.259 56.588601 -0.028198
54008.450071 20.629 0.072 54008.451738 20.086 0.024 54008.448404 19.956 0.083 54008.449238 19.796 0.227 54008.450904 19.845 0.374 56.588601 -0.028198
54009.413078 20.575 0.053 54009.414745 20.103 0.025 54009.411411 20.029 0.105 54009.412245 19.747 0.194 54009.413911 19.626 0.317 56.588601 -0.028198
54025.476549 20.6 0.078 54025.478216 20.079 0.027 54025.474883 19.998 0.088 54025.475716 19.831 0.226 54025.477383 19.58 0.211 56.588601 -0.028198
54358.430108 20.665 0.079 54358.431775 20.046 0.027 54358.428442 20.053 0.099 54358.429275 19.897 0.228 54358.430942 19.389 0.19 56.588601 -0.028198
54365.463205 20.597 0.06 54365.464871 20.057 0.03 54365.461538 20.003 0.088 54365.462371 19.77 0.255 54365.464038 19.73 0.131 56.588601 -0.028198
54381.482766 20.7 0.087 54381.484432 20.033 0.027 54381.481099 19.974 0.074 54381.481932 19.787 0.191 54381.483599 19.503 0.251 56.588601 -0.028198
54386.475057 20.425 0.059 54386.476724 20.024 0.023 54386.473391 19.954 0.089 54386.474224 19.756 0.216 54386.475891 19.707 0.163 56.588601 -0.028198
54388.479316 20.544 0.075 54388.480983 20.028 0.023 54388.477649 20.05 0.095 54388.478483 19.759 0.205 54388.480149 19.607 0.162 56.588601 -0.028198
54392.476891 20.436 0.065 54392.478558 20.036 0.028 54392.475225 19.884 0.066 54392.476058 -99.99 0.166 54392.477725 19.716 0.254 56.588601 -0.028198
54403.39336 20.795 0.621 54403.395026 19.893 0.041 54403.391693 -99.99 99.999 54403.392526 -99.99 1.536 54403.394193 -99.99 0.289 56.588601 -0.028198
54404.450693 -99.99 0.139 54404.45236 19.932 0.038 54404.449027 19.959 0.804 54404.44986 -99.99 0.348 54404.451527 19.647 0.145 56.588601 -0.028198
54406.38695 20.353 0.061 54406.388616 20.026 0.029 54406.385283 19.945 0.098 54406.386116 20.013 0.327 54406.387783 19.667 0.355 56.588601 -0.028198
54409.391804 20.355 0.057 54409.39347 19.97 0.028 54409.390137 19.829 0.072 54409.39097 19.735 0.194 54409.392637 19.563 0.214 56.588601 -0.028198
54412.412743 20.358 0.106 54412.41441 20.029 0.03 54412.411077 19.881 0.058 54412.41191 19.733 0.176 54412.413577 19.658 0.296 56.588601 -0.028198
