51081.444734 19.368 0.03 51081.4464 19.06 0.011 51081.443067 18.676 0.01 51081.4439 18.606 0.012 51081.445567 18.767 0.056 58.175468 0.218698
51818.430647 19.258 0.027 51818.432313 19.048 0.01 51818.42898 18.611 0.009 51818.429813 18.551 0.011 51818.43148 18.569 0.039 58.175468 0.218698
52171.418773 19.25 0.028 52171.420439 18.934 0.009 52171.417106 18.555 0.009 52171.417939 18.464 0.01 52171.419606 18.536 0.035 58.175468 0.218698
52173.39501 19.293 0.032 52173.396676 18.948 0.01 52173.393343 18.547 0.009 52173.394176 18.49 0.011 52173.395843 18.558 0.048 58.175468 0.218698
52224.375154 19.218 0.027 52224.37682 18.925 0.009 52224.373487 18.534 0.009 52224.37432 18.466 0.011 52224.375987 18.561 0.04 58.175468 0.218698
52234.331665 19.231 0.031 52234.333331 18.893 0.009 52234.329998 18.506 0.009 52234.330831 18.46 0.01 52234.332498 18.533 0.037 58.175468 0.218698
52261.29502 19.188 0.028 52261.296686 18.908 0.009 52261.293353 18.479 0.009 52261.294186 18.444 0.01 52261.295853 18.5 0.034 58.175468 0.218698
52283.162396 19.176 0.031 52283.164062 18.866 0.009 52283.160729 18.495 0.009 52283.161562 18.424 0.011 52283.163229 18.48 0.046 58.175468 0.218698
52287.175518 19.217 0.028 52287.177184 18.883 0.009 52287.173851 18.502 0.009 52287.174684 18.421 0.01 52287.176351 18.47 0.033 58.175468 0.218698
52557.468566 19.298 0.029 52557.470232 18.922 0.009 52557.466899 18.533 0.009 52557.467732 18.45 0.011 52557.469399 18.55 0.043 58.175468 0.218698
52585.369896 19.253 0.025 52585.371562 18.918 0.009 52585.368229 18.511 0.009 52585.369062 18.429 0.01 52585.370729 18.496 0.034 58.175468 0.218698
52908.443134 19.129 0.027 52908.4448 18.824 0.009 52908.441467 18.426 0.008 52908.4423 18.349 0.01 52908.443967 18.415 0.033 58.175468 0.218698
52909.482314 19.067 0.024 52909.48398 18.802 0.008 52909.480647 18.412 0.008 52909.48148 18.359 0.009 52909.483147 18.404 0.029 58.175468 0.218698
52912.422574 19.087 0.029 52912.42424 18.816 0.009 52912.420907 18.417 0.009 52912.42174 18.362 0.01 52912.423407 18.447 0.037 58.175468 0.218698
52934.375042 19.102 0.026 52934.376708 18.787 0.009 52934.373375 18.42 0.009 52934.374208 18.356 0.01 52934.375875 18.431 0.034 58.175468 0.218698
52936.370968 19.123 0.025 52936.372634 18.797 0.008 52936.369301 18.409 0.009 52936.370134 18.363 0.01 52936.371801 18.406 0.031 58.175468 0.218698
53270.435018 19.127 0.025 53270.436685 18.847 0.015 53270.433352 18.434 0.013 53270.434185 18.366 0.015 53270.435852 18.443 0.031 58.175468 0.218698
53272.484963 19.15 0.028 53272.486629 18.837 0.009 53272.483296 18.432 0.008 53272.484129 18.37 0.01 53272.485796 18.415 0.033 58.175468 0.218698
53286.453685 19.14 0.034 53286.455351 18.861 0.01 53286.452018 18.431 0.01 53286.452851 18.356 0.012 53286.454518 18.412 0.04 58.175468 0.218698
53288.412178 19.221 0.029 53288.413844 18.839 0.009 53288.410511 18.442 0.008 53288.411344 18.387 0.01 53288.413011 18.357 0.031 58.175468 0.218698
53294.459849 19.184 0.027 53294.461515 18.84 0.009 53294.458182 18.44 0.009 53294.459015 18.351 0.01 53294.460682 18.339 0.031 58.175468 0.218698
53296.406881 19.147 0.026 53296.408548 18.82 0.011 53296.405214 18.438 0.016 53296.406048 18.346 0.015 53296.407714 18.405 0.039 58.175468 0.218698
53298.456625 19.099 0.027 53298.458291 18.826 0.009 53298.454958 18.432 0.009 53298.455791 18.358 0.01 53298.457458 18.443 0.039 58.175468 0.218698
53312.36338 19.127 0.041 53312.365047 18.808 0.017 53312.361713 18.425 0.012 53312.362547 18.367 0.017 53312.364213 18.443 0.043 58.175468 0.218698
53314.364579 19.153 0.03 53314.366245 18.814 0.009 53314.362912 18.421 0.009 53314.363745 18.35 0.01 53314.365412 18.425 0.033 58.175468 0.218698
53319.352375 19.08 0.032 53319.354041 18.772 0.011 53319.350708 18.426 0.01 53319.351541 18.348 0.011 53319.353208 18.448 0.047 58.175468 0.218698
53616.468927 19.128 0.032 53616.470593 18.813 0.009 53616.46726 18.432 0.009 53616.468093 18.352 0.01 53616.46976 18.427 0.043 58.175468 0.218698
53626.445357 -99.99 0.038 53626.447023 18.836 0.013 53626.44369 18.403 0.013 53626.444523 -99.99 0.021 53626.44619 -99.99 0.066 58.175468 0.218698
53628.430221 19.068 0.031 53628.431887 18.764 0.009 53628.428554 18.408 0.01 53628.429387 -99.99 0.012 53628.431054 18.37 0.049 58.175468 0.218698
53639.477217 19.103 0.03 53639.478883 18.768 0.011 53639.47555 18.417 0.009 53639.476383 18.333 0.01 53639.47805 18.449 0.033 58.175468 0.218698
53657.435267 19.13 0.03 53657.436933 18.802 0.009 53657.4336 18.407 0.009 53657.434433 18.335 0.011 53657.4361 18.475 0.04 58.175468 0.218698
53675.379145 19.038 0.026 53675.380811 18.763 0.008 53675.377478 18.402 0.009 53675.378311 18.332 0.01 53675.379978 18.329 0.031 58.175468 0.218698
53680.386843 19.09 0.03 53680.388509 18.762 0.009 53680.385176 18.412 0.009 53680.386009 18.338 0.01 53680.387676 18.403 0.035 58.175468 0.218698
53683.445387 19.042 0.048 53683.447053 18.776 0.013 53683.44372 18.409 0.016 53683.444553 18.365 0.019 53683.44622 18.443 0.07 58.175468 0.218698
53686.386273 18.982 0.034 53686.387939 18.748 0.012 53686.384606 18.409 0.011 53686.385439 18.331 0.011 53686.387106 18.293 0.034 58.175468 0.218698
53687.44365 19.116 0.075 53687.445316 18.76 0.026 53687.441983 18.394 0.022 53687.442816 18.369 0.027 53687.444483 18.536 0.095 58.175468 0.218698
53693.388731 19.055 0.066 53693.390397 18.766 0.02 53693.387064 18.398 0.013 53693.387897 18.278 0.014 53693.389564 18.351 0.045 58.175468 0.218698
53694.403452 -99.99 0.079 53694.405118 18.738 0.021 53694.401785 18.377 0.014 53694.402618 18.341 0.015 53694.404285 18.384 0.06 58.175468 0.218698
53699.409563 18.958 0.032 53699.411229 18.752 0.01 53699.407896 18.388 0.009 53699.408729 18.327 0.01 53699.410396 18.4 0.035 58.175468 0.218698
53704.37205 18.963 0.033 53704.373716 18.718 0.01 53704.370383 18.376 0.01 53704.371216 18.294 0.012 53704.372883 18.285 0.042 58.175468 0.218698
53989.468162 18.918 0.041 53989.469829 18.743 0.019 53989.466496 18.366 0.013 53989.467329 18.323 0.014 53989.468996 18.401 0.031 58.175468 0.218698
54008.454532 18.968 0.025 54008.456198 18.737 0.014 54008.452865 18.397 0.011 54008.453698 18.332 0.015 54008.455365 18.415 0.031 58.175468 0.218698
54009.417449 18.939 0.021 54009.419115 18.765 0.016 54009.415782 18.394 0.012 54009.416615 18.326 0.015 54009.418282 18.401 0.026 58.175468 0.218698
54011.481932 18.901 0.026 54011.483599 18.777 0.018 54011.480266 18.384 0.015 54011.481099 18.328 0.013 54011.482766 18.377 0.031 58.175468 0.218698
54019.477001 19.021 0.041 54019.478668 18.778 0.017 54019.475334 18.385 0.012 54019.476168 18.331 0.013 54019.477834 18.409 0.032 58.175468 0.218698
54025.48096 19.035 0.031 54025.482626 18.782 0.014 54025.479293 18.389 0.012 54025.480126 18.326 0.017 54025.481793 18.4 0.037 58.175468 0.218698
54358.434508 19.526 0.037 54358.436175 19.097 0.018 54358.432842 18.629 0.017 54358.433675 18.583 0.017 54358.435342 18.671 0.041 58.175468 0.218698
54362.486835 99.987 99.999 54362.488501 99.99 99.999 54362.485168 18.619 0.015 54362.486001 18.551 0.02 54362.487668 18.689 0.037 58.175468 0.218698
54365.467613 19.382 0.031 54365.469279 19.116 0.021 54365.465946 18.64 0.014 54365.466779 18.591 0.024 54365.468446 18.66 0.035 58.175468 0.218698
54381.487257 19.487 0.037 54381.488924 19.146 0.019 54381.48559 18.654 0.015 54381.486424 18.611 0.018 54381.48809 18.622 0.041 58.175468 0.218698
54386.479459 19.475 0.033 54386.481126 19.131 0.015 54386.477792 18.655 0.017 54386.478626 18.579 0.014 54386.480292 18.643 0.04 58.175468 0.218698
54388.483754 19.515 0.036 54388.485421 19.119 0.013 54388.482087 18.631 0.015 54388.482921 18.591 0.016 54388.484587 18.637 0.04 58.175468 0.218698
54392.481326 19.446 0.042 54392.482993 19.103 0.02 54392.47966 18.658 0.02 54392.480493 18.587 0.018 54392.48216 18.614 0.041 58.175468 0.218698
54403.397593 19.427 0.051 54403.39926 19.175 0.02 54403.395927 18.612 0.024 54403.39676 18.604 0.018 54403.398427 18.604 0.047 58.175468 0.218698
54404.455064 19.35 0.053 54404.456731 19.134 0.028 54404.453398 18.67 0.016 54404.454231 18.585 0.018 54404.455898 18.62 0.047 58.175468 0.218698
54406.391352 19.502 0.035 54406.393018 19.132 0.017 54406.389685 18.655 0.017 54406.390518 18.601 0.014 54406.392185 18.651 0.031 58.175468 0.218698
54409.396179 19.428 0.034 54409.397845 19.103 0.021 54409.394512 18.602 0.017 54409.395345 18.534 0.017 54409.397012 18.568 0.032 58.175468 0.218698
54412.417102 19.463 0.058 54412.418768 19.11 0.016 54412.415435 18.67 0.021 54412.416268 18.579 0.021 54412.417935 18.689 0.072 58.175468 0.218698
