51818.43021 20.944 0.081 51818.431876 20.184 0.022 51818.428543 19.88 0.02 51818.429376 19.782 0.025 51818.431043 19.91 0.091 58.026301 -0.856415
52171.418329 20.954 0.081 52171.419995 20.249 0.023 52171.416662 19.954 0.02 52171.417495 19.884 0.026 52171.419162 19.757 0.075 58.026301 -0.856415
52173.394617 21.054 0.101 52173.396283 20.306 0.026 52173.39295 19.952 0.023 52173.393783 19.872 0.034 52173.39545 19.709 0.101 58.026301 -0.856415
52224.374734 21.335 0.107 52224.3764 20.377 0.024 52224.373067 20.008 0.021 52224.3739 19.87 0.027 52224.375567 19.83 0.089 58.026301 -0.856415
52234.331251 21.358 0.135 52234.332917 20.294 0.026 52234.329584 19.992 0.022 52234.330417 19.896 0.031 52234.332084 19.817 0.092 58.026301 -0.856415
52261.294606 21.289 0.109 52261.296272 20.265 0.024 52261.292939 20.017 0.022 52261.293772 19.896 0.028 52261.295439 19.735 0.074 58.026301 -0.856415
52283.161983 21.216 0.127 52283.163649 20.326 0.028 52283.160316 20.049 0.026 52283.161149 19.914 0.037 52283.162816 19.773 0.119 58.026301 -0.856415
52287.175104 21.15 0.109 52287.17677 20.272 0.025 52287.173437 19.989 0.024 52287.17427 19.873 0.031 52287.175937 19.735 0.085 58.026301 -0.856415
52557.468152 21.379 0.112 52557.469818 20.499 0.027 52557.466485 20.092 0.023 52557.467318 19.951 0.031 52557.468985 19.829 0.105 58.026301 -0.856415
52585.369484 21.329 0.093 52585.37115 20.397 0.023 52585.367817 20.106 0.021 52585.36865 19.98 0.028 52585.370317 19.875 0.094 58.026301 -0.856415
52908.442719 21.146 0.102 52908.444385 20.463 0.026 52908.441052 20.069 0.022 52908.441885 20.021 0.031 52908.443552 19.962 0.098 58.026301 -0.856415
52912.422161 21.502 0.158 52912.423827 20.406 0.029 52912.420494 20.081 0.025 52912.421327 19.929 0.031 52912.422994 19.854 0.1 58.026301 -0.856415
52934.374628 21.419 0.13 52934.376294 20.442 0.025 52934.372961 20.145 0.026 52934.373794 19.975 0.033 52934.375461 19.987 0.112 58.026301 -0.856415
52936.370554 21.236 0.097 52936.37222 20.413 0.026 52936.368887 20.159 0.027 52936.36972 19.98 0.032 52936.371387 19.935 0.097 58.026301 -0.856415
53270.434643 21.213 0.085 53270.436309 20.383 0.023 53270.432976 20.084 0.02 53270.433809 19.933 0.027 53270.435476 19.86 0.069 58.026301 -0.856415
53272.484549 21.148 0.107 53272.486215 20.355 0.027 53272.482882 20.074 0.022 53272.483715 19.946 0.028 53272.485382 19.821 0.084 58.026301 -0.856415
53286.453271 20.88 0.127 53286.454937 20.328 0.034 53286.451604 20.054 0.032 53286.452437 19.92 0.037 53286.454104 19.759 0.104 58.026301 -0.856415
53288.411763 20.923 0.089 53288.413429 20.296 0.024 53288.410096 20.038 0.022 53288.410929 19.971 0.03 53288.412596 20.012 0.104 58.026301 -0.856415
53294.459436 20.988 0.087 53294.461102 20.339 0.027 53294.457769 20.044 0.024 53294.458602 19.935 0.028 53294.460269 20.062 0.102 58.026301 -0.856415
53296.406463 21.058 0.087 53296.40813 20.313 0.027 53296.404797 20.017 0.027 53296.40563 19.9 0.03 53296.407297 19.88 0.088 58.026301 -0.856415
53298.456212 21.206 0.11 53298.457878 20.32 0.025 53298.454545 20.073 0.025 53298.455378 19.969 0.033 53298.457045 19.99 0.121 58.026301 -0.856415
53312.362982 20.843 0.128 53312.364649 20.286 0.041 53312.361316 20.028 0.029 53312.362149 19.941 0.036 53312.363816 19.767 0.119 58.026301 -0.856415
53314.364165 21.163 0.124 53314.365831 20.302 0.028 53314.362498 19.969 0.023 53314.363331 19.844 0.029 53314.364998 19.756 0.091 58.026301 -0.856415
53319.351962 21.207 0.152 53319.353628 20.325 0.04 53319.350295 20.023 0.031 53319.351128 19.914 0.04 53319.352795 19.646 0.108 58.026301 -0.856415
53616.468513 21.277 0.137 53616.470179 20.334 0.031 53616.466846 20.022 0.023 53616.467679 19.873 0.031 53616.469346 19.827 0.111 58.026301 -0.856415
53626.444942 -99.99 0.146 53626.446608 20.317 0.04 53626.443275 -99.99 0.045 53626.444108 -99.99 0.03 53626.445775 -99.99 0.257 58.026301 -0.856415
53639.476803 21.219 0.151 53639.478469 20.348 0.038 53639.475136 20.04 0.024 53639.475969 19.926 0.031 53639.477636 19.889 0.09 58.026301 -0.856415
53657.434854 21.118 0.124 53657.43652 20.349 0.027 53657.433187 20.044 0.026 53657.43402 19.985 0.038 53657.435687 19.843 0.107 58.026301 -0.856415
53665.397374 21.092 0.191 53665.39904 20.377 0.045 53665.395707 20.007 0.035 53665.39654 19.985 0.042 53665.398207 19.654 0.103 58.026301 -0.856415
53669.496605 21.558 0.307 53669.498271 20.285 0.038 53669.494938 20.103 0.032 53669.495771 19.955 0.038 53669.497438 19.842 0.125 58.026301 -0.856415
53675.378731 21.304 0.121 53675.380397 20.411 0.027 53675.377064 20.04 0.027 53675.377897 19.943 0.033 53675.379564 19.793 0.086 58.026301 -0.856415
53680.386428 21.241 0.125 53680.388094 20.415 0.028 53680.384761 20.128 0.031 53680.385594 19.884 0.034 53680.387261 19.824 0.104 58.026301 -0.856415
53683.444974 21.424 0.285 53683.44664 20.355 0.041 53683.443307 20.089 0.062 53683.44414 20.011 0.081 53683.445807 19.728 0.199 58.026301 -0.856415
53686.385859 21.07 0.188 53686.387525 20.397 0.053 53686.384192 19.981 0.038 53686.385025 19.863 0.042 53686.386692 19.568 0.089 58.026301 -0.856415
53687.443237 20.178 0.182 53687.444903 20.431 0.129 53687.44157 20.11 0.108 53687.442403 19.853 0.108 53687.44407 19.997 0.291 58.026301 -0.856415
53693.388318 22.471 1.33 53693.389984 20.426 0.095 53693.386651 20.073 0.051 53693.387484 19.789 0.051 53693.389151 19.601 0.125 58.026301 -0.856415
53699.409149 21.222 0.17 53699.410815 20.313 0.036 53699.407482 20.138 0.027 53699.408315 19.965 0.031 53699.409982 19.879 0.097 58.026301 -0.856415
53989.467764 21.511 0.283 53989.469431 20.369 0.047 53989.466098 20.174 0.037 53989.466931 20.014 0.036 53989.468598 19.941 0.085 58.026301 -0.856415
54008.454134 21.439 0.133 54008.455801 20.421 0.027 54008.452468 20.147 0.023 54008.453301 20.001 0.028 54008.454968 19.786 0.081 58.026301 -0.856415
54009.417036 21.278 0.089 54009.418703 20.44 0.025 54009.415369 20.135 0.018 54009.416203 19.964 0.023 54009.417869 19.816 0.065 58.026301 -0.856415
54011.481564 21.243 0.086 54011.483231 20.476 0.029 54011.479898 20.13 0.021 54011.480731 20.015 0.024 54011.482398 19.902 0.063 58.026301 -0.856415
54019.476523 21.592 0.318 54019.47819 20.417 0.05 54019.474857 20.199 0.034 54019.47569 19.987 0.034 54019.477357 20.053 0.104 58.026301 -0.856415
54025.480564 21.161 0.137 54025.482231 20.451 0.033 54025.478898 20.115 0.025 54025.479731 20.005 0.032 54025.481398 19.948 0.11 58.026301 -0.856415
54358.43414 21.18 0.105 54358.435807 20.499 0.03 54358.432473 20.261 0.026 54358.433307 20.193 0.035 54358.434973 20.188 0.12 58.026301 -0.856415
54365.467197 21.397 0.097 54365.468863 20.538 0.024 54365.46553 20.17 0.023 54365.466363 20.071 0.026 54365.46803 20.016 0.07 58.026301 -0.856415
54381.486737 21.518 0.172 54381.488404 20.548 0.033 54381.48507 20.242 0.026 54381.485904 20.115 0.033 54381.48757 20.139 0.113 58.026301 -0.856415
54386.479046 21.458 0.135 54386.480713 20.537 0.029 54386.477379 20.232 0.025 54386.478213 20.155 0.031 54386.479879 20.009 0.089 58.026301 -0.856415
54388.48338 21.489 0.146 54388.485047 20.542 0.03 54388.481714 20.243 0.028 54388.482547 20.174 0.035 54388.484214 19.869 0.09 58.026301 -0.856415
54392.480954 21.309 0.121 54392.48262 20.559 0.032 54392.479287 20.246 0.03 54392.48012 20.059 0.033 54392.481787 20.022 0.106 58.026301 -0.856415
54403.39713 21.573 0.306 54403.398797 20.503 0.06 54403.395463 20.285 0.053 54403.396297 20.085 0.046 54403.397963 20.117 0.128 58.026301 -0.856415
54404.454638 21.39 0.309 54404.456305 20.603 0.086 54404.452971 20.234 0.045 54404.453805 20.162 0.058 54404.455471 19.834 0.115 58.026301 -0.856415
54406.390938 21.372 0.124 54406.392605 20.594 0.032 54406.389272 20.259 0.024 54406.390105 20.094 0.033 54406.391772 20.051 0.075 58.026301 -0.856415
54409.395792 21.348 0.109 54409.397459 20.564 0.028 54409.394126 20.265 0.024 54409.394959 20.212 0.034 54409.396626 -99.99 0.106 58.026301 -0.856415
54412.416705 20.899 0.159 54412.418372 20.572 0.051 54412.415038 20.223 0.046 54412.415872 20.168 0.054 54412.417538 20.271 0.249 58.026301 -0.856415
