51075.304719 17.859 0.011 51075.306385 17.54 0.005 51075.303052 17.331 0.005 51075.303885 17.326 0.006 51075.305552 17.188 0.017 1.755536 0.378447
52196.305235 17.976 0.013 52196.306901 17.57 0.005 52196.303568 17.335 0.006 52196.304401 17.334 0.006 52196.306068 17.21 0.014 1.755536 0.378447
52197.318342 17.889 0.013 52197.320008 17.568 0.005 52197.316675 17.35 0.006 52197.317508 17.335 0.006 52197.319175 17.175 0.014 1.755536 0.378447
52225.168525 17.892 0.013 52225.170191 17.567 0.005 52225.166858 17.355 0.005 52225.167691 17.335 0.006 52225.169358 17.192 0.015 1.755536 0.378447
52231.204309 -99.99 0.013 52231.205975 17.541 0.005 52231.202642 17.332 0.006 52231.203475 17.345 0.006 52231.205142 17.172 0.013 1.755536 0.378447
52253.190479 -99.99 0.016 52253.192145 17.538 0.005 52253.188812 17.325 0.006 52253.189645 17.32 0.007 52253.191312 17.23 0.019 1.755536 0.378447
52557.312311 17.764 0.013 52557.313977 17.424 0.005 52557.310644 17.249 0.005 52557.311477 17.254 0.006 52557.313144 17.167 0.015 1.755536 0.378447
52578.208396 17.731 0.011 52578.210062 17.457 0.005 52578.206729 17.271 0.005 52578.207562 17.265 0.006 52578.209229 17.151 0.013 1.755536 0.378447
52908.286878 17.955 0.014 52908.288544 17.598 0.005 52908.285211 17.404 0.005 52908.286044 17.393 0.006 52908.287711 17.247 0.017 1.755536 0.378447
52911.300665 -99.99 0.015 52911.302331 17.59 0.005 52911.298998 17.391 0.005 52911.299831 17.385 0.006 52911.301498 17.25 0.017 1.755536 0.378447
52930.178038 17.949 0.014 52930.179704 17.583 0.005 52930.176371 17.396 0.005 52930.177204 17.38 0.006 52930.178871 17.281 0.017 1.755536 0.378447
52934.218779 17.962 0.014 52934.220445 17.588 0.005 52934.217112 17.381 0.005 52934.217945 17.384 0.006 52934.219612 17.248 0.017 1.755536 0.378447
52936.214706 17.9 0.013 52936.216372 17.597 0.005 52936.213039 17.421 0.006 52936.213872 17.371 0.006 52936.215539 17.249 0.014 1.755536 0.378447
52962.140227 17.89 0.013 52962.141893 17.58 0.005 52962.13856 17.346 0.005 52962.139393 17.384 0.006 52962.14106 17.239 0.016 1.755536 0.378447
53270.278802 18.048 0.017 53270.280469 17.641 0.019 53270.277136 17.406 0.019 53270.277969 -99.99 0.018 53270.279636 17.255 0.021 1.755536 0.378447
53272.328709 18.013 0.015 53272.330375 17.647 0.006 53272.327042 17.354 0.006 53272.327875 17.388 0.006 53272.329542 17.252 0.014 1.755536 0.378447
53286.297427 18.083 0.016 53286.299093 17.628 0.005 53286.29576 17.41 0.006 53286.296593 17.412 0.007 53286.29826 17.28 0.016 1.755536 0.378447
53288.255917 18.066 0.014 53288.257583 17.651 0.005 53288.25425 17.428 0.006 53288.255083 17.396 0.006 53288.25675 17.25 0.015 1.755536 0.378447
53294.303592 18.043 0.015 53294.305258 17.655 0.005 53294.301925 17.418 0.005 53294.302758 17.407 0.006 53294.304425 17.3 0.017 1.755536 0.378447
53302.251587 18.039 0.02 53302.253253 17.633 0.007 53302.24992 17.428 0.007 53302.250753 17.413 0.007 53302.25242 17.293 0.016 1.755536 0.378447
53312.207159 18.09 0.021 53312.208825 17.657 0.017 53312.205492 17.441 0.017 53312.206325 17.41 0.011 53312.207992 17.24 0.019 1.755536 0.378447
53314.208315 18.047 0.014 53314.209981 17.65 0.005 53314.206648 17.436 0.006 53314.207481 17.422 0.006 53314.209148 17.256 0.015 1.755536 0.378447
53616.312678 -99.99 0.047 53616.314344 -99.99 0.012 53616.311011 17.323 0.011 53616.311844 -99.99 0.013 53616.313511 17.256 0.062 1.755536 0.378447
53623.302889 -99.99 0.016 53623.304555 -99.99 0.007 53623.301222 -99.99 0.011 53623.302055 17.26 0.007 53623.303722 17.007 0.017 1.755536 0.378447
53626.289103 17.807 0.014 53626.290769 17.491 0.005 53626.287436 17.296 0.006 53626.288269 17.284 0.006 53626.289936 17.182 0.015 1.755536 0.378447
53628.273968 17.833 0.018 53628.275634 17.502 0.006 53628.272301 17.294 0.006 53628.273134 17.273 0.007 53628.274801 17.15 0.015 1.755536 0.378447
53637.275584 -99.99 0.016 53637.27725 17.468 0.006 53637.273917 17.286 0.006 53637.27475 17.276 0.007 53637.276417 17.153 0.018 1.755536 0.378447
53639.320961 17.785 0.013 53639.322627 17.472 0.005 53639.319294 17.284 0.005 53639.320127 17.272 0.006 53639.321794 17.159 0.014 1.755536 0.378447
53644.268097 17.788 0.031 53644.269763 17.47 0.026 53644.26643 17.282 0.012 53644.267263 17.26 0.015 53644.26893 17.139 0.019 1.755536 0.378447
53654.302653 17.807 0.013 53654.304319 17.456 0.005 53654.300986 17.237 0.005 53654.301819 17.252 0.006 53654.303486 17.126 0.014 1.755536 0.378447
53656.250249 -99.99 0.02 53656.251915 17.431 0.007 53656.248582 17.28 0.006 53656.249415 17.263 0.007 53656.251082 17.128 0.018 1.755536 0.378447
53663.263557 17.814 0.015 53663.265223 17.448 0.006 53663.26189 17.272 0.006 53663.262723 17.253 0.007 53663.26439 17.16 0.013 1.755536 0.378447
53668.253157 17.859 0.015 53668.254823 17.446 0.005 53668.25149 17.268 0.005 53668.252323 17.241 0.006 53668.25399 17.138 0.018 1.755536 0.378447
53670.25801 17.766 0.013 53670.259676 17.466 0.005 53670.256343 17.245 0.005 53670.257176 17.239 0.006 53670.258843 17.13 0.014 1.755536 0.378447
53673.225994 17.775 0.012 53673.22766 17.448 0.005 53673.224327 17.251 0.005 53673.22516 17.248 0.006 53673.226827 17.151 0.013 1.755536 0.378447
53675.222882 17.75 0.013 53675.224548 17.447 0.005 53675.221215 17.268 0.005 53675.222048 17.253 0.006 53675.223715 17.162 0.015 1.755536 0.378447
53677.243913 17.767 0.012 53677.245579 17.464 0.005 53677.242246 17.175 0.005 53677.243079 17.236 0.006 53677.244746 17.136 0.012 1.755536 0.378447
53680.230579 17.738 0.013 53680.232245 17.432 0.005 53680.228912 17.255 0.005 53680.229745 17.231 0.006 53680.231412 17.139 0.013 1.755536 0.378447
53693.232477 -99.99 0.017 53693.234143 17.394 0.006 53693.23081 17.252 0.006 53693.231643 17.215 0.006 53693.23331 17.109 0.013 1.755536 0.378447
53698.229867 17.652 0.018 53698.231533 -99.99 0.006 53698.2282 17.249 0.011 53698.229033 -99.99 0.008 53698.2307 -99.99 0.044 1.755536 0.378447
53704.215801 17.661 0.013 53704.217467 17.41 0.005 53704.214134 17.215 0.005 53704.214967 17.208 0.006 53704.216634 17.096 0.015 1.755536 0.378447
53974.30846 17.605 0.027 53974.310127 17.317 0.015 53974.306794 17.134 0.012 53974.307627 17.134 0.015 53974.309294 17.029 0.026 1.755536 0.378447
53989.312017 -99.99 0.013 53989.313683 17.298 0.02 53989.31035 17.14 0.022 53989.311183 17.115 0.027 53989.31285 17.025 0.029 1.755536 0.378447
53997.407489 17.636 0.02 53997.409156 -99.99 0.019 53997.405822 -99.99 0.02 53997.406656 17.097 0.014 53997.408322 -99.99 0.024 1.755536 0.378447
54000.287267 17.662 0.023 54000.288934 17.304 0.017 54000.285601 17.108 0.025 54000.286434 17.093 0.013 54000.288101 17.007 0.02 1.755536 0.378447
54006.234129 -99.99 0.025 54006.235796 -99.99 0.028 54006.232463 -99.99 0.034 54006.233296 -99.99 0.021 54006.234963 -99.99 0.018 1.755536 0.378447
54007.337437 -99.99 0.031 54007.339103 17.317 0.02 54007.33577 17.107 0.021 54007.336603 17.107 0.022 54007.33827 17.03 0.024 1.755536 0.378447
54009.261296 17.642 0.022 54009.262963 17.31 0.015 54009.259629 17.141 0.016 54009.260463 17.098 0.014 54009.262129 17.006 0.025 1.755536 0.378447
54011.325724 17.606 0.04 54011.327391 17.323 0.016 54011.324058 17.115 0.018 54011.324891 17.113 0.032 54011.326558 16.989 0.026 1.755536 0.378447
54019.275905 17.665 0.012 54019.277572 17.286 0.019 54019.274238 17.105 0.015 54019.275072 17.112 0.012 54019.276738 17.01 0.024 1.755536 0.378447
54025.324739 -99.99 0.023 54025.326405 17.315 0.014 54025.323072 17.116 0.013 54025.323905 17.126 0.02 54025.325572 17.043 0.021 1.755536 0.378447
54029.255038 17.605 0.062 54029.256705 17.306 0.018 54029.253372 17.145 0.015 54029.254205 17.125 0.016 54029.255872 16.992 0.033 1.755536 0.378447
54348.322455 17.566 0.031 54348.324122 17.27 0.018 54348.320789 17.105 0.016 54348.321622 17.108 0.02 54348.323289 17.022 0.029 1.755536 0.378447
54358.278301 17.581 0.017 54358.279968 17.261 0.015 54358.276634 17.089 0.023 54358.277468 17.11 0.044 54358.279134 16.977 0.024 1.755536 0.378447
54359.272425 -99.99 0.056 54359.274092 17.291 0.021 54359.270758 17.096 0.018 54359.271592 17.094 0.013 54359.273258 17.084 0.03 1.755536 0.378447
54365.311336 17.565 0.013 54365.313003 17.261 0.015 54365.30967 17.094 0.012 54365.310503 17.105 0.017 54365.31217 17.024 0.041 1.755536 0.378447
54373.385517 -99.99 0.032 54373.387183 17.276 0.017 54373.38385 17.08 0.021 54373.384683 17.083 0.012 54373.38635 16.985 0.017 1.755536 0.378447
54381.330997 -99.99 0.03 54381.332663 17.263 0.026 54381.32933 17.08 0.018 54381.330163 17.093 0.021 54381.33183 17.001 0.019 1.755536 0.378447
54386.323226 17.582 0.038 54386.324893 17.209 0.019 54386.32156 17.077 0.012 54386.322393 17.105 0.015 54386.32406 16.996 0.02 1.755536 0.378447
54388.327552 17.558 0.027 54388.329219 17.27 0.012 54388.325885 17.082 0.012 54388.326719 17.074 0.011 54388.328385 16.981 0.018 1.755536 0.378447
54403.241305 17.449 0.013 54403.242972 17.24 0.022 54403.239638 17.07 0.01 54403.240472 17.088 0.014 54403.242138 16.995 0.022 1.755536 0.378447
54404.298816 17.493 0.017 54404.300482 17.263 0.019 54404.297149 17.06 0.012 54404.297982 17.074 0.016 54404.299649 17.017 0.018 1.755536 0.378447
54405.296835 17.569 0.046 54405.298502 17.276 0.017 54405.295168 17.065 0.013 54405.296002 17.102 0.015 54405.297668 16.977 0.021 1.755536 0.378447
54406.235119 17.544 0.016 54406.236786 17.251 0.026 54406.233453 17.055 0.018 54406.234286 17.086 0.024 54406.235953 16.973 0.029 1.755536 0.378447
54412.238037 17.542 0.029 54412.239704 17.26 0.02 54412.23637 17.072 0.014 54412.237204 17.079 0.014 54412.23887 16.965 0.021 1.755536 0.378447
