51075.271931 20.857 0.095 51075.273597 20.108 0.022 51075.270264 19.761 0.023 51075.271097 19.422 0.029 51075.272764 19.375 0.1 -10.082023 1.251574
51464.259806 20.427 0.075 51464.261472 19.896 0.02 51464.258139 19.601 0.02 51464.258972 19.346 0.025 51464.260639 19.26 0.078 -10.082023 1.251574
52196.27244 20.324 0.058 52196.274106 19.936 0.017 52196.270773 19.649 0.018 52196.271606 19.364 0.024 52196.273273 19.461 0.087 -10.082023 1.251574
52197.285549 20.317 0.056 52197.287215 19.867 0.016 52197.283882 19.605 0.018 52197.284715 19.315 0.021 52197.286382 19.426 0.066 -10.082023 1.251574
52225.135738 20.293 0.051 52225.137404 19.867 0.015 52225.134071 19.631 0.019 52225.134904 19.303 0.021 52225.136571 19.53 0.083 -10.082023 1.251574
52231.171522 20.456 0.065 52231.173188 19.911 0.016 52231.169855 19.629 0.018 52231.170688 19.297 0.021 52231.172355 19.314 0.061 -10.082023 1.251574
52253.157695 20.598 0.103 52253.159361 19.954 0.021 52253.156028 19.679 0.024 52253.156861 19.36 0.026 52253.158528 19.248 0.07 -10.082023 1.251574
52557.279525 20.463 0.076 52557.281191 19.973 0.019 52557.277858 19.732 0.02 52557.278691 19.401 0.025 52557.280358 19.355 0.078 -10.082023 1.251574
52578.175607 20.458 0.068 52578.177273 19.919 0.016 52578.17394 19.678 0.021 52578.174773 19.44 0.028 52578.17644 19.327 0.075 -10.082023 1.251574
52908.254093 20.308 0.057 52908.255759 19.854 0.017 52908.252426 19.619 0.019 52908.253259 19.368 0.024 52908.254926 19.404 0.082 -10.082023 1.251574
52911.267877 20.131 0.054 52911.269543 19.855 0.017 52911.26621 19.606 0.019 52911.267043 19.328 0.024 52911.26871 19.33 0.081 -10.082023 1.251574
52930.145251 20.194 0.052 52930.146917 19.839 0.016 52930.143584 19.582 0.016 52930.144417 19.35 0.021 52930.146084 19.419 0.069 -10.082023 1.251574
52934.185993 20.342 0.069 52934.187659 19.838 0.016 52934.184326 19.64 0.022 52934.185159 19.316 0.024 52934.186826 19.315 0.073 -10.082023 1.251574
52936.181918 20.24 0.052 52936.183584 19.804 0.015 52936.180251 19.626 0.019 52936.181084 19.332 0.022 52936.182751 19.424 0.074 -10.082023 1.251574
52962.107439 20.306 0.057 52962.109105 19.816 0.017 52962.105772 19.636 0.02 52962.106605 19.325 0.024 52962.108272 19.387 0.078 -10.082023 1.251574
53270.245991 20.152 0.051 53270.247658 19.782 0.019 53270.244324 19.572 0.026 53270.245158 19.334 0.023 53270.246824 19.324 0.061 -10.082023 1.251574
53272.295924 20.061 0.093 53272.29759 19.731 0.029 53272.294257 19.543 0.027 53272.29509 19.325 0.031 53272.296757 19.421 0.083 -10.082023 1.251574
53286.264642 20.17 0.082 53286.266308 19.74 0.023 53286.262975 19.576 0.021 53286.263808 19.313 0.025 53286.265475 19.424 0.121 -10.082023 1.251574
53288.223132 20.214 0.053 53288.224798 19.768 0.016 53288.221465 19.574 0.017 53288.222298 19.271 0.019 53288.223965 19.226 0.052 -10.082023 1.251574
53294.25047 20.161 0.057 53294.252136 19.764 0.019 53294.248803 19.586 0.02 53294.249636 19.281 0.023 53294.251303 19.383 0.078 -10.082023 1.251574
53302.2188 20.194 0.153 53302.220466 19.773 0.041 53302.217133 19.554 0.039 53302.217966 19.366 0.04 53302.219633 19.172 0.089 -10.082023 1.251574
53312.174333 20.404 0.062 53312.176 19.8 0.017 53312.172666 19.614 0.02 53312.1735 19.303 0.024 53312.175166 19.158 0.068 -10.082023 1.251574
53314.175527 20.179 0.056 53314.177193 19.787 0.017 53314.17386 19.557 0.019 53314.174693 19.317 0.023 53314.17636 19.468 0.087 -10.082023 1.251574
53616.279895 20.194 0.074 53616.281561 -99.99 0.02 53616.278228 19.52 0.02 53616.279061 19.274 0.024 53616.280728 19.169 0.08 -10.082023 1.251574
53623.270108 20.194 0.081 53623.271774 19.739 0.025 53623.268441 19.51 0.019 53623.269274 19.244 0.025 53623.270941 19.202 0.084 -10.082023 1.251574
53626.256319 20.092 0.071 53626.257985 19.686 0.022 53626.254652 19.489 0.021 53626.255485 19.221 0.023 53626.257152 19.354 0.075 -10.082023 1.251574
53628.241184 20.214 0.134 53628.24285 19.713 0.035 53628.239517 19.462 0.028 53628.24035 19.237 0.028 53628.242017 19.23 0.078 -10.082023 1.251574
53637.2428 20.232 0.087 53637.244466 19.682 0.023 53637.241133 19.511 0.023 53637.241966 19.16 0.026 53637.243633 19.287 0.101 -10.082023 1.251574
53644.235252 20.123 0.044 53644.236919 19.641 0.024 53644.233585 19.478 0.018 53644.234419 19.21 0.018 53644.236085 19.253 0.05 -10.082023 1.251574
53654.269868 20.133 0.056 53654.271534 19.656 0.014 53654.268201 19.442 0.02 53654.269034 19.22 0.024 53654.270701 19.156 0.064 -10.082023 1.251574
53656.217463 20.164 0.161 53656.219129 19.606 0.039 53656.215796 19.555 0.04 53656.216629 19.215 0.035 53656.218296 19.198 0.099 -10.082023 1.251574
53663.230773 20.186 0.082 53663.232439 19.668 0.023 53663.229106 19.452 0.02 53663.229939 19.224 0.021 53663.231606 19.153 0.052 -10.082023 1.251574
53668.220373 20.151 0.067 53668.222039 19.632 0.015 53668.218706 19.473 0.021 53668.219539 19.237 0.025 53668.221206 19.203 0.077 -10.082023 1.251574
53670.225224 20.042 0.051 53670.22689 19.611 0.014 53670.223557 19.432 0.016 53670.22439 19.165 0.02 53670.226057 19.106 0.06 -10.082023 1.251574
53673.193208 20.073 0.053 53673.194874 19.619 0.014 53673.191541 19.447 0.017 53673.192374 19.185 0.02 53673.194041 19.136 0.058 -10.082023 1.251574
53675.190096 20.094 0.062 53675.191762 19.635 0.017 53675.188429 19.446 0.022 53675.189262 19.14 0.025 53675.190929 19.105 0.079 -10.082023 1.251574
53677.211128 20.177 0.055 53677.212794 19.663 0.014 53677.209461 19.482 0.016 53677.210294 19.245 0.02 53677.211961 19.123 0.05 -10.082023 1.251574
53680.197794 20.111 0.054 53680.19946 19.675 0.015 53680.196127 19.492 0.018 53680.19696 19.189 0.019 53680.198627 19.108 0.05 -10.082023 1.251574
53693.199692 20.278 0.12 53693.201358 19.673 0.028 53693.198025 19.468 0.026 53693.198858 19.198 0.024 53693.200525 19.127 0.058 -10.082023 1.251574
53702.195379 19.98 0.147 53702.197046 19.674 0.028 53702.193712 19.443 0.035 53702.194546 19.229 0.04 53702.196212 19.19 0.09 -10.082023 1.251574
53704.183018 20.116 0.057 53704.184684 19.653 0.014 53704.181351 19.447 0.017 53704.182184 19.162 0.021 53704.183851 19.251 0.065 -10.082023 1.251574
53974.275679 20.006 0.044 53974.277346 19.699 0.018 53974.274012 19.519 0.017 53974.274846 19.199 0.021 53974.276512 19.234 0.056 -10.082023 1.251574
53989.279123 20.234 0.096 53989.280789 19.689 0.029 53989.277456 19.508 0.027 53989.278289 19.174 0.026 53989.279956 19.371 0.072 -10.082023 1.251574
53997.374716 20.265 0.065 53997.376383 19.779 0.025 53997.37305 19.479 0.019 53997.373883 -99.99 0.021 53997.37555 -99.99 0.058 -10.082023 1.251574
54000.254503 20.156 0.062 54000.25617 19.735 0.024 54000.252836 19.475 0.02 54000.25367 19.258 0.024 54000.255336 19.204 0.07 -10.082023 1.251574
54007.304633 20.227 0.061 54007.3063 19.732 0.024 54007.302966 19.527 0.02 54007.3038 19.254 0.024 54007.305466 19.325 0.07 -10.082023 1.251574
54009.228419 20.092 0.056 54009.230085 19.711 0.02 54009.226752 19.529 0.02 54009.227585 19.243 0.023 54009.229252 19.224 0.075 -10.082023 1.251574
54011.292917 20.18 0.072 54011.294584 19.717 0.024 54011.29125 19.501 0.024 54011.292084 19.2 0.026 54011.29375 -99.99 0.054 -10.082023 1.251574
54019.243137 20.2 0.076 54019.244804 19.804 0.024 54019.24147 19.527 0.028 54019.242304 19.214 0.024 54019.24397 -99.99 0.13 -10.082023 1.251574
54025.291933 20.137 0.077 54025.293599 19.755 0.018 54025.290266 19.515 0.022 54025.291099 19.218 0.029 54025.292766 19.154 0.073 -10.082023 1.251574
54029.222295 20.251 0.064 54029.223961 19.781 0.024 54029.220628 19.492 0.021 54029.221461 19.212 0.024 54029.223128 19.275 0.078 -10.082023 1.251574
54348.28964 20.429 0.08 54348.291306 19.895 0.021 54348.287973 19.6 0.021 54348.288806 19.327 0.028 54348.290473 19.485 0.083 -10.082023 1.251574
54358.245472 20.35 0.075 54358.247138 19.888 0.022 54358.243805 19.636 0.022 54358.244638 19.338 0.025 54358.246305 19.33 0.071 -10.082023 1.251574
54365.278555 20.362 0.085 54365.280222 19.86 0.031 54365.276888 19.573 0.023 54365.277722 19.327 0.032 54365.279388 19.286 0.074 -10.082023 1.251574
54373.352759 20.527 0.235 54373.354426 19.863 0.049 54373.351093 19.646 0.037 54373.351926 19.372 0.04 54373.353593 19.282 0.076 -10.082023 1.251574
54381.29812 -99.99 0.063 54381.299787 19.926 0.041 54381.296454 19.619 0.023 54381.297287 19.29 0.023 54381.298954 19.389 0.067 -10.082023 1.251574
54386.290463 20.444 0.068 54386.29213 19.85 0.022 54386.288796 19.605 0.023 54386.28963 19.286 0.025 54386.291296 19.389 0.058 -10.082023 1.251574
54388.294677 20.277 0.062 54388.296343 19.848 0.016 54388.29301 19.612 0.026 54388.293843 19.352 0.024 54388.29551 19.379 0.064 -10.082023 1.251574
54403.20848 20.362 0.092 54403.210146 19.837 0.028 54403.206813 19.634 0.027 54403.207646 19.325 0.027 54403.209313 19.435 0.072 -10.082023 1.251574
54405.264003 20.176 0.066 54405.265669 19.824 0.021 54405.262336 19.634 0.022 54405.263169 19.324 0.025 54405.264836 19.361 0.066 -10.082023 1.251574
54406.202333 20.284 0.064 54406.203999 19.822 0.02 54406.200666 19.607 0.023 54406.201499 19.275 0.024 54406.203166 19.41 0.071 -10.082023 1.251574
54412.205248 20.283 0.059 54412.206914 19.826 0.02 54412.203581 19.58 0.02 54412.204414 -99.99 0.024 54412.206081 -99.99 0.053 -10.082023 1.251574
