52558.286661 18.124 0.016 52558.288327 18.123 0.007 52558.284994 18.081 0.007 52558.285827 18.046 0.008 52558.287494 17.44 0.017 -12.02957 -0.226409
52586.177637 17.918 0.013 52586.179303 17.954 0.006 52586.17597 17.931 0.007 52586.176803 17.92 0.009 52586.17847 17.406 0.018 -12.02957 -0.226409
52910.25812 18.079 0.014 52910.259786 18.071 0.006 52910.256453 18.034 0.007 52910.257286 18.041 0.008 52910.258953 17.385 0.015 -12.02957 -0.226409
52963.108354 18.078 0.014 52963.11002 18.054 0.006 52963.106687 18.064 0.007 52963.10752 18.074 0.008 52963.109187 17.467 0.015 -12.02957 -0.226409
53313.178485 18.109 0.016 53313.180151 -99.99 0.007 53313.176818 18.008 0.007 53313.177651 18.019 0.009 53313.179318 17.396 0.019 -12.02957 -0.226409
53352.079421 18.009 0.014 53352.081087 18.023 0.006 53352.077754 17.987 0.007 53352.078587 18.005 0.009 53352.080254 17.446 0.018 -12.02957 -0.226409
53622.287728 17.932 0.015 53622.289394 17.939 0.007 53622.286061 17.893 0.007 53622.286894 17.883 0.009 53622.288561 17.365 0.02 -12.02957 -0.226409
53655.214736 17.993 0.021 53655.216402 17.998 0.009 53655.213069 17.919 0.01 53655.213902 17.882 0.01 53655.215569 17.355 0.021 -12.02957 -0.226409
53666.203297 18.175 0.016 53666.204963 18.152 0.007 53666.20163 18.128 0.008 53666.202463 18.163 0.009 53666.20413 17.488 0.017 -12.02957 -0.226409
53669.198936 18.178 0.015 53669.200602 18.159 0.007 53669.197269 18.096 0.007 53669.198102 18.1 0.009 53669.199769 17.485 0.017 -12.02957 -0.226409
53687.233447 -99.99 0.037 53687.235113 18.236 0.015 53687.23178 18.208 0.012 53687.232613 18.189 0.013 53687.23428 17.538 0.021 -12.02957 -0.226409
53975.263731 18.1 0.025 53975.265398 18.119 0.013 53975.262064 18.112 0.014 53975.262898 18.133 0.017 53975.264564 17.495 0.027 -12.02957 -0.226409
53993.331538 18.182 0.026 53993.333205 18.163 0.022 53993.329872 18.187 0.02 53993.330705 18.204 0.013 53993.332372 -99.99 0.032 -12.02957 -0.226409
53996.270449 18.184 0.019 53996.272115 18.184 0.016 53996.268782 18.183 0.014 53996.269615 18.218 0.021 53996.271282 17.609 0.021 -12.02957 -0.226409
54005.269319 18.192 0.017 54005.270986 18.207 0.014 54005.267652 18.2 0.015 54005.268486 18.301 0.017 54005.270152 17.649 0.018 -12.02957 -0.226409
54010.224606 18.218 0.017 54010.226273 18.227 0.013 54010.222939 18.278 0.012 54010.223773 18.32 0.019 54010.225439 17.648 0.025 -12.02957 -0.226409
54012.217412 18.257 0.024 54012.219079 18.236 0.016 54012.215745 18.291 0.017 54012.216579 18.365 0.019 54012.218245 17.667 0.022 -12.02957 -0.226409
54022.272665 18.126 0.04 54022.274331 -99.99 0.017 54022.270998 18.243 0.013 54022.271831 18.296 0.014 54022.273498 17.673 0.019 -12.02957 -0.226409
54037.198169 18.253 0.021 54037.199835 18.239 0.018 54037.196502 18.274 0.014 54037.197335 18.312 0.017 54037.199002 17.664 0.023 -12.02957 -0.226409
54040.212706 18.22 0.027 54040.214373 18.232 0.015 54040.21104 18.276 0.013 54040.211873 18.302 0.015 54040.21354 17.687 0.019 -12.02957 -0.226409
54049.239224 -99.99 0.029 54049.240891 18.189 0.017 54049.237558 18.161 0.012 54049.238391 18.136 0.014 54049.240058 17.545 0.024 -12.02957 -0.226409
54062.204361 18.145 0.021 54062.206028 18.124 0.015 54062.202695 18.075 0.015 54062.203528 18.113 0.02 54062.205195 17.53 0.026 -12.02957 -0.226409
