51467.337206 20.024 0.084 51467.338872 19.882 0.022 51467.335539 19.51 0.023 51467.336372 19.436 0.028 51467.338039 19.451 0.111 -14.980745 -0.791806
51819.313225 20.052 0.054 51819.314891 19.855 0.017 51819.311558 19.481 0.017 51819.312391 19.417 0.018 51819.314058 19.464 0.066 -14.980745 -0.791806
52558.278488 20.048 0.054 52558.280154 19.811 0.016 52558.276821 19.5 0.016 52558.277654 19.433 0.017 52558.279321 19.428 0.063 -14.980745 -0.791806
52577.165984 19.991 0.053 52577.16765 19.796 0.017 52577.164317 19.522 0.021 52577.16515 19.405 0.023 52577.166817 19.471 0.091 -14.980745 -0.791806
52586.169462 19.985 0.047 52586.171128 19.81 0.016 52586.167795 19.504 0.018 52586.168628 19.419 0.02 52586.170295 19.439 0.079 -14.980745 -0.791806
52931.180147 19.92 0.044 52931.181813 19.715 0.015 52931.17848 19.434 0.015 52931.179313 19.287 0.016 52931.18098 19.352 0.054 -14.980745 -0.791806
52935.177109 19.997 0.053 52935.178775 19.736 0.015 52935.175442 19.36 0.015 52935.176275 19.275 0.017 52935.177942 19.226 0.056 -14.980745 -0.791806
52963.100181 19.917 0.042 52963.101847 19.734 0.014 52963.098514 19.434 0.015 52963.099347 19.256 0.015 52963.101014 19.34 0.048 -14.980745 -0.791806
53313.17031 20.032 0.064 53313.171976 19.772 0.017 53313.168643 19.444 0.019 53313.169476 19.412 0.024 53313.171143 19.295 0.078 -14.980745 -0.791806
53622.279552 19.867 0.071 53622.281218 19.643 0.019 53622.277885 19.351 0.021 53622.278718 19.281 0.028 53622.280385 19.113 0.09 -14.980745 -0.791806
53636.234555 19.628 0.058 53636.236221 19.583 0.026 53636.232888 19.26 0.023 53636.233721 19.207 0.025 53636.235388 19.238 0.069 -14.980745 -0.791806
53638.270356 19.741 0.044 53638.272022 19.582 0.016 53638.268689 19.293 0.014 53638.269522 19.22 0.015 53638.271189 19.346 0.058 -14.980745 -0.791806
53655.206561 19.512 0.075 53655.208227 19.509 0.032 53655.204894 19.281 0.028 53655.205727 19.183 0.025 53655.207394 19.17 0.083 -14.980745 -0.791806
53664.231518 19.672 0.074 53664.233184 19.521 0.027 53664.229851 19.271 0.021 53664.230684 19.165 0.021 53664.232351 19.329 0.083 -14.980745 -0.791806
53666.195122 19.725 0.042 53666.196788 19.5 0.015 53666.193455 19.274 0.015 53666.194288 19.179 0.016 53666.195955 19.195 0.059 -14.980745 -0.791806
53669.19076 19.708 0.041 53669.192426 19.543 0.014 53669.189093 19.302 0.015 53669.189926 19.183 0.016 53669.191593 19.272 0.064 -14.980745 -0.791806
53671.275542 19.739 0.073 53671.277208 19.485 0.016 53671.273875 19.267 0.018 53671.274708 19.228 0.022 53671.276375 19.008 0.066 -14.980745 -0.791806
53674.174995 19.753 0.048 53674.176661 19.514 0.014 53674.173328 19.266 0.016 53674.174161 19.162 0.017 53674.175828 19.355 0.064 -14.980745 -0.791806
53676.264485 19.787 0.049 53676.266151 19.547 0.014 53676.262818 19.272 0.014 53676.263651 19.18 0.015 53676.265318 19.242 0.049 -14.980745 -0.791806
53679.236371 19.67 0.05 53679.238037 19.538 0.015 53679.234704 19.227 0.015 53679.235537 19.192 0.018 53679.237204 19.167 0.059 -14.980745 -0.791806
53681.227882 19.69 0.059 53681.229548 19.515 0.014 53681.226215 19.222 0.03 53681.227048 19.193 0.021 53681.228715 19.193 0.055 -14.980745 -0.791806
53685.186931 -99.99 0.87 53685.188597 -99.99 0.705 53685.185264 -99.99 0.244 53685.186097 -99.99 0.06 53685.187764 -99.99 0.923 -14.980745 -0.791806
53687.225274 19.623 0.119 53687.22694 19.572 0.045 53687.223607 19.247 0.028 53687.22444 19.198 0.025 53687.226107 19.189 0.065 -14.980745 -0.791806
53694.200815 -99.99 0.13 53694.202481 19.429 0.056 53694.199148 19.186 0.04 53694.199981 19.022 0.043 53694.201648 18.989 0.116 -14.980745 -0.791806
53697.184907 19.763 0.076 53697.186573 19.436 0.023 53697.18324 19.259 0.021 53697.184073 19.167 0.024 53697.18574 19.385 0.105 -14.980745 -0.791806
53700.183865 19.709 0.048 53700.185531 19.492 0.014 53700.182198 19.218 0.015 53700.183031 19.211 0.018 53700.184698 19.237 0.071 -14.980745 -0.791806
53705.170535 19.635 0.044 53705.172201 19.467 0.014 53705.168868 19.245 0.015 53705.169701 19.113 0.015 53705.171368 19.171 0.05 -14.980745 -0.791806
53975.2556 19.626 0.044 53975.257267 19.42 0.025 53975.253933 19.139 0.018 53975.254767 19.065 0.019 53975.256433 19.094 0.058 -14.980745 -0.791806
53993.323341 19.677 0.046 53993.325008 19.406 0.021 53993.321675 19.139 0.016 53993.322508 19.097 0.018 53993.324175 19.157 0.047 -14.980745 -0.791806
53996.262256 19.68 0.037 53996.263923 19.416 0.02 53996.26059 19.208 0.019 53996.261423 19.103 0.02 53996.26309 19.093 0.044 -14.980745 -0.791806
53998.230894 19.67 0.041 53998.232561 19.435 0.021 53998.229228 19.17 0.016 53998.230061 19.091 0.017 53998.231728 19.061 0.035 -14.980745 -0.791806
54005.261151 19.663 0.044 54005.262817 19.428 0.017 54005.259484 19.157 0.014 54005.260317 19.108 0.015 54005.261984 19.093 0.042 -14.980745 -0.791806
54010.216388 19.715 0.045 54010.218055 19.44 0.028 54010.214722 19.193 0.022 54010.215555 19.094 0.018 54010.217222 19.172 0.038 -14.980745 -0.791806
54012.209214 19.557 0.065 54012.210881 19.485 0.029 54012.207548 19.153 0.024 54012.208381 19.113 0.025 54012.210048 19.12 0.046 -14.980745 -0.791806
54020.215225 19.692 0.046 54020.216892 19.47 0.018 54020.213558 19.18 0.016 54020.214392 19.135 0.018 54020.216058 19.183 0.056 -14.980745 -0.791806
54022.264493 19.821 0.041 54022.266159 19.468 0.02 54022.262826 19.178 0.017 54022.263659 19.108 0.017 54022.265326 19.139 0.048 -14.980745 -0.791806
54028.205573 19.751 0.052 54028.20724 -99.99 0.022 54028.203906 19.185 0.019 54028.20474 19.118 0.02 54028.206406 19.252 0.07 -14.980745 -0.791806
54030.208753 19.67 0.036 54030.210419 19.519 0.022 54030.207086 19.154 0.018 54030.207919 19.136 0.018 54030.209586 19.162 0.041 -14.980745 -0.791806
54035.284523 19.779 0.058 54035.286189 19.476 0.021 54035.282856 19.187 0.02 54035.283689 19.125 0.021 54035.285356 19.227 0.077 -14.980745 -0.791806
54037.190028 19.732 0.052 54037.191695 19.5 0.027 54037.188361 19.23 0.019 54037.189195 19.167 0.02 54037.190861 19.322 0.071 -14.980745 -0.791806
54040.204562 19.67 0.074 54040.206229 19.446 0.031 54040.202896 19.191 0.024 54040.203729 19.13 0.026 54040.205396 19.11 0.057 -14.980745 -0.791806
54049.230942 19.713 0.095 54049.232609 19.509 0.032 54049.229275 19.186 0.02 54049.230109 19.173 0.025 54049.231775 19.172 0.086 -14.980745 -0.791806
54050.189133 19.549 0.067 54050.1908 19.445 0.026 54050.187466 19.178 0.019 54050.1883 19.101 0.036 54050.189966 19.522 0.151 -14.980745 -0.791806
54053.195271 19.615 0.041 54053.196938 19.493 0.016 54053.193605 19.194 0.023 54053.194438 19.127 0.018 54053.196105 19.331 0.059 -14.980745 -0.791806
54056.196955 19.803 0.07 54056.198622 19.503 0.049 54056.195288 19.188 0.022 54056.196122 19.198 0.042 54056.197788 19.356 0.096 -14.980745 -0.791806
54059.191258 19.802 0.056 54059.192924 19.47 0.021 54059.189591 19.245 0.019 54059.190424 19.114 0.02 54059.192091 19.203 0.071 -14.980745 -0.791806
54061.202304 19.617 0.046 54061.203971 19.531 0.023 54061.200638 19.199 0.018 54061.201471 19.112 0.023 54061.203138 19.124 0.051 -14.980745 -0.791806
54062.196119 19.691 0.048 54062.197786 19.485 0.019 54062.194453 19.249 0.059 54062.195286 19.124 0.023 54062.196953 19.354 0.102 -14.980745 -0.791806
54357.234419 19.922 0.054 54357.236086 19.631 0.018 54357.232753 19.337 0.023 54357.233586 19.291 0.029 54357.235253 19.429 0.059 -14.980745 -0.791806
54362.284245 19.826 0.043 54362.285912 19.673 0.023 54362.282578 19.331 0.02 54362.283412 19.231 0.027 54362.285078 19.385 0.06 -14.980745 -0.791806
54376.292896 19.746 0.062 54376.294563 19.699 0.022 54376.29123 19.314 0.02 54376.292063 19.251 0.023 54376.29373 19.414 0.067 -14.980745 -0.791806
54385.282231 19.845 0.052 54385.283898 19.642 0.022 54385.280565 19.303 0.02 54385.281398 19.23 0.021 54385.283065 19.163 0.05 -14.980745 -0.791806
54387.282747 19.85 0.058 54387.284414 19.621 0.021 54387.28108 19.317 0.017 54387.281914 19.183 0.022 54387.28358 19.226 0.064 -14.980745 -0.791806
54392.277465 19.877 0.052 54392.279131 19.629 0.019 54392.275798 19.283 0.024 54392.276631 19.189 0.021 54392.278298 19.235 0.055 -14.980745 -0.791806
54402.275929 19.886 0.144 54402.277596 19.617 0.034 54402.274263 19.316 0.023 54402.275096 19.274 0.028 54402.276763 19.124 0.058 -14.980745 -0.791806
