51075.271843 20.314 0.062 51075.273509 20.019 0.02 51075.270176 19.937 0.024 51075.271009 19.731 0.032 51075.272676 19.738 0.129 -10.112212 -0.540731
51464.259723 20.279 0.068 51464.261389 20.045 0.022 51464.258056 19.946 0.026 51464.258889 19.746 0.031 51464.260556 19.859 0.121 -10.112212 -0.540731
52196.27235 20.612 0.079 52196.274016 20.279 0.023 52196.270683 20.165 0.026 52196.271516 19.882 0.027 52196.273183 19.902 0.12 -10.112212 -0.540731
52197.28546 20.585 0.073 52197.287126 20.295 0.021 52197.283793 20.208 0.024 52197.284626 19.875 0.024 52197.286293 20.256 0.124 -10.112212 -0.540731
52225.135654 20.632 0.07 52225.13732 20.304 0.021 52225.133987 20.192 0.026 52225.13482 19.969 0.027 52225.136487 20.133 0.12 -10.112212 -0.540731
52231.171438 20.565 0.076 52231.173104 20.336 0.022 52231.169771 20.221 0.027 52231.170604 19.924 0.027 52231.172271 20.063 0.104 -10.112212 -0.540731
52253.157612 20.65 0.12 52253.159278 20.446 0.032 52253.155945 20.251 0.038 52253.156778 19.975 0.035 52253.158445 19.746 0.103 -10.112212 -0.540731
52557.279442 20.653 0.096 52557.281108 20.522 0.029 52557.277775 20.272 0.031 52557.278608 19.908 0.028 52557.280275 20.453 0.192 -10.112212 -0.540731
52578.175524 20.896 0.103 52578.17719 20.525 0.026 52578.173857 20.393 0.035 52578.17469 20.078 0.035 52578.176357 20.223 0.147 -10.112212 -0.540731
52908.254009 20.45 0.07 52908.255675 20.232 0.021 52908.252342 20.158 0.025 52908.253175 19.917 0.027 52908.254842 19.964 0.107 -10.112212 -0.540731
52911.267793 20.395 0.07 52911.269459 20.188 0.022 52911.266126 20.128 0.026 52911.266959 19.901 0.028 52911.268626 20.085 0.129 -10.112212 -0.540731
52930.145166 20.458 0.069 52930.146832 20.178 0.021 52930.143499 20.076 0.023 52930.144332 19.877 0.025 52930.145999 19.979 0.095 -10.112212 -0.540731
52934.185908 20.412 0.074 52934.187574 20.164 0.021 52934.184241 20.087 0.03 52934.185074 19.868 0.03 52934.186741 19.879 0.103 -10.112212 -0.540731
52936.181833 20.358 0.06 52936.183499 20.108 0.019 52936.180166 20.051 0.024 52936.180999 19.817 0.023 52936.182666 19.972 0.097 -10.112212 -0.540731
52962.107355 20.406 0.064 52962.109021 20.164 0.021 52962.105688 20.129 0.028 52962.106521 19.832 0.026 52962.108188 19.86 0.101 -10.112212 -0.540731
53270.245978 20.481 0.068 53270.247645 20.303 0.025 53270.244311 20.195 0.028 53270.245145 19.945 0.029 53270.246811 19.951 0.088 -10.112212 -0.540731
53272.29584 20.704 0.173 53272.297506 20.261 0.045 53272.294173 20.218 0.044 53272.295006 19.955 0.038 53272.296673 19.985 0.109 -10.112212 -0.540731
53286.264557 20.408 0.109 53286.266223 20.172 0.029 53286.26289 20.129 0.032 53286.263723 19.878 0.033 53286.26539 19.828 0.187 -10.112212 -0.540731
53288.223046 20.517 0.069 53288.224712 20.257 0.021 53288.221379 20.154 0.023 53288.222212 19.955 0.023 53288.223879 20.029 0.088 -10.112212 -0.540731
53294.250457 20.502 0.077 53294.252124 20.302 0.03 53294.24879 20.158 0.029 53294.249624 19.976 0.03 53294.25129 20.101 0.135 -10.112212 -0.540731
53302.218715 20.575 0.221 53302.220381 20.293 0.067 53302.217048 20.261 0.068 53302.217881 19.979 0.051 53302.219548 20.161 0.18 -10.112212 -0.540731
53312.174247 20.695 0.08 53312.175914 20.373 0.027 53312.17258 20.341 0.03 53312.173414 20.007 0.032 53312.17508 20.166 0.137 -10.112212 -0.540731
53314.175444 20.669 0.084 53314.17711 20.354 0.022 53314.173777 20.23 0.028 53314.17461 19.95 0.029 53314.176277 20.023 0.123 -10.112212 -0.540731
53623.270021 21.116 0.18 53623.271687 20.696 0.044 53623.268354 20.455 0.037 53623.269187 20.192 0.043 53623.270854 20.725 0.3 -10.112212 -0.540731
53626.256233 21.14 0.177 53626.257899 20.69 0.052 53626.254566 20.386 0.041 53626.255399 20.227 0.043 53626.257066 20.371 0.16 -10.112212 -0.540731
53628.241099 20.727 0.232 53628.242765 20.551 0.079 53628.239432 20.482 0.072 53628.240265 20.122 0.051 53628.241932 20.327 0.187 -10.112212 -0.540731
53637.242714 20.958 0.178 53637.24438 20.521 0.048 53637.241047 20.36 0.048 53637.24188 20.097 0.049 53637.243547 19.993 0.174 -10.112212 -0.540731
53644.235178 20.945 0.086 53644.236844 20.649 0.027 53644.233511 20.461 0.028 53644.234344 20.15 0.027 53644.236011 20.276 0.093 -10.112212 -0.540731
53654.269783 20.912 0.111 53654.271449 20.568 0.028 53654.268116 20.45 0.037 53654.268949 20.156 0.035 53654.270616 20.19 0.16 -10.112212 -0.540731
53656.217378 20.56 0.253 53656.219044 20.736 0.12 53656.215711 20.382 0.087 53656.216544 20.031 0.06 53656.218211 20.459 0.286 -10.112212 -0.540731
53663.230687 20.857 0.164 53663.232353 20.62 0.05 53663.22902 20.353 0.037 53663.229853 20.072 0.03 53663.23152 20.397 0.128 -10.112212 -0.540731
53668.220286 20.963 0.141 53668.221952 20.66 0.031 53668.218619 20.488 0.044 53668.219452 20.099 0.043 53668.221119 20.607 0.249 -10.112212 -0.540731
53670.225139 21.016 0.109 53670.226805 20.575 0.026 53670.223472 20.45 0.033 53670.224305 20.134 0.032 53670.225972 20.112 0.128 -10.112212 -0.540731
53673.193123 20.806 0.1 53673.194789 20.557 0.027 53673.191456 20.442 0.034 53673.192289 20.123 0.033 53673.193956 20.467 0.168 -10.112212 -0.540731
53675.190011 20.862 0.11 53675.191677 20.588 0.032 53675.188344 20.421 0.046 53675.189177 20.187 0.047 53675.190844 20.238 0.181 -10.112212 -0.540731
53677.211043 20.97 0.105 53677.212709 20.617 0.026 53677.209376 20.409 0.029 53677.210209 20.141 0.029 53677.211876 20.121 0.106 -10.112212 -0.540731
53680.197709 20.926 0.105 53680.199375 20.603 0.028 53680.196042 20.4 0.032 53680.196875 20.132 0.029 53680.198542 20.416 0.144 -10.112212 -0.540731
53693.199608 21.138 0.291 53693.201274 20.719 0.075 53693.197941 20.444 0.058 53693.198774 20.216 0.047 53693.200441 20.459 0.175 -10.112212 -0.540731
53702.19535 20.535 0.17 53702.197017 20.725 0.064 53702.193684 20.768 0.106 53702.194517 20.127 0.078 53702.196184 21.439 1.035 -10.112212 -0.540731
53704.182933 21.154 0.129 53704.184599 20.739 0.03 53704.181266 20.554 0.035 53704.182099 20.209 0.033 53704.183766 20.126 0.126 -10.112212 -0.540731
53974.275602 21.127 0.099 53974.277269 20.771 0.033 53974.273935 20.572 0.026 53974.274769 20.233 0.028 53974.276435 20.347 0.108 -10.112212 -0.540731
53989.278983 21.135 0.224 53989.28065 20.816 0.066 53989.277317 20.529 0.047 53989.27815 20.231 0.039 53989.279817 20.316 0.127 -10.112212 -0.540731
53997.37466 21.141 0.136 53997.376326 20.71 0.037 53997.372993 20.505 0.037 53997.373826 20.215 0.036 53997.375493 20.183 0.128 -10.112212 -0.540731
54000.254399 21.088 0.138 54000.256066 20.686 0.033 54000.252733 20.459 0.04 54000.253566 20.207 0.039 54000.255233 20.3 0.157 -10.112212 -0.540731
54007.304547 21.012 0.126 54007.306214 20.721 0.03 54007.302881 20.462 0.033 54007.303714 20.295 0.041 54007.305381 20.048 0.115 -10.112212 -0.540731
54009.228342 20.975 0.116 54009.230008 20.653 0.037 54009.226675 20.538 0.034 54009.227508 20.244 0.033 54009.229175 20.452 0.122 -10.112212 -0.540731
54011.292905 20.986 0.147 54011.294571 20.785 0.055 54011.291238 20.501 0.041 54011.292071 20.233 0.035 54011.293738 20.169 0.094 -10.112212 -0.540731
54019.243035 21.334 0.214 54019.244702 20.73 0.048 54019.241368 20.462 0.052 54019.242202 20.34 0.041 54019.243868 -99.99 0.346 -10.112212 -0.540731
54025.291939 20.675 0.117 54025.293605 20.787 0.037 54025.290272 20.464 0.04 54025.291105 20.128 0.043 54025.292772 20.322 0.209 -10.112212 -0.540731
54029.222178 20.883 0.113 54029.223844 20.718 0.031 54029.220511 20.546 0.033 54029.221344 20.274 0.04 54029.223011 20.161 0.145 -10.112212 -0.540731
54348.289563 20.681 0.101 54348.29123 20.43 0.029 54348.287896 20.311 0.028 54348.28873 20.107 0.042 54348.290396 20.07 0.124 -10.112212 -0.540731
54358.24539 20.61 0.095 54358.247056 20.362 0.028 54358.243723 20.329 0.033 54358.244556 19.982 0.032 54358.246223 20.276 0.146 -10.112212 -0.540731
54365.278447 20.604 0.105 54365.280113 20.381 0.039 54365.27678 20.278 0.035 54365.277613 20.07 0.041 54365.27928 20.092 0.134 -10.112212 -0.540731
54373.352654 20.773 0.288 54373.35432 20.488 0.088 54373.350987 20.423 0.063 54373.35182 19.98 0.048 54373.353487 20.042 0.141 -10.112212 -0.540731
54381.298019 20.67 0.085 54381.299686 20.411 0.029 54381.296353 20.351 0.028 54381.297186 20.078 0.03 54381.298853 20.199 0.126 -10.112212 -0.540731
54386.290348 20.465 0.072 54386.292015 20.386 0.026 54386.288682 20.308 0.029 54386.289515 20.006 0.029 54386.291182 19.964 0.089 -10.112212 -0.540731
54388.294604 20.701 0.093 54388.296271 20.392 0.027 54388.292938 20.339 0.032 54388.293771 19.986 0.029 54388.295438 20.341 0.141 -10.112212 -0.540731
54403.208385 20.549 0.109 54403.210052 20.396 0.043 54403.206718 20.331 0.039 54403.207552 19.991 0.033 54403.209218 19.973 0.096 -10.112212 -0.540731
54405.263933 20.654 0.096 54405.2656 20.412 0.033 54405.262266 20.298 0.03 54405.2631 20.036 0.031 54405.264766 20.224 0.133 -10.112212 -0.540731
54406.202213 20.657 0.083 54406.20388 20.364 0.025 54406.200547 20.293 0.029 54406.20138 20.052 0.03 54406.203047 20.107 0.107 -10.112212 -0.540731
54412.205132 20.518 0.07 54412.206799 20.376 0.025 54412.203466 20.292 0.027 54412.204299 19.997 0.031 54412.205966 20.161 0.095 -10.112212 -0.540731
