51467.338466 20.035 0.077 51467.340132 19.673 0.019 51467.336799 19.53 0.022 51467.337632 19.356 0.03 51467.339299 19.123 0.08 -14.525809 0.883735
51819.314494 20.043 0.052 51819.31616 19.623 0.015 51819.312827 19.519 0.018 51819.31366 19.322 0.021 51819.315327 19.197 0.058 -14.525809 0.883735
52558.279747 19.831 0.045 52558.281413 19.581 0.014 52558.27808 19.46 0.015 52558.278913 19.303 0.019 52558.28058 19.193 0.056 -14.525809 0.883735
52577.167244 19.906 0.046 52577.16891 19.621 0.015 52577.165577 19.521 0.019 52577.16641 19.356 0.025 52577.168077 19.282 0.092 -14.525809 0.883735
52586.170722 19.957 0.045 52586.172388 19.591 0.013 52586.169055 19.495 0.018 52586.169888 19.375 0.024 52586.171555 19.254 0.073 -14.525809 0.883735
52910.251208 20.032 0.042 52910.252874 19.669 0.014 52910.249541 19.538 0.015 52910.250374 19.415 0.019 52910.252041 19.272 0.056 -14.525809 0.883735
52931.181408 19.973 0.042 52931.183074 19.658 0.014 52931.179741 19.576 0.017 52931.180574 19.403 0.02 52931.182241 19.261 0.055 -14.525809 0.883735
52935.178371 20.009 0.048 52935.180037 19.72 0.015 52935.176704 19.582 0.019 52935.177537 19.432 0.022 52935.179204 19.32 0.067 -14.525809 0.883735
52959.121697 20.108 0.052 52959.123363 19.77 0.015 52959.12003 19.601 0.018 52959.120863 19.433 0.023 52959.12253 19.253 0.058 -14.525809 0.883735
52963.101442 20.13 0.046 52963.103108 19.706 0.014 52963.099775 19.562 0.017 52963.100608 19.53 0.022 52963.102275 -99.99 0.057 -14.525809 0.883735
53313.171571 19.999 0.058 53313.173237 19.739 0.017 53313.169904 19.586 0.022 53313.170737 19.427 0.029 53313.172404 19.232 0.082 -14.525809 0.883735
53352.072508 20.154 0.052 53352.074174 19.766 0.015 53352.070841 19.625 0.021 53352.071674 19.453 0.027 53352.073341 19.286 0.078 -14.525809 0.883735
53622.280815 20.035 0.078 53622.282481 19.65 0.018 53622.279148 19.537 0.024 53622.279981 19.379 0.033 53622.281648 19.255 0.094 -14.525809 0.883735
53634.230284 20.055 0.186 53634.23195 -99.99 0.053 53634.228617 19.581 0.043 53634.22945 19.341 0.045 53634.231117 19.306 0.125 -14.525809 0.883735
53636.235817 19.908 0.076 53636.237483 19.583 0.031 53636.23415 19.526 0.024 53636.234983 19.304 0.028 53636.23665 19.283 0.086 -14.525809 0.883735
53638.271618 19.943 0.05 53638.273284 19.596 0.015 53638.269951 19.517 0.016 53638.270784 19.364 0.021 53638.272451 19.288 0.062 -14.525809 0.883735
53655.207822 20.002 0.111 53655.209488 19.659 0.033 53655.206155 19.54 0.032 53655.206988 19.324 0.034 53655.208655 19.49 0.131 -14.525809 0.883735
53664.23278 19.891 0.096 53664.234446 19.736 0.029 53664.231113 19.559 0.044 53664.231946 19.356 0.028 53664.233613 19.213 0.073 -14.525809 0.883735
53666.196383 19.915 0.047 53666.198049 19.632 0.016 53666.194716 19.522 0.017 53666.195549 19.371 0.022 53666.197216 19.35 0.069 -14.525809 0.883735
53669.192022 20.069 0.052 53669.193688 19.617 0.014 53669.190355 19.513 0.017 53669.191188 19.338 0.022 53669.192855 19.172 0.066 -14.525809 0.883735
53671.276801 19.97 0.078 53671.278467 19.653 0.017 53671.275134 19.501 0.021 53671.275967 19.336 0.025 53671.277634 19.196 0.071 -14.525809 0.883735
53674.176258 20.004 0.054 53674.177924 19.656 0.019 53674.174591 19.504 0.018 53674.175424 19.384 0.024 53674.177091 19.293 0.078 -14.525809 0.883735
53676.265745 19.884 0.051 53676.267411 19.615 0.015 53676.264078 19.508 0.017 53676.264911 19.331 0.021 53676.266578 19.302 0.057 -14.525809 0.883735
53679.237632 19.908 0.06 53679.239298 19.624 0.015 53679.235965 19.477 0.02 53679.236798 19.371 0.025 53679.238465 19.286 0.07 -14.525809 0.883735
53681.229143 19.947 0.054 53681.230809 19.626 0.015 53681.227476 19.489 0.021 53681.228309 19.313 0.027 53681.229976 19.186 0.052 -14.525809 0.883735
53685.188192 20.093 0.167 53685.189858 19.62 0.059 53685.186525 19.534 0.065 53685.187358 19.351 0.062 53685.189025 19.051 0.105 -14.525809 0.883735
53687.226533 19.893 0.144 53687.228199 19.643 0.043 53687.224866 19.606 0.038 53687.225699 19.391 0.034 53687.227366 19.206 0.07 -14.525809 0.883735
53694.202074 -99.99 0.326 53694.20374 19.669 0.061 53694.200407 19.725 0.056 53694.20124 19.276 0.047 53694.202907 19.311 0.153 -14.525809 0.883735
53697.186168 19.93 0.1 53697.187834 19.633 0.029 53697.184501 19.459 0.029 53697.185334 19.28 0.032 53697.187001 19.417 0.115 -14.525809 0.883735
53700.185127 19.837 0.055 53700.186793 19.588 0.016 53700.18346 19.504 0.021 53700.184293 19.326 0.026 53700.18596 19.1 0.061 -14.525809 0.883735
53705.171797 19.928 0.052 53705.173463 19.63 0.015 53705.17013 19.537 0.019 53705.170963 19.326 0.021 53705.17263 19.176 0.056 -14.525809 0.883735
53975.256815 19.775 0.044 53975.258481 19.536 0.029 53975.255148 19.431 0.025 53975.255981 19.351 0.028 53975.257648 19.095 0.062 -14.525809 0.883735
53993.324739 19.82 0.049 53993.326405 19.546 0.018 53993.323072 19.441 0.021 53993.323905 19.362 0.024 53993.325572 19.286 0.058 -14.525809 0.883735
53996.263519 19.88 0.04 53996.265185 19.559 0.025 53996.261852 19.477 0.019 53996.262685 19.294 0.018 53996.264352 19.166 0.051 -14.525809 0.883735
53998.232158 19.862 0.039 53998.233825 19.548 0.016 53998.230491 19.457 0.019 53998.231325 19.375 0.022 53998.232991 19.158 0.047 -14.525809 0.883735
54005.262388 19.934 0.042 54005.264054 19.628 0.014 54005.260721 19.489 0.016 54005.261554 19.349 0.022 54005.263221 19.241 0.056 -14.525809 0.883735
54010.21766 20.015 0.051 54010.219327 19.621 0.022 54010.215993 19.524 0.018 54010.216827 19.381 0.022 54010.218493 19.255 0.053 -14.525809 0.883735
54012.210612 19.958 0.081 54012.212278 19.609 0.03 54012.208945 19.501 0.029 54012.209778 19.377 0.031 54012.211445 -99.99 0.071 -14.525809 0.883735
54020.216498 19.811 0.046 54020.218165 19.636 0.02 54020.214831 19.514 0.02 54020.215665 19.398 0.025 54020.217331 19.145 0.064 -14.525809 0.883735
54022.265732 19.911 0.043 54022.267398 -99.99 0.022 54022.264065 19.536 0.016 54022.264898 19.348 0.025 54022.266565 -99.99 0.081 -14.525809 0.883735
54028.206892 19.955 0.06 54028.208559 19.591 0.017 54028.205225 19.524 0.019 54028.206059 19.355 0.027 54028.207725 19.154 0.06 -14.525809 0.883735
54030.210012 19.922 0.041 54030.211678 19.598 0.017 54030.208345 19.494 0.015 54030.209178 19.392 0.021 54030.210845 19.199 0.048 -14.525809 0.883735
54035.285802 19.875 0.067 54035.287469 19.664 0.023 54035.284135 19.47 0.022 54035.284969 19.378 0.028 54035.286635 19.19 0.074 -14.525809 0.883735
54037.191367 19.803 0.056 54037.193033 19.569 0.023 54037.1897 19.571 0.024 54037.190533 19.379 0.031 54037.1922 19.327 0.092 -14.525809 0.883735
54040.205753 19.778 0.081 54040.207419 19.651 0.037 54040.204086 19.423 0.034 54040.204919 19.381 0.038 54040.206586 19.216 0.072 -14.525809 0.883735
54049.23229 19.973 0.111 54049.233957 19.582 0.036 54049.230623 19.511 0.032 54049.231457 19.357 0.033 54049.233123 19.137 0.084 -14.525809 0.883735
54050.19036 19.948 0.084 54050.192027 19.622 0.062 54050.188694 19.432 0.04 54050.189527 19.347 0.048 54050.191194 19.283 0.126 -14.525809 0.883735
54053.19652 19.914 0.048 54053.198187 19.648 0.025 54053.194854 19.506 0.019 54053.195687 19.375 0.023 54053.197354 19.283 0.065 -14.525809 0.883735
54056.198221 19.972 0.068 54056.199887 19.605 0.021 54056.196554 19.472 0.027 54056.197387 19.299 0.033 54056.199054 19.161 0.072 -14.525809 0.883735
54059.192527 20.028 0.072 54059.194194 19.63 0.019 54059.190861 19.494 0.022 54059.191694 19.318 0.025 54059.193361 19.18 0.066 -14.525809 0.883735
54061.203639 20.037 0.057 54061.205306 19.616 0.024 54061.201972 19.473 0.024 54061.202806 19.378 0.025 54061.204472 19.275 0.054 -14.525809 0.883735
54062.197451 19.941 0.075 54062.199118 19.6 0.023 54062.195784 19.479 0.024 54062.196618 19.361 0.031 54062.198284 19.25 0.086 -14.525809 0.883735
54357.235674 19.752 0.045 54357.23734 19.476 0.026 54357.234007 19.36 0.025 54357.23484 19.204 0.022 54357.236507 19.242 0.06 -14.525809 0.883735
54362.285489 19.758 0.037 54362.287155 19.471 0.019 54362.283822 19.387 0.016 54362.284655 19.226 0.026 54362.286322 19.004 0.049 -14.525809 0.883735
54376.294173 19.655 0.042 54376.29584 19.469 0.022 54376.292507 19.376 0.024 54376.29334 19.253 0.026 54376.295007 19.071 0.052 -14.525809 0.883735
54385.283548 19.572 0.04 54385.285215 19.477 0.019 54385.281882 19.407 0.018 54385.282715 19.246 0.022 54385.284382 19.209 0.047 -14.525809 0.883735
54387.283995 19.623 0.047 54387.285662 19.472 0.021 54387.282328 19.334 0.018 54387.283162 19.254 0.024 54387.284828 19.109 0.059 -14.525809 0.883735
54392.278723 19.664 0.043 54392.280389 -99.99 0.019 54392.277056 19.375 0.017 54392.277889 19.211 0.021 54392.279556 19.142 0.049 -14.525809 0.883735
54402.277217 19.808 0.109 54402.278884 19.487 0.029 54402.275551 19.384 0.024 54402.276384 19.231 0.025 54402.278051 19.108 0.055 -14.525809 0.883735
