51467.343434 20.426 0.103 51467.3451 20.322 0.032 51467.341767 20.217 0.041 51467.3426 19.959 0.051 51467.344267 19.9 0.164 -12.752901 0.468853
51819.319389 20.168 0.051 51819.321055 20.127 0.02 51819.317722 20.043 0.023 51819.318555 19.757 0.028 51819.320222 19.744 0.081 -12.752901 0.468853
52558.284659 20.139 0.049 52558.286325 20.097 0.02 52558.282992 20.002 0.024 52558.283825 19.757 0.025 52558.285492 19.744 0.08 -12.752901 0.468853
52577.172155 20.192 0.054 52577.173821 19.955 0.019 52577.170488 19.981 0.026 52577.171321 19.733 0.035 52577.172988 19.818 0.135 -12.752901 0.468853
52586.175633 -99.99 0.044 52586.177299 19.974 0.018 52586.173966 20.016 0.026 52586.174799 19.772 0.033 52586.176466 19.661 0.092 -12.752901 0.468853
52910.256117 20.05 0.041 52910.257783 19.955 0.016 52910.25445 19.936 0.018 52910.255283 19.761 0.024 52910.25695 19.661 0.069 -12.752901 0.468853
52931.186317 20.263 0.044 52931.187983 20.015 0.018 52931.18465 19.906 0.019 52931.185483 19.7 0.023 52931.18715 19.681 0.071 -12.752901 0.468853
52935.183282 20.057 0.047 52935.184948 19.975 0.019 52935.181615 20 0.023 52935.182448 19.747 0.028 52935.184115 19.751 0.094 -12.752901 0.468853
52959.126608 20.182 0.047 52959.128274 19.975 0.017 52959.124941 19.962 0.02 52959.125774 19.708 0.024 52959.127441 19.674 0.072 -12.752901 0.468853
52963.106352 20.136 0.047 52963.108018 19.944 0.016 52963.104685 19.932 0.019 52963.105518 19.694 0.023 52963.107185 19.663 0.065 -12.752901 0.468853
53313.176482 -99.99 0.048 53313.178148 19.906 0.018 53313.174815 19.88 0.026 53313.175648 19.631 0.035 53313.177315 19.511 0.09 -12.752901 0.468853
53352.077417 19.978 0.041 53352.079083 19.873 0.017 53352.07575 19.842 0.021 53352.076583 19.639 0.028 53352.07825 19.55 0.082 -12.752901 0.468853
53622.285724 19.83 0.05 53622.28739 19.732 0.018 53622.284057 19.697 0.024 53622.28489 19.463 0.032 53622.286557 19.491 0.094 -12.752901 0.468853
53634.235193 19.772 0.136 53634.236859 -99.99 0.048 53634.233526 19.772 0.057 53634.234359 19.566 0.05 53634.236026 19.509 0.14 -12.752901 0.468853
53636.240727 20.081 0.116 53636.242393 19.687 0.031 53636.23906 19.681 0.029 53636.239893 19.483 0.037 53636.24156 19.406 0.113 -12.752901 0.468853
53638.276527 19.728 0.04 53638.278193 19.774 0.017 53638.27486 19.725 0.018 53638.275693 19.475 0.021 53638.27736 19.533 0.063 -12.752901 0.468853
53640.240562 -99.99 0.084 53640.242228 -99.99 0.028 53640.238895 -99.99 0.04 53640.239728 -99.99 0.064 53640.241395 19.267 0.077 -12.752901 0.468853
53655.212733 19.91 0.103 53655.214399 19.737 0.035 53655.211066 19.741 0.043 53655.211899 19.425 0.039 53655.213566 19.346 0.101 -12.752901 0.468853
53664.237689 19.841 0.088 53664.239355 19.827 0.033 53664.236022 19.735 0.032 53664.236855 19.547 0.039 53664.238522 19.53 0.095 -12.752901 0.468853
53666.201293 19.87 0.041 53666.202959 19.81 0.017 53666.199626 19.714 0.02 53666.200459 19.497 0.024 53666.202126 19.496 0.066 -12.752901 0.468853
53669.196931 19.892 0.042 53669.198597 19.749 0.014 53669.195264 19.755 0.02 53669.196097 19.496 0.027 53669.197764 19.537 0.068 -12.752901 0.468853
53671.281711 19.904 0.061 53671.283377 19.785 0.018 53671.280044 19.72 0.025 53671.280877 19.468 0.026 53671.282544 19.383 0.072 -12.752901 0.468853
53674.181167 19.876 0.049 53674.182833 19.7 0.017 53674.1795 19.729 0.024 53674.180333 19.489 0.028 53674.182 19.384 0.072 -12.752901 0.468853
53676.270654 19.85 0.05 53676.27232 19.748 0.017 53676.268987 19.783 0.022 53676.26982 19.512 0.023 53676.271487 19.497 0.069 -12.752901 0.468853
53679.242541 19.765 0.047 53679.244207 19.74 0.017 53679.240874 19.744 0.021 53679.241707 19.495 0.027 53679.243374 19.756 0.106 -12.752901 0.468853
53681.234052 19.898 0.044 53681.235718 19.77 0.016 53681.232385 19.725 0.02 53681.233218 19.508 0.023 53681.234885 19.462 0.054 -12.752901 0.468853
53687.231443 19.739 0.117 53687.233109 19.742 0.048 53687.229776 19.703 0.042 53687.230609 19.55 0.038 53687.232276 19.44 0.077 -12.752901 0.468853
53694.206984 19.949 0.216 53694.20865 19.87 0.063 53694.205317 19.741 0.051 53694.20615 -99.99 0.055 53694.207817 19.442 0.139 -12.752901 0.468853
53697.191077 -99.99 0.074 53697.192743 19.789 0.037 53697.18941 19.809 0.04 53697.190243 19.515 0.046 53697.19191 19.366 0.129 -12.752901 0.468853
53700.190036 19.858 0.045 53700.191702 19.801 0.018 53700.188369 19.754 0.023 53700.189202 19.495 0.025 53700.190869 19.431 0.069 -12.752901 0.468853
53705.176706 19.839 0.043 53705.178372 19.867 0.018 53705.175039 19.743 0.02 53705.175872 19.491 0.023 53705.177539 19.436 0.061 -12.752901 0.468853
53975.261758 19.729 0.043 53975.263425 19.517 0.022 53975.260092 19.602 0.023 53975.260925 19.388 0.026 53975.262592 19.409 0.071 -12.752901 0.468853
53993.329543 19.747 0.045 53993.33121 19.614 0.022 53993.327877 19.567 0.02 53993.32871 19.378 0.022 53993.330377 19.343 0.059 -12.752901 0.468853
53996.268436 19.709 0.035 53996.270103 19.598 0.021 53996.266769 19.608 0.021 53996.267603 19.348 0.024 53996.269269 19.415 0.061 -12.752901 0.468853
53998.237066 19.926 0.047 53998.238733 19.597 0.017 53998.2354 19.624 0.018 53998.236233 19.399 0.019 53998.2379 19.378 0.047 -12.752901 0.468853
54005.267299 19.856 0.034 54005.268966 19.65 0.019 54005.265632 19.601 0.019 54005.266466 19.426 0.022 54005.268132 19.412 0.048 -12.752901 0.468853
54010.222575 19.804 0.045 54010.224242 19.636 0.022 54010.220909 19.636 0.019 54010.221742 19.463 0.023 54010.223409 19.361 0.048 -12.752901 0.468853
54012.215426 19.91 0.079 54012.217093 19.726 0.033 54012.21376 19.666 0.028 54012.214593 19.46 0.027 54012.21626 19.31 0.056 -12.752901 0.468853
54020.221484 19.845 0.054 54020.22315 19.644 0.022 54020.219817 19.629 0.023 54020.22065 19.427 0.029 54020.222317 19.272 0.066 -12.752901 0.468853
54022.27064 19.797 0.033 54022.272306 -99.99 0.02 54022.268973 -99.99 0.027 54022.269806 19.406 0.019 54022.271473 19.429 0.053 -12.752901 0.468853
54028.211753 19.799 0.043 54028.21342 19.636 0.021 54028.210086 19.657 0.025 54028.21092 19.449 0.026 54028.212586 19.359 0.07 -12.752901 0.468853
54030.214934 19.738 0.034 54030.216601 19.727 0.022 54030.213268 19.649 0.017 54030.214101 19.43 0.021 54030.215768 19.358 0.049 -12.752901 0.468853
54035.290699 19.788 0.057 54035.292365 19.712 0.035 54035.289032 19.64 0.025 54035.289865 19.461 0.033 54035.291532 19.428 0.097 -12.752901 0.468853
54037.196174 19.758 0.057 54037.19784 19.68 0.023 54037.194507 19.641 0.029 54037.19534 19.421 0.029 54037.197007 19.296 0.067 -12.752901 0.468853
54040.2107 19.829 0.074 54040.212367 19.618 0.035 54040.209033 19.595 0.035 54040.209867 19.403 0.034 54040.211533 19.335 0.068 -12.752901 0.468853
54049.237203 19.853 0.112 54049.238869 19.719 0.034 54049.235536 19.59 0.03 54049.236369 19.352 0.035 54049.238036 19.301 0.081 -12.752901 0.468853
54050.195281 19.874 0.06 54050.196948 19.696 0.022 54050.193614 19.659 0.04 54050.194448 19.431 0.041 54050.196114 19.314 0.092 -12.752901 0.468853
54053.201466 19.741 0.05 54053.203132 19.705 0.018 54053.199799 19.621 0.025 54053.200632 19.455 0.028 54053.202299 19.346 0.06 -12.752901 0.468853
54056.203209 19.719 0.057 54056.204875 19.691 0.026 54056.201542 19.666 0.033 54056.202375 19.457 0.037 54056.204042 19.574 0.108 -12.752901 0.468853
54059.197514 19.806 0.052 54059.199181 19.678 0.023 54059.195848 19.677 0.026 54059.196681 19.469 0.028 54059.198348 19.299 0.067 -12.752901 0.468853
54062.202438 19.887 0.061 54062.204105 19.744 0.021 54062.200772 19.706 0.027 54062.201605 19.454 0.041 54062.203272 19.484 0.105 -12.752901 0.468853
54357.240603 19.919 0.045 54357.24227 19.841 0.023 54357.238936 19.804 0.026 54357.23977 19.514 0.026 54357.241436 19.548 0.064 -12.752901 0.468853
54362.2905 19.893 0.039 54362.292167 19.835 0.028 54362.288834 19.793 0.021 54362.289667 19.566 0.032 54362.291334 19.44 0.066 -12.752901 0.468853
54376.299079 -99.99 0.055 54376.300746 19.782 0.022 54376.297413 19.758 0.024 54376.298246 19.503 0.025 54376.299913 19.388 0.059 -12.752901 0.468853
54385.28841 19.854 0.044 54385.290077 -99.99 0.056 54385.286743 19.739 0.023 54385.287577 19.526 0.026 54385.289243 19.496 0.055 -12.752901 0.468853
54387.288948 19.865 0.048 54387.290615 19.771 0.023 54387.287282 19.731 0.021 54387.288115 19.492 0.025 54387.289782 19.489 0.069 -12.752901 0.468853
54392.283662 19.916 0.043 54392.285328 19.769 0.024 54392.281995 19.734 0.022 54392.282828 19.5 0.025 54392.284495 19.578 0.068 -12.752901 0.468853
54402.282159 19.978 0.117 54402.283826 19.828 0.045 54402.280493 19.766 0.032 54402.281326 19.469 0.031 54402.282993 19.454 0.076 -12.752901 0.468853
