51075.269707 20.094 0.046 51075.271373 20.014 0.022 51075.26804 19.981 0.025 51075.268873 19.746 0.034 51075.27054 19.625 0.119 -10.882959 -1.023515
51464.257583 20.389 0.066 51464.259249 20.186 0.027 51464.255916 20.187 0.034 51464.256749 19.926 0.038 51464.258416 19.77 0.112 -10.882959 -1.023515
52196.270235 20.02 0.044 52196.271901 19.85 0.017 52196.268568 19.838 0.02 52196.269401 19.668 0.027 52196.271068 19.544 0.087 -10.882959 -1.023515
52197.283328 20.004 0.042 52197.284994 19.867 0.017 52197.281661 19.842 0.018 52197.282494 19.598 0.022 52197.284161 19.596 0.076 -10.882959 -1.023515
52225.133518 20.191 0.042 52225.135184 19.987 0.018 52225.131851 19.938 0.021 52225.132684 19.727 0.026 52225.134351 19.573 0.077 -10.882959 -1.023515
52231.169304 20.11 0.044 52231.17097 20.005 0.019 52231.167637 19.955 0.021 52231.16847 19.764 0.025 52231.170137 19.578 0.072 -10.882959 -1.023515
52253.155477 20.208 0.073 52253.157143 20.112 0.028 52253.15381 19.975 0.031 52253.154643 19.746 0.031 52253.15631 19.759 0.113 -10.882959 -1.023515
52557.277307 20.246 0.058 52557.278973 20.098 0.024 52557.27564 20.133 0.027 52557.276473 19.848 0.03 52557.27814 19.746 0.095 -10.882959 -1.023515
52578.173389 20.339 0.059 52578.175055 20.191 0.023 52578.171722 20.098 0.027 52578.172555 19.835 0.033 52578.174222 19.903 0.125 -10.882959 -1.023515
52908.251873 20.501 0.066 52908.253539 20.308 0.025 52908.250206 20.343 0.03 52908.251039 20.011 0.032 52908.252706 19.906 0.103 -10.882959 -1.023515
52911.265658 20.308 0.064 52911.267324 20.291 0.026 52911.263991 20.254 0.03 52911.264824 19.911 0.038 52911.266491 19.724 0.099 -10.882959 -1.023515
52930.14303 20.331 0.058 52930.144696 20.316 0.025 52930.141363 20.26 0.027 52930.142196 19.997 0.032 52930.143863 19.847 0.092 -10.882959 -1.023515
52934.183772 20.311 0.068 52934.185438 20.252 0.026 52934.182105 20.205 0.033 52934.182938 19.932 0.042 52934.184605 19.781 0.123 -10.882959 -1.023515
52936.179698 20.537 0.064 52936.181364 20.377 0.024 52936.178031 20.249 0.029 52936.178864 19.94 0.031 52936.180531 19.907 0.101 -10.882959 -1.023515
52962.105219 20.537 0.064 52962.106885 20.386 0.026 52962.103552 20.257 0.031 52962.104385 19.958 0.037 52962.106052 20.008 0.117 -10.882959 -1.023515
53270.243752 20.325 0.06 53270.245418 20.187 0.036 53270.242085 20.259 0.035 53270.242918 19.927 0.031 53270.244585 19.767 0.082 -10.882959 -1.023515
53272.293705 20.185 0.097 53272.295371 20.143 0.051 53272.292038 20.23 0.043 53272.292871 19.944 0.037 53272.294538 20.184 0.161 -10.882959 -1.023515
53286.262422 20.388 0.083 53286.264088 20.182 0.03 53286.260755 20.158 0.033 53286.261588 19.876 0.036 53286.263255 19.981 0.13 -10.882959 -1.023515
53288.220911 20.322 0.054 53288.222577 20.186 0.02 53288.219244 20.176 0.023 53288.220077 19.969 0.027 53288.221744 19.911 0.084 -10.882959 -1.023515
53294.248227 20.249 0.053 53294.249893 20.155 0.026 53294.24656 20.235 0.032 53294.247393 19.947 0.034 53294.24906 19.669 0.089 -10.882959 -1.023515
53302.216581 20.23 0.136 53302.218247 20.184 0.065 53302.214914 20.264 0.073 53302.215747 19.881 0.056 53302.217414 19.671 0.125 -10.882959 -1.023515
53312.172114 20.161 0.045 53312.17378 20.103 0.022 53312.170447 20.113 0.027 53312.17128 19.832 0.03 53312.172947 19.873 0.107 -10.882959 -1.023515
53314.173308 20.186 0.048 53314.174974 20.109 0.021 53314.171641 20.104 0.025 53314.172474 19.899 0.033 53314.174141 19.731 0.097 -10.882959 -1.023515
53616.277674 20.281 0.069 53616.27934 20.121 0.027 53616.276007 20.105 0.031 53616.27684 -99.99 0.043 53616.278507 19.814 0.121 -10.882959 -1.023515
53623.267886 20.309 0.068 53623.269552 20.205 0.031 53623.266219 20.151 0.027 53623.267052 19.877 0.032 53623.268719 19.991 0.137 -10.882959 -1.023515
53626.254099 20.326 0.076 53626.255765 20.211 0.037 53626.252432 20.153 0.035 53626.253265 19.956 0.037 53626.254932 19.761 0.096 -10.882959 -1.023515
53628.238964 20.228 0.134 53628.24063 20.043 0.051 53628.237297 20.152 0.053 53628.23813 19.898 0.048 53628.239797 19.577 0.105 -10.882959 -1.023515
53637.240579 20.285 0.096 53637.242245 20.19 0.039 53637.238912 20.166 0.041 53637.239745 19.934 0.048 53637.241412 19.711 0.132 -10.882959 -1.023515
53644.233054 20.298 0.045 53644.23472 20.22 0.025 53644.231387 20.138 0.02 53644.23222 19.92 0.026 53644.233887 19.724 0.069 -10.882959 -1.023515
53654.267648 20.284 0.068 53654.269314 20.144 0.021 53654.265981 20.084 0.027 53654.266814 19.877 0.037 53654.268481 -99.99 0.138 -10.882959 -1.023515
53656.215242 19.968 0.128 53656.216908 20.263 0.082 53656.213575 20.161 0.059 53656.214408 19.851 0.061 53656.216075 19.719 0.151 -10.882959 -1.023515
53663.228552 20.16 0.081 53663.230218 20.25 0.038 53663.226885 20.203 0.032 53663.227718 19.884 0.029 53663.229385 19.829 0.081 -10.882959 -1.023515
53668.218151 20.309 0.074 53668.219817 20.206 0.027 53668.216484 20.217 0.038 53668.217317 19.947 0.043 53668.218984 19.772 0.128 -10.882959 -1.023515
53670.223004 20.258 0.055 53670.22467 20.201 0.022 53670.221337 20.128 0.025 53670.22217 19.894 0.031 53670.223837 19.906 0.107 -10.882959 -1.023515
53673.190988 20.405 0.064 53673.192654 20.155 0.022 53673.189321 20.119 0.025 53673.190154 19.942 0.032 53673.191821 19.759 0.091 -10.882959 -1.023515
53675.187876 20.288 0.062 53675.189542 20.145 0.026 53675.186209 20.124 0.03 53675.187042 19.85 0.036 53675.188709 19.892 0.161 -10.882959 -1.023515
53677.208907 20.307 0.051 53677.210573 20.236 0.022 53677.20724 20.162 0.023 53677.208073 19.915 0.028 53677.20974 19.82 0.08 -10.882959 -1.023515
53680.195574 20.346 0.06 53680.19724 20.248 0.024 53680.193907 20.165 0.027 53680.19474 19.923 0.034 53680.196407 19.837 0.089 -10.882959 -1.023515
53693.197473 20.115 0.124 53693.199139 -99.99 0.048 53693.195806 20.179 0.042 53693.196639 19.854 0.036 53693.198306 19.925 0.122 -10.882959 -1.023515
53704.180798 20.223 0.056 53704.182464 20.195 0.023 53704.179131 20.133 0.026 53704.179964 19.859 0.032 53704.181631 19.764 0.1 -10.882959 -1.023515
53974.273481 20.358 0.049 53974.275147 20.204 0.028 53974.271814 20.117 0.023 53974.272647 19.85 0.028 53974.274314 19.838 0.074 -10.882959 -1.023515
53989.276857 20.493 0.109 53989.278524 20.29 0.047 53989.275191 20.206 0.039 53989.276024 19.96 0.036 53989.277691 19.903 0.092 -10.882959 -1.023515
53997.372765 20.423 0.063 53997.374432 20.26 0.033 53997.371098 20.254 0.028 53997.371932 19.954 0.031 53997.373598 -99.99 0.084 -10.882959 -1.023515
54000.252259 20.275 0.064 54000.253926 20.203 0.028 54000.250593 20.224 0.027 54000.251426 19.927 0.035 54000.253093 19.702 0.107 -10.882959 -1.023515
54007.302434 20.308 0.058 54007.304101 20.231 0.03 54007.300768 20.206 0.028 54007.301601 19.969 0.03 54007.303268 19.764 0.107 -10.882959 -1.023515
54009.22622 20.303 0.055 54009.227887 20.3 0.033 54009.224554 20.244 0.03 54009.225387 19.876 0.027 54009.227054 19.851 0.086 -10.882959 -1.023515
54011.290676 20.263 0.078 54011.292342 20.276 0.041 54011.289009 20.167 0.033 54011.289842 20.015 0.034 54011.291509 19.963 0.092 -10.882959 -1.023515
54019.240881 20.372 0.103 54019.242548 20.293 0.042 54019.239214 20.241 0.038 54019.240048 19.945 0.043 54019.241714 19.746 0.099 -10.882959 -1.023515
54025.289692 20.455 0.081 54025.291359 20.314 0.036 54025.288025 20.208 0.033 54025.288859 19.957 0.038 54025.290525 19.821 0.125 -10.882959 -1.023515
54029.220057 -99.99 0.062 54029.221724 20.291 0.03 54029.218391 20.235 0.026 54029.219224 19.919 0.029 54029.220891 19.861 0.111 -10.882959 -1.023515
54348.28745 20.244 0.059 54348.289117 20.126 0.035 54348.285783 20.141 0.031 54348.286617 19.928 0.04 54348.288283 19.708 0.098 -10.882959 -1.023515
54358.243249 20.33 0.064 54358.244916 20.098 0.026 54358.241582 20.12 0.03 54358.242416 19.948 0.04 54358.244082 19.749 0.112 -10.882959 -1.023515
54365.276348 20.313 0.069 54365.278015 20.195 0.034 54365.274681 20.111 0.032 54365.275515 19.925 0.036 54365.277181 19.725 0.107 -10.882959 -1.023515
54373.350513 20.135 0.157 54373.35218 20.099 0.08 54373.348846 20.089 0.054 54373.34968 19.905 0.047 54373.351346 19.675 0.115 -10.882959 -1.023515
54381.295927 20.386 0.063 54381.297593 20.226 0.03 54381.29426 20.142 0.027 54381.295093 19.856 0.036 54381.29676 19.689 0.083 -10.882959 -1.023515
54386.28823 20.386 0.059 54386.289896 20.237 0.033 54386.286563 20.094 0.023 54386.287396 19.926 0.026 54386.289063 19.907 0.086 -10.882959 -1.023515
54388.292485 20.252 0.064 54388.294151 20.23 0.027 54388.290818 20.198 0.028 54388.291651 19.932 0.032 54388.293318 19.867 0.1 -10.882959 -1.023515
54403.206341 20.388 0.091 54403.208007 20.219 0.038 54403.204674 20.167 0.034 54403.205507 19.937 0.034 54403.207174 19.796 0.099 -10.882959 -1.023515
54405.261793 20.417 0.072 54405.26346 20.22 0.034 54405.260127 20.191 0.029 54405.26096 19.956 0.032 54405.262627 19.939 0.103 -10.882959 -1.023515
54406.200093 20.417 0.053 54406.20176 20.206 0.038 54406.198426 20.151 0.028 54406.19926 19.951 0.033 54406.200926 19.641 0.08 -10.882959 -1.023515
54412.203074 20.344 0.057 54412.20474 20.196 0.029 54412.201407 20.238 0.025 54412.20224 19.918 0.028 54412.203907 19.786 0.09 -10.882959 -1.023515
