51075.351871 20.084 0.046 51075.353537 20.019 0.019 51075.350204 21.291 0.069 51075.351037 19.526 0.028 51075.352704 19.36 0.085 18.776373 0.749746
52196.371098 20.247 0.056 52196.372764 20.094 0.02 52196.369431 19.986 0.025 52196.370264 19.613 0.028 52196.371931 19.504 0.077 18.776373 0.749746
52197.365466 20.156 0.053 52197.367132 -99.99 0.021 52197.363799 20.058 0.026 52197.364632 19.625 0.027 52197.366299 19.616 0.077 18.776373 0.749746
52207.337835 -99.99 0.049 52207.339501 20.11 0.019 52207.336168 19.954 0.022 52207.337001 19.544 0.024 52207.338668 19.551 0.071 18.776373 0.749746
52225.21567 20.257 0.048 52225.217336 20.117 0.019 52225.214003 19.982 0.02 52225.214836 19.685 0.024 52225.216503 19.497 0.063 18.776373 0.749746
52231.251452 20.185 0.048 52231.253118 20.121 0.019 52231.249785 20.02 0.021 52231.250618 19.574 0.023 52231.252285 19.45 0.061 18.776373 0.749746
52234.222541 20.215 0.054 52234.224207 20.109 0.019 52234.220874 19.989 0.022 52234.221707 19.65 0.025 52234.223374 19.463 0.062 18.776373 0.749746
52557.359453 20.193 0.057 52557.361119 20.084 0.02 52557.357786 19.993 0.024 52557.358619 19.646 0.031 52557.360286 19.39 0.078 18.776373 0.749746
52578.255539 20.266 0.046 52578.257205 20.086 0.017 52578.253872 20.009 0.021 52578.254705 19.689 0.025 52578.256372 19.533 0.067 18.776373 0.749746
52908.334018 20.195 0.047 52908.335684 20.237 0.021 52908.332351 20.123 0.024 52908.333184 19.755 0.026 52908.334851 19.661 0.076 18.776373 0.749746
52934.265922 20.282 0.056 52934.267588 -99.99 0.02 52934.264255 20.135 0.028 52934.265088 19.722 0.031 52934.266755 19.6 0.095 18.776373 0.749746
52936.261847 20.29 0.051 52936.263513 20.181 0.02 52936.26018 20.098 0.024 52936.261013 19.732 0.027 52936.26268 19.758 0.086 18.776373 0.749746
53270.325927 20.227 0.045 53270.327594 20.118 0.02 53270.324261 20.041 0.021 53270.325094 19.69 0.025 53270.326761 19.56 0.057 18.776373 0.749746
53272.375849 20.217 0.045 53272.377515 20.097 0.018 53272.374182 20.019 0.021 53272.375015 19.672 0.024 53272.376682 19.528 0.06 18.776373 0.749746
53286.344569 20.229 0.056 53286.346235 20.159 0.022 53286.342902 20.102 0.026 53286.343735 19.668 0.025 53286.345402 19.64 0.064 18.776373 0.749746
53288.303061 20.199 0.056 53288.304727 20.17 0.022 53288.301394 20.106 0.027 53288.302227 19.744 0.028 53288.303894 19.593 0.076 18.776373 0.749746
53294.350735 20.216 0.052 53294.352401 20.221 0.022 53294.349068 20.09 0.026 53294.349901 19.717 0.029 53294.351568 19.58 0.078 18.776373 0.749746
53296.297861 20.403 0.083 53296.299528 20.155 0.031 53296.296194 20.105 0.039 53296.297028 19.778 0.046 53296.298694 19.578 0.101 18.776373 0.749746
53298.347512 20.393 0.073 53298.349178 20.228 0.025 53298.345845 20.088 0.037 53298.346678 19.677 0.037 53298.348345 19.412 0.085 18.776373 0.749746
53302.298728 20.276 0.111 53302.300394 -99.99 0.046 53302.297061 20.131 0.038 53302.297894 19.723 0.032 53302.299561 19.619 0.088 18.776373 0.749746
53312.254269 20.269 0.074 53312.255935 20.23 0.047 53312.252602 20.067 0.031 53312.253435 19.735 0.036 53312.255102 19.689 0.101 18.776373 0.749746
53314.255458 20.312 0.057 53314.257124 20.196 0.022 53314.253791 20.108 0.028 53314.254624 19.761 0.031 53314.256291 19.884 0.108 18.776373 0.749746
53319.243254 20.348 0.065 53319.24492 20.204 0.024 53319.241587 20.105 0.032 53319.24242 19.762 0.041 53319.244087 19.553 0.083 18.776373 0.749746
53616.359817 20.461 0.113 53616.361483 20.368 0.03 53616.35815 20.197 0.034 53616.358983 19.857 0.042 53616.36065 19.731 0.116 18.776373 0.749746
53626.336243 20.384 0.055 53626.337909 20.352 0.023 53626.334576 20.247 0.026 53626.335409 19.802 0.028 53626.337076 19.744 0.073 18.776373 0.749746
53628.321108 20.391 0.119 53628.322774 -99.99 0.063 53628.319441 20.116 0.037 53628.320274 19.796 0.035 53628.321941 19.771 0.097 18.776373 0.749746
53637.322725 20.592 0.124 53637.324391 20.374 0.042 53637.321058 20.155 0.037 53637.321891 19.799 0.037 53637.323558 19.911 0.125 18.776373 0.749746
53639.368102 20.274 0.057 53639.369768 20.356 0.025 53639.366435 20.181 0.025 53639.367268 19.831 0.027 53639.368935 19.796 0.067 18.776373 0.749746
53641.367268 20.335 0.054 53641.368934 20.298 0.022 53641.365601 20.211 0.023 53641.366434 19.83 0.026 53641.368101 19.773 0.068 18.776373 0.749746
53654.349794 20.358 0.059 53654.35146 20.354 0.023 53654.348127 20.213 0.027 53654.34896 19.793 0.031 53654.350627 19.549 0.078 18.776373 0.749746
53663.310699 20.446 0.113 53663.312365 20.328 0.046 53663.309032 20.188 0.037 53663.309865 19.818 0.032 53663.311532 19.695 0.073 18.776373 0.749746
53665.28867 -99.99 0.167 53665.290336 20.234 0.095 53665.287003 20.054 0.171 53665.287836 19.474 0.227 53665.289503 20.024 0.312 18.776373 0.749746
53666.380794 20.469 0.111 53666.38246 20.313 0.036 53666.379127 20.169 0.031 53666.37996 19.811 0.03 53666.381627 19.798 0.083 18.776373 0.749746
53668.3003 20.295 0.069 53668.301966 20.361 0.03 53668.298633 20.206 0.031 53668.299466 19.872 0.034 53668.301133 19.573 0.085 18.776373 0.749746
53670.305151 20.447 0.069 53670.306817 20.354 0.025 53670.303484 20.235 0.031 53670.304317 19.883 0.034 53670.305984 19.844 0.098 18.776373 0.749746
53673.273138 -99.99 0.065 53673.274804 20.207 0.025 53673.271471 20.969 0.059 53673.272304 19.656 0.034 53673.273971 19.573 0.088 18.776373 0.749746
53675.270026 20.388 0.056 53675.271692 20.302 0.023 53675.268359 20.213 0.031 53675.269192 19.819 0.033 53675.270859 19.848 0.105 18.776373 0.749746
53677.291056 20.316 0.051 53677.292722 20.337 0.021 53677.289389 20.206 0.023 53677.290222 19.857 0.025 53677.291889 19.781 0.064 18.776373 0.749746
53680.277722 20.338 0.058 53680.279388 20.343 0.023 53680.276055 20.2 0.026 53680.276888 19.825 0.027 53680.278555 19.723 0.072 18.776373 0.749746
53686.277156 20.572 0.199 53686.278822 20.433 0.077 53686.275489 20.179 0.068 53686.276322 19.955 0.065 53686.277989 19.681 0.106 18.776373 0.749746
53693.279617 20.69 0.163 53693.281283 20.404 0.052 53693.27795 20.219 0.038 53693.278783 19.841 0.035 53693.28045 19.77 0.083 18.776373 0.749746
53698.277007 20.531 0.072 53698.278673 20.435 0.026 53698.27534 20.29 0.029 53698.276173 19.882 0.031 53698.27784 19.742 0.085 18.776373 0.749746
53704.262939 20.479 0.084 53704.264605 20.429 0.027 53704.261272 20.196 0.031 53704.262105 19.883 0.038 53704.263772 19.756 0.103 18.776373 0.749746
53989.359054 20.402 0.125 53989.36072 20.613 0.071 53989.357387 20.311 0.052 53989.35822 19.953 0.043 53989.359887 19.85 0.091 18.776373 0.749746
53995.373629 20.613 0.055 53995.375295 20.535 0.026 53995.371962 20.378 0.029 53995.372795 19.961 0.027 53995.374462 19.875 0.077 18.776373 0.749746
54000.334413 20.624 0.078 54000.336079 20.547 0.04 54000.332746 20.441 0.037 54000.333579 19.943 0.042 54000.335246 19.98 0.12 18.776373 0.749746
54006.281252 -99.99 0.065 54006.282918 -99.99 0.025 54006.279585 -99.99 0.025 54006.280418 20.012 0.028 54006.282085 -99.99 0.082 18.776373 0.749746
54007.384561 20.695 0.092 54007.386227 20.556 0.032 54007.382894 20.473 0.043 54007.383727 19.948 0.048 54007.385394 20.07 0.126 18.776373 0.749746
54009.308341 20.591 0.061 54009.310007 20.569 0.03 54009.306674 20.432 0.031 54009.307507 19.941 0.034 54009.309174 19.912 0.089 18.776373 0.749746
54011.37285 20.648 0.057 54011.374517 20.607 0.025 54011.371183 20.458 0.027 54011.372017 19.924 0.031 54011.373683 19.865 0.062 18.776373 0.749746
54025.371859 20.619 0.114 54025.373526 20.602 0.042 54025.370192 20.397 0.055 54025.371026 20.058 0.064 54025.372692 20.163 0.168 18.776373 0.749746
54029.302219 20.496 0.061 54029.303886 20.548 0.035 54029.300553 20.41 0.046 54029.301386 20.034 0.038 54029.303053 20.115 0.135 18.776373 0.749746
54348.369577 20.671 0.1 54348.371244 20.699 0.045 54348.367911 20.485 0.041 54348.368744 -99.99 0.064 54348.370411 20.158 0.133 18.776373 0.749746
54358.325415 20.768 0.096 54358.327081 20.664 0.043 54358.323748 20.547 0.04 54358.324581 20.179 0.052 54358.326248 20.028 0.136 18.776373 0.749746
54359.319456 20.618 0.174 54359.321123 -99.99 0.06 54359.31779 20.474 0.077 54359.318623 20.154 0.096 54359.32029 19.893 0.239 18.776373 0.749746
54365.358467 20.766 0.063 54365.360134 20.658 0.022 54365.356801 20.55 0.029 54365.357634 20.058 0.033 54365.359301 20.084 0.09 18.776373 0.749746
54381.378029 -99.99 0.076 54381.379696 20.657 0.038 54381.376362 20.5 0.04 54381.377196 20.074 0.042 54381.378862 19.92 0.086 18.776373 0.749746
54384.3847 20.653 0.067 54384.386366 20.655 0.033 54384.383033 20.52 0.032 54384.383866 20.163 0.036 54384.385533 19.934 0.081 18.776373 0.749746
54386.370453 20.584 0.1 54386.372119 -99.99 0.046 54386.368786 -99.99 0.109 54386.369619 -99.99 0.083 54386.371286 20.043 0.15 18.776373 0.749746
54388.374602 20.662 0.067 54388.376268 20.723 0.029 54388.372935 20.485 0.033 54388.373768 20.084 0.032 54388.375435 19.894 0.073 18.776373 0.749746
54392.372176 20.728 0.086 54392.373843 20.715 0.037 54392.37051 20.515 0.046 54392.371343 20.191 0.047 54392.37301 19.923 0.103 18.776373 0.749746
54403.288464 20.706 0.134 54403.29013 20.648 0.061 54403.286797 20.535 0.053 54403.28763 20.03 0.041 54403.289297 20.279 0.156 18.776373 0.749746
54404.345942 20.41 0.131 54404.347609 20.676 0.049 54404.344275 20.487 0.082 54404.345109 20.059 0.061 54404.346775 20.01 0.117 18.776373 0.749746
54405.343941 20.689 0.126 54405.345608 20.694 0.042 54405.342274 -99.99 0.054 54405.343108 20.079 0.064 54405.344774 19.698 0.088 18.776373 0.749746
54406.282256 20.671 0.057 54406.283923 20.631 0.028 54406.28059 20.76 0.06 54406.281423 20.091 0.03 54406.28309 20.014 0.071 18.776373 0.749746
54412.285152 20.704 0.084 54412.286819 20.654 0.031 54412.283485 20.517 0.049 54412.284319 20.093 0.047 54412.285985 19.929 0.092 18.776373 0.749746
54412.308002 20.729 0.09 54412.309669 -99.99 0.042 54412.306336 20.604 0.036 54412.307169 20.092 0.041 54412.308836 20.007 0.124 18.776373 0.749746
