51081.329826 21.387 0.167 51081.331492 20.421 0.03 51081.328159 20.159 0.03 51081.328992 20.492 0.06 51081.330659 20.277 0.162 16.698454 0.474043
51819.400957 22.65 0.391 51819.402623 20.803 0.035 51819.39929 20.482 0.034 51819.400123 20.847 0.072 51819.40179 20.993 0.239 16.698454 0.474043
52558.366225 21.631 0.186 52558.367891 20.53 0.027 52558.364558 20.315 0.032 52558.365391 20.661 0.062 52558.367058 20.554 0.184 16.698454 0.474043
52577.253728 21.575 0.15 52577.255394 20.595 0.028 52577.252061 20.384 0.031 52577.252894 20.672 0.059 52577.254561 20.638 0.19 16.698454 0.474043
52586.257206 21.902 0.179 52586.258872 20.63 0.027 52586.255539 20.418 0.035 52586.256372 20.758 0.084 52586.258039 20.89 0.29 16.698454 0.474043
52910.337687 22.142 0.196 52910.339353 20.709 0.027 52910.33602 20.505 0.028 52910.336853 20.849 0.056 52910.33852 20.669 0.155 16.698454 0.474043
52931.26789 21.717 0.157 52931.269556 20.669 0.028 52931.266223 20.449 0.029 52931.267056 20.817 0.06 52931.268723 20.72 0.199 16.698454 0.474043
52935.264854 21.863 0.195 52935.26652 20.78 0.033 52935.263187 20.482 0.036 52935.26402 20.868 0.077 52935.265687 20.396 0.175 16.698454 0.474043
52963.187927 21.872 0.135 52963.189593 20.663 0.025 52963.18626 20.445 0.028 52963.187093 20.806 0.052 52963.18876 20.577 0.131 16.698454 0.474043
53352.158993 21.638 0.143 53352.160659 20.657 0.029 53352.157326 20.395 0.032 53352.158159 20.767 0.072 53352.159826 20.924 0.225 16.698454 0.474043
53622.367291 21.361 0.141 53622.368957 20.542 0.031 53622.365624 20.352 0.035 53622.366457 20.485 0.066 53622.368124 20.348 0.198 16.698454 0.474043
53634.316761 22.522 1.141 53634.318427 20.599 0.098 53634.315094 20.388 0.059 53634.315927 20.649 0.084 53634.317594 20.425 0.199 16.698454 0.474043
53638.358096 21.986 0.27 53638.359762 20.61 0.033 53638.356429 20.338 0.03 53638.357262 20.703 0.058 53638.358929 20.373 0.13 16.698454 0.474043
53640.322132 21.892 0.257 53640.323798 20.575 0.032 53640.320465 20.368 0.031 53640.321298 20.474 0.053 53640.322965 20.224 0.139 16.698454 0.474043
53655.294304 21.695 0.229 53655.29597 20.554 0.04 53655.292637 20.282 0.038 53655.29347 20.532 0.069 53655.295137 20.347 0.186 16.698454 0.474043
53664.31926 21.571 0.394 53664.320926 20.463 0.074 53664.317593 20.377 0.049 53664.318426 20.699 0.086 53664.320093 20.909 0.339 16.698454 0.474043
53669.278503 21.719 0.18 53669.280169 20.581 0.029 53669.276836 20.379 0.03 53669.277669 20.646 0.061 53669.279336 20.51 0.167 16.698454 0.474043
53671.363267 21.51 0.223 53671.364933 -99.99 0.034 53671.3616 20.318 0.036 53671.362433 20.564 0.059 53671.3641 20.431 0.184 16.698454 0.474043
53674.26274 21.573 0.194 53674.264406 20.577 0.029 53674.261073 20.342 0.034 53674.261906 20.598 0.065 53674.263573 20.881 0.246 16.698454 0.474043
53676.35221 21.94 0.238 53676.353876 20.581 0.029 53676.350543 20.336 0.031 53676.351376 20.631 0.055 53676.353043 20.565 0.137 16.698454 0.474043
53679.324104 22.22 0.372 53679.32577 20.556 0.038 53679.322437 20.355 0.042 53679.32327 20.57 0.079 53679.324937 20.839 0.296 16.698454 0.474043
53681.315618 21.665 0.272 53681.317284 20.561 0.033 53681.313951 20.316 0.053 53681.314784 20.583 0.085 53681.316451 20.486 0.216 16.698454 0.474043
53685.274672 21.552 0.393 53685.276338 20.384 0.071 53685.273005 20.268 0.058 53685.273838 20.498 0.085 53685.275505 20.425 0.191 16.698454 0.474043
53694.288548 -99.99 1.228 53694.290214 20.386 0.105 53694.286881 20.291 0.084 53694.287714 20.391 0.131 53694.289381 20.37 0.305 16.698454 0.474043
53697.272643 21.641 0.229 53697.274309 20.575 0.041 53697.270976 20.308 0.036 53697.271809 20.587 0.063 53697.273476 20.644 0.186 16.698454 0.474043
53700.271601 21.829 0.265 53700.273267 20.519 0.032 53700.269934 20.335 0.039 53700.270767 20.833 0.102 53700.272434 20.664 0.228 16.698454 0.474043
53705.258271 21.497 0.154 53705.259937 20.518 0.028 53705.256604 20.403 0.031 53705.257437 20.624 0.053 53705.259104 20.474 0.132 16.698454 0.474043
53975.343265 21.992 0.186 53975.344931 20.634 0.031 53975.341598 20.494 0.032 53975.342431 20.767 0.058 53975.344098 20.687 0.184 16.698454 0.474043
53990.356089 21.446 0.247 53990.357756 20.649 0.055 53990.354423 20.341 0.042 53990.355256 20.723 0.07 53990.356923 20.516 0.17 16.698454 0.474043
53994.366256 21.718 0.131 53994.367923 20.621 0.027 53994.36459 20.392 0.026 53994.365423 20.766 0.052 53994.36709 20.51 0.132 16.698454 0.474043
53996.350019 21.721 0.171 53996.351686 20.613 0.028 53996.348352 20.379 0.038 53996.349186 20.701 0.065 53996.350852 20.512 0.172 16.698454 0.474043
54010.304134 22.128 0.189 54010.305801 20.634 0.032 54010.302467 20.401 0.031 54010.303301 20.792 0.052 54010.304967 20.738 0.132 16.698454 0.474043
54012.296977 21.621 0.277 54012.298644 20.592 0.055 54012.29531 20.394 0.041 54012.296144 20.774 0.066 54012.29781 20.574 0.17 16.698454 0.474043
54020.302974 22.27 0.444 54020.30464 20.722 0.048 54020.301307 20.453 0.044 54020.30214 20.744 0.074 54020.303807 20.257 0.156 16.698454 0.474043
54024.384539 21.932 0.306 54024.386206 20.652 0.037 54024.382873 20.408 0.039 54024.383706 20.948 0.099 54024.385373 21.258 0.391 16.698454 0.474043
54028.372846 21.725 0.281 54028.374512 20.575 0.036 54028.371179 20.371 0.046 54028.372012 20.662 0.074 54028.373679 21.047 0.38 16.698454 0.474043
54030.29654 21.516 0.11 54030.298207 20.639 0.025 54030.294874 20.414 0.028 54030.295707 20.725 0.048 54030.297374 20.557 0.129 16.698454 0.474043
54035.372273 21.8 0.253 54035.373939 20.691 0.039 54035.370606 20.465 0.042 54035.371439 20.94 0.099 54035.373106 20.339 0.168 16.698454 0.474043
54037.277743 22.084 0.162 54037.27941 20.628 0.028 54037.276077 20.422 0.027 54037.27691 20.711 0.043 54037.278577 20.65 0.123 16.698454 0.474043
54040.292221 21.914 0.375 54040.293888 20.727 0.064 54040.290554 20.47 0.057 54040.291388 21.039 0.119 54040.293054 20.704 0.209 16.698454 0.474043
54049.318676 22.42 0.774 54049.320342 20.679 0.069 54049.317009 20.608 0.062 54049.317842 20.8 0.098 54049.319509 20.481 0.195 16.698454 0.474043
54053.283007 21.631 0.133 54053.284673 20.646 0.033 54053.28134 20.474 0.03 54053.282173 20.751 0.059 54053.28384 20.862 0.194 16.698454 0.474043
54056.28469 22.024 0.353 54056.286356 20.644 0.05 54056.283023 20.447 0.052 54056.283856 20.71 0.084 54056.285523 20.604 0.297 16.698454 0.474043
54059.278974 21.689 0.225 54059.28064 -99.99 0.032 54059.277307 20.409 0.042 54059.27814 20.829 0.093 54059.279807 20.502 0.195 16.698454 0.474043
54061.290076 22.114 0.427 54061.291743 20.561 0.042 54061.288409 20.481 0.052 54061.289243 20.755 0.096 54061.290909 20.841 0.309 16.698454 0.474043
54062.283893 22.062 0.255 54062.28556 20.664 0.033 54062.282227 20.408 0.032 54062.28306 20.642 0.061 54062.284727 20.609 0.206 16.698454 0.474043
54068.264435 21.675 0.392 54068.266102 20.695 0.073 54068.262768 20.486 0.06 54068.263602 20.653 0.089 54068.265268 20.699 0.241 16.698454 0.474043
54357.322194 21.873 0.146 54357.32386 20.51 0.028 54357.320527 20.36 0.027 54357.32136 20.636 0.047 54357.323027 20.511 0.112 16.698454 0.474043
54359.353893 21.583 0.2 54359.355559 20.561 0.037 54359.352226 20.346 0.037 54359.353059 20.663 0.085 54359.354726 20.317 0.161 16.698454 0.474043
54362.371994 21.819 0.16 54362.37366 20.519 0.028 54362.370327 20.376 0.03 54362.37116 20.662 0.05 54362.372827 20.408 0.129 16.698454 0.474043
54376.367097 -99.99 0.287 54376.368764 20.587 0.034 54376.365431 20.336 0.032 54376.366264 20.935 0.094 54376.367931 20.484 0.144 16.698454 0.474043
54382.352191 21.616 0.233 54382.353858 20.502 0.046 54382.350524 20.343 0.047 54382.351358 20.597 0.093 54382.353024 -99.99 0.229 16.698454 0.474043
54385.370014 21.6 0.122 54385.371681 20.571 0.032 54385.368348 20.427 0.027 54385.369181 20.726 0.046 54385.370848 20.589 0.112 16.698454 0.474043
54387.370497 21.587 0.191 54387.372164 20.554 0.032 54387.368831 20.408 0.04 54387.369664 20.683 0.078 54387.371331 20.457 0.16 16.698454 0.474043
54390.36287 -99.99 0.445 54390.364537 -99.99 99.999 54390.361204 -99.99 0.09 54390.362037 -99.99 1.349 54390.363704 -99.99 99.999 16.698454 0.474043
54391.371302 22.001 0.46 54391.372969 20.662 0.046 54391.369635 20.393 0.062 54391.370469 20.699 0.123 54391.372135 20.625 0.354 16.698454 0.474043
54402.363638 21.063 0.384 54402.365305 20.846 0.107 54402.361972 20.345 0.061 54402.362805 20.732 0.099 54402.364472 20.824 0.289 16.698454 0.474043
