51075.30342 20.536 0.065 51075.305086 19.882 0.019 51075.301753 19.978 0.026 51075.302586 19.611 0.028 51075.304253 19.61 0.127 1.286889 0.435628
51819.358294 20.711 0.085 51819.35996 20.267 0.025 51819.356627 20.063 0.026 51819.35746 19.937 0.034 51819.359127 20.125 0.124 1.286889 0.435628
52577.211043 20.498 0.058 52577.212709 20.068 0.019 52577.209376 19.964 0.024 52577.210209 19.684 0.028 52577.211876 19.8 0.095 1.286889 0.435628
52586.214521 -99.99 0.064 52586.216187 19.913 0.018 52586.212854 19.86 0.023 52586.213687 19.65 0.032 52586.215354 19.741 0.112 1.286889 0.435628
52910.295003 20.507 0.055 52910.296669 19.839 0.016 52910.293336 19.907 0.019 52910.294169 19.736 0.025 52910.295836 19.485 0.063 1.286889 0.435628
52935.222168 20.647 0.069 52935.223834 19.996 0.018 52935.220501 19.865 0.021 52935.221334 19.746 0.028 52935.223001 19.58 0.072 1.286889 0.435628
52959.165497 20.691 0.059 52959.167163 20.026 0.017 52959.16383 19.936 0.019 52959.164663 19.92 0.026 52959.16633 19.85 0.072 1.286889 0.435628
52963.14524 20.576 0.053 52963.146906 19.993 0.017 52963.143573 19.906 0.019 52963.144406 19.834 0.024 52963.146073 19.46 0.053 1.286889 0.435628
53352.116306 20.727 0.067 53352.117972 20.253 0.021 53352.114639 19.931 0.022 53352.115472 19.974 0.034 53352.117139 19.886 0.097 1.286889 0.435628
53638.315413 20.759 0.091 53638.317079 20.063 0.022 53638.313746 20.232 0.028 53638.314579 19.842 0.028 53638.316246 19.563 0.067 1.286889 0.435628
53666.24018 20.678 0.084 53666.241846 20.09 0.024 53666.238513 20.035 0.025 53666.239346 19.659 0.028 53666.241013 19.691 0.078 1.286889 0.435628
53669.235818 20.666 0.063 53669.237484 20.055 0.018 53669.234151 20.037 0.022 53669.234984 19.933 0.029 53669.236651 19.635 0.074 1.286889 0.435628
53674.220053 20.689 0.087 53674.221719 20.05 0.02 53674.218386 20.212 0.033 53674.219219 19.876 0.036 53674.220886 20.017 0.108 1.286889 0.435628
53676.309533 20.69 0.087 53676.311199 20.076 0.02 53676.307866 20.088 0.029 53676.308699 19.781 0.029 53676.310366 19.687 0.067 1.286889 0.435628
53681.272936 20.597 0.081 53681.274602 20.005 0.021 53681.271269 20.077 0.029 53681.272102 19.684 0.028 53681.273769 19.777 0.084 1.286889 0.435628
53697.22996 20.777 0.105 53697.231626 20.1 0.024 53697.228293 20.009 0.031 53697.229126 19.808 0.035 53697.230793 19.628 0.082 1.286889 0.435628
53705.215589 20.762 0.088 53705.217255 19.898 0.019 53705.213922 20.25 0.034 53705.214755 19.959 0.037 53705.216422 19.828 0.08 1.286889 0.435628
53975.30059 20.766 0.121 53975.302256 20.328 0.153 53975.298923 20.53 0.428 53975.299756 20.21 0.545 53975.301423 19.557 0.338 1.286889 0.435628
53993.368418 20.484 0.083 53993.370085 -99.99 0.176 53993.366752 19.881 0.196 53993.367585 19.986 0.204 53993.369252 32.054 99.999 1.286889 0.435628
53994.323577 20.306 0.057 53994.325243 20.014 0.071 53994.32191 19.947 0.189 53994.322743 19.658 0.224 53994.32441 19.751 0.147 1.286889 0.435628
53998.275976 20.557 0.128 53998.277643 19.788 0.049 53998.274309 -99.99 0.201 53998.275143 -99.99 0.159 53998.276809 19.871 0.322 1.286889 0.435628
54005.306202 20.389 0.049 54005.307868 19.942 0.045 54005.304535 19.929 0.094 54005.305368 19.858 0.119 54005.307035 19.614 0.132 1.286889 0.435628
54010.261463 20.407 0.069 54010.26313 19.857 0.078 54010.259797 19.806 0.154 54010.26063 19.791 0.124 54010.262297 19.628 0.131 1.286889 0.435628
54020.26025 20.814 0.154 54020.261917 20.225 0.123 54020.258584 20.417 0.308 54020.259417 19.641 0.227 54020.261084 19.713 0.304 1.286889 0.435628
54028.250645 20.65 0.083 54028.252312 19.978 0.103 54028.248979 20.107 0.197 54028.249812 19.717 0.296 54028.251479 19.866 0.213 1.286889 0.435628
54030.253807 -99.99 0.061 54030.255474 19.945 0.044 54030.25214 20.124 0.111 54030.252974 19.708 0.246 54030.25464 19.843 0.129 1.286889 0.435628
54037.235055 -99.99 0.12 54037.236721 20.036 0.101 54037.233388 19.927 0.176 54037.234221 19.821 0.161 54037.235888 19.756 0.174 1.286889 0.435628
54053.240325 -99.99 0.074 54053.241992 19.899 0.084 54053.238659 20.079 0.248 54053.239492 19.894 0.315 54053.241159 19.467 0.293 1.286889 0.435628
54068.221771 20.311 0.129 54068.223437 19.915 0.107 54068.220104 19.776 0.213 54068.220937 19.39 0.225 54068.222604 19.248 0.298 1.286889 0.435628
54357.279489 21.095 0.111 54357.281156 20.059 0.108 54357.277823 20.474 0.19 54357.278656 19.811 0.287 54357.280323 19.653 0.261 1.286889 0.435628
54385.327297 -99.99 0.103 54385.328963 20.084 0.095 54385.32563 -99.99 0.26 54385.326463 20.148 0.414 54385.32813 19.872 0.16 1.286889 0.435628
