51075.343916 21.168 0.103 51075.345582 20.162 0.02 51075.342249 20.007 0.023 51075.343082 19.955 0.033 51075.344749 20.139 0.198 15.906122 0.435619
51081.327674 21.184 0.12 51081.32934 20.198 0.026 51081.326007 20.024 0.029 51081.32684 19.958 0.037 51081.328507 -99.99 0.101 15.906122 0.435619
51819.398759 22.386 0.353 51819.400425 20.764 0.035 51819.397092 20.551 0.039 51819.397925 20.454 0.055 51819.399592 20.325 0.15 15.906122 0.435619
52558.36403 21.488 0.178 52558.365696 -99.99 0.029 52558.362363 20.305 0.035 52558.363196 20.363 0.055 52558.364863 20.035 0.113 15.906122 0.435619
52577.251534 21.755 0.149 52577.2532 20.52 0.026 52577.249867 20.329 0.03 52577.2507 20.253 0.04 52577.252367 20.313 0.126 15.906122 0.435619
52586.255012 21.699 0.147 52586.256678 20.523 0.026 52586.253345 20.371 0.03 52586.254178 20.267 0.047 52586.255845 20.456 0.225 15.906122 0.435619
52910.335492 21.377 0.109 52910.337158 20.37 0.022 52910.333825 20.189 0.023 52910.334658 20.133 0.031 52910.336325 19.937 0.082 15.906122 0.435619
52931.265696 21.481 0.14 52931.267362 20.39 0.023 52931.264029 20.113 0.023 52931.264862 20.126 0.034 52931.266529 20.142 0.108 15.906122 0.435619
52935.26266 21.58 0.146 52935.264326 20.348 0.024 52935.260993 20.133 0.027 52935.261826 20.052 0.038 52935.263493 19.954 0.121 15.906122 0.435619
52959.205989 21.538 0.131 52959.207655 20.38 0.026 52959.204322 20.137 0.021 52959.205155 20.093 0.03 52959.206822 19.902 0.091 15.906122 0.435619
52963.185733 21.411 0.098 52963.187399 20.371 0.02 52963.184066 20.141 0.021 52963.184899 20.045 0.029 52963.186566 20.12 0.093 15.906122 0.435619
53352.156798 21.494 0.147 53352.158464 20.42 0.024 53352.155131 20.23 0.029 53352.155964 20.111 0.042 53352.157631 19.961 0.11 15.906122 0.435619
53622.365097 21.317 0.167 53622.366763 20.374 0.026 53622.36343 20.19 0.032 53622.364263 -99.99 0.044 53622.36593 20.092 0.137 15.906122 0.435619
53634.314567 -99.99 0.38 53634.316233 20.383 0.072 53634.3129 20.15 0.048 53634.313733 20.066 0.054 53634.3154 20.046 0.122 15.906122 0.435619
53638.355902 21.432 0.165 53638.357568 20.422 0.029 53638.354235 20.168 0.028 53638.355068 20.095 0.035 53638.356735 19.828 0.085 15.906122 0.435619
53640.319938 21.318 0.16 53640.321604 20.363 0.027 53640.318271 20.165 0.026 53640.319104 20.092 0.038 53640.320771 19.875 0.096 15.906122 0.435619
53655.292109 21.481 0.198 53655.293775 20.278 0.03 53655.290442 20.11 0.032 53655.291275 20.076 0.047 53655.292942 20.031 0.143 15.906122 0.435619
53664.317065 21.512 0.338 53664.318731 20.326 0.05 53664.315398 20.157 0.047 53664.316231 20.041 0.05 53664.317898 19.989 0.124 15.906122 0.435619
53669.276309 21.322 0.113 53669.277975 20.318 0.022 53669.274642 20.121 0.022 53669.275475 20.039 0.032 53669.277142 19.881 0.096 15.906122 0.435619
53671.361073 20.971 0.135 53671.362739 20.301 0.026 53671.359406 20.103 0.03 53671.360239 20.113 0.041 53671.361906 19.96 0.107 15.906122 0.435619
53674.260545 21.371 0.163 53674.262211 20.356 0.025 53674.258878 20.073 0.028 53674.259711 20.139 0.042 53674.261378 19.881 0.104 15.906122 0.435619
53676.350016 21.398 0.149 53676.351682 20.247 0.023 53676.348349 20.105 0.026 53676.349182 20.051 0.033 53676.350849 20.071 0.103 15.906122 0.435619
53679.32191 21.487 0.188 53679.323576 20.333 0.026 53679.320243 20.083 0.032 53679.321076 20.077 0.047 53679.322743 20.179 0.166 15.906122 0.435619
53681.313424 21.039 0.169 53681.31509 20.334 0.033 53681.311757 20.093 0.038 53681.31259 20.05 0.05 53681.314257 20.157 0.194 15.906122 0.435619
53685.272477 21.165 0.3 53685.274143 20.177 0.059 53685.27081 20.007 0.05 53685.271643 19.936 0.053 53685.27331 20.065 0.138 15.906122 0.435619
53694.286354 20.682 0.337 53694.28802 20.296 0.107 53694.284687 19.99 0.071 53694.28552 -99.99 0.081 53694.287187 -99.99 0.228 15.906122 0.435619
53697.270448 21.322 0.168 53697.272114 20.309 0.03 53697.268781 20.08 0.028 53697.269614 20.008 0.037 53697.271281 20.017 0.103 15.906122 0.435619
53700.269406 21.575 0.238 53700.271072 20.363 0.03 53700.267739 20.128 0.035 53700.268572 19.996 0.047 53700.270239 19.881 0.137 15.906122 0.435619
53705.256077 21.451 0.156 53705.257743 20.302 0.024 53705.25441 20.14 0.026 53705.255243 20.06 0.034 53705.25691 19.844 0.078 15.906122 0.435619
53975.341096 21.53 0.137 53975.342763 20.328 0.028 53975.33943 20.119 0.032 53975.340263 20.132 0.045 53975.34193 20.008 0.11 15.906122 0.435619
53990.353941 21.806 0.347 53990.355607 20.314 0.042 53990.352274 20.18 0.035 53990.353107 20.076 0.042 53990.354774 19.977 0.104 15.906122 0.435619
53994.364089 -99.99 0.09 53994.365756 20.309 0.023 53994.362422 20.149 0.026 53994.363256 20.09 0.031 53994.364922 19.943 0.078 15.906122 0.435619
53996.347828 -99.99 0.156 53996.349494 20.342 0.03 53996.346161 20.194 0.029 53996.346994 20.144 0.043 53996.348661 19.852 0.099 15.906122 0.435619
54010.301946 21.308 0.104 54010.303613 20.299 0.032 54010.30028 20.157 0.024 54010.301113 20.082 0.031 54010.30278 19.97 0.072 15.906122 0.435619
54012.294832 -99.99 0.172 54012.296499 -99.99 0.042 54012.293165 20.146 0.034 54012.293999 20.194 0.043 54012.295665 20.047 0.1 15.906122 0.435619
54020.300834 21.388 0.213 54020.302501 20.34 0.035 54020.299167 20.146 0.041 54020.300001 20.148 0.042 54020.301667 20.086 0.132 15.906122 0.435619
54024.382355 21.177 0.142 54024.384022 20.321 0.031 54024.380689 20.109 0.03 54024.381522 20.168 0.046 54024.383189 19.871 0.109 15.906122 0.435619
54028.370693 21.312 0.186 54028.372359 -99.99 0.042 54028.369026 20.139 0.041 54028.369859 20.061 0.063 54028.371526 20.072 0.137 15.906122 0.435619
54030.294305 21.465 0.112 54030.295972 20.356 0.021 54030.292638 20.114 0.026 54030.293472 20.113 0.034 54030.295138 19.919 0.075 15.906122 0.435619
54035.370084 21.021 0.134 54035.37175 20.376 0.038 54035.368417 20.123 0.036 54035.36925 20.081 0.046 54035.370917 19.943 0.124 15.906122 0.435619
54037.275547 21.29 0.09 54037.277214 20.38 0.019 54037.27388 20.156 0.026 54037.274714 20.102 0.03 54037.27638 20.113 0.076 15.906122 0.435619
54040.290054 20.951 0.174 54040.29172 -99.99 0.05 54040.288387 20.107 0.042 54040.28922 20.194 0.055 54040.290887 19.754 0.092 15.906122 0.435619
54047.320598 22.139 1.552 54047.322265 20.364 0.11 54047.318931 20.262 0.101 54047.319765 20.171 0.099 54047.321431 20.434 0.308 15.906122 0.435619
54049.316474 20.939 0.227 54049.318141 20.339 0.05 54049.314808 20.218 0.046 54049.315641 20.044 0.052 54049.317308 20.187 0.152 15.906122 0.435619
54053.280813 21.557 0.128 54053.28248 20.353 0.023 54053.279147 20.197 0.028 54053.27998 20.067 0.039 54053.281647 20.013 0.089 15.906122 0.435619
54056.282488 -99.99 0.18 54056.284155 20.32 0.032 54056.280822 20.18 0.038 54056.281655 20.154 0.056 54056.283322 19.936 0.142 15.906122 0.435619
54059.276792 21.624 0.235 54059.278459 20.392 0.032 54059.275126 20.135 0.042 54059.275959 20.072 0.047 54059.277626 19.861 0.114 15.906122 0.435619
54061.287848 21.579 0.287 54061.289515 20.396 0.034 54061.286182 20.151 0.037 54061.287015 20.122 0.056 54061.288682 -99.99 0.142 15.906122 0.435619
54062.281695 -99.99 0.123 54062.283362 20.277 0.021 54062.280029 20.192 0.027 54062.280862 20.086 0.042 54062.282529 19.927 0.109 15.906122 0.435619
54068.262235 21.44 0.336 54068.263901 20.306 0.056 54068.260568 20.127 0.052 54068.261401 20.152 0.056 54068.263068 20.187 0.146 15.906122 0.435619
54357.319972 21.517 0.115 54357.321639 20.426 0.024 54357.318306 20.265 0.027 54357.319139 20.136 0.036 54357.320806 20.093 0.084 15.906122 0.435619
54359.351689 21.262 0.143 54359.353356 20.366 0.027 54359.350023 20.11 0.034 54359.350856 20.199 0.055 54359.352523 20.048 0.136 15.906122 0.435619
54362.369776 21.452 0.122 54362.371443 20.354 0.034 54362.36811 20.233 0.028 54362.368943 20.095 0.034 54362.37061 20.156 0.099 15.906122 0.435619
54376.36486 21.653 0.181 54376.366527 -99.99 0.029 54376.363194 20.187 0.03 54376.364027 20.163 0.044 54376.365694 20.407 0.16 15.906122 0.435619
54382.349988 22.468 0.568 54382.351655 20.432 0.037 54382.348321 20.155 0.037 54382.349155 20.204 0.064 54382.350821 20.6 0.287 15.906122 0.435619
54385.367827 -99.99 0.126 54385.369494 20.397 0.028 54385.36616 20.222 0.025 54385.366994 20.14 0.03 54385.36866 20.149 0.083 15.906122 0.435619
54387.368306 21.396 0.155 54387.369973 -99.99 0.043 54387.36664 20.196 0.032 54387.367473 20.12 0.042 54387.36914 20.018 0.122 15.906122 0.435619
54390.360704 21.321 0.162 54390.362371 -99.99 0.154 54390.359038 -99.99 0.038 54390.359871 -99.99 0.539 54390.361538 -99.99 99.999 15.906122 0.435619
54391.369103 21.664 0.378 54391.370769 20.387 0.041 54391.367436 20.192 0.057 54391.368269 20.178 0.086 54391.369936 19.954 0.193 15.906122 0.435619
54402.361482 99.994 99.999 54402.363149 20.355 0.074 54402.359815 20.147 0.053 54402.360649 20.099 0.059 54402.362315 20.13 0.157 15.906122 0.435619
