51075.353695 20.152 0.049 51075.355361 20.151 0.02 51075.352028 19.638 0.018 51075.352861 19.726 0.027 51075.354528 20.015 0.138 19.436214 -0.509232
52196.372906 19.645 0.042 52196.374572 19.562 0.014 52196.371239 19.323 0.015 52196.372072 19.367 0.019 52196.373739 -99.99 0.084 19.436214 -0.509232
52197.367299 19.619 0.042 52197.368965 19.571 0.014 52197.365632 19.293 0.014 52197.366465 19.344 0.019 52197.368132 19.456 0.072 19.436214 -0.509232
52207.339653 19.565 0.037 52207.341319 19.578 0.015 52207.337986 19.264 0.014 52207.338819 19.362 0.017 52207.340486 19.403 0.065 19.436214 -0.509232
52225.217497 19.629 0.037 52225.219163 19.592 0.013 52225.21583 19.371 0.014 52225.216663 19.409 0.017 52225.21833 19.479 0.061 19.436214 -0.509232
52231.253279 19.679 0.039 52231.254945 19.597 0.013 52231.251612 19.343 0.014 52231.252445 19.3 0.016 52231.254112 19.485 0.063 19.436214 -0.509232
52234.224368 19.606 0.039 52234.226034 -99.99 0.015 52234.222701 19.327 0.015 52234.223534 19.349 0.017 52234.225201 19.437 0.066 19.436214 -0.509232
52557.36128 19.787 0.047 52557.362946 19.746 0.016 52557.359613 19.39 0.017 52557.360446 19.393 0.021 52557.362113 19.678 0.098 19.436214 -0.509232
52578.257367 19.798 0.038 52578.259033 19.8 0.014 52578.2557 19.463 0.015 52578.256533 19.469 0.018 52578.2582 19.516 0.07 19.436214 -0.509232
52908.335845 20.12 0.056 52908.337511 20.024 0.018 52908.334178 19.572 0.016 52908.335011 19.589 0.02 52908.336678 19.772 0.088 19.436214 -0.509232
52934.267748 19.999 0.053 52934.269414 19.972 0.018 52934.266081 19.533 0.019 52934.266914 19.565 0.025 52934.268581 19.622 0.094 19.436214 -0.509232
52936.263674 20.132 0.051 52936.26534 -99.99 0.019 52936.262007 19.595 0.02 52936.26284 19.629 0.024 52936.264507 19.809 0.083 19.436214 -0.509232
53270.327759 19.594 0.033 53270.329426 19.565 0.021 53270.326093 19.283 0.015 53270.326926 19.261 0.017 53270.328593 19.395 0.047 19.436214 -0.509232
53272.377677 19.669 0.038 53272.379343 19.537 0.013 53272.37601 19.264 0.012 53272.376843 19.259 0.014 53272.37851 19.38 0.053 19.436214 -0.509232
53286.346395 19.661 0.044 53286.348061 19.537 0.015 53286.344728 19.269 0.014 53286.345561 19.264 0.016 53286.347228 19.342 0.052 19.436214 -0.509232
53288.304886 19.613 0.044 53288.306552 19.54 0.013 53288.303219 19.259 0.014 53288.304052 19.217 0.017 53288.305719 19.419 0.063 19.436214 -0.509232
53294.35256 19.695 0.042 53294.354226 19.518 0.014 53294.350893 19.251 0.014 53294.351726 19.298 0.018 53294.353393 -99.99 0.073 19.436214 -0.509232
53296.299608 19.629 0.047 53296.301275 -99.99 0.031 53296.297941 19.286 0.045 53296.298775 19.218 0.023 53296.300441 19.35 0.09 19.436214 -0.509232
53298.349338 19.622 0.046 53298.351004 19.546 0.015 53298.347671 19.302 0.018 53298.348504 19.235 0.02 53298.350171 19.219 0.068 19.436214 -0.509232
53302.300555 19.696 0.07 53302.302221 -99.99 0.03 53302.298888 19.26 0.023 53302.299721 19.224 0.021 53302.301388 19.38 0.082 19.436214 -0.509232
53312.256095 19.655 0.066 53312.257762 19.554 0.03 53312.254428 19.253 0.023 53312.255262 19.297 0.026 53312.256928 19.436 0.091 19.436214 -0.509232
53314.257286 19.707 0.041 53314.258952 19.558 0.014 53314.255619 19.264 0.015 53314.256452 19.296 0.018 53314.258119 19.348 0.07 19.436214 -0.509232
53319.245081 19.572 0.043 53319.246747 19.482 0.015 53319.243414 19.248 0.017 53319.244247 19.206 0.02 53319.245914 19.376 0.075 19.436214 -0.509232
53616.361643 19.809 0.067 53616.363309 -99.99 0.017 53616.359976 -99.99 0.021 53616.360809 -99.99 0.024 53616.362476 -99.99 0.076 19.436214 -0.509232
53626.338069 19.973 0.049 53626.339735 19.752 0.015 53626.336402 19.35 0.014 53626.337235 19.384 0.017 53626.338902 19.294 0.05 19.436214 -0.509232
53628.322934 19.981 0.104 53628.3246 19.821 0.04 53628.321267 19.358 0.022 53628.3221 19.333 0.022 53628.323767 19.564 0.095 19.436214 -0.509232
53637.324552 19.995 0.084 53637.326218 19.755 0.027 53637.322885 19.336 0.02 53637.323718 19.348 0.023 53637.325385 19.31 0.075 19.436214 -0.509232
53639.369929 19.865 0.051 53639.371595 19.734 0.017 53639.368262 19.31 0.014 53639.369095 19.312 0.016 53639.370762 19.345 0.052 19.436214 -0.509232
53641.369095 19.947 0.047 53641.370761 19.708 0.015 53641.367428 19.334 0.013 53641.368261 19.322 0.015 53641.369928 19.442 0.053 19.436214 -0.509232
53654.351621 19.891 0.05 53654.353287 19.746 0.015 53654.349954 19.352 0.015 53654.350787 19.296 0.018 53654.352454 19.527 0.082 19.436214 -0.509232
53663.312525 19.949 0.087 53663.314191 19.738 0.027 53663.310858 19.367 0.019 53663.311691 19.349 0.018 53663.313358 19.43 0.057 19.436214 -0.509232
53666.382622 19.948 0.085 53666.384288 19.729 0.024 53666.380955 19.327 0.017 53666.381788 19.337 0.018 53666.383455 19.337 0.059 19.436214 -0.509232
53668.302127 19.83 0.058 53668.303793 19.679 0.019 53668.30046 19.282 0.017 53668.301293 19.3 0.022 53668.30296 19.432 0.079 19.436214 -0.509232
53670.306979 19.865 0.051 53670.308645 19.745 0.017 53670.305312 19.346 0.015 53670.306145 19.296 0.019 53670.307812 19.262 0.06 19.436214 -0.509232
53673.274964 -99.99 0.05 53673.27663 19.691 0.014 53673.273297 19.305 0.014 53673.27413 19.302 0.018 53673.275797 19.352 0.056 19.436214 -0.509232
53675.271852 19.881 0.05 53675.273518 19.676 0.015 53675.270185 19.341 0.015 53675.271018 19.337 0.021 53675.272685 19.493 0.081 19.436214 -0.509232
53677.292883 19.904 0.046 53677.294549 19.716 0.014 53677.291216 19.348 0.014 53677.292049 19.314 0.015 53677.293716 19.492 0.053 19.436214 -0.509232
53680.279549 19.898 0.048 53680.281215 19.668 0.015 53680.277882 19.313 0.015 53680.278715 19.271 0.016 53680.280382 19.358 0.057 19.436214 -0.509232
53686.278983 19.606 0.09 53686.280649 -99.99 0.045 53686.277316 -99.99 0.03 53686.278149 19.256 0.027 53686.279816 19.34 0.081 19.436214 -0.509232
53693.281445 19.728 0.082 53693.283111 19.698 0.029 53693.279778 19.316 0.019 53693.280611 19.296 0.02 53693.282278 19.511 0.072 19.436214 -0.509232
53698.278834 19.729 0.05 53698.2805 19.647 0.016 53698.277167 19.298 0.015 53698.278 19.315 0.018 53698.279667 19.347 0.067 19.436214 -0.509232
53704.264766 19.777 0.053 53704.266432 19.579 0.014 53704.263099 19.286 0.016 53704.263932 19.201 0.019 53704.265599 19.426 0.072 19.436214 -0.509232
53989.360885 19.505 0.063 53989.362552 -99.99 0.026 53989.359219 19.118 0.02 53989.360052 19.14 0.019 53989.361719 19.206 0.049 19.436214 -0.509232
53995.375485 19.465 0.031 53995.377152 19.356 0.022 53995.373819 19.192 0.017 53995.374652 19.135 0.023 53995.376319 19.203 0.042 19.436214 -0.509232
54000.336339 -99.99 0.042 54000.338005 19.332 0.031 54000.334672 19.109 0.032 54000.335505 19.087 0.021 54000.337172 19.117 0.058 19.436214 -0.509232
54006.28301 19.525 0.034 54006.284677 19.411 0.02 54006.281343 19.133 0.016 54006.282177 19.12 0.017 54006.283843 19.22 0.041 19.436214 -0.509232
54007.38639 19.458 0.039 54007.388056 19.34 0.022 54007.384723 19.127 0.024 54007.385556 19.103 0.019 54007.387223 19.272 0.058 19.436214 -0.509232
54009.310214 -99.99 0.042 54009.31188 19.354 0.022 54009.308547 19.122 0.015 54009.30938 19.118 0.017 54009.311047 19.217 0.052 19.436214 -0.509232
54011.374662 19.464 0.032 54011.376328 19.382 0.034 54011.372995 19.124 0.019 54011.373828 19.075 0.017 54011.375495 19.286 0.043 19.436214 -0.509232
54025.373693 19.44 0.044 54025.37536 19.317 0.025 54025.372026 19.077 0.022 54025.37286 19.066 0.021 54025.374526 19.101 0.084 19.436214 -0.509232
54029.304005 19.447 0.035 54029.305671 19.34 0.02 54029.302338 19.098 0.021 54029.303171 19.094 0.018 54029.304838 19.155 0.055 19.436214 -0.509232
54348.371404 19.43 0.043 54348.37307 -99.99 0.03 54348.369737 19 0.017 54348.37057 19.016 0.025 54348.372237 19.116 0.052 19.436214 -0.509232
54358.32725 19.265 0.041 54358.328916 19.192 0.026 54358.325583 18.969 0.022 54358.326416 19.008 0.023 54358.328083 19.067 0.057 19.436214 -0.509232
54359.321291 19.311 0.06 54359.322958 19.182 0.034 54359.319625 18.951 0.029 54359.320458 18.987 0.035 54359.322125 19.136 0.095 19.436214 -0.509232
54365.360288 19.274 0.028 54365.361955 19.156 0.023 54365.358621 18.972 0.017 54365.359455 18.974 0.021 54365.361121 19.101 0.04 19.436214 -0.509232
54381.379932 19.318 0.035 54381.381598 19.185 0.024 54381.378265 18.984 0.018 54381.379098 18.967 0.017 54381.380765 19.059 0.039 19.436214 -0.509232
54384.386526 19.383 0.038 54384.388192 19.254 0.018 54384.384859 18.964 0.018 54384.385692 18.999 0.027 54384.387359 19.178 0.049 19.436214 -0.509232
54386.372163 19.371 0.055 54386.37383 19.204 0.02 54386.370497 19.001 0.023 54386.37133 19.016 0.027 54386.372997 19.182 0.073 19.436214 -0.509232
54388.376487 19.317 0.031 54388.378153 19.221 0.021 54388.37482 18.977 0.017 54388.375653 18.998 0.018 54388.37732 19.107 0.043 19.436214 -0.509232
54392.374082 19.376 0.04 54392.375748 19.212 0.016 54392.372415 18.995 0.016 54392.373248 18.985 0.023 54392.374915 19.134 0.058 19.436214 -0.509232
54403.29027 19.335 0.052 54403.291937 19.209 0.025 54403.288604 19.005 0.018 54403.289437 19.004 0.021 54403.291104 19.113 0.053 19.436214 -0.509232
54404.347769 19.303 0.051 54404.349436 -99.99 0.022 54404.346103 19.006 0.019 54404.346936 19.061 0.017 54404.348603 18.947 0.05 19.436214 -0.509232
54405.345783 19.363 0.045 54405.34745 19.231 0.02 54405.344117 19.027 0.02 54405.34495 19.001 0.018 54405.346617 19.041 0.046 19.436214 -0.509232
54406.284081 19.301 0.031 54406.285747 19.22 0.02 54406.282414 19.01 0.014 54406.283247 19.034 0.016 54406.284914 19.136 0.04 19.436214 -0.509232
54412.309914 19.223 0.044 54412.311581 19.251 0.021 54412.308248 18.956 0.015 54412.309081 18.974 0.019 54412.310748 19.217 0.082 19.436214 -0.509232
