51081.332998 18.633 0.019 51081.334664 18.521 0.008 51081.331331 18.318 0.008 51081.332164 18.283 0.011 51081.333831 18.191 0.027 17.85175 0.446431
51819.404147 18.604 0.02 51819.405813 18.497 0.008 51819.40248 18.281 0.008 51819.403313 18.303 0.011 51819.40498 18.15 0.026 17.85175 0.446431
52558.369419 -99.99 0.02 52558.371085 18.553 0.011 52558.367752 18.359 0.011 52558.368585 18.348 0.015 52558.370252 18.261 0.027 17.85175 0.446431
52577.256924 -99.99 0.018 52577.25859 18.516 0.008 52577.255257 18.333 0.008 52577.25609 18.329 0.01 52577.257757 18.265 0.026 17.85175 0.446431
52586.260401 18.616 0.018 52586.262067 18.53 0.009 52586.258734 18.338 0.008 52586.259567 18.303 0.011 52586.261234 18.28 0.033 17.85175 0.446431
52910.340881 18.79 0.02 52910.342547 18.71 0.008 52910.339214 18.491 0.008 52910.340047 18.473 0.011 52910.341714 18.284 0.023 17.85175 0.446431
52931.271085 -99.99 0.026 52931.272751 18.767 0.009 52931.269418 18.527 0.009 52931.270251 18.511 0.011 52931.271918 18.344 0.027 17.85175 0.446431
52935.268048 -99.99 0.022 52935.269714 18.766 0.009 52935.266381 18.514 0.009 52935.267214 18.525 0.013 52935.268881 18.408 0.031 17.85175 0.446431
52963.191121 18.703 0.018 52963.192787 18.775 0.009 52963.189454 18.535 0.009 52963.190287 18.523 0.011 52963.191954 18.433 0.023 17.85175 0.446431
53352.162188 18.998 0.024 53352.163854 18.875 0.013 53352.160521 18.607 0.013 53352.161354 18.618 0.017 53352.163021 18.487 0.032 17.85175 0.446431
53622.370485 18.775 0.022 53622.372151 18.641 0.01 53622.368818 18.437 0.01 53622.369651 -99.99 0.015 53622.371318 18.31 0.032 17.85175 0.446431
53634.319955 -99.99 0.046 53634.321621 18.636 0.017 53634.318288 18.445 0.013 53634.319121 18.445 0.016 53634.320788 18.333 0.033 17.85175 0.446431
53638.36129 -99.99 0.025 53638.362956 18.675 0.009 53638.359623 18.444 0.009 53638.360456 18.434 0.011 53638.362123 18.341 0.027 17.85175 0.446431
53640.325326 18.809 0.024 53640.326992 18.673 0.009 53640.323659 18.456 0.009 53640.324492 18.418 0.011 53640.326159 18.279 0.027 17.85175 0.446431
53655.297498 18.831 0.024 53655.299164 18.672 0.01 53655.295831 18.458 0.01 53655.296664 18.462 0.013 53655.298331 18.38 0.033 17.85175 0.446431
53664.322454 -99.99 0.052 53664.32412 18.756 0.021 53664.320787 18.463 0.014 53664.32162 18.439 0.021 53664.323287 18.275 0.059 17.85175 0.446431
53669.281697 18.855 0.022 53669.283363 18.717 0.009 53669.28003 18.474 0.009 53669.280863 18.501 0.013 53669.28253 18.408 0.032 17.85175 0.446431
53671.366461 -99.99 0.032 53671.368127 18.689 0.01 53671.364794 18.458 0.01 53671.365627 18.427 0.013 53671.367294 18.333 0.032 17.85175 0.446431
53674.265934 18.805 0.024 53674.2676 18.71 0.009 53674.264267 18.46 0.009 53674.2651 18.443 0.012 53674.266767 18.376 0.03 17.85175 0.446431
53676.355404 -99.99 0.024 53676.35707 18.691 0.009 53676.353737 18.491 0.009 53676.35457 18.46 0.011 53676.356237 18.34 0.024 17.85175 0.446431
53679.327299 18.796 0.027 53679.328965 18.694 0.009 53679.325632 18.472 0.011 53679.326465 18.466 0.016 53679.328132 18.354 0.036 17.85175 0.446431
53681.318812 18.779 0.023 53681.320478 18.717 0.009 53681.317145 18.483 0.012 53681.317978 18.478 0.012 53681.319645 18.382 0.026 17.85175 0.446431
53685.277866 18.782 0.035 53685.279532 18.678 0.015 53685.276199 18.46 0.013 53685.277032 18.443 0.015 53685.278699 18.33 0.031 17.85175 0.446431
53694.291743 -99.99 0.063 53694.293409 18.626 0.022 53694.290076 18.447 0.016 53694.290909 18.441 0.02 53694.292576 18.274 0.053 17.85175 0.446431
53697.275837 -99.99 0.029 53697.277503 18.642 0.016 53697.27417 18.457 0.013 53697.275003 18.429 0.017 53697.27667 18.292 0.036 17.85175 0.446431
53700.274795 18.763 0.026 53700.276461 18.632 0.009 53700.273128 18.435 0.009 53700.273961 18.424 0.014 53700.275628 18.353 0.036 17.85175 0.446431
53705.261465 18.737 0.023 53705.263131 18.618 0.008 53705.259798 18.42 0.009 53705.260631 18.43 0.011 53705.262298 18.3 0.025 17.85175 0.446431
53975.346513 18.79 0.022 53975.34818 18.678 0.016 53975.344847 18.494 0.015 53975.34568 18.459 0.018 53975.347347 18.35 0.027 17.85175 0.446431
53990.35932 -99.99 0.03 53990.360987 18.681 0.026 53990.357653 18.49 0.015 53990.358487 18.48 0.019 53990.360153 18.372 0.028 17.85175 0.446431
53994.369542 -99.99 0.038 53994.371209 18.698 0.021 53994.367876 18.511 0.013 53994.368709 18.478 0.014 53994.370376 18.416 0.027 17.85175 0.446431
53996.353217 18.819 0.064 53996.354884 18.703 0.023 53996.35155 18.486 0.021 53996.352384 18.48 0.026 53996.35405 18.359 0.029 17.85175 0.446431
54010.307326 18.753 0.017 54010.308992 18.691 0.021 54010.305659 18.488 0.013 54010.306492 18.457 0.016 54010.308159 18.351 0.024 17.85175 0.446431
54012.300165 18.732 0.03 54012.301832 18.681 0.023 54012.298498 18.511 0.019 54012.299332 18.429 0.02 54012.300998 18.312 0.029 17.85175 0.446431
54020.306165 18.788 0.024 54020.307831 18.658 0.022 54020.304498 18.456 0.012 54020.305331 18.446 0.018 54020.306998 18.327 0.03 17.85175 0.446431
54024.387727 18.682 0.022 54024.389394 18.662 0.022 54024.38606 18.445 0.015 54024.386894 18.456 0.017 54024.38856 18.328 0.033 17.85175 0.446431
54028.376024 -99.99 0.047 54028.377691 18.623 0.023 54028.374358 18.44 0.017 54028.375191 18.436 0.035 54028.376858 18.328 0.047 17.85175 0.446431
54030.299694 18.683 0.02 54030.301361 18.64 0.023 54030.298028 18.466 0.011 54030.298861 18.45 0.013 54030.300528 18.318 0.03 17.85175 0.446431
54035.375497 18.715 0.029 54035.377164 18.635 0.025 54035.37383 18.453 0.014 54035.374664 18.398 0.014 54035.37633 18.309 0.041 17.85175 0.446431
54037.28095 -99.99 0.027 54037.282617 18.624 0.014 54037.279284 18.436 0.012 54037.280117 18.425 0.011 54037.281784 18.32 0.022 17.85175 0.446431
54040.295534 18.703 0.027 54040.297201 18.616 0.02 54040.293867 18.439 0.015 54040.294701 18.417 0.015 54040.296367 18.342 0.03 17.85175 0.446431
54047.326171 -99.99 0.082 54047.327838 18.624 0.056 54047.324505 18.441 0.028 54047.325338 18.412 0.023 54047.327005 18.288 0.054 17.85175 0.446431
54049.321866 18.638 0.043 54049.323533 18.631 0.028 54049.320199 18.465 0.016 54049.321033 18.409 0.017 54049.322699 18.31 0.03 17.85175 0.446431
54053.28621 -99.99 0.042 54053.287876 18.667 0.018 54053.284543 18.443 0.011 54053.285376 18.427 0.016 54053.287043 18.317 0.026 17.85175 0.446431
54056.28788 18.799 0.031 54056.289546 18.669 0.031 54056.286213 -99.99 0.028 54056.287046 18.398 0.042 54056.288713 18.247 0.035 17.85175 0.446431
54059.282184 18.75 0.024 54059.283851 18.619 0.021 54059.280518 18.44 0.017 54059.281351 18.446 0.02 54059.283018 -99.99 0.038 17.85175 0.446431
54061.293313 18.766 0.026 54061.294979 18.67 0.03 54061.291646 18.437 0.02 54061.292479 18.39 0.026 54061.294146 18.4 0.038 17.85175 0.446431
54062.287103 18.766 0.022 54062.28877 18.641 0.027 54062.285436 18.444 0.02 54062.28627 18.435 0.017 54062.287936 18.356 0.032 17.85175 0.446431
54068.267626 18.753 0.044 54068.269292 18.653 0.021 54068.265959 18.463 0.014 54068.266792 18.438 0.017 54068.268459 18.295 0.037 17.85175 0.446431
54357.325388 -99.99 0.02 54357.327054 18.599 0.017 54357.323721 18.367 0.017 54357.324554 18.396 0.016 54357.326221 18.286 0.025 17.85175 0.446431
54359.357196 -99.99 0.022 54359.358862 18.577 0.028 54359.355529 18.365 0.014 54359.356362 18.365 0.015 54359.358029 18.236 0.034 17.85175 0.446431
54362.375153 -99.99 0.022 54362.376819 18.582 0.013 54362.373486 18.391 0.016 54362.374319 18.377 0.019 54362.375986 18.247 0.027 17.85175 0.446431
54376.370237 18.764 0.039 54376.371904 18.651 0.012 54376.368571 18.397 0.014 54376.369404 18.367 0.013 54376.371071 18.306 0.027 17.85175 0.446431
54382.35546 -99.99 0.019 54382.357127 18.612 0.021 54382.353793 18.394 0.02 54382.354627 18.385 0.02 54382.356293 18.286 0.042 17.85175 0.446431
54385.373205 -99.99 0.021 54385.374872 18.64 0.026 54385.371538 18.41 0.018 54385.372372 18.378 0.018 54385.374038 18.263 0.025 17.85175 0.446431
54387.373681 -99.99 0.057 54387.375348 18.629 0.016 54387.372015 18.389 0.015 54387.372848 18.343 0.012 54387.374515 18.336 0.043 17.85175 0.446431
54390.366175 18.795 0.023 54390.367842 -99.99 0.013 54390.364509 -99.99 0.756 54390.365342 -99.99 0.019 54390.367009 18.281 0.037 17.85175 0.446431
54391.374493 -99.99 0.028 54391.376159 18.658 0.017 54391.372826 18.395 0.019 54391.373659 18.425 0.028 54391.375326 18.224 0.061 17.85175 0.446431
54402.367104 -99.99 0.052 54402.36877 18.649 0.028 54402.365437 18.385 0.024 54402.36627 18.413 0.017 54402.367937 18.313 0.03 17.85175 0.446431
