51081.334037 17.605 0.011 51081.335703 17.561 0.005 51081.33237 17.507 0.005 51081.333203 17.216 0.006 51081.33487 17.235 0.017 18.228832 0.053633
51819.4052 17.476 0.011 51819.406866 17.461 0.005 51819.403533 17.426 0.006 51819.404366 17.188 0.006 51819.406033 17.239 0.016 18.228832 0.053633
52558.370463 17.751 0.012 52558.372129 17.744 0.006 52558.368796 17.643 0.006 52558.369629 17.328 0.006 52558.371296 17.408 0.016 18.228832 0.053633
52577.257968 17.633 0.011 52577.259634 17.624 0.005 52577.256301 17.545 0.006 52577.257134 17.301 0.006 52577.258801 17.334 0.016 18.228832 0.053633
52586.261447 17.62 0.012 52586.263113 17.643 0.006 52586.25978 17.587 0.006 52586.260613 17.342 0.007 52586.26228 17.332 0.023 18.228832 0.053633
52910.341925 17.525 0.011 52910.343591 17.52 0.005 52910.340258 17.479 0.006 52910.341091 17.302 0.006 52910.342758 17.259 0.015 18.228832 0.053633
52931.272129 17.436 0.01 52931.273795 17.451 0.005 52931.270462 17.422 0.006 52931.271295 17.192 0.006 52931.272962 17.239 0.014 18.228832 0.053633
52935.269093 17.437 0.011 52935.270759 17.443 0.005 52935.267426 17.413 0.006 52935.268259 17.179 0.006 52935.269926 17.24 0.017 18.228832 0.053633
52963.192165 -99.99 0.01 52963.193831 17.363 0.005 52963.190498 17.349 0.006 52963.191331 17.122 0.006 52963.192998 17.166 0.013 18.228832 0.053633
53352.163232 17.712 0.013 53352.164898 17.717 0.005 53352.161565 17.613 0.006 53352.162398 17.327 0.006 53352.164065 17.333 0.017 18.228832 0.053633
53622.371529 17.845 0.015 53622.373195 -99.99 0.006 53622.369862 17.665 0.006 53622.370695 17.362 0.006 53622.372362 -99.99 0.02 18.228832 0.053633
53634.320999 -99.99 0.022 53634.322665 17.722 0.009 53634.319332 17.643 0.008 53634.320165 17.331 0.007 53634.321832 17.377 0.021 18.228832 0.053633
53638.362335 17.784 0.014 53638.364001 17.829 0.006 53638.360668 17.702 0.006 53638.361501 17.429 0.007 53638.363168 17.454 0.017 18.228832 0.053633
53640.32637 17.83 0.014 53640.328036 17.808 0.006 53640.324703 17.675 0.006 53640.325536 17.397 0.006 53640.327203 17.416 0.019 18.228832 0.053633
53655.298542 17.949 0.015 53655.300208 17.892 0.006 53655.296875 17.772 0.007 53655.297708 17.466 0.007 53655.299375 17.461 0.021 18.228832 0.053633
53664.323499 -99.99 0.032 53664.325165 17.941 0.013 53664.321832 17.807 0.011 53664.322665 17.48 0.012 53664.324332 -99.99 0.032 18.228832 0.053633
53669.282742 17.956 0.015 53669.284408 17.893 0.006 53669.281075 17.724 0.007 53669.281908 17.399 0.006 53669.283575 17.418 0.023 18.228832 0.053633
53671.367505 17.971 0.02 53671.369171 17.928 0.007 53671.365838 17.793 0.007 53671.366671 17.475 0.007 53671.368338 17.477 0.023 18.228832 0.053633
53674.266978 17.943 0.016 53674.268644 17.9 0.006 53674.265311 17.746 0.006 53674.266144 17.438 0.006 53674.267811 17.405 0.021 18.228832 0.053633
53676.356448 18.038 0.017 53676.358114 -99.99 0.006 53676.354781 17.811 0.007 53676.355614 17.504 0.007 53676.357281 17.51 0.019 18.228832 0.053633
53679.328344 17.983 0.017 53679.33001 17.938 0.006 53679.326677 17.76 0.007 53679.32751 17.499 0.007 53679.329177 17.468 0.023 18.228832 0.053633
53681.319856 18.007 0.017 53681.321522 17.931 0.006 53681.318189 17.835 0.008 53681.319022 17.545 0.007 53681.320689 17.539 0.018 18.228832 0.053633
53685.27891 17.983 0.021 53685.280576 17.944 0.009 53685.277243 17.787 0.009 53685.278076 17.505 0.008 53685.279743 17.507 0.02 18.228832 0.053633
53694.292789 17.802 0.035 53694.294455 -99.99 0.011 53694.291122 17.727 0.009 53694.291955 -99.99 0.009 53694.293622 17.384 0.03 18.228832 0.053633
53697.276881 17.901 0.022 53697.278547 17.903 0.008 53697.275214 17.776 0.008 53697.276047 17.458 0.008 53697.277714 17.441 0.023 18.228832 0.053633
53700.275838 17.859 0.018 53700.277504 17.85 0.006 53700.274171 17.684 0.007 53700.275004 17.383 0.007 53700.276671 -99.99 0.023 18.228832 0.053633
53705.262509 17.807 0.015 53705.264175 17.794 0.006 53705.260842 17.679 0.006 53705.261675 17.393 0.006 53705.263342 17.394 0.017 18.228832 0.053633
53975.347524 17.736 0.012 53975.349191 17.756 0.014 53975.345857 17.679 0.014 53975.346691 17.461 0.014 53975.348357 17.55 0.02 18.228832 0.053633
53990.360371 17.675 0.023 53990.362038 17.704 0.015 53990.358705 17.634 0.018 53990.359538 17.412 0.014 53990.361205 17.489 0.022 18.228832 0.053633
53994.370517 -99.99 0.016 53994.372184 17.714 0.012 53994.368851 17.699 0.012 53994.369684 17.467 0.016 53994.371351 17.478 0.022 18.228832 0.053633
53996.354245 17.73 0.015 53996.355912 17.709 0.013 53996.352578 17.64 0.022 53996.353412 17.411 0.016 53996.355078 17.447 0.026 18.228832 0.053633
54010.308377 17.7 0.019 54010.310044 17.771 0.021 54010.30671 17.71 0.015 54010.307544 17.478 0.015 54010.30921 17.475 0.015 18.228832 0.053633
54012.301328 17.762 0.026 54012.302994 17.714 0.017 54012.299661 17.686 0.016 54012.300494 17.464 0.026 54012.302161 17.498 0.021 18.228832 0.053633
54020.307216 17.775 0.016 54020.308882 17.765 0.013 54020.305549 17.678 0.013 54020.306382 17.393 0.016 54020.308049 17.457 0.024 18.228832 0.053633
54024.388853 17.81 0.02 54024.39052 17.751 0.02 54024.387186 17.644 0.02 54024.38802 17.424 0.02 54024.389686 17.463 0.024 18.228832 0.053633
54028.377091 17.81 0.037 54028.378757 17.794 0.025 54028.375424 17.703 0.024 54028.376257 17.395 0.022 54028.377924 17.466 0.026 18.228832 0.053633
54030.300747 17.803 0.017 54030.302414 17.772 0.014 54030.299081 17.753 0.015 54030.299914 17.481 0.017 54030.301581 17.53 0.02 18.228832 0.053633
54035.376551 17.833 0.029 54035.378217 17.815 0.021 54035.374884 17.694 0.017 54035.375717 17.393 0.016 54035.377384 17.367 0.036 18.228832 0.053633
54037.282002 17.772 0.014 54037.283669 17.819 0.021 54037.280336 17.752 0.013 54037.281169 17.49 0.02 54037.282836 17.539 0.02 18.228832 0.053633
54040.296502 17.805 0.016 54040.298169 17.818 0.015 54040.294836 17.722 0.018 54040.295669 17.432 0.016 54040.297336 17.49 0.023 18.228832 0.053633
54049.323039 17.782 0.019 54049.324705 17.776 0.019 54049.321372 17.669 0.023 54049.322205 17.424 0.015 54049.323872 17.526 0.022 18.228832 0.053633
54053.287235 17.797 0.025 54053.288902 17.784 0.018 54053.285569 17.713 0.022 54053.286402 17.492 0.017 54053.288069 17.528 0.026 18.228832 0.053633
54056.288932 17.777 0.036 54056.290599 17.76 0.023 54056.287266 17.645 0.027 54056.288099 17.377 0.021 54056.289766 17.49 0.027 18.228832 0.053633
54059.283235 17.772 0.02 54059.284902 17.757 0.011 54059.281568 17.673 0.022 54059.282402 17.416 0.018 54059.284068 17.423 0.026 18.228832 0.053633
54061.294327 17.78 0.023 54061.295994 17.758 0.019 54061.292661 17.645 0.018 54061.293494 17.374 0.014 54061.295161 17.457 0.033 18.228832 0.053633
54062.288155 17.77 0.021 54062.289821 17.771 0.013 54062.286488 17.694 0.015 54062.287321 17.471 0.013 54062.288988 17.504 0.018 18.228832 0.053633
54068.268799 17.789 0.02 54068.270466 17.753 0.031 54068.267133 17.638 0.016 54068.267966 17.424 0.02 54068.269633 17.471 0.021 18.228832 0.053633
54357.326397 17.746 0.015 54357.328063 17.719 0.016 54357.32473 17.663 0.019 54357.325563 17.414 0.025 54357.32723 17.469 0.021 18.228832 0.053633
54359.358137 17.735 0.033 54359.359804 -99.99 0.022 54359.35647 -99.99 0.013 54359.357304 17.382 0.024 54359.35897 17.419 0.024 18.228832 0.053633
54362.376193 17.694 0.013 54362.37786 17.742 0.017 54362.374527 17.633 0.022 54362.37536 17.439 0.019 54362.377027 17.43 0.023 18.228832 0.053633
54376.371281 17.674 0.026 54376.372947 17.664 0.018 54376.369614 17.634 0.016 54376.370447 17.417 0.015 54376.372114 17.426 0.027 18.228832 0.053633
54382.356466 17.719 0.017 54382.358133 17.657 0.025 54382.354799 -99.99 0.034 54382.355633 17.301 0.021 54382.357299 17.338 0.05 18.228832 0.053633
54385.374256 17.72 0.027 54385.375923 17.718 0.026 54385.37259 17.656 0.01 54385.373423 17.44 0.014 54385.37509 17.39 0.021 18.228832 0.053633
54387.374764 -99.99 0.049 54387.376431 -99.99 0.029 54387.373098 -99.99 0.086 54387.373931 -99.99 0.119 54387.375598 17.293 0.032 18.228832 0.053633
54390.367152 17.738 0.023 54390.368819 -99.99 0.433 54390.365486 -99.99 0.005 54390.366319 17.408 0.007 54390.367986 -99.99 0.029 18.228832 0.053633
54391.375558 17.764 0.036 54391.377225 17.746 0.034 54391.373892 17.574 0.039 54391.374725 17.304 0.049 54391.376392 17.388 0.028 18.228832 0.053633
54402.367983 17.772 0.02 54402.36965 17.753 0.039 54402.366316 17.631 0.019 54402.36715 17.397 0.013 54402.368816 17.434 0.034 18.228832 0.053633
