51075.343149 20.854 0.075 51075.344815 20.616 0.028 51075.341482 20.017 0.022 51075.342315 20.203 0.038 51075.343982 19.998 0.137 15.629185 0.005401
51819.398003 20.55 0.078 51819.399669 20.126 0.021 51819.396336 19.76 0.021 51819.397169 19.849 0.029 51819.398836 20.007 0.135 15.629185 0.005401
52231.242736 20.196 0.053 52231.244402 20.011 0.017 52231.241069 19.583 0.017 52231.241902 19.687 0.023 52231.243569 19.813 0.098 15.629185 0.005401
52253.228902 20.437 0.072 52253.230568 20.134 0.023 52253.227235 19.627 0.019 52253.228068 19.733 0.026 52253.229735 19.927 0.116 15.629185 0.005401
52558.363262 20.023 0.06 52558.364928 19.744 0.016 52558.361595 19.476 0.018 52558.362428 19.589 0.027 52558.364095 19.451 0.109 15.629185 0.005401
52577.250766 19.938 0.045 52577.252432 19.746 0.014 52577.249099 19.429 0.015 52577.249932 19.531 0.022 52577.251599 19.63 0.09 15.629185 0.005401
52586.254245 20.076 0.046 52586.255911 19.775 0.014 52586.252578 19.45 0.016 52586.253411 19.51 0.022 52586.255078 19.449 0.098 15.629185 0.005401
52910.334725 20.345 0.054 52910.336391 19.976 0.016 52910.333058 19.591 0.015 52910.333891 19.67 0.021 52910.335558 19.773 0.088 15.629185 0.005401
52931.264929 20.223 0.056 52931.266595 19.954 0.017 52931.263262 19.589 0.016 52931.264095 19.713 0.024 52931.265762 19.655 0.103 15.629185 0.005401
52935.261892 20.427 0.064 52935.263558 19.994 0.018 52935.260225 19.588 0.018 52935.261058 19.743 0.026 52935.262725 19.728 0.111 15.629185 0.005401
52959.205222 20.293 0.053 52959.206888 19.944 0.018 52959.203555 19.57 0.015 52959.204388 19.687 0.02 52959.206055 19.604 0.084 15.629185 0.005401
52963.184966 20.31 0.049 52963.186632 19.954 0.016 52963.183299 19.57 0.014 52963.184132 19.691 0.02 52963.185799 19.666 0.075 15.629185 0.005401
53296.289022 20.443 0.068 53296.290688 20.172 0.025 53296.287355 19.704 0.022 53296.288188 19.84 0.034 53296.289855 19.599 0.093 15.629185 0.005401
53312.245608 20.222 0.064 53312.247275 20.159 0.028 53312.243941 19.758 0.025 53312.244775 19.793 0.031 53312.246441 19.728 0.092 15.629185 0.005401
53352.156033 20.529 0.08 53352.157699 20.224 0.02 53352.154366 19.812 0.021 53352.155199 19.858 0.031 53352.156866 19.732 0.126 15.629185 0.005401
53622.364329 20.449 0.081 53622.365995 20.032 0.019 53622.362662 19.608 0.02 53622.363495 19.748 0.034 53622.365162 19.454 0.112 15.629185 0.005401
53634.3138 20.386 0.179 53634.315466 -99.99 0.05 53634.312133 19.742 0.041 53634.312966 19.787 0.04 53634.314633 19.661 0.123 15.629185 0.005401
53638.355135 20.401 0.077 53638.356801 20.137 0.022 53638.353468 19.71 0.02 53638.354301 19.742 0.026 53638.355968 19.7 0.098 15.629185 0.005401
53640.319171 20.402 0.08 53640.320837 20.09 0.02 53640.317504 19.692 0.02 53640.318337 19.807 0.027 53640.320004 19.918 0.137 15.629185 0.005401
53655.291342 20.652 0.109 53655.293008 20.118 0.026 53655.289675 19.665 0.023 53655.290508 19.825 0.032 53655.292175 19.545 0.105 15.629185 0.005401
53669.275542 20.443 0.061 53669.277208 20.136 0.018 53669.273875 19.748 0.017 53669.274708 19.857 0.024 53669.276375 19.902 0.115 15.629185 0.005401
53671.360306 20.358 0.094 53671.361972 20.177 0.022 53671.358639 19.722 0.024 53671.359472 19.813 0.03 53671.361139 19.669 0.111 15.629185 0.005401
53674.259779 20.61 0.098 53674.261445 20.176 0.021 53674.258112 19.724 0.02 53674.258945 19.775 0.029 53674.260612 19.707 0.116 15.629185 0.005401
53676.34925 20.53 0.085 53676.350916 20.172 0.021 53676.347583 19.739 0.02 53676.348416 19.806 0.025 53676.350083 19.847 0.102 15.629185 0.005401
53679.321144 20.535 0.098 53679.32281 20.124 0.022 53679.319477 19.733 0.023 53679.32031 19.801 0.034 53679.321977 19.603 0.118 15.629185 0.005401
53681.312657 20.537 0.127 53681.314323 20.161 0.033 53681.31099 19.764 0.03 53681.311823 19.88 0.039 53681.31349 19.659 0.151 15.629185 0.005401
53685.27171 20.695 0.19 53685.273376 20.091 0.049 53685.270043 19.696 0.039 53685.270876 19.804 0.042 53685.272543 19.571 0.104 15.629185 0.005401
53694.285587 20.733 0.333 53694.287253 -99.99 0.079 53694.28392 19.801 0.046 53694.284753 19.905 0.065 53694.28642 19.668 0.18 15.629185 0.005401
53697.269681 20.649 0.103 53697.271347 20.207 0.028 53697.268014 19.762 0.023 53697.268847 19.888 0.029 53697.270514 19.9 0.121 15.629185 0.005401
53700.268639 20.638 0.123 53700.270305 20.268 0.026 53700.266972 19.728 0.029 53700.267805 19.838 0.039 53700.269472 19.887 0.182 15.629185 0.005401
53705.255309 20.485 0.082 53705.256975 20.255 0.021 53705.253642 19.8 0.02 53705.254475 19.863 0.028 53705.256142 19.819 0.103 15.629185 0.005401
53975.340413 21.058 0.126 53975.34208 20.452 0.027 53975.338747 19.961 0.036 53975.33958 20.041 0.037 53975.341247 19.79 0.109 15.629185 0.005401
53990.353212 21.136 0.193 53990.354879 20.533 0.045 53990.351546 19.962 0.029 53990.352379 20.06 0.038 53990.354046 20.586 0.219 15.629185 0.005401
53994.363319 20.911 0.082 53994.364986 20.544 0.023 53994.361653 20.029 0.019 53994.362486 20.033 0.027 53994.364153 19.96 0.094 15.629185 0.005401
53996.34708 20.959 0.108 53996.348747 20.493 0.031 53996.345413 20.007 0.024 53996.346247 20.083 0.044 53996.347913 20.014 0.129 15.629185 0.005401
54000.32574 99.996 99.999 54000.327407 99.988 99.999 54000.324074 20.058 0.038 54000.324907 20.045 0.047 54000.326574 19.855 0.119 15.629185 0.005401
54007.375849 20.717 0.101 54007.377516 20.601 0.033 54007.374182 -99.99 0.061 54007.375016 20.094 0.078 54007.376682 19.939 0.129 15.629185 0.005401
54010.301212 20.832 0.081 54010.302879 20.585 0.027 54010.299545 20.089 0.034 54010.300379 20.07 0.029 54010.302045 20.14 0.1 15.629185 0.005401
54012.294024 21.05 0.178 54012.295691 20.555 0.049 54012.292358 20.034 0.029 54012.293191 20.08 0.036 54012.294858 20.051 0.107 15.629185 0.005401
54020.300057 21.086 0.161 54020.301723 20.551 0.041 54020.29839 20.05 0.037 54020.299223 19.994 0.037 54020.30089 19.905 0.138 15.629185 0.005401
54024.381566 21.084 0.15 54024.383232 20.599 0.034 54024.379899 20.055 0.03 54024.380732 20.121 0.04 54024.382399 19.961 0.139 15.629185 0.005401
54028.369887 -99.99 0.146 54028.371553 20.537 0.034 54028.36822 -99.99 0.032 54028.369053 20.048 0.043 54028.37072 20.024 0.177 15.629185 0.005401
54030.293579 20.854 0.073 54030.295246 20.49 0.025 54030.291913 19.978 0.021 54030.292746 20.087 0.031 54030.294413 19.988 0.097 15.629185 0.005401
54035.369359 21.262 0.193 54035.371026 20.532 0.03 54035.367692 19.923 0.031 54035.368526 20.123 0.046 54035.370192 19.812 0.133 15.629185 0.005401
54037.274782 20.952 0.08 54037.276449 20.531 0.021 54037.273116 19.992 0.027 54037.273949 19.989 0.029 54037.275616 20.103 0.095 15.629185 0.005401
54040.289258 20.749 0.157 54040.290925 20.483 0.051 54040.287591 19.933 0.039 54040.288425 20.034 0.044 54040.290091 19.719 0.105 15.629185 0.005401
54047.319832 -99.99 0.881 54047.321499 20.286 0.115 54047.318165 19.981 0.058 54047.318999 -99.99 0.09 54047.320665 20.029 0.304 15.629185 0.005401
54049.315749 21.109 0.284 54049.317416 20.438 0.051 54049.314082 19.972 0.038 54049.314916 20.011 0.045 54049.316582 20.091 0.173 15.629185 0.005401
54053.280089 20.832 0.087 54053.281756 20.44 0.026 54053.278422 19.965 0.028 54053.279256 19.969 0.029 54053.280922 19.913 0.103 15.629185 0.005401
54056.281736 20.877 0.135 54056.283403 20.426 0.034 54056.280069 -99.99 0.053 54056.280903 20 0.042 54056.282569 20.304 0.249 15.629185 0.005401
54059.276076 20.741 0.123 54059.277743 20.421 0.03 54059.274409 19.954 0.044 54059.275243 19.97 0.05 54059.276909 19.82 0.152 15.629185 0.005401
54061.287105 20.773 0.145 54061.288772 20.391 0.045 54061.285438 19.985 0.03 54061.286272 19.957 0.043 54061.287938 19.723 0.158 15.629185 0.005401
54062.28089 20.849 0.113 54062.282557 20.444 0.027 54062.279224 19.975 0.025 54062.280057 19.974 0.035 54062.281724 19.896 0.125 15.629185 0.005401
54068.261508 20.75 0.188 54068.263175 20.313 0.05 54068.259842 20 0.042 54068.260675 19.988 0.047 54068.262342 19.973 0.165 15.629185 0.005401
54348.360864 20.377 0.077 54348.362531 20.109 0.037 54348.359198 19.601 0.027 54348.360031 19.763 0.031 54348.361698 19.954 0.095 15.629185 0.005401
54357.319287 20.563 0.065 54357.320954 20.102 0.026 54357.31762 19.695 0.018 54357.318454 19.792 0.029 54357.32012 19.647 0.07 15.629185 0.005401
54358.31671 20.323 0.079 54358.318377 -99.99 0.053 54358.315044 19.673 0.024 54358.315877 19.737 0.039 54358.317544 19.635 0.112 15.629185 0.005401
54359.310729 20.156 0.11 54359.312396 20.061 0.033 54359.309063 19.554 0.044 54359.309896 19.784 0.066 54359.311563 19.611 0.169 15.629185 0.005401
54359.350908 20.647 0.104 54359.352575 20.076 0.032 54359.349241 19.729 0.025 54359.350075 19.813 0.041 54359.351741 19.628 0.118 15.629185 0.005401
54362.369006 20.552 0.059 54362.370673 20.148 0.02 54362.367339 19.648 0.021 54362.368173 19.745 0.027 54362.369839 19.827 0.106 15.629185 0.005401
54365.34974 20.51 0.054 54365.351407 20.075 0.02 54365.348073 19.619 0.018 54365.348907 19.727 0.033 54365.350573 19.682 0.065 15.629185 0.005401
54376.364088 20.496 0.081 54376.365754 20.069 0.026 54376.362421 19.733 0.018 54376.363254 19.869 0.029 54376.364921 19.735 0.088 15.629185 0.005401
54382.349233 20.553 0.109 54382.3509 20.15 0.028 54382.347567 19.634 0.039 54382.3484 19.772 0.041 54382.350067 19.55 0.151 15.629185 0.005401
54385.367093 20.562 0.073 54385.368759 20.133 0.026 54385.365426 19.725 0.019 54385.366259 19.823 0.024 54385.367926 19.759 0.079 15.629185 0.005401
54387.367542 20.499 0.083 54387.369208 20.147 0.021 54387.365875 19.706 0.025 54387.366708 19.723 0.031 54387.368375 19.798 0.127 15.629185 0.005401
54390.360022 -99.99 0.39 54390.361688 -99.99 2.157 54390.358355 -99.99 0.075 54390.359188 -99.99 0.047 54390.360855 19.797 0.148 15.629185 0.005401
54391.368375 -99.99 0.243 54391.370042 20.137 0.041 54391.366709 19.69 0.036 54391.367542 19.752 0.053 54391.369209 19.358 0.161 15.629185 0.005401
54402.360693 20.485 0.238 54402.36236 20.07 0.057 54402.359026 19.732 0.038 54402.35986 19.836 0.044 54402.361526 19.809 0.141 15.629185 0.005401
54403.279755 20.789 0.117 54403.281422 20.173 0.039 54403.278088 19.708 0.031 54403.278922 19.742 0.038 54403.280588 19.894 0.096 15.629185 0.005401
54404.337319 20.589 0.141 54404.338986 20.205 0.03 54404.335652 19.745 0.023 54404.336486 19.719 0.032 54404.338152 19.717 0.077 15.629185 0.005401
54405.335249 20.467 0.08 54405.336916 20.037 0.025 54405.333583 19.616 0.019 54405.334416 19.761 0.024 54405.336083 19.871 0.085 15.629185 0.005401
54406.273507 20.578 0.061 54406.275173 20.123 0.019 54406.27184 19.64 0.022 54406.272673 19.752 0.026 54406.27434 19.783 0.067 15.629185 0.005401
54412.276486 20.297 0.077 54412.278153 20.112 0.026 54412.274819 19.683 0.024 54412.275653 19.776 0.033 54412.277319 19.489 0.089 15.629185 0.005401
