51081.33636 19.134 0.029 51081.338026 18.828 0.01 51081.334693 18.558 0.01 51081.335526 18.531 0.012 51081.337193 18.457 0.035 19.064637 -0.726316
51819.407564 19.017 0.028 51819.40923 18.751 0.009 51819.405897 18.527 0.009 51819.40673 18.478 0.01 51819.408397 18.508 0.03 19.064637 -0.726316
52558.372778 19.082 0.026 52558.374444 18.848 0.009 52558.371111 18.61 0.009 52558.371944 18.562 0.01 52558.373611 18.58 0.028 19.064637 -0.726316
52577.260282 19.176 0.028 52577.261948 18.844 0.009 52577.258615 18.604 0.009 52577.259448 18.599 0.01 52577.261115 18.569 0.031 19.064637 -0.726316
52910.344239 19.231 0.031 52910.345905 18.835 0.009 52910.342572 18.613 0.009 52910.343405 18.599 0.01 52910.345072 18.589 0.031 19.064637 -0.726316
52931.274443 19.347 0.031 52931.276109 18.911 0.009 52931.272776 18.642 0.01 52931.273609 18.585 0.01 52931.275276 18.64 0.032 19.064637 -0.726316
52935.271407 19.299 0.033 52935.273073 18.91 0.01 52935.26974 18.646 0.01 52935.270573 18.623 0.012 52935.27224 18.56 0.037 19.064637 -0.726316
52963.19448 19.228 0.027 52963.196146 18.919 0.009 52963.192813 18.671 0.009 52963.193646 18.632 0.011 52963.195313 18.568 0.025 19.064637 -0.726316
53352.165546 19.125 0.029 53352.167212 18.853 0.009 53352.163879 18.634 0.009 53352.164712 18.601 0.011 53352.166379 18.583 0.037 19.064637 -0.726316
53622.373842 19.074 0.031 53622.375508 18.751 0.01 53622.372175 18.556 0.011 53622.373008 18.556 0.013 53622.374675 18.55 0.038 19.064637 -0.726316
53634.323313 19.032 0.058 53634.324979 18.736 0.022 53634.321646 18.545 0.015 53634.322479 18.595 0.016 53634.324146 18.553 0.041 19.064637 -0.726316
53638.364648 19.051 0.029 53638.366314 18.763 0.01 53638.362981 18.568 0.01 53638.363814 18.537 0.01 53638.365481 18.552 0.03 19.064637 -0.726316
53640.328684 19.002 0.032 53640.33035 18.755 0.01 53640.327017 18.551 0.01 53640.32785 18.554 0.011 53640.329517 18.565 0.032 19.064637 -0.726316
53655.300857 19.029 0.032 53655.302523 18.738 0.01 53655.29919 18.54 0.01 53655.300023 18.53 0.011 53655.30169 18.661 0.042 19.064637 -0.726316
53664.325813 19.049 0.071 53664.327479 18.781 0.029 53664.324146 18.555 0.021 53664.324979 18.555 0.025 53664.326646 18.613 0.083 19.064637 -0.726316
53669.285056 19.053 0.028 53669.286722 18.761 0.009 53669.283389 18.557 0.01 53669.284222 18.541 0.011 53669.285889 18.618 0.036 19.064637 -0.726316
53671.36982 19.048 0.038 53671.371486 18.758 0.01 53671.368153 18.575 0.012 53671.368986 18.505 0.012 53671.370653 18.478 0.036 19.064637 -0.726316
53674.269293 19.006 0.032 53674.270959 18.755 0.01 53674.267626 18.565 0.011 53674.268459 18.544 0.012 53674.270126 18.61 0.042 19.064637 -0.726316
53676.358763 19.044 0.032 53676.360429 18.768 0.009 53676.357096 18.564 0.01 53676.357929 18.537 0.011 53676.359596 18.563 0.031 19.064637 -0.726316
53679.330659 19.013 0.035 53679.332325 18.739 0.01 53679.328992 18.557 0.011 53679.329825 18.527 0.014 53679.331492 18.505 0.045 19.064637 -0.726316
53681.322171 19.083 0.031 53681.323837 18.751 0.009 53681.320504 18.577 0.01 53681.321337 18.544 0.011 53681.323004 18.531 0.031 19.064637 -0.726316
53685.281225 18.961 0.042 53685.282891 18.79 0.017 53685.279558 18.552 0.014 53685.280391 18.558 0.013 53685.282058 18.598 0.037 19.064637 -0.726316
53694.295104 -99.99 0.079 53694.29677 18.702 0.021 53694.293437 18.572 0.021 53694.29427 -99.99 0.019 53694.295937 -99.99 0.066 19.064637 -0.726316
53697.279195 18.965 0.039 53697.280861 18.734 0.014 53697.277528 18.548 0.015 53697.278361 18.51 0.015 53697.280028 18.51 0.045 19.064637 -0.726316
53700.278153 18.912 0.032 53700.279819 18.708 0.009 53700.276486 18.54 0.011 53700.277319 18.527 0.012 53700.278986 18.564 0.046 19.064637 -0.726316
53705.264823 18.948 0.028 53705.266489 18.713 0.009 53705.263156 18.529 0.009 53705.263989 18.508 0.01 53705.265656 18.51 0.03 19.064637 -0.726316
53975.34986 19.051 0.039 53975.351527 18.741 0.017 53975.348193 18.517 0.014 53975.349027 18.523 0.015 53975.350693 18.431 0.028 19.064637 -0.726316
53990.36265 19.116 0.038 53990.364317 18.734 0.018 53990.360984 18.521 0.014 53990.361817 18.526 0.016 53990.363484 18.516 0.033 19.064637 -0.726316
53994.37285 19.119 0.026 53994.374516 18.753 0.023 53994.371183 18.499 0.012 53994.372016 18.48 0.014 53994.373683 18.497 0.03 19.064637 -0.726316
53996.35655 19.091 0.028 53996.358217 18.742 0.016 53996.354884 18.529 0.021 53996.355717 18.506 0.023 53996.357384 18.511 0.034 19.064637 -0.726316
54010.31071 19.178 0.032 54010.312377 18.791 0.014 54010.309043 18.535 0.023 54010.309877 18.512 0.02 54010.311543 18.542 0.026 19.064637 -0.726316
54012.303558 19.096 0.042 54012.305225 18.788 0.017 54012.301891 18.554 0.014 54012.302725 18.505 0.017 54012.304391 18.495 0.03 19.064637 -0.726316
54020.309579 19.118 0.033 54020.311245 18.758 0.017 54020.307912 18.557 0.018 54020.308745 18.513 0.025 54020.310412 18.542 0.034 19.064637 -0.726316
54024.391096 19.098 0.034 54024.392763 18.794 0.026 54024.389429 18.539 0.017 54024.390263 18.473 0.017 54024.391929 18.539 0.04 19.064637 -0.726316
54028.379421 19.105 0.037 54028.381087 18.809 0.02 54028.377754 18.492 0.029 54028.378587 18.462 0.027 54028.380254 18.602 0.039 19.064637 -0.726316
54030.303047 19.115 0.027 54030.304714 18.803 0.028 54030.30138 18.566 0.019 54030.302214 18.493 0.016 54030.30388 18.495 0.026 19.064637 -0.726316
54035.378826 19.163 0.051 54035.380492 18.792 0.018 54035.377159 18.571 0.037 54035.377992 18.524 0.029 54035.379659 18.471 0.052 19.064637 -0.726316
54037.284318 19.105 0.025 54037.285985 18.79 0.022 54037.282651 18.529 0.013 54037.283485 18.52 0.013 54037.285151 18.564 0.027 19.064637 -0.726316
54040.298765 19.155 0.041 54040.300432 18.788 0.02 54040.297098 18.548 0.019 54040.297932 18.509 0.013 54040.299598 18.538 0.033 19.064637 -0.726316
54049.325282 19.194 0.051 54049.326949 18.822 0.015 54049.323616 18.576 0.014 54049.324449 18.529 0.017 54049.326116 18.585 0.042 19.064637 -0.726316
54053.289554 19.213 0.037 54053.291221 18.847 0.021 54053.287888 18.564 0.015 54053.288721 18.552 0.018 54053.290388 18.587 0.033 19.064637 -0.726316
54056.291297 19.19 0.049 54056.292964 18.828 0.011 54056.289631 18.548 0.031 54056.290464 18.492 0.028 54056.292131 18.595 0.04 19.064637 -0.726316
54059.2856 19.16 0.035 54059.287266 -99.99 0.026 54059.283933 18.58 0.017 54059.284766 18.537 0.017 54059.286433 18.546 0.039 19.064637 -0.726316
54061.296642 19.123 0.046 54061.298309 18.836 0.043 54061.294976 18.607 0.038 54061.295809 18.546 0.024 54061.297476 18.581 0.053 19.064637 -0.726316
54062.290405 19.215 0.035 54062.292072 18.875 0.017 54062.288739 18.572 0.015 54062.289572 18.518 0.015 54062.291239 18.629 0.035 19.064637 -0.726316
54068.271043 19.222 0.051 54068.27271 18.878 0.026 54068.269377 18.557 0.016 54068.27021 18.542 0.025 54068.271877 18.563 0.04 19.064637 -0.726316
54357.328703 19.159 0.04 54357.330369 18.9 0.018 54357.327036 18.639 0.013 54357.327869 18.62 0.016 54357.329536 18.629 0.025 19.064637 -0.726316
54359.360442 19.096 0.034 54359.362109 18.892 0.026 54359.358776 18.591 0.028 54359.359609 18.618 0.037 54359.361276 18.644 0.047 19.064637 -0.726316
54362.37855 19.178 0.029 54362.380217 18.899 0.018 54362.376883 18.633 0.014 54362.377717 18.598 0.014 54362.379383 18.632 0.031 19.064637 -0.726316
54376.37364 19.204 0.032 54376.375307 18.865 0.015 54376.371973 18.642 0.016 54376.372807 18.576 0.014 54376.374473 18.714 0.039 19.064637 -0.726316
54382.358745 19.193 0.035 54382.360411 18.895 0.029 54382.357078 18.659 0.019 54382.357911 18.568 0.019 54382.359578 18.643 0.061 19.064637 -0.726316
54385.376616 19.176 0.03 54385.378282 18.877 0.026 54385.374949 18.644 0.017 54385.375782 18.571 0.018 54385.377449 18.572 0.028 19.064637 -0.726316
54387.377076 19.231 0.038 54387.378743 -99.99 0.02 54387.375409 18.654 0.034 54387.376243 18.575 0.024 54387.377909 18.648 0.041 19.064637 -0.726316
54390.369511 -99.99 0.222 54390.371178 -99.99 0.029 54390.367845 -99.99 0.017 54390.368678 -99.99 0.445 54390.370345 -99.99 3.665 19.064637 -0.726316
54391.377854 19.216 0.044 54391.37952 18.908 0.016 54391.376187 18.644 0.026 54391.37702 18.575 0.029 54391.378687 18.647 0.06 19.064637 -0.726316
54402.370227 19.172 0.082 54402.371894 18.928 0.034 54402.36856 18.675 0.02 54402.369394 18.611 0.022 54402.37106 18.581 0.044 19.064637 -0.726316
