51081.336628 20.938 0.12 51081.338294 20.186 0.025 51081.334961 19.987 0.026 51081.335794 19.947 0.037 51081.337461 19.743 0.099 19.161679 -0.652307
51819.407808 20.856 0.103 51819.409474 20.365 0.024 51819.406141 20.072 0.024 51819.406974 19.968 0.028 51819.408641 19.833 0.087 19.161679 -0.652307
52558.373047 20.559 0.076 52558.374713 20.24 0.02 52558.37138 19.948 0.021 52558.372213 19.876 0.022 52558.37388 19.583 0.061 19.161679 -0.652307
52577.260551 20.729 0.086 52577.262217 20.282 0.023 52577.258884 20.034 0.024 52577.259717 19.859 0.024 52577.261384 19.646 0.074 19.161679 -0.652307
52910.344508 20.79 0.092 52910.346174 20.329 0.023 52910.342841 20.059 0.022 52910.343674 19.896 0.025 52910.345341 19.473 0.062 19.161679 -0.652307
52931.274711 20.675 0.082 52931.276377 20.373 0.024 52931.273044 20.053 0.022 52931.273877 19.913 0.026 52931.275544 19.626 0.07 19.161679 -0.652307
52935.271675 20.877 0.116 52935.273341 20.315 0.025 52935.270008 20.061 0.028 52935.270841 19.895 0.032 52935.272508 19.78 0.106 19.161679 -0.652307
52963.194749 20.878 0.081 52963.196415 20.448 0.021 52963.193082 20.155 0.022 52963.193915 19.951 0.024 52963.195582 19.861 0.066 19.161679 -0.652307
53352.165815 21.072 0.129 53352.167481 20.45 0.026 53352.164148 20.164 0.026 53352.164981 20.024 0.03 53352.166648 19.879 0.118 19.161679 -0.652307
53622.374111 20.877 0.115 53622.375777 20.381 0.028 53622.372444 20.091 0.028 53622.373277 20.041 0.037 53622.374944 19.604 0.094 19.161679 -0.652307
53634.323582 20.658 0.261 53634.325248 20.332 0.093 53634.321915 20 0.055 53634.322748 19.84 0.048 53634.324415 19.704 0.124 19.161679 -0.652307
53638.364917 20.693 0.102 53638.366583 20.387 0.028 53638.36325 20.085 0.024 53638.364083 19.931 0.025 53638.36575 19.644 0.072 19.161679 -0.652307
53640.328953 20.776 0.107 53640.330619 20.354 0.028 53640.327286 20.06 0.026 53640.328119 19.922 0.028 53640.329786 19.588 0.075 19.161679 -0.652307
53655.301125 20.925 0.122 53655.302791 20.369 0.03 53655.299458 20.081 0.031 53655.300291 19.93 0.032 53655.301958 19.584 0.089 19.161679 -0.652307
53664.326082 20.77 0.318 53664.327748 20.333 0.114 53664.324415 20.207 0.092 53664.325248 19.945 0.087 53664.326915 19.526 0.194 19.161679 -0.652307
53669.285325 -99.99 0.106 53669.286991 20.336 0.023 53669.283658 20.083 0.03 53669.284491 19.871 0.029 53669.286158 19.547 0.082 19.161679 -0.652307
53671.370088 21.022 0.188 53671.371754 20.427 0.031 53671.368421 20.035 0.035 53671.369254 19.924 0.033 53671.370921 19.783 0.108 19.161679 -0.652307
53674.269562 20.984 0.156 53674.271228 20.38 0.03 53674.267895 20.103 0.031 53674.268728 19.984 0.037 53674.270395 19.628 0.103 19.161679 -0.652307
53676.359032 20.731 0.112 53676.360698 20.352 0.024 53676.357365 20.104 0.03 53676.358198 19.812 0.024 53676.359865 19.563 0.068 19.161679 -0.652307
53679.330928 20.647 0.13 53679.332594 20.351 0.029 53679.329261 20.058 0.035 53679.330094 19.949 0.044 53679.331761 19.567 0.114 19.161679 -0.652307
53681.32244 20.726 0.099 53681.324106 20.339 0.022 53681.320773 20.094 0.024 53681.321606 19.941 0.026 53681.323273 19.697 0.076 19.161679 -0.652307
53685.281494 20.783 0.193 53685.28316 20.278 0.059 53685.279827 20.086 0.046 53685.28066 19.876 0.038 53685.282327 19.659 0.089 19.161679 -0.652307
53697.279463 20.974 0.202 53697.281129 20.293 0.043 53697.277796 -99.99 0.045 53697.278629 19.898 0.043 53697.280296 19.651 0.12 19.161679 -0.652307
53700.278422 20.759 0.141 53700.280088 20.427 0.03 53700.276755 20.059 0.032 53700.277588 19.89 0.036 53700.279255 19.643 0.111 19.161679 -0.652307
53705.265092 20.964 0.127 53705.266758 20.435 0.027 53705.263425 20.137 0.025 53705.264258 19.953 0.026 53705.265925 19.633 0.073 19.161679 -0.652307
53975.350151 20.947 0.099 53975.351818 20.401 0.03 53975.348484 20.101 0.022 53975.349318 19.97 0.025 53975.350984 19.573 0.067 19.161679 -0.652307
53990.362919 20.849 0.163 53990.364586 20.375 0.044 53990.361252 20.132 0.033 53990.362086 19.935 0.032 53990.363752 19.659 0.075 19.161679 -0.652307
53994.373147 20.645 0.07 53994.374813 20.38 0.027 53994.37148 20.137 0.022 53994.372313 19.903 0.023 53994.37398 19.753 0.075 19.161679 -0.652307
53996.356819 20.776 0.086 53996.358486 20.349 0.024 53996.355153 20.11 0.029 53996.355986 19.875 0.033 53996.357653 19.491 0.078 19.161679 -0.652307
54010.310947 20.83 0.092 54010.312614 20.4 0.029 54010.30928 20.079 0.023 54010.310114 19.863 0.024 54010.31178 19.682 0.058 19.161679 -0.652307
54012.303827 20.805 0.168 54012.305493 20.441 0.051 54012.30216 20.069 0.034 54012.302993 19.946 0.033 54012.30466 19.645 0.078 19.161679 -0.652307
54020.309764 20.868 0.141 54020.31143 20.436 0.041 54020.308097 20.134 0.034 54020.30893 19.905 0.037 54020.310597 19.711 0.092 19.161679 -0.652307
54024.391353 -99.99 0.125 54024.39302 20.339 0.029 54024.389686 20.064 0.03 54024.39052 19.921 0.033 54024.392186 19.718 0.105 19.161679 -0.652307
54028.379689 20.667 0.112 54028.381356 20.374 0.028 54028.378023 20.05 0.04 54028.378856 19.907 0.04 54028.380523 19.504 0.08 19.161679 -0.652307
54030.303316 20.797 0.081 54030.304982 20.319 0.032 54030.301649 20.074 0.025 54030.302482 19.895 0.023 54030.304149 19.528 0.057 19.161679 -0.652307
54035.379094 20.483 0.157 54035.380761 20.263 0.031 54035.377428 20.033 0.056 54035.378261 19.953 0.055 54035.379928 19.633 0.12 19.161679 -0.652307
54037.284587 20.642 0.065 54037.286253 20.391 0.027 54037.28292 20.071 0.02 54037.283753 19.911 0.021 54037.28542 19.618 0.054 19.161679 -0.652307
54040.299151 20.967 0.178 54040.300818 20.341 0.046 54040.297484 20.14 0.037 54040.298318 19.863 0.032 54040.299984 19.847 0.099 19.161679 -0.652307
54047.329734 -99.99 0.703 54047.331401 20.193 0.121 54047.328068 -99.99 0.084 54047.328901 -99.99 0.075 54047.330568 -99.99 0.127 19.161679 -0.652307
54049.325525 -99.99 0.161 54049.327192 20.361 0.051 54049.323859 20.108 0.037 54049.324692 19.96 0.039 54049.326359 19.527 0.092 19.161679 -0.652307
54053.289817 -99.99 0.096 54053.291483 20.36 0.025 54053.28815 20.038 0.023 54053.288983 19.873 0.026 54053.29065 19.625 0.077 19.161679 -0.652307
54056.29152 20.776 0.138 54056.293187 20.314 0.03 54056.289854 20.091 0.041 54056.290687 19.934 0.036 54056.292354 19.883 0.122 19.161679 -0.652307
54061.296911 20.842 0.194 54061.298578 20.32 0.05 54061.295244 20.044 0.049 54061.296078 19.922 0.044 54061.297744 19.401 0.091 19.161679 -0.652307
54062.290674 21.067 0.127 54062.292341 20.418 0.025 54062.289007 20.08 0.025 54062.289841 19.911 0.028 54062.291507 19.815 0.093 19.161679 -0.652307
54068.271286 20.728 0.191 54068.272953 20.296 0.054 54068.26962 20.092 0.04 54068.270453 19.892 0.041 54068.27212 19.853 0.118 19.161679 -0.652307
54357.328968 20.722 0.074 54357.330634 20.416 0.021 54357.327301 20.179 0.023 54357.328134 19.917 0.029 54357.329801 19.714 0.054 19.161679 -0.652307
54359.360782 20.968 0.142 54359.362449 20.444 0.029 54359.359116 20.159 0.047 54359.359949 20.057 0.055 54359.361616 19.557 0.09 19.161679 -0.652307
54362.378897 20.853 0.082 54362.380564 20.429 0.026 54362.377231 20.154 0.022 54362.378064 19.911 0.024 54362.379731 19.769 0.073 19.161679 -0.652307
54376.373896 20.893 0.124 54376.375563 20.477 0.034 54376.372229 20.203 0.03 54376.373063 19.971 0.03 54376.374729 19.704 0.085 19.161679 -0.652307
54382.359088 21.142 0.178 54382.360754 20.459 0.03 54382.357421 20.233 0.047 54382.358254 20.057 0.052 54382.359921 19.732 0.139 19.161679 -0.652307
54385.376806 21.083 0.109 54385.378472 20.541 0.033 54385.375139 20.144 0.024 54385.375972 19.993 0.025 54385.377639 19.724 0.066 19.161679 -0.652307
54387.377345 20.944 0.145 54387.379011 -99.99 0.042 54387.375678 20.181 0.051 54387.376511 19.922 0.041 54387.378178 19.507 0.09 19.161679 -0.652307
54390.369803 -99.99 0.506 54390.37147 -99.99 0.059 54390.368137 -99.99 0.066 54390.36897 -99.99 1.1 54390.370637 -99.99 3.585 19.161679 -0.652307
54391.378154 20.871 0.183 54391.37982 20.478 0.039 54391.376487 20.072 0.046 54391.37732 19.981 0.057 54391.378987 19.483 0.125 19.161679 -0.652307
54402.370471 -99.99 0.285 54402.372138 20.497 0.084 54402.368804 20.183 0.052 54402.369638 20.036 0.047 54402.371304 19.597 0.104 19.161679 -0.652307
