51081.330551 -99.99 0.883 51081.332217 20.151 0.026 51081.328884 19.658 0.021 51081.329717 19.357 0.025 51081.331384 19.382 0.082 16.967597 -1.151397
51819.401737 -99.99 0.594 51819.403403 20.351 0.029 51819.40007 19.904 0.022 51819.400903 19.599 0.024 51819.40257 19.617 0.083 16.967597 -1.151397
52558.36697 24.619 1.321 52558.368636 20.292 0.024 52558.365303 19.762 0.02 52558.366136 19.479 0.023 52558.367803 19.499 0.067 16.967597 -1.151397
52577.254474 24.514 1.179 52577.25614 20.371 0.026 52577.252807 19.795 0.019 52577.25364 19.456 0.022 52577.255307 19.418 0.068 16.967597 -1.151397
52910.338431 -99.99 0.806 52910.340097 20.244 0.023 52910.336764 19.738 0.017 52910.337597 19.452 0.019 52910.339264 19.387 0.053 16.967597 -1.151397
52931.268634 24.803 1.14 52931.2703 20.145 0.021 52931.266967 19.664 0.018 52931.2678 19.445 0.021 52931.269467 19.355 0.06 16.967597 -1.151397
52935.265598 -99.99 1.239 52935.267264 20.216 0.025 52935.263931 19.724 0.021 52935.264764 19.444 0.023 52935.266431 19.36 0.075 16.967597 -1.151397
52963.188672 23.625 0.586 52963.190338 20.27 0.022 52963.187005 19.695 0.017 52963.187838 19.4 0.017 52963.189505 19.382 0.048 16.967597 -1.151397
53352.159738 24.743 1.109 53352.161404 20.29 0.025 53352.158071 19.76 0.021 53352.158904 19.384 0.021 53352.160571 19.39 0.067 16.967597 -1.151397
53622.368034 24.524 1.419 53622.3697 20.266 0.028 53622.366367 19.805 0.021 53622.3672 19.426 0.024 53622.368867 19.205 0.069 16.967597 -1.151397
53634.317504 -99.99 1.238 53634.31917 20.28 0.072 53634.315837 19.808 0.036 53634.31667 19.479 0.032 53634.318337 19.201 0.068 16.967597 -1.151397
53638.35884 26.505 0.522 53638.360506 20.282 0.028 53638.357173 19.777 0.02 53638.358006 19.417 0.021 53638.359673 19.405 0.065 16.967597 -1.151397
53640.322875 -99.99 1.201 53640.324541 20.311 0.029 53640.321208 19.748 0.021 53640.322041 19.405 0.023 53640.323708 19.35 0.068 16.967597 -1.151397
53655.295047 24.006 1.331 53655.296713 20.374 0.035 53655.29338 19.872 0.027 53655.294213 19.38 0.025 53655.29588 19.281 0.077 16.967597 -1.151397
53664.320005 21.844 0.535 53664.321671 -99.99 0.088 53664.318338 19.833 0.033 53664.319171 19.408 0.032 53664.320838 19.513 0.122 16.967597 -1.151397
53669.279247 -99.99 0.704 53669.280913 20.324 0.03 53669.27758 19.775 0.02 53669.278413 19.432 0.023 53669.28008 19.448 0.079 16.967597 -1.151397
53671.364013 -99.99 1.705 53671.365679 20.42 0.033 53671.362346 19.733 0.023 53671.363179 19.443 0.025 53671.364846 19.253 0.075 16.967597 -1.151397
53674.263484 22.825 0.585 53674.26515 20.287 0.029 53674.261817 19.784 0.024 53674.26265 19.387 0.024 53674.264317 19.286 0.069 16.967597 -1.151397
53676.352956 25.81 0.822 53676.354622 20.436 0.028 53676.351289 19.864 0.022 53676.352122 19.433 0.02 53676.353789 19.447 0.066 16.967597 -1.151397
53679.324851 24.471 1.66 53679.326517 20.388 0.035 53679.323184 19.902 0.029 53679.324017 19.403 0.026 53679.325684 19.526 0.118 16.967597 -1.151397
53681.316363 23.84 1.12 53681.318029 20.32 0.029 53681.314696 19.828 0.036 53681.315529 19.415 0.033 53681.317196 19.37 0.082 16.967597 -1.151397
53685.275416 25.46 2.16 53685.277082 20.365 0.066 53685.273749 19.858 0.039 53685.274582 19.46 0.031 53685.276249 19.366 0.074 16.967597 -1.151397
53694.289295 -99.99 1.167 53694.290961 -99.99 0.093 53694.287628 19.768 0.058 53694.288461 19.406 0.048 53694.290128 19.458 0.144 16.967597 -1.151397
53697.273387 25.797 0.819 53697.275053 20.416 0.04 53697.27172 19.809 0.024 53697.272553 19.395 0.022 53697.27422 19.38 0.069 16.967597 -1.151397
53700.272345 23.56 1.18 53700.274011 20.383 0.038 53700.270678 19.822 0.029 53700.271511 19.405 0.028 53700.273178 19.527 0.106 16.967597 -1.151397
53705.259016 23.261 0.711 53705.260682 20.351 0.029 53705.257349 19.686 0.019 53705.258182 19.396 0.02 53705.259849 19.308 0.06 16.967597 -1.151397
53975.344009 -99.99 99.999 53975.345675 20.359 0.037 53975.342342 19.804 0.023 53975.343175 19.412 0.027 53975.344842 19.431 0.061 16.967597 -1.151397
53990.356845 99.993 99.999 53990.358511 20.283 0.04 53990.355178 19.732 0.028 53990.356011 19.423 0.028 53990.357678 19.195 0.056 16.967597 -1.151397
53994.367 99.968 99.999 53994.368667 20.311 0.023 53994.365333 19.73 0.018 53994.366167 19.384 0.019 53994.367833 19.427 0.057 16.967597 -1.151397
53996.350837 100.018 99.999 53996.352503 20.271 0.042 53996.34917 19.762 0.025 53996.350003 19.419 0.025 53996.35167 19.25 0.065 16.967597 -1.151397
54010.304857 23.841 1.241 54010.306524 20.293 0.029 54010.303191 19.733 0.018 54010.304024 19.377 0.019 54010.305691 19.297 0.043 16.967597 -1.151397
54012.297758 99.987 99.999 54012.299424 20.192 0.04 54012.296091 19.756 0.025 54012.296924 19.391 0.025 54012.298591 19.318 0.055 16.967597 -1.151397
54020.303691 -99.99 99.999 54020.305358 20.222 0.039 54020.302025 19.732 0.023 54020.302858 19.375 0.025 54020.304525 19.243 0.067 16.967597 -1.151397
54024.385305 22.387 0.472 54024.386972 20.247 0.031 54024.383638 19.732 0.026 54024.384472 19.377 0.028 54024.386138 19.348 0.08 16.967597 -1.151397
54028.373621 -99.99 1.222 54028.375288 20.319 0.042 54028.371955 19.768 0.032 54028.372788 19.315 0.033 54028.374455 19.155 0.075 16.967597 -1.151397
54030.297249 24.385 2.135 54030.298916 20.268 0.028 54030.295583 19.741 0.021 54030.296416 19.378 0.018 54030.298083 19.377 0.052 16.967597 -1.151397
54035.372996 23.857 1.835 54035.374663 20.213 0.031 54035.371329 19.709 0.026 54035.372163 19.366 0.027 54035.373829 19.362 0.082 16.967597 -1.151397
54037.278518 23.802 1 54037.280184 20.256 0.034 54037.276851 19.713 0.018 54037.277684 19.382 0.021 54037.279351 19.308 0.042 16.967597 -1.151397
54040.292959 23.48 3.582 54040.294625 20.282 0.06 54040.291292 19.71 0.036 54040.292125 19.377 0.026 54040.293792 19.291 0.069 16.967597 -1.151397
54049.319581 -99.99 99.999 54049.321248 20.181 0.05 54049.317915 19.679 0.031 54049.318748 19.401 0.026 54049.320415 19.288 0.075 16.967597 -1.151397
54053.283745 25.641 5.407 54053.285412 20.222 0.023 54053.282079 19.688 0.024 54053.282912 19.388 0.023 54053.284579 19.379 0.064 16.967597 -1.151397
54056.285608 -99.99 2.793 54056.287275 20.243 0.072 54056.283942 19.751 0.031 54056.284775 19.428 0.035 54056.286442 -99.99 0.08 16.967597 -1.151397
54059.279712 99.99 99.999 54059.281378 20.269 0.034 54059.278045 19.723 0.031 54059.278878 19.379 0.027 54059.280545 19.297 0.073 16.967597 -1.151397
54061.290844 99.969 99.999 54061.292511 20.266 0.037 54061.289178 19.735 0.034 54061.290011 19.415 0.03 54061.291678 19.453 0.092 16.967597 -1.151397
54062.284588 99.97 99.999 54062.286255 20.266 0.035 54062.282922 19.717 0.027 54062.283755 19.338 0.024 54062.285422 19.423 0.072 16.967597 -1.151397
54068.265302 -99.99 99.999 54068.266968 20.254 0.06 54068.263635 19.681 0.032 54068.264468 19.34 0.031 54068.266135 19.354 0.077 16.967597 -1.151397
54357.322895 100.028 99.999 54357.324561 20.337 0.025 54357.321228 19.819 0.023 54357.322061 19.475 0.024 54357.323728 19.267 0.047 16.967597 -1.151397
54359.354656 23.552 1.045 54359.356322 20.332 0.036 54359.352989 19.833 0.033 54359.353822 19.437 0.035 54359.355489 19.365 0.084 16.967597 -1.151397
54362.372732 99.982 99.999 54362.374399 20.375 0.028 54362.371066 19.788 0.025 54362.371899 19.466 0.026 54362.373566 19.286 0.059 16.967597 -1.151397
54376.367822 -99.99 3.422 54376.369488 20.299 0.037 54376.366155 19.792 0.025 54376.366988 19.442 0.035 54376.368655 19.291 0.064 16.967597 -1.151397
54385.370732 23.06 0.709 54385.372398 20.334 0.032 54385.369065 19.747 0.022 54385.369898 19.393 0.023 54385.371565 19.339 0.045 16.967597 -1.151397
54387.371276 99.992 99.999 54387.372943 20.36 0.054 54387.369609 19.768 0.032 54387.370443 19.376 0.025 54387.372109 19.318 0.059 16.967597 -1.151397
54390.363616 99.987 99.999 54390.365283 -99.99 0.042 54390.36195 -99.99 8.462 54390.362783 -99.99 0.058 54390.36445 -99.99 99.999 16.967597 -1.151397
54391.372187 22.974 1.176 54391.373854 20.377 0.043 54391.37052 19.737 0.034 54391.371354 19.386 0.042 54391.37302 19.238 0.11 16.967597 -1.151397
54402.364486 -99.99 99.999 54402.366152 20.243 0.07 54402.362819 19.739 0.038 54402.363652 19.4 0.047 54402.365319 19.306 0.079 16.967597 -1.151397
