51081.332217 20.618 0.077 51081.333883 20.509 0.03 51081.33055 20.512 0.04 51081.331383 20.25 0.048 51081.33305 20.237 0.141 17.562547 0.511913
51819.403362 20.09 0.054 51819.405028 20.102 0.022 51819.401695 20.15 0.028 51819.402528 19.954 0.035 51819.404195 19.974 0.114 17.562547 0.511913
52558.368617 20.345 0.056 52558.370283 20.395 0.024 52558.36695 20.388 0.033 52558.367783 20.089 0.035 52558.36945 20.046 0.101 17.562547 0.511913
52577.256122 20.318 0.056 52577.257788 20.355 0.022 52577.254455 20.357 0.03 52577.255288 20.099 0.038 52577.256955 20.151 0.119 17.562547 0.511913
52586.2596 20.314 0.05 52586.261266 20.333 0.025 52586.257933 20.361 0.032 52586.258766 20.078 0.042 52586.260433 19.962 0.137 17.562547 0.511913
52910.34008 20.176 0.046 52910.341746 20.14 0.019 52910.338413 20.194 0.023 52910.339246 19.94 0.027 52910.340913 20.063 0.095 17.562547 0.511913
52931.270284 20.182 0.046 52931.27195 20.102 0.02 52931.268617 20.136 0.024 52931.26945 19.931 0.029 52931.271117 19.867 0.09 17.562547 0.511913
52935.267248 20.081 0.051 52935.268914 20.058 0.02 52935.265581 20.074 0.028 52935.266414 19.85 0.036 52935.268081 19.703 0.101 17.562547 0.511913
52963.190321 20.216 0.044 52963.191987 20.133 0.018 52963.188654 20.155 0.022 52963.189487 19.94 0.026 52963.191154 19.85 0.07 17.562547 0.511913
53352.161387 20.147 0.048 53352.163053 20.189 0.021 53352.15972 20.241 0.027 53352.160553 20.005 0.034 53352.16222 20.048 0.109 17.562547 0.511913
53622.369684 20.354 0.064 53622.37135 20.242 0.025 53622.368017 20.267 0.033 53622.36885 20.161 0.053 53622.370517 20.239 0.149 17.562547 0.511913
53634.319154 -99.99 0.159 53634.32082 20.319 0.073 53634.317487 20.334 0.066 53634.31832 19.986 0.053 53634.319987 20.343 0.179 17.562547 0.511913
53638.360489 20.333 0.065 53638.362155 20.293 0.027 53638.358822 20.289 0.03 53638.359655 19.997 0.034 53638.361322 19.927 0.092 17.562547 0.511913
53640.324525 20.313 0.068 53640.326191 20.257 0.025 53640.322858 20.279 0.031 53640.323691 19.954 0.037 53640.325358 19.795 0.096 17.562547 0.511913
53655.296697 20.267 0.068 53655.298363 20.359 0.032 53655.29503 20.257 0.035 53655.295863 20.054 0.047 53655.29753 19.845 0.117 17.562547 0.511913
53664.321653 -99.99 0.214 53664.323319 20.226 0.099 53664.319986 20.186 0.057 53664.320819 19.916 0.067 53664.322486 19.608 0.2 17.562547 0.511913
53669.280897 20.346 0.067 53669.282563 20.325 0.025 53669.27923 20.316 0.029 53669.280063 20.06 0.04 53669.28173 20.195 0.125 17.562547 0.511913
53671.36566 20.419 0.089 53671.367326 20.246 0.028 53671.363993 20.33 0.038 53671.364826 20.038 0.044 53671.366493 19.968 0.132 17.562547 0.511913
53674.265133 20.38 0.07 53674.266799 20.3 0.025 53674.263466 20.347 0.035 53674.264299 20.046 0.039 53674.265966 20.074 0.123 17.562547 0.511913
53676.354603 20.201 0.061 53676.356269 20.323 0.023 53676.352936 20.335 0.031 53676.353769 20.036 0.036 53676.355436 19.988 0.085 17.562547 0.511913
53679.326498 20.328 0.083 53679.328164 20.257 0.027 53679.324831 20.255 0.038 53679.325664 19.981 0.057 53679.327331 20.303 0.208 17.562547 0.511913
53681.318011 20.374 0.07 53681.319677 20.461 0.051 53681.316344 20.329 0.051 53681.317177 20.034 0.043 53681.318844 19.871 0.083 17.562547 0.511913
53685.277065 20.322 0.128 53685.278731 20.135 0.056 53685.275398 20.191 0.058 53685.276231 19.961 0.053 53685.277898 19.824 0.114 17.562547 0.511913
53697.275035 -99.99 0.091 53697.276701 20.369 0.044 53697.273368 20.329 0.036 53697.274201 20.086 0.042 53697.275868 19.963 0.123 17.562547 0.511913
53700.273993 -99.99 0.088 53700.275659 20.399 0.03 53700.272326 20.419 0.041 53700.273159 20.066 0.048 53700.274826 19.899 0.144 17.562547 0.511913
53705.260664 -99.99 0.068 53705.26233 20.362 0.026 53705.258997 20.331 0.031 53705.25983 19.99 0.034 53705.261497 20.042 0.102 17.562547 0.511913
53975.345669 20.752 0.071 53975.347335 20.609 0.023 53975.344002 20.602 0.033 53975.344835 20.101 0.032 53975.346502 20.008 0.098 17.562547 0.511913
53990.358492 20.563 0.114 53990.360159 20.61 0.056 53990.356826 20.566 0.051 53990.357659 20.139 0.043 53990.359326 20.374 0.153 17.562547 0.511913
53994.368663 20.718 0.06 53994.370329 20.574 0.024 53994.366996 20.579 0.029 53994.367829 20.117 0.032 53994.369496 20.139 0.093 17.562547 0.511913
53996.352473 20.731 0.069 53996.35414 20.617 0.032 53996.350807 20.595 0.034 53996.35164 20.211 0.043 53996.353307 20.193 0.13 17.562547 0.511913
54010.306539 20.553 0.055 54010.308206 20.666 0.031 54010.304872 20.577 0.029 54010.305706 20.249 0.032 54010.307372 20.196 0.085 17.562547 0.511913
54012.299394 20.873 0.145 54012.301061 20.619 0.059 54012.297728 20.61 0.051 54012.298561 20.238 0.043 54012.300228 20.228 0.128 17.562547 0.511913
54024.386928 20.591 0.089 54024.388595 20.654 0.035 54024.385262 20.601 0.048 54024.386095 20.108 0.047 54024.387762 20.036 0.132 17.562547 0.511913
54030.298948 20.59 0.063 54030.300614 20.59 0.022 54030.297281 20.559 0.03 54030.298114 20.156 0.031 54030.299781 20.275 0.101 17.562547 0.511913
54035.374727 20.734 0.107 54035.376394 20.58 0.061 54035.373061 20.477 0.041 54035.373894 20.191 0.055 54035.375561 20.3 0.184 17.562547 0.511913
54037.28013 20.648 0.051 54037.281796 20.623 0.022 54037.278463 20.538 0.027 54037.279296 20.176 0.03 54037.280963 20.193 0.08 17.562547 0.511913
54040.294642 20.533 0.113 54040.296309 20.555 0.057 54040.292976 20.772 0.07 54040.293809 20.245 0.056 54040.295476 20.344 0.15 17.562547 0.511913
54047.325215 20.201 0.44 54047.326882 20.866 0.183 54047.323549 20.548 0.123 54047.324382 20.191 0.098 54047.326049 19.876 0.227 17.562547 0.511913
54049.321079 20.595 0.156 54049.322746 20.587 0.057 54049.319413 20.51 0.054 54049.320246 20.341 0.067 54049.321913 20.136 0.139 17.562547 0.511913
54053.285388 20.639 0.063 54053.287055 20.598 0.023 54053.283721 20.574 0.033 54053.284555 20.199 0.037 54053.286221 20.089 0.1 17.562547 0.511913
54056.287095 20.544 0.138 54056.288762 20.617 0.043 54056.285428 20.484 0.057 54056.286262 -99.99 0.073 54056.287928 20.377 0.233 17.562547 0.511913
54059.281357 20.627 0.094 54059.283023 20.621 0.037 54059.27969 20.552 0.045 54059.280523 20.155 0.051 54059.28219 20.011 0.139 17.562547 0.511913
54062.28625 20.629 0.076 54062.287917 20.628 0.03 54062.284584 20.485 0.039 54062.285417 20.293 0.044 54062.287084 20.189 0.128 17.562547 0.511913
54068.26684 20.622 0.153 54068.268507 20.48 0.063 54068.265173 20.36 0.055 54068.266007 20.179 0.057 54068.267673 20.187 0.158 17.562547 0.511913
54357.324578 20.534 0.054 54357.326245 20.419 0.023 54357.322911 20.4 0.024 54357.323745 20.111 0.029 54357.325411 19.977 0.071 17.562547 0.511913
54359.356304 20.501 0.085 54359.357971 20.425 0.035 54359.354637 20.428 0.038 54359.355471 20.099 0.049 54359.357137 20.041 0.142 17.562547 0.511913
54362.37436 20.439 0.055 54362.376027 20.456 0.021 54362.372693 20.407 0.029 54362.373527 20.117 0.036 54362.375193 20.187 0.103 17.562547 0.511913
54376.369478 20.369 0.066 54376.371144 20.429 0.032 54376.367811 20.36 0.03 54376.368644 20.058 0.039 54376.370311 20.044 0.095 17.562547 0.511913
54382.354698 20.238 0.08 54382.356365 20.427 0.031 54382.353031 20.341 0.061 54382.353865 19.986 0.063 54382.355531 20.028 0.175 17.562547 0.511913
54385.372367 20.355 0.053 54385.374034 20.42 0.024 54385.370701 20.422 0.032 54385.371534 20.07 0.031 54385.373201 20.094 0.074 17.562547 0.511913
54387.372911 20.391 0.083 54387.374578 20.381 0.04 54387.371245 20.327 0.034 54387.372078 20.067 0.043 54387.373745 -99.99 0.168 17.562547 0.511913
54390.365413 -99.99 0.109 54390.36708 20.427 0.029 54390.363747 -99.99 0.073 54390.36458 -99.99 1.258 54390.366247 20.389 0.174 17.562547 0.511913
54391.373708 20.419 0.107 54391.375375 20.321 0.056 54391.372041 20.302 0.057 54391.372875 20.036 0.067 54391.374541 20.178 0.261 17.562547 0.511913
54402.366173 20.736 0.26 54402.367839 20.423 0.073 54402.364506 20.446 0.069 54402.365339 20.01 0.053 54402.367006 19.986 0.13 17.562547 0.511913
