51075.353858 18.87 0.02 51075.355524 18.422 0.007 51075.352191 18.592 0.009 51075.353024 18.464 0.011 51075.354691 18.663 0.054 19.49516 0.339311
52196.373114 18.181 0.016 52196.37478 17.796 0.005 52196.371447 17.921 0.007 52196.37228 17.865 0.008 52196.373947 18.087 0.028 19.49516 0.339311
52197.367488 18.179 0.016 52197.369154 17.762 0.005 52197.365821 17.932 0.007 52197.366654 17.873 0.008 52197.368321 17.968 0.027 19.49516 0.339311
52207.339865 18.12 0.015 52207.341531 17.774 0.006 52207.338198 17.898 0.007 52207.339031 17.872 0.008 52207.340698 17.981 0.024 19.49516 0.339311
52225.217661 18.126 0.015 52225.219327 17.757 0.006 52225.215994 17.886 0.007 52225.216827 17.848 0.008 52225.218494 18.018 0.025 19.49516 0.339311
52231.253442 18.143 0.015 52231.255108 17.761 0.006 52231.251775 17.874 0.007 52231.252608 17.84 0.008 52231.254275 17.959 0.023 19.49516 0.339311
52234.224533 18.173 0.015 52234.226199 17.758 0.005 52234.222866 17.887 0.007 52234.223699 17.853 0.008 52234.225366 17.998 0.024 19.49516 0.339311
52557.361442 18.158 0.016 52557.363108 17.83 0.006 52557.359775 17.96 0.007 52557.360608 17.931 0.008 52557.362275 18.069 0.032 19.49516 0.339311
52578.25753 18.215 0.015 52578.259196 17.833 0.006 52578.255863 17.974 0.007 52578.256696 17.95 0.008 52578.258363 18.12 0.027 19.49516 0.339311
52908.336009 18.373 0.018 52908.337675 17.989 0.006 52908.334342 18.142 0.007 52908.335175 18.085 0.009 52908.336842 18.288 0.034 19.49516 0.339311
52934.267912 18.45 0.018 52934.269578 18.027 0.006 52934.266245 18.183 0.008 52934.267078 18.105 0.009 52934.268745 18.195 0.034 19.49516 0.339311
52936.263838 18.454 0.018 52936.265504 18.031 0.006 52936.262171 18.181 0.008 52936.263004 18.087 0.009 52936.264671 18.255 0.029 19.49516 0.339311
53270.327911 18.657 0.02 53270.329577 -99.99 0.046 53270.326244 18.353 0.013 53270.327077 18.231 0.02 53270.328744 18.399 0.029 19.49516 0.339311
53272.377839 18.705 0.02 53272.379505 18.206 0.007 53272.376172 18.342 0.008 53272.377005 18.248 0.009 53272.378672 18.448 0.034 19.49516 0.339311
53286.346559 18.612 0.021 53286.348225 18.185 0.007 53286.344892 18.339 0.008 53286.345725 18.237 0.009 53286.347392 18.371 0.03 19.49516 0.339311
53288.305051 18.612 0.021 53288.306717 18.187 0.007 53288.303384 18.34 0.008 53288.304217 18.26 0.01 53288.305884 18.446 0.037 19.49516 0.339311
53294.352726 18.584 0.02 53294.354392 18.168 0.006 53294.351059 18.308 0.008 53294.351892 18.203 0.009 53294.353559 18.424 0.039 19.49516 0.339311
53296.299736 18.61 0.028 53296.301402 18.174 0.019 53296.298069 18.301 0.021 53296.298902 18.215 0.014 53296.300569 18.383 0.047 19.49516 0.339311
53298.349502 18.574 0.024 53298.351168 18.173 0.007 53298.347835 18.327 0.01 53298.348668 18.2 0.011 53298.350335 18.357 0.04 19.49516 0.339311
53302.300719 18.537 0.027 53302.302385 18.131 0.01 53302.299052 18.277 0.011 53302.299885 18.196 0.011 53302.301552 18.362 0.041 19.49516 0.339311
53312.256259 18.5 0.029 53312.257926 18.119 0.022 53312.254592 18.256 0.014 53312.255426 18.181 0.016 53312.257092 18.328 0.047 19.49516 0.339311
53314.257449 18.483 0.019 53314.259115 18.089 0.006 53314.255782 18.25 0.008 53314.256615 18.17 0.009 53314.258282 18.323 0.035 19.49516 0.339311
53319.245245 18.465 0.019 53319.246911 18.065 0.006 53319.243578 18.214 0.008 53319.244411 18.165 0.009 53319.246078 18.287 0.035 19.49516 0.339311
53616.361807 18.55 0.025 53616.363473 18.128 0.007 53616.36014 18.3 0.009 53616.360973 18.155 0.01 53616.36264 18.303 0.039 19.49516 0.339311
53626.338234 18.531 0.02 53626.3399 18.126 0.007 53626.336567 18.276 0.008 53626.3374 18.188 0.009 53626.339067 18.335 0.03 19.49516 0.339311
53628.323098 18.528 0.03 53628.324764 18.116 0.01 53628.321431 18.275 0.01 53628.322264 18.182 0.01 53628.323931 18.338 0.043 19.49516 0.339311
53637.324715 18.578 0.027 53637.326381 18.097 0.008 53637.323048 18.258 0.009 53637.323881 18.168 0.01 53637.325548 18.255 0.039 19.49516 0.339311
53639.370092 18.515 0.02 53639.371758 18.091 0.007 53639.368425 18.265 0.008 53639.369258 18.159 0.009 53639.370925 18.326 0.031 19.49516 0.339311
53641.369258 18.53 0.02 53641.370924 18.092 0.007 53641.367591 18.253 0.008 53641.368424 18.179 0.009 53641.370091 18.334 0.029 19.49516 0.339311
53654.351784 18.502 0.02 53654.35345 18.092 0.006 53654.350117 18.245 0.008 53654.35095 18.153 0.009 53654.352617 18.297 0.038 19.49516 0.339311
53663.312689 18.455 0.024 53663.314355 18.069 0.008 53663.311022 18.211 0.009 53663.311855 18.141 0.01 53663.313522 18.299 0.028 19.49516 0.339311
53665.290661 -99.99 0.035 53665.292327 18.049 0.015 53665.288994 -99.99 0.013 53665.289827 18.175 0.03 53665.291494 18.227 0.041 19.49516 0.339311
53666.382784 18.47 0.026 53666.38445 18.065 0.008 53666.381117 18.213 0.009 53666.38195 18.131 0.009 53666.383617 18.299 0.031 19.49516 0.339311
53668.30229 18.442 0.021 53668.303956 18.049 0.006 53668.300623 18.208 0.008 53668.301456 18.142 0.009 53668.303123 18.301 0.035 19.49516 0.339311
53670.307141 18.509 0.021 53670.308807 18.058 0.006 53670.305474 18.219 0.008 53670.306307 18.156 0.009 53670.307974 18.28 0.036 19.49516 0.339311
53673.275128 18.48 0.019 53673.276794 18.087 0.006 53673.273461 18.243 0.008 53673.274294 18.157 0.009 53673.275961 18.371 0.035 19.49516 0.339311
53675.272016 18.531 0.02 53675.273682 18.084 0.006 53675.270349 18.237 0.008 53675.271182 18.157 0.01 53675.272849 18.286 0.034 19.49516 0.339311
53677.293047 18.479 0.019 53677.294713 18.093 0.006 53677.29138 18.233 0.008 53677.292213 18.16 0.009 53677.29388 18.279 0.026 19.49516 0.339311
53680.279713 18.509 0.019 53680.281379 18.103 0.006 53680.278046 18.25 0.008 53680.278879 18.15 0.009 53680.280546 18.326 0.029 19.49516 0.339311
53686.279146 18.592 0.036 53686.280812 18.097 0.011 53686.277479 18.281 0.013 53686.278312 18.178 0.012 53686.279979 18.32 0.039 19.49516 0.339311
53693.281607 18.559 0.03 53693.283273 18.124 0.009 53693.27994 18.268 0.009 53693.280773 18.194 0.01 53693.28244 18.358 0.033 19.49516 0.339311
53698.278997 18.562 0.022 53698.280663 18.125 0.006 53698.27733 18.275 0.008 53698.278163 18.173 0.009 53698.27983 18.375 0.036 19.49516 0.339311
53704.26493 18.634 0.024 53704.266596 18.162 0.007 53704.263263 18.289 0.008 53704.264096 18.185 0.01 53704.265763 18.349 0.035 19.49516 0.339311
53989.361037 18.494 0.035 53989.362703 18.046 0.013 53989.35937 18.227 0.017 53989.360203 18.085 0.018 53989.36187 18.306 0.037 19.49516 0.339311
53995.375646 18.403 0.019 53995.377313 18.027 0.017 53995.373979 18.174 0.014 53995.374813 18.111 0.017 53995.376479 18.299 0.027 19.49516 0.339311
54000.336444 18.433 0.037 54000.338111 18.008 0.025 54000.334777 18.162 0.018 54000.335611 18.087 0.023 54000.337277 18.248 0.039 19.49516 0.339311
54006.283221 18.392 0.02 54006.284887 -99.99 0.017 54006.281554 -99.99 0.012 54006.282387 -99.99 0.012 54006.284054 -99.99 0.023 19.49516 0.339311
54007.386556 18.365 0.019 54007.388223 18.045 0.023 54007.384889 18.14 0.016 54007.385723 18.087 0.016 54007.387389 18.263 0.031 19.49516 0.339311
54009.310321 18.42 0.024 54009.311988 18.007 0.014 54009.308654 18.153 0.017 54009.309488 18.083 0.018 54009.311154 18.257 0.031 19.49516 0.339311
54011.374888 -99.99 0.025 54011.376555 18.041 0.028 54011.373222 18.165 0.013 54011.374055 18.08 0.017 54011.375722 18.284 0.033 19.49516 0.339311
54025.373843 18.379 0.05 54025.37551 17.976 0.052 54025.372177 18.131 0.022 54025.37301 18.04 0.015 54025.374677 18.269 0.047 19.49516 0.339311
54029.304184 -99.99 0.025 54029.305851 17.965 0.021 54029.302518 18.111 0.015 54029.303351 18.056 0.024 54029.305018 18.126 0.029 19.49516 0.339311
54348.371572 18.864 0.029 54348.373239 -99.99 0.024 54348.369906 18.437 0.022 54348.370739 18.284 0.018 54348.372406 18.45 0.047 19.49516 0.339311
54358.327387 18.9 0.046 54358.329053 18.349 0.024 54358.32572 18.451 0.021 54358.326553 18.307 0.013 54358.32822 18.45 0.05 19.49516 0.339311
54359.321445 18.845 0.044 54359.323112 18.3 0.017 54359.319778 18.464 0.017 54359.320612 18.361 0.024 54359.322278 18.427 0.069 19.49516 0.339311
54365.360539 18.83 0.022 54365.362206 18.301 0.026 54365.358872 18.443 0.022 54365.359706 18.3 0.023 54365.361372 18.553 0.036 19.49516 0.339311
54381.380017 18.808 0.039 54381.381684 18.288 0.018 54381.378351 18.462 0.019 54381.379184 18.317 0.025 54381.380851 18.501 0.035 19.49516 0.339311
54384.386668 18.828 0.03 54384.388335 18.342 0.023 54384.385001 18.464 0.019 54384.385835 18.298 0.021 54384.387501 18.536 0.034 19.49516 0.339311
54386.372328 18.837 0.041 54386.373994 18.343 0.018 54386.370661 18.453 0.018 54386.371494 18.325 0.019 54386.373161 18.42 0.049 19.49516 0.339311
54388.376632 18.792 0.024 54388.378299 18.303 0.017 54388.374965 18.449 0.014 54388.375799 18.335 0.018 54388.377465 18.436 0.033 19.49516 0.339311
54392.374186 18.851 0.035 54392.375853 18.323 0.016 54392.372519 18.453 0.016 54392.373353 18.278 0.018 54392.375019 18.538 0.045 19.49516 0.339311
54403.290404 18.866 0.058 54403.292071 18.328 0.017 54403.288737 18.505 0.017 54403.289571 18.324 0.022 54403.291237 18.494 0.036 19.49516 0.339311
54404.347958 18.82 0.036 54404.349624 18.344 0.019 54404.346291 18.482 0.021 54404.347124 18.333 0.019 54404.348791 18.533 0.042 19.49516 0.339311
54405.345905 18.783 0.032 54405.347571 18.366 0.015 54405.344238 18.432 0.019 54405.345071 18.337 0.017 54405.346738 18.498 0.034 19.49516 0.339311
54406.284224 -99.99 0.028 54406.285891 18.337 0.025 54406.282558 18.482 0.017 54406.283391 18.32 0.017 54406.285058 18.465 0.028 19.49516 0.339311
54412.310031 18.813 0.033 54412.311697 18.324 0.015 54412.308364 18.459 0.015 54412.309197 18.324 0.017 54412.310864 18.504 0.052 19.49516 0.339311
