51081.295448 21.508 0.197 51081.297114 20.522 0.034 51081.293781 20.15 0.035 51081.294614 19.754 0.031 51081.296281 19.715 0.109 4.299605 -0.266863
51819.366663 21.496 0.17 51819.368329 20.585 0.029 51819.364996 20.187 0.029 51819.365829 19.688 0.026 51819.367496 19.641 0.087 4.299605 -0.266863
52558.331885 21.38 0.135 52558.333551 20.528 0.029 52558.330218 20.137 0.03 52558.331051 19.727 0.029 52558.332718 19.769 0.086 4.299605 -0.266863
52577.219387 21.396 0.145 52577.221053 20.529 0.026 52577.21772 20.156 0.027 52577.218553 19.691 0.026 52577.22022 19.886 0.135 4.299605 -0.266863
52586.222866 21.365 0.126 52586.224532 20.478 0.025 52586.221199 20.119 0.026 52586.222032 19.695 0.028 52586.223699 19.532 0.092 4.299605 -0.266863
52910.303347 20.869 0.073 52910.305013 20.236 0.02 52910.30168 19.915 0.019 52910.302513 19.545 0.02 52910.30418 19.454 0.067 4.299605 -0.266863
52931.233549 21.017 0.1 52931.235215 20.292 0.024 52931.231882 19.899 0.023 52931.232715 19.566 0.025 52931.234382 19.497 0.076 4.299605 -0.266863
52935.230513 20.832 0.079 52935.232179 20.284 0.021 52935.228846 19.919 0.022 52935.229679 19.538 0.022 52935.231346 19.458 0.071 4.299605 -0.266863
52959.17384 20.944 0.077 52959.175506 20.282 0.02 52959.172173 19.909 0.019 52959.173006 19.596 0.02 52959.174673 19.497 0.06 4.299605 -0.266863
52963.153584 20.921 0.069 52963.15525 20.273 0.019 52963.151917 19.907 0.018 52963.15275 19.533 0.018 52963.154417 19.601 0.062 4.299605 -0.266863
53352.12465 21.146 0.091 53352.126316 20.569 0.024 53352.122983 20.165 0.024 53352.123816 19.736 0.024 53352.125483 19.708 0.083 4.299605 -0.266863
53622.332952 20.936 0.136 53622.334618 20.413 0.031 53622.331285 19.961 0.033 53622.332118 19.582 0.036 53622.333785 19.607 0.12 4.299605 -0.266863
53634.282423 20.692 0.245 53634.284089 20.471 0.083 53634.280756 20.037 0.055 53634.281589 19.596 0.039 53634.283256 19.574 0.108 4.299605 -0.266863
53638.323758 20.91 0.106 53638.325424 20.419 0.028 53638.322091 20.051 0.024 53638.322924 19.675 0.023 53638.324591 19.457 0.065 4.299605 -0.266863
53655.259964 20.797 0.198 53655.26163 20.39 0.053 53655.258297 19.899 0.043 53655.25913 -99.99 0.035 53655.260797 19.606 0.128 4.299605 -0.266863
53664.284921 20.668 0.17 53664.286587 20.375 0.054 53664.283254 19.941 0.038 53664.284087 19.618 0.036 53664.285754 19.645 0.1 4.299605 -0.266863
53669.244164 -99.99 0.096 53669.24583 20.39 0.021 53669.242497 20.021 0.022 53669.24333 19.678 0.026 53669.244997 19.62 0.077 4.299605 -0.266863
53671.328935 21.15 0.164 53671.330601 20.405 0.028 53671.327268 20.043 0.031 53671.328101 19.633 0.026 53671.329768 19.646 0.102 4.299605 -0.266863
53674.228399 21.132 0.11 53674.230065 20.393 0.023 53674.226732 20.068 0.024 53674.227565 19.686 0.025 53674.229232 19.815 0.084 4.299605 -0.266863
53676.317877 20.96 0.123 53676.319543 20.361 0.023 53676.31621 20.055 0.026 53676.317043 19.673 0.023 53676.31871 19.668 0.073 4.299605 -0.266863
53679.289769 20.945 0.131 53679.291435 20.467 0.028 53679.288102 20.051 0.032 53679.288935 19.707 0.033 53679.290602 19.63 0.108 4.299605 -0.266863
53681.281281 21.042 0.126 53681.282947 20.436 0.029 53681.279614 20.016 0.026 53681.280447 19.673 0.025 53681.282114 19.705 0.092 4.299605 -0.266863
53685.240332 20.813 0.285 53685.241998 20.507 0.091 53685.238665 20.023 0.061 53685.239498 19.593 0.043 53685.241165 19.444 0.107 4.299605 -0.266863
53697.238304 21.084 0.126 53697.23997 20.386 0.025 53697.236637 19.97 0.023 53697.23747 19.636 0.024 53697.239137 19.499 0.071 4.299605 -0.266863
53700.237264 20.823 0.106 53700.23893 20.335 0.028 53700.235597 20.023 0.031 53700.23643 19.639 0.028 53700.238097 19.387 0.091 4.299605 -0.266863
53705.223933 21.028 0.111 53705.225599 20.387 0.024 53705.222266 20.025 0.023 53705.223099 19.649 0.023 53705.224766 19.475 0.061 4.299605 -0.266863
53975.308925 20.992 0.096 53975.310591 20.394 0.026 53975.307258 19.964 0.027 53975.308091 19.565 0.026 53975.309758 19.542 0.078 4.299605 -0.266863
53990.321856 -99.99 0.192 53990.323523 20.445 0.049 53990.32019 19.968 0.028 53990.321023 19.638 0.029 53990.32269 19.489 0.073 4.299605 -0.266863
53994.33193 20.996 0.079 53994.333596 20.366 0.023 53994.330263 20.01 0.022 53994.331096 19.587 0.021 53994.332763 19.687 0.074 4.299605 -0.266863
53996.315666 20.945 0.097 53996.317333 -99.99 0.039 53996.314 19.975 0.03 53996.314833 19.559 0.028 53996.3165 19.537 0.089 4.299605 -0.266863
53998.284292 21.018 0.077 53998.285958 20.408 0.026 53998.282625 19.99 0.02 53998.283458 19.609 0.021 53998.285125 19.575 0.06 4.299605 -0.266863
54005.314578 21.113 0.081 54005.316244 20.365 0.023 54005.312911 20.033 0.02 54005.313744 19.68 0.022 54005.315411 19.595 0.055 4.299605 -0.266863
54010.26978 20.98 0.096 54010.271447 -99.99 0.036 54010.268114 20.003 0.024 54010.268947 19.691 0.023 54010.270614 19.559 0.056 4.299605 -0.266863
54012.262674 20.706 0.136 54012.26434 20.476 0.055 54012.261007 19.99 0.038 54012.26184 19.668 0.037 54012.263507 19.662 0.07 4.299605 -0.266863
54020.268697 21.292 0.188 54020.270363 20.312 0.049 54020.26703 20.069 0.04 54020.267863 19.668 0.036 54020.26953 19.726 0.114 4.299605 -0.266863
54024.350224 20.94 0.128 54024.351891 20.326 0.029 54024.348557 19.954 0.029 54024.349391 19.537 0.026 54024.351057 19.85 0.129 4.299605 -0.266863
54030.262184 21.161 0.093 54030.263851 20.375 0.025 54030.260518 20.03 0.02 54030.261351 19.67 0.026 54030.263018 19.574 0.07 4.299605 -0.266863
54035.337914 -99.99 0.291 54035.33958 20.269 0.042 54035.336247 19.92 0.039 54035.33708 19.548 0.036 54035.338747 19.59 0.13 4.299605 -0.266863
54037.243431 20.99 0.081 54037.245098 20.402 0.026 54037.241765 20.018 0.024 54037.242598 19.643 0.025 54037.244265 19.649 0.065 4.299605 -0.266863
54040.257877 20.805 0.166 54040.259544 20.427 0.055 54040.256211 19.988 0.039 54040.257044 19.664 0.032 54040.258711 19.411 0.072 4.299605 -0.266863
54049.284407 -99.99 0.939 54049.286073 20.295 0.065 54049.28274 19.976 0.04 54049.283573 19.627 0.038 54049.28524 19.204 0.098 4.299605 -0.266863
54053.248674 20.927 0.09 54053.25034 20.385 0.027 54053.247007 20.046 0.023 54053.24784 19.585 0.024 54053.249507 19.667 0.074 4.299605 -0.266863
54056.250417 -99.99 0.271 54056.252084 -99.99 0.029 54056.248751 20.017 0.039 54056.249584 19.559 0.053 54056.251251 19.323 0.101 4.299605 -0.266863
54059.244721 20.99 0.161 54059.246388 -99.99 0.079 54059.243054 19.983 0.037 54059.243888 19.561 0.045 54059.245554 19.652 0.115 4.299605 -0.266863
54062.249508 -99.99 0.121 54062.251174 20.404 0.03 54062.247841 19.99 0.031 54062.248674 19.645 0.033 54062.250341 19.471 0.117 4.299605 -0.266863
54068.230164 21.124 0.309 54068.231831 20.378 0.071 54068.228497 20.052 0.049 54068.229331 19.675 0.041 54068.230997 19.896 0.147 4.299605 -0.266863
54357.287851 21.08 0.101 54357.289518 20.522 0.027 54357.286185 20.12 0.028 54357.287018 19.743 0.027 54357.288685 19.57 0.071 4.299605 -0.266863
54362.337668 21.008 0.098 54362.339334 20.484 0.022 54362.336001 -99.99 0.054 54362.336834 19.734 0.032 54362.338501 19.622 0.072 4.299605 -0.266863
54382.317869 21.229 0.141 54382.319535 20.502 0.071 54382.316202 20.122 0.03 54382.317035 19.716 0.034 54382.318702 19.498 0.089 4.299605 -0.266863
54385.335648 21.501 0.17 54385.337315 20.518 0.031 54385.333981 20.138 0.022 54385.334815 19.712 0.024 54385.336481 19.476 0.067 4.299605 -0.266863
54387.336196 21.396 0.181 54387.337862 20.554 0.034 54387.334529 20.126 0.027 54387.335362 19.671 0.029 54387.337029 19.752 0.11 4.299605 -0.266863
54392.330889 21.137 0.141 54392.332556 20.564 0.033 54392.329222 20.092 0.028 54392.330056 19.766 0.032 54392.331722 19.683 0.092 4.299605 -0.266863
54402.329357 -99.99 1.46 54402.331023 -99.99 0.072 54402.32769 20.09 0.039 54402.328523 19.834 0.037 54402.33019 19.772 0.108 4.299605 -0.266863
