51081.338152 -99.99 0.133 51081.339818 -99.99 0.029 51081.336485 20.312 0.038 51081.337318 20.297 0.055 51081.338985 19.936 0.128 19.698846 0.990255
51819.409264 -99.99 0.158 51819.41093 21.142 0.044 51819.407597 20.799 0.045 51819.40843 20.623 0.059 51819.410097 20.333 0.158 19.698846 0.990255
52558.374533 -99.99 0.117 52558.376199 20.848 0.03 52558.372866 20.571 0.034 52558.373699 20.496 0.047 52558.375366 20.076 0.111 19.698846 0.990255
52577.262039 -99.99 0.209 52577.263705 20.796 0.032 52577.260372 20.599 0.037 52577.261205 20.566 0.055 52577.262872 20.339 0.156 19.698846 0.990255
52910.345996 21.545 0.158 52910.347662 20.754 0.03 52910.344329 20.654 0.037 52910.345162 20.484 0.049 52910.346829 20.007 0.119 19.698846 0.990255
52931.276201 21.167 0.115 52931.277867 20.819 0.033 52931.274534 20.624 0.036 52931.275367 20.537 0.051 52931.277034 20.139 0.13 19.698846 0.990255
52935.273164 21.388 0.153 52935.27483 20.855 0.035 52935.271497 20.665 0.048 52935.27233 20.549 0.066 52935.273997 20.444 0.218 19.698846 0.990255
52963.196238 -99.99 0.096 52963.197904 20.887 0.03 52963.194571 20.668 0.033 52963.195404 20.526 0.044 52963.197071 20.058 0.097 19.698846 0.990255
53351.118541 -99.99 0.424 53351.120207 -99.99 0.04 53351.116874 21.015 0.074 53351.117707 -99.99 0.108 53351.119374 -99.99 0.333 19.698846 0.990255
53352.167304 22.157 0.316 53352.16897 21.122 0.039 53352.165637 20.891 0.053 53352.16647 20.891 0.088 53352.168137 20.275 0.175 19.698846 0.990255
53622.375601 23.11 0.856 53622.377267 21.237 0.061 53622.373934 20.963 0.059 53622.374767 20.83 0.088 53622.376434 20.946 0.333 19.698846 0.990255
53638.366406 -99.99 0.335 53638.368072 21.371 0.059 53638.364739 21.004 0.053 53638.365572 20.808 0.066 53638.367239 20.537 0.183 19.698846 0.990255
53640.330443 -99.99 0.262 53640.332109 21.255 0.058 53640.328776 20.888 0.05 53640.329609 20.831 0.074 53640.331276 20.812 0.269 19.698846 0.990255
53655.302615 22.018 0.32 53655.304281 21.349 0.069 53655.300948 20.944 0.065 53655.301781 20.829 0.093 53655.303448 20.72 0.282 19.698846 0.990255
53664.327571 -99.99 1.634 53664.329237 22.648 1.011 53664.325904 20.978 0.211 53664.326737 20.463 0.224 53664.328404 21.738 1.335 19.698846 0.990255
53669.286815 22.156 0.304 53669.288481 21.518 0.05 53669.285148 21.159 0.063 53669.285981 20.935 0.087 53669.287648 20.519 0.188 19.698846 0.990255
53671.371576 22.017 0.459 53671.373242 21.597 0.09 53671.369909 21.026 0.082 53671.370742 21.229 0.139 53671.372409 20.294 0.204 19.698846 0.990255
53674.271052 21.511 0.254 53674.272718 21.447 0.069 53674.269385 20.95 0.076 53674.270218 20.662 0.093 53674.271885 20.261 0.194 19.698846 0.990255
53676.360519 22.278 0.391 53676.362185 21.393 0.056 53676.358852 20.963 0.057 53676.359685 20.937 0.078 53676.361352 20.681 0.208 19.698846 0.990255
53679.332415 -99.99 2.263 53679.334081 21.275 0.066 53679.330748 21.132 0.106 53679.331581 20.807 0.111 53679.333248 20.881 0.401 19.698846 0.990255
53681.323929 22.762 0.529 53681.325595 21.446 0.054 53681.322262 21.2 0.069 53681.323095 20.913 0.079 53681.324762 20.237 0.143 19.698846 0.990255
53694.29686 -99.99 0.77 53694.298526 21.75 0.329 53694.295193 -99.99 0.191 53694.296026 -99.99 0.22 53694.297693 -99.99 0.266 19.698846 0.990255
53697.280953 24.049 1.746 53697.282619 21.445 0.086 53697.279286 21.045 0.103 53697.280119 21.034 0.149 53697.281786 20.465 0.2 19.698846 0.990255
53700.27991 21.493 0.313 53700.281576 21.243 0.074 53700.278243 20.822 0.082 53700.279076 20.706 0.119 53700.280743 20.329 0.295 19.698846 0.990255
53705.266581 22.612 0.493 53705.268247 21.573 0.057 53705.264914 21.223 0.065 53705.265747 21.188 0.09 53705.267414 20.673 0.17 19.698846 0.990255
53975.351575 21.357 0.144 53975.353241 21.043 0.037 53975.349908 20.819 0.04 53975.350741 20.787 0.063 53975.352408 20.412 0.186 19.698846 0.990255
53990.364408 21.675 0.311 53990.366074 21.022 0.08 53990.362741 20.852 0.072 53990.363574 20.801 0.086 53990.365241 20.962 0.405 19.698846 0.990255
53996.358349 21.704 0.199 53996.360016 20.994 0.033 53996.356683 20.76 0.042 53996.357516 20.651 0.069 53996.359183 20.248 0.261 19.698846 0.990255
54010.312443 21.418 0.115 54010.314109 21.114 0.034 54010.310776 20.923 0.044 54010.311609 20.706 0.056 54010.313276 -99.99 0.13 19.698846 0.990255
54012.30527 21.807 0.405 54012.306937 20.99 0.084 54012.303603 20.801 0.073 54012.304437 20.636 0.084 54012.306103 21.037 0.371 19.698846 0.990255
54020.311248 22.324 0.482 54020.312915 21.007 0.064 54020.309581 20.818 0.059 54020.310415 20.631 0.074 54020.312081 20.299 0.192 19.698846 0.990255
54024.392842 21.681 0.269 54024.394509 21.067 0.055 54024.391175 20.857 0.059 54024.392009 20.577 0.072 54024.393675 20.258 0.266 19.698846 0.990255
54028.381219 22.523 0.482 54028.382885 21.061 0.038 54028.379552 20.815 0.062 54028.380385 20.738 0.081 54028.382052 20.622 0.216 19.698846 0.990255
54030.304827 22.227 0.247 54030.306493 21.09 0.033 54030.30316 20.82 0.04 54030.303993 20.759 0.065 54030.30566 20.435 0.159 19.698846 0.990255
54035.380554 -99.99 0.345 54035.382221 21.178 0.059 54035.378887 20.819 0.086 54035.379721 20.498 0.083 54035.381387 20.363 0.202 19.698846 0.990255
54037.286078 21.724 0.146 54037.287745 21.05 0.03 54037.284412 20.851 0.038 54037.285245 20.731 0.053 54037.286912 20.796 0.18 19.698846 0.990255
54040.300597 22.705 0.79 54040.302264 21.131 0.085 54040.29893 21.041 0.096 54040.299764 20.691 0.092 54040.30143 20.654 0.243 19.698846 0.990255
54049.327167 22.05 0.605 54049.328834 21.123 0.099 54049.325501 20.865 0.078 54049.326334 20.692 0.089 54049.328001 20.389 0.214 19.698846 0.990255
54053.291402 21.58 0.179 54053.293069 21.086 0.034 54053.289735 20.705 0.044 54053.290569 20.753 0.069 54053.292235 20.301 0.147 19.698846 0.990255
54056.292994 22.876 0.81 54056.294661 20.983 0.043 54056.291328 20.825 0.066 54056.292161 20.693 0.079 54056.293828 20.619 0.241 19.698846 0.990255
54059.287269 -99.99 0.256 54059.288935 21.112 0.049 54059.285602 20.809 0.057 54059.286435 20.773 0.083 54059.288102 20.387 0.327 19.698846 0.990255
54061.298348 -99.99 0.24 54061.300014 20.986 0.049 54061.296681 20.89 0.077 54061.297514 20.683 0.1 54061.299181 20.195 0.171 19.698846 0.990255
54062.292186 22.04 0.262 54062.293852 21.106 0.043 54062.290519 20.93 0.05 54062.291352 20.618 0.058 54062.293019 20.185 0.137 19.698846 0.990255
54068.272929 21.238 0.286 54068.274596 20.915 0.088 54068.271263 20.695 0.078 54068.272096 20.707 0.097 54068.273763 20.695 1 19.698846 0.990255
54357.33049 21.449 0.127 54357.332156 20.771 0.028 54357.328823 20.67 0.028 54357.329656 20.562 0.04 54357.331323 20.108 0.091 19.698846 0.990255
54362.38029 -99.99 0.122 54362.381956 20.858 0.028 54362.378623 20.655 0.034 54362.379456 20.449 0.045 54362.381123 20.383 0.143 19.698846 0.990255
54376.375374 21.072 0.15 54376.37704 20.807 0.039 54376.373707 20.631 0.043 54376.37454 20.528 0.062 54376.376207 20.473 0.176 19.698846 0.990255
54382.360501 21.153 0.177 54382.362168 20.819 0.042 54382.358834 20.548 0.053 54382.359668 20.667 0.101 54382.361334 20.487 0.203 19.698846 0.990255
54385.378289 21.514 0.147 54385.379956 20.815 0.03 54385.376622 20.616 0.034 54385.377456 20.56 0.047 54385.379122 20.308 0.105 19.698846 0.990255
54387.378785 21.343 0.219 54387.380452 20.836 0.05 54387.377118 20.565 0.057 54387.377952 20.513 0.073 54387.379618 20.115 0.198 19.698846 0.990255
54390.371225 -99.99 0.252 54390.372892 20.714 0.037 54390.369558 -99.99 0.178 54390.370392 -99.99 99.999 54390.372058 -99.99 0.681 19.698846 0.990255
54391.37961 21.482 0.31 54391.381276 20.719 0.046 54391.377943 20.516 0.066 54391.378776 20.541 0.099 54391.380443 20.869 0.988 19.698846 0.990255
54402.372112 -99.99 0.261 54402.373778 -99.99 0.09 54402.370445 -99.99 0.087 54402.371278 20.732 0.109 54402.372945 20.282 0.189 19.698846 0.990255
