51081.283915 20.22 0.072 51081.285581 19.867 0.022 51081.282248 19.494 0.021 51081.283081 19.365 0.03 51081.284748 -99.99 0.095 0.13279 1.051465
52196.300736 20.525 0.068 52196.302402 20.107 0.019 52196.299069 19.637 0.017 52196.299902 19.548 0.024 52196.301569 19.525 0.074 0.13279 1.051465
52197.313842 20.558 0.072 52197.315508 20.123 0.019 52197.312175 19.65 0.018 52197.313008 19.598 0.026 52197.314675 19.582 0.087 0.13279 1.051465
52225.164031 20.487 0.067 52225.165697 20.116 0.018 52225.162364 19.651 0.018 52225.163197 19.572 0.024 52225.164864 19.538 0.079 0.13279 1.051465
52231.199814 20.454 0.059 52231.20148 20.136 0.018 52231.198147 19.648 0.017 52231.19898 19.579 0.022 52231.200647 19.497 0.064 0.13279 1.051465
52253.185985 20.5 0.117 52253.187651 20.133 0.028 52253.184318 19.717 0.026 52253.185151 19.633 0.034 52253.186818 -99.99 0.119 0.13279 1.051465
52557.307816 20.224 0.063 52557.309482 19.956 0.019 52557.306149 19.54 0.019 52557.306982 19.468 0.028 52557.308649 19.431 0.084 0.13279 1.051465
52558.320345 20.215 0.06 52558.322011 19.853 0.019 52558.318678 19.533 0.016 52558.319511 19.497 0.021 52558.321178 -99.99 0.072 0.13279 1.051465
52577.207847 20.291 0.054 52577.209513 19.919 0.016 52577.20618 19.523 0.017 52577.207013 19.451 0.025 52577.20868 19.453 0.083 0.13279 1.051465
52578.203901 20.483 0.067 52578.205567 19.98 0.018 52578.202234 19.536 0.016 52578.203067 19.492 0.021 52578.204734 19.518 0.082 0.13279 1.051465
52586.211324 20.454 0.063 52586.21299 19.944 0.017 52586.209657 19.536 0.02 52586.21049 19.461 0.027 52586.212157 19.551 0.098 0.13279 1.051465
52908.282384 20.302 0.065 52908.28405 19.847 0.017 52908.280717 19.426 0.016 52908.28155 19.485 0.024 52908.283217 19.53 0.082 0.13279 1.051465
52910.291806 20.344 0.054 52910.293472 19.83 0.018 52910.290139 19.423 0.017 52910.290972 19.366 0.022 52910.292639 19.42 0.07 0.13279 1.051465
52911.296171 20.07 0.065 52911.297837 19.836 0.02 52911.294504 19.489 0.019 52911.295337 19.419 0.028 52911.297004 19.586 0.105 0.13279 1.051465
52930.173543 20.258 0.06 52930.175209 19.836 0.017 52930.171876 19.493 0.016 52930.172709 19.444 0.024 52930.174376 19.415 0.074 0.13279 1.051465
52931.222008 20.259 0.061 52931.223674 19.849 0.018 52931.220341 19.454 0.017 52931.221174 19.425 0.023 52931.222841 19.293 0.076 0.13279 1.051465
52934.214285 20.252 0.065 52934.215951 19.888 0.019 52934.212618 19.518 0.02 52934.213451 19.458 0.025 52934.215118 19.432 0.083 0.13279 1.051465
52935.218971 20.257 0.054 52935.220637 19.9 0.016 52935.217304 19.44 0.016 52935.218137 19.487 0.025 52935.219804 19.346 0.075 0.13279 1.051465
52936.210211 20.225 0.051 52936.211877 19.949 0.016 52936.208544 19.507 0.016 52936.209377 19.449 0.024 52936.211044 19.335 0.057 0.13279 1.051465
52959.1623 20.463 0.054 52959.163966 19.921 0.015 52959.160633 19.493 0.016 52959.161466 19.43 0.022 52959.163133 19.251 0.05 0.13279 1.051465
52962.135732 20.406 0.071 52962.137398 19.982 0.018 52962.134065 19.502 0.02 52962.134898 19.462 0.026 52962.136565 19.511 0.081 0.13279 1.051465
52963.142044 20.37 0.051 52963.14371 19.931 0.016 52963.140377 19.462 0.019 52963.14121 19.432 0.022 52963.142877 19.284 0.056 0.13279 1.051465
53270.274285 20.212 0.062 53270.275952 19.879 0.02 53270.272619 19.422 0.025 53270.273452 19.413 0.022 53270.275119 19.375 0.061 0.13279 1.051465
53272.324214 20.222 0.07 53272.32588 19.894 0.024 53272.322547 19.526 0.02 53272.32338 19.524 0.026 53272.325047 19.422 0.072 0.13279 1.051465
53286.292933 20.312 0.074 53286.294599 19.984 0.019 53286.291266 19.523 0.019 53286.292099 19.543 0.026 53286.293766 19.549 0.082 0.13279 1.051465
53288.251426 20.438 0.077 53288.253092 19.914 0.016 53288.249759 19.531 0.015 53288.250592 19.417 0.02 53288.252259 19.433 0.064 0.13279 1.051465
53302.247092 20.271 0.104 53302.248758 19.879 0.034 53302.245425 19.563 0.028 53302.246258 19.442 0.033 53302.247925 19.449 0.08 0.13279 1.051465
53312.202645 20.271 0.072 53312.204311 19.897 0.023 53312.200978 19.55 0.023 53312.201811 19.531 0.032 53312.203478 19.529 0.096 0.13279 1.051465
53313.212172 20.535 0.104 53313.213838 19.884 0.021 53313.210505 19.512 0.022 53313.211338 19.473 0.034 53313.213005 19.697 0.142 0.13279 1.051465
53314.20382 20.29 0.061 53314.205486 19.907 0.017 53314.202153 19.535 0.019 53314.202986 19.489 0.026 53314.204653 19.532 0.083 0.13279 1.051465
53352.113109 20.418 0.057 53352.114775 20.045 0.016 53352.111442 19.485 0.016 53352.112275 19.432 0.025 53352.113942 19.446 0.083 0.13279 1.051465
53616.308187 -99.99 0.599 53616.309853 19.853 0.045 53616.30652 -99.99 0.049 53616.307353 -99.99 0.313 53616.30902 -99.99 0.691 0.13279 1.051465
53623.298398 20.375 0.087 53623.300064 19.831 0.022 53623.296731 19.462 0.017 53623.297564 19.438 0.028 53623.299231 19.312 0.071 0.13279 1.051465
53626.28461 20.149 0.057 53626.286276 19.849 0.021 53626.282943 19.502 0.018 53626.283776 19.429 0.023 53626.285443 19.368 0.067 0.13279 1.051465
53628.269475 20.125 0.121 53628.271141 19.908 0.038 53628.267808 19.486 0.026 53628.268641 19.398 0.03 53628.270308 19.454 0.087 0.13279 1.051465
53634.270883 20.147 0.146 53634.272549 19.88 0.048 53634.269216 19.465 0.031 53634.270049 19.411 0.036 53634.271716 -99.99 0.088 0.13279 1.051465
53637.271091 20.313 0.108 53637.272757 19.78 0.027 53637.269424 19.365 0.023 53637.270257 19.267 0.033 53637.271924 19.076 0.089 0.13279 1.051465
53638.312219 20.272 0.066 53638.313885 19.865 0.018 53638.310552 19.403 0.017 53638.311385 19.4 0.024 53638.313052 19.207 0.059 0.13279 1.051465
53639.316469 20.333 0.069 53639.318135 19.872 0.02 53639.314802 19.491 0.019 53639.315635 19.452 0.024 53639.317302 19.493 0.07 0.13279 1.051465
53644.263538 20.281 0.068 53644.265204 19.866 0.022 53644.261871 19.466 0.025 53644.262704 19.368 0.022 53644.264371 19.399 0.06 0.13279 1.051465
53654.29816 20.346 0.069 53654.299826 19.93 0.017 53654.296493 19.518 0.016 53654.297326 19.446 0.022 53654.298993 19.375 0.071 0.13279 1.051465
53655.248424 20.385 0.172 53655.25009 19.817 0.034 53655.246757 19.447 0.036 53655.24759 19.298 0.037 53655.249257 19.305 0.122 0.13279 1.051465
53656.245755 20.343 0.135 53656.247421 19.978 0.042 53656.244088 19.507 0.029 53656.244921 19.422 0.032 53656.246588 19.379 0.086 0.13279 1.051465
53663.259065 20.221 0.095 53663.260731 19.931 0.028 53663.257398 19.51 0.021 53663.258231 19.471 0.024 53663.259898 19.456 0.063 0.13279 1.051465
53664.27338 20.293 0.108 53664.275046 19.934 0.033 53664.271713 19.458 0.025 53664.272546 19.404 0.029 53664.274213 19.212 0.074 0.13279 1.051465
53665.237033 -99.99 2.384 53665.238699 -99.99 1.696 53665.235366 -99.99 0.084 53665.236199 -99.99 0.564 53665.237866 -99.99 0.367 0.13279 1.051465
53666.236983 20.361 0.07 53666.238649 19.949 0.021 53666.235316 19.486 0.018 53666.236149 19.488 0.025 53666.237816 19.345 0.073 0.13279 1.051465
53668.248665 20.214 0.087 53668.250331 19.945 0.022 53668.246998 19.502 0.022 53668.247831 19.55 0.038 53668.249498 19.39 0.105 0.13279 1.051465
53669.232622 20.411 0.058 53669.234288 19.92 0.015 53669.230955 19.455 0.015 53669.231788 19.396 0.021 53669.233455 19.245 0.061 0.13279 1.051465
53670.253516 20.389 0.067 53670.255182 19.883 0.019 53670.251849 19.527 0.019 53670.252682 19.451 0.025 53670.254349 19.379 0.068 0.13279 1.051465
53671.317395 20.255 0.091 53671.319061 19.939 0.021 53671.315728 19.508 0.022 53671.316561 19.424 0.028 53671.318228 19.327 0.078 0.13279 1.051465
53673.221501 20.262 0.06 53673.223167 19.909 0.018 53673.219834 19.514 0.018 53673.220667 19.418 0.023 53673.222334 19.532 0.076 0.13279 1.051465
53674.216859 20.32 0.068 53674.218525 19.895 0.018 53674.215192 19.466 0.017 53674.216025 19.433 0.024 53674.217692 19.325 0.069 0.13279 1.051465
53675.218389 20.456 0.074 53675.220055 19.929 0.017 53675.216722 19.517 0.02 53675.217555 19.487 0.026 53675.219222 19.507 0.084 0.13279 1.051465
53676.306337 20.381 0.081 53676.308003 19.978 0.018 53676.30467 19.484 0.017 53676.305503 19.447 0.022 53676.30717 19.412 0.066 0.13279 1.051465
53677.23942 20.284 0.055 53677.241086 19.878 0.015 53677.237753 19.499 0.015 53677.238586 19.436 0.019 53677.240253 19.422 0.054 0.13279 1.051465
53679.278228 20.23 0.075 53679.279894 19.945 0.019 53679.276561 19.428 0.022 53679.277394 19.426 0.032 53679.279061 19.454 0.096 0.13279 1.051465
53680.226086 20.464 0.069 53680.227752 19.932 0.016 53680.224419 19.522 0.016 53680.225252 19.47 0.021 53680.226919 19.345 0.059 0.13279 1.051465
53681.26974 20.394 0.075 53681.271406 19.889 0.018 53681.268073 19.456 0.019 53681.268906 19.406 0.024 53681.270573 19.383 0.064 0.13279 1.051465
53685.228791 20.238 0.187 53685.230457 19.968 0.073 53685.227124 19.441 0.042 53685.227957 19.433 0.051 53685.229624 19.478 0.127 0.13279 1.051465
53693.227983 20.36 0.134 53693.229649 19.901 0.031 53693.226316 19.541 0.025 53693.227149 19.484 0.028 53693.228816 19.44 0.07 0.13279 1.051465
53694.24267 19.898 0.173 53694.244336 -99.99 0.07 53694.241003 19.671 0.048 53694.241836 -99.99 0.048 53694.243503 19.559 0.159 0.13279 1.051465
53697.226765 20.428 0.084 53697.228431 19.867 0.021 53697.225098 19.506 0.028 53697.225931 19.363 0.026 53697.227598 19.289 0.073 0.13279 1.051465
53698.225374 20.209 0.128 53698.22704 20.011 0.034 53698.223707 19.616 0.03 53698.22454 -99.99 0.028 53698.226207 -99.99 0.144 0.13279 1.051465
53700.225724 20.741 0.105 53700.22739 19.96 0.02 53700.224057 19.507 0.018 53700.22489 19.421 0.024 53700.226557 19.437 0.081 0.13279 1.051465
53704.211308 20.334 0.07 53704.212974 19.892 0.017 53704.209641 19.499 0.017 53704.210474 19.467 0.026 53704.212141 19.332 0.071 0.13279 1.051465
53705.212394 20.425 0.073 53705.21406 19.915 0.018 53705.210727 19.487 0.017 53705.21156 19.443 0.023 53705.213227 19.33 0.062 0.13279 1.051465
53974.303962 20.19 0.051 53974.305629 19.755 0.023 53974.302295 19.384 0.014 53974.303129 19.314 0.022 53974.304795 -99.99 0.054 0.13279 1.051465
53975.297421 20.323 0.062 53975.299087 19.713 0.032 53975.295754 19.405 0.02 53975.296587 19.265 0.036 53975.298254 19.157 0.067 0.13279 1.051465
53989.307358 19.944 0.078 53989.309025 19.683 0.033 53989.305691 19.293 0.022 53989.306525 19.277 0.025 53989.308191 19.221 0.059 0.13279 1.051465
53993.365213 20.05 0.069 53993.36688 19.741 0.021 53993.363546 19.324 0.019 53993.36438 19.328 0.025 53993.366046 19.401 0.09 0.13279 1.051465
53994.320385 20.198 0.048 53994.322051 19.731 0.02 53994.318718 19.29 0.02 53994.319551 19.293 0.024 53994.321218 19.285 0.067 0.13279 1.051465
53996.304149 20.175 0.057 53996.305815 19.712 0.021 53996.302482 19.334 0.02 53996.303315 19.311 0.023 53996.304982 19.204 0.064 0.13279 1.051465
53997.40301 20.076 0.061 53997.404677 19.742 0.021 53997.401343 19.421 0.022 53997.402177 -99.99 0.024 53997.403843 -99.99 0.06 0.13279 1.051465
53998.272953 20.914 0.904 53998.27462 -99.99 0.078 53998.271287 -99.99 0.028 53998.27212 -99.99 0.139 53998.273787 -99.99 0.537 0.13279 1.051465
54000.282771 20.123 0.091 54000.284437 19.741 0.026 54000.281104 19.413 0.02 54000.281937 19.292 0.027 54000.283604 19.426 0.086 0.13279 1.051465
54005.303024 20.109 0.044 54005.30469 19.727 0.019 54005.301357 19.305 0.017 54005.30219 19.298 0.02 54005.303857 19.259 0.057 0.13279 1.051465
54007.332921 -99.99 0.054 54007.334588 19.789 0.016 54007.331255 19.426 0.021 54007.332088 19.398 0.022 54007.333755 19.265 0.06 0.13279 1.051465
54009.256721 -99.99 0.061 54009.258387 19.732 0.021 54009.255054 19.355 0.021 54009.255887 19.309 0.025 54009.257554 19.238 0.061 0.13279 1.051465
54010.258262 20.15 0.057 54010.259929 19.743 0.024 54010.256596 19.342 0.018 54010.257429 19.284 0.023 54010.259096 -99.99 0.058 0.13279 1.051465
54011.321181 20.113 0.055 54011.322848 19.723 0.021 54011.319514 19.371 0.018 54011.320348 19.3 0.022 54011.322014 19.307 0.05 0.13279 1.051465
54012.25109 20.278 0.116 54012.252757 19.775 0.033 54012.249423 19.386 0.028 54012.250257 19.325 0.03 54012.251923 19.276 0.073 0.13279 1.051465
54019.271404 20.222 0.066 54019.273071 19.744 0.02 54019.269737 19.367 0.024 54019.270571 19.371 0.022 54019.272237 -99.99 0.052 0.13279 1.051465
54020.257058 20.17 0.095 54020.258725 19.694 0.062 54020.255391 -99.99 0.028 54020.256225 19.27 0.03 54020.257891 -99.99 0.281 0.13279 1.051465
54024.338654 20.108 0.074 54024.34032 19.712 0.023 54024.336987 19.416 0.021 54024.33782 19.32 0.029 54024.339487 19.343 0.079 0.13279 1.051465
54025.320191 20.308 0.067 54025.321858 19.737 0.022 54025.318525 19.364 0.017 54025.319358 19.356 0.024 54025.321025 19.286 0.069 0.13279 1.051465
54028.247453 20.259 0.06 54028.24912 19.733 0.019 54028.245787 19.313 0.02 54028.24662 19.329 0.028 54028.248287 19.276 0.07 0.13279 1.051465
54029.250575 -99.99 0.053 54029.252242 19.792 0.028 54029.248908 19.373 0.021 54029.249742 19.353 0.025 54029.251408 19.425 0.083 0.13279 1.051465
54030.250631 20.109 0.046 54030.252297 19.764 0.023 54030.248964 19.39 0.02 54030.249797 19.297 0.025 54030.251464 19.213 0.058 0.13279 1.051465
54035.326417 20.157 0.082 54035.328083 19.797 0.026 54035.32475 19.339 0.023 54035.325583 19.294 0.028 54035.32725 19.379 0.114 0.13279 1.051465
54037.231863 20.097 0.055 54037.23353 19.744 0.017 54037.230197 19.329 0.02 54037.23103 19.253 0.027 54037.232697 19.124 0.061 0.13279 1.051465
54040.246369 20.095 0.088 54040.248035 19.748 0.034 54040.244702 19.304 0.027 54040.245535 19.245 0.032 54040.247202 19.115 0.067 0.13279 1.051465
54047.276883 -99.99 0.191 54047.278549 19.778 0.079 54047.275216 19.357 0.045 54047.276049 19.306 0.041 54047.277716 19.212 0.099 0.13279 1.051465
54049.272807 20.145 0.119 54049.274473 19.808 0.04 54049.27114 19.352 0.028 54049.271973 19.282 0.031 54049.27364 19.23 0.078 0.13279 1.051465
54053.237115 20.113 0.059 54053.238781 19.744 0.024 54053.235448 19.299 0.022 54053.236281 19.308 0.023 54053.237948 19.23 0.062 0.13279 1.051465
54056.238818 20.254 0.097 54056.240485 19.733 0.024 54056.237151 19.258 0.021 54056.237985 19.298 0.056 54056.239651 19.219 0.08 0.13279 1.051465
54062.238046 20.35 0.105 54062.239713 19.721 0.031 54062.236379 19.329 0.021 54062.237213 19.226 0.03 54062.238879 19.128 0.085 0.13279 1.051465
54068.218565 20.33 0.129 54068.220231 19.748 0.037 54068.216898 19.329 0.03 54068.217731 19.302 0.036 54068.219398 19.32 0.085 0.13279 1.051465
54348.317944 20.118 0.054 54348.31961 19.73 0.021 54348.316277 19.341 0.019 54348.31711 19.302 0.023 54348.318777 19.209 0.059 0.13279 1.051465
54357.276338 -99.99 0.053 54357.278004 19.677 0.019 54357.274671 19.284 0.019 54357.275504 19.267 0.027 54357.277171 19.217 0.055 0.13279 1.051465
54358.273762 19.964 0.069 54358.275429 19.694 0.024 54358.272096 19.359 0.024 54358.272929 19.333 0.024 54358.274596 -99.99 0.08 0.13279 1.051465
54359.267824 19.908 0.076 54359.269491 19.72 0.024 54359.266158 19.324 0.023 54359.266991 19.255 0.033 54359.268658 19.368 0.127 0.13279 1.051465
54362.326101 20.104 0.055 54362.327768 -99.99 0.022 54362.324434 -99.99 0.32 54362.325268 19.274 0.04 54362.326934 19.269 0.066 0.13279 1.051465
54365.306831 20.103 0.054 54365.308498 19.749 0.022 54365.305165 19.416 0.021 54365.305998 19.351 0.025 54365.307665 19.306 0.057 0.13279 1.051465
54373.38106 20.331 0.26 54373.382727 19.77 0.045 54373.379393 19.401 0.033 54373.380227 19.297 0.036 54373.381893 19.499 0.107 0.13279 1.051465
54381.326418 20.132 0.054 54381.328084 19.663 0.019 54381.324751 19.335 0.018 54381.325584 19.285 0.02 54381.327251 19.277 0.054 0.13279 1.051465
54382.306371 20.162 0.066 54382.308038 19.717 0.023 54382.304705 19.33 0.021 54382.305538 19.267 0.025 54382.307205 19.269 0.07 0.13279 1.051465
54385.3241 20.261 0.057 54385.325766 19.713 0.023 54385.322433 19.288 0.026 54385.323266 19.235 0.022 54385.324933 19.299 0.064 0.13279 1.051465
54386.31874 20.022 0.072 54386.320407 19.736 0.024 54386.317074 19.35 0.02 54386.317907 19.257 0.026 54386.319574 19.334 0.061 0.13279 1.051465
54387.324589 20.132 0.069 54387.326256 19.706 0.018 54387.322923 19.306 0.021 54387.323756 19.262 0.028 54387.325423 19.268 0.068 0.13279 1.051465
54388.322979 20.118 0.05 54388.324645 19.728 0.024 54388.321312 19.329 0.02 54388.322145 19.318 0.022 54388.323812 19.218 0.048 0.13279 1.051465
54392.319392 20.106 0.072 54392.321058 19.728 0.021 54392.317725 19.264 0.02 54392.318558 19.24 0.026 54392.320225 19.303 0.073 0.13279 1.051465
54402.317762 20.126 0.152 54402.319429 19.711 0.034 54402.316095 19.292 0.027 54402.316929 19.32 0.037 54402.318595 19.346 0.075 0.13279 1.051465
54403.236791 20.401 0.145 54403.238457 19.754 0.03 54403.235124 19.367 0.02 54403.235957 19.345 0.024 54403.237624 -99.99 0.099 0.13279 1.051465
54404.294314 19.935 0.067 54404.295981 19.687 0.022 54404.292648 19.331 0.017 54404.293481 19.278 0.021 54404.295148 19.22 0.05 0.13279 1.051465
54405.292295 19.996 0.066 54405.293961 19.793 0.029 54405.290628 19.323 0.02 54405.291461 19.292 0.02 54405.293128 19.331 0.058 0.13279 1.051465
54406.230586 19.978 0.04 54406.232253 19.786 0.017 54406.228919 19.337 0.018 54406.229753 19.266 0.022 54406.231419 19.119 0.046 0.13279 1.051465
54412.233523 -99.99 0.079 54412.235189 19.676 0.022 54412.231856 19.383 0.02 54412.232689 -99.99 0.024 54412.234356 -99.99 0.086 0.13279 1.051465
