51081.328056 20.484 0.076 51081.329722 19.894 0.02 51081.326389 19.612 0.021 51081.327222 19.362 0.024 51081.328889 19.196 0.068 15.994865 0.928158
51819.399143 20.297 0.064 51819.400809 19.577 0.015 51819.397476 19.41 0.017 51819.398309 19.134 0.021 51819.399976 19.042 0.052 15.994865 0.928158
52558.364275 20.722 0.1 52558.365941 19.883 0.019 52558.362608 19.565 0.02 52558.363441 19.349 0.024 52558.365108 19.186 0.06 15.994865 0.928158
52577.251779 20.645 0.075 52577.253445 19.932 0.017 52577.250112 19.667 0.019 52577.250945 19.397 0.021 52577.252612 19.262 0.057 15.994865 0.928158
52586.255259 20.585 0.071 52586.256925 19.955 0.017 52586.253592 19.698 0.02 52586.254425 19.379 0.025 52586.256092 19.294 0.084 15.994865 0.928158
52910.335738 20.616 0.067 52910.337404 19.855 0.015 52910.334071 19.622 0.016 52910.334904 19.384 0.019 52910.336571 19.322 0.06 15.994865 0.928158
52931.265942 20.566 0.07 52931.267608 19.826 0.016 52931.264275 19.59 0.018 52931.265108 19.308 0.021 52931.266775 19.338 0.067 15.994865 0.928158
52935.262906 20.681 0.081 52935.264572 19.821 0.018 52935.261239 19.641 0.02 52935.262072 19.382 0.027 52935.263739 19.311 0.081 15.994865 0.928158
52959.206235 20.479 0.067 52959.207901 19.868 0.018 52959.204568 19.644 0.016 52959.205401 19.376 0.019 52959.207068 19.33 0.065 15.994865 0.928158
52963.185979 20.541 0.06 52963.187645 19.866 0.015 52963.184312 19.652 0.016 52963.185145 19.394 0.019 52963.186812 19.386 0.059 15.994865 0.928158
53352.157045 20.693 0.083 53352.158711 19.889 0.016 53352.155378 19.72 0.021 53352.156211 19.445 0.025 53352.157878 19.371 0.076 15.994865 0.928158
53622.365343 20.482 0.099 53622.367009 19.959 0.02 53622.363676 19.773 0.024 53622.364509 19.482 0.026 53622.366176 19.538 0.095 15.994865 0.928158
53634.314813 20.612 0.211 53634.316479 19.988 0.05 53634.313146 19.828 0.039 53634.313979 19.565 0.036 53634.315646 -99.99 0.07 15.994865 0.928158
53638.356148 20.655 0.093 53638.357814 20.042 0.022 53638.354481 19.842 0.022 53638.355314 19.513 0.025 53638.356981 19.485 0.073 15.994865 0.928158
53640.320185 20.751 0.112 53640.321851 19.996 0.02 53640.318518 19.743 0.02 53640.319351 19.45 0.024 53640.321018 19.327 0.067 15.994865 0.928158
53655.292356 20.822 0.118 53655.294022 20.025 0.024 53655.290689 19.818 0.028 53655.291522 19.474 0.029 53655.293189 19.248 0.078 15.994865 0.928158
53664.317312 20.742 0.174 53664.318978 20.038 0.041 53664.315645 19.727 0.032 53664.316478 19.5 0.032 53664.318145 19.381 0.08 15.994865 0.928158
53669.276556 20.485 0.069 53669.278222 20.002 0.018 53669.274889 19.733 0.017 53669.275722 19.478 0.022 53669.277389 19.301 0.067 15.994865 0.928158
53671.361319 20.537 0.103 53671.362985 19.901 0.02 53671.359652 19.726 0.024 53671.360485 19.449 0.027 53671.362152 19.318 0.071 15.994865 0.928158
53674.260793 20.62 0.095 53674.262459 19.975 0.019 53674.259126 19.763 0.023 53674.259959 19.435 0.025 53674.261626 19.428 0.078 15.994865 0.928158
53676.350262 20.634 0.096 53676.351928 19.935 0.018 53676.348595 19.68 0.02 53676.349428 19.457 0.022 53676.351095 19.324 0.061 15.994865 0.928158
53679.322157 20.711 0.112 53679.323823 19.96 0.02 53679.32049 19.635 0.023 53679.321323 19.472 0.028 53679.32299 19.227 0.081 15.994865 0.928158
53681.313671 20.412 0.12 53681.315337 19.903 0.025 53681.312004 19.68 0.042 53681.312837 19.439 0.035 53681.314504 19.261 0.102 15.994865 0.928158
53685.272724 20.308 0.13 53685.27439 19.925 0.044 53685.271057 19.724 0.038 53685.27189 19.407 0.034 53685.273557 19.359 0.079 15.994865 0.928158
53694.2866 22.256 1.241 53694.288266 20.046 0.069 53694.284933 19.746 0.046 53694.285766 19.464 0.044 53694.287433 -99.99 0.149 15.994865 0.928158
53697.270695 -99.99 0.094 53697.272361 19.893 0.022 53697.269028 19.719 0.022 53697.269861 19.395 0.024 53697.271528 19.489 0.074 15.994865 0.928158
53700.269653 20.815 0.138 53700.271319 19.978 0.021 53700.267986 19.739 0.026 53700.268819 19.46 0.03 53700.270486 19.451 0.094 15.994865 0.928158
53705.256323 20.755 0.101 53705.257989 19.918 0.018 53705.254656 19.699 0.02 53705.255489 19.402 0.022 53705.257156 19.261 0.054 15.994865 0.928158
53975.341414 20.777 0.09 53975.34308 20.061 0.026 53975.339747 19.902 0.028 53975.34058 19.473 0.026 53975.342247 19.441 0.078 15.994865 0.928158
53990.354319 20.919 0.163 53990.355986 20.025 0.035 53990.352653 19.816 0.03 53990.353486 19.497 0.031 53990.355153 -99.99 0.083 15.994865 0.928158
53994.364359 20.879 0.077 53994.366026 20.054 0.023 53994.362693 19.806 0.019 53994.363526 19.514 0.023 53994.365193 19.306 0.056 15.994865 0.928158
53996.34808 20.784 0.085 53996.349747 20.032 0.026 53996.346413 19.778 0.023 53996.347247 19.412 0.026 53996.348913 19.324 0.073 15.994865 0.928158
54010.302232 20.703 0.07 54010.303899 20.106 0.024 54010.300565 19.87 0.021 54010.301399 19.526 0.023 54010.303065 -99.99 0.06 15.994865 0.928158
54012.295276 20.951 0.164 54012.296943 20.073 0.038 54012.293609 19.823 0.029 54012.294443 19.511 0.028 54012.296109 -99.99 0.073 15.994865 0.928158
54020.301161 20.778 0.135 54020.302828 20.025 0.027 54020.299495 19.835 0.026 54020.300328 19.561 0.032 54020.301995 19.509 0.108 15.994865 0.928158
54024.38268 20.796 0.114 54024.384346 20.119 0.032 54024.381013 19.847 0.025 54024.381846 19.535 0.031 54024.383513 19.268 0.074 15.994865 0.928158
54028.370936 -99.99 0.148 54028.372603 20.072 0.024 54028.369269 19.914 0.028 54028.370103 19.562 0.043 54028.371769 19.474 0.088 15.994865 0.928158
54030.294557 20.954 0.081 54030.296224 20.079 0.023 54030.29289 19.835 0.019 54030.293724 19.523 0.025 54030.29539 19.318 0.055 15.994865 0.928158
54035.370334 20.831 0.128 54035.372001 20.112 0.022 54035.368667 19.816 0.027 54035.369501 19.51 0.032 54035.371167 19.326 0.07 15.994865 0.928158
54037.275805 20.773 0.069 54037.277471 20.09 0.02 54037.274138 19.881 0.021 54037.274971 19.532 0.021 54037.276638 -99.99 0.052 15.994865 0.928158
54040.290369 20.84 0.155 54040.292036 20.135 0.04 54040.288703 19.85 0.038 54040.289536 19.564 0.035 54040.291203 19.448 0.082 15.994865 0.928158
54047.320855 -99.99 1.994 54047.322522 20.104 0.088 54047.319188 -99.99 0.081 54047.320022 19.508 0.059 54047.321688 -99.99 0.169 15.994865 0.928158
54049.316874 20.621 0.175 54049.318541 20.171 0.04 54049.315207 19.854 0.043 54049.316041 19.541 0.038 54049.317707 19.416 0.084 15.994865 0.928158
54053.281132 20.693 0.073 54053.282799 20.075 0.02 54053.279466 19.825 0.022 54053.280299 19.57 0.025 54053.281966 19.48 0.067 15.994865 0.928158
54056.282875 -99.99 0.156 54056.284542 20.003 0.026 54056.281208 19.818 0.027 54056.282042 19.465 0.032 54056.283708 19.546 0.106 15.994865 0.928158
54059.277181 -99.99 0.13 54059.278847 20.034 0.034 54059.275514 19.839 0.03 54059.276347 19.496 0.034 54059.278014 19.518 0.092 15.994865 0.928158
54061.288128 -99.99 0.147 54061.289794 20.051 0.029 54061.286461 19.831 0.028 54061.287294 19.553 0.038 54061.288961 19.413 0.096 15.994865 0.928158
54062.282099 20.846 0.107 54062.283766 20.05 0.024 54062.280432 19.885 0.024 54062.281266 19.409 0.03 54062.282932 19.23 0.066 15.994865 0.928158
54068.262622 21.012 0.23 54068.264289 20.073 0.044 54068.260956 19.815 0.037 54068.261789 19.508 0.035 54068.263456 19.332 0.076 15.994865 0.928158
54357.320267 20.583 0.064 54357.321934 19.968 0.02 54357.318601 19.686 0.024 54357.319434 19.396 0.025 54357.321101 19.341 0.069 15.994865 0.928158
54359.352005 20.532 0.112 54359.353672 19.914 0.023 54359.350339 19.679 0.026 54359.351172 19.411 0.03 54359.352839 19.385 0.091 15.994865 0.928158
54362.370021 20.46 0.068 54362.371688 19.9 0.021 54362.368355 19.674 0.018 54362.369188 19.373 0.021 54362.370855 19.304 0.057 15.994865 0.928158
54376.365104 20.437 0.072 54376.366771 -99.99 0.037 54376.363438 19.624 0.023 54376.364271 19.363 0.022 54376.365938 19.32 0.08 15.994865 0.928158
54382.350246 20.584 0.125 54382.351913 -99.99 0.025 54382.348579 19.649 0.026 54382.349413 19.354 0.038 54382.351079 19.254 0.083 15.994865 0.928158
54385.368027 20.612 0.069 54385.369694 19.837 0.024 54385.36636 19.617 0.017 54385.367194 19.376 0.022 54385.36886 19.322 0.047 15.994865 0.928158
54387.368791 20.438 0.081 54387.370458 19.852 0.021 54387.367124 19.613 0.024 54387.367958 19.36 0.024 54387.369624 19.273 0.067 15.994865 0.928158
54390.360962 -99.99 0.119 54390.362629 -99.99 0.054 54390.359295 -99.99 0.056 54390.360129 -99.99 0.05 54390.361795 -99.99 3.601 15.994865 0.928158
54391.3695 20.41 0.129 54391.371166 19.81 0.025 54391.367833 19.641 0.034 54391.368666 19.334 0.04 54391.370333 19.33 0.117 15.994865 0.928158
54402.36182 20.588 0.239 54402.363487 19.743 0.044 54402.360153 19.681 0.037 54402.360987 19.322 0.034 54402.362653 19.262 0.079 15.994865 0.928158
