51075.345611 19.358 0.028 51075.347277 19.057 0.01 51075.343944 18.949 0.011 51075.344777 18.71 0.016 51075.346444 18.769 0.049 16.516105 1.085056
52196.364808 19.396 0.033 52196.366474 19.037 0.01 52196.363141 18.948 0.012 52196.363974 18.711 0.015 52196.365641 18.639 0.04 16.516105 1.085056
52197.359246 -99.99 0.033 52197.360912 -99.99 0.01 52197.357579 18.932 0.011 52197.358412 18.691 0.014 52197.360079 18.791 0.048 16.516105 1.085056
52207.331662 19.341 0.031 52207.333328 19.069 0.01 52207.329995 18.964 0.012 52207.330828 18.692 0.013 52207.332495 18.834 0.074 16.516105 1.085056
52225.209409 19.391 0.03 52225.211075 19.06 0.01 52225.207742 18.997 0.012 52225.208575 18.689 0.014 52225.210242 18.784 0.04 16.516105 1.085056
52231.245192 -99.99 0.031 52231.246858 19.064 0.01 52231.243525 18.989 0.012 52231.244358 18.705 0.013 52231.246025 18.72 0.037 16.516105 1.085056
52234.21628 -99.99 0.032 52234.217946 19.092 0.01 52234.214613 18.974 0.011 52234.215446 18.722 0.012 52234.217113 18.795 0.035 16.516105 1.085056
52557.353193 -99.99 0.039 52557.354859 19.286 0.012 52557.351526 19.141 0.013 52557.352359 18.823 0.015 52557.354026 18.884 0.051 16.516105 1.085056
52578.249278 19.551 0.03 52578.250944 19.244 0.01 52578.247611 19.136 0.012 52578.248444 18.827 0.014 52578.250111 19.017 0.051 16.516105 1.085056
52908.327759 19.364 0.03 52908.329425 19.05 0.01 52908.326092 18.99 0.012 52908.326925 18.753 0.014 52908.328592 18.835 0.046 16.516105 1.085056
52934.259663 19.211 0.029 52934.261329 18.993 0.01 52934.257996 18.968 0.013 52934.258829 18.719 0.016 52934.260496 18.842 0.06 16.516105 1.085056
52936.255588 -99.99 0.027 52936.257254 19.039 0.01 52936.253921 19.002 0.011 52936.254754 18.73 0.014 52936.256421 -99.99 0.042 16.516105 1.085056
53270.319668 19.299 0.033 53270.321335 19.006 0.018 53270.318002 18.979 0.018 53270.318835 18.752 0.019 53270.320502 18.88 0.038 16.516105 1.085056
53272.36959 19.281 0.029 53272.371256 19.015 0.012 53272.367923 18.975 0.014 53272.368756 18.725 0.015 53272.370423 18.819 0.042 16.516105 1.085056
53286.338308 19.162 0.036 53286.339974 18.988 0.011 53286.336641 18.951 0.016 53286.337474 18.752 0.018 53286.339141 18.864 0.048 16.516105 1.085056
53288.296802 19.296 0.033 53288.298468 19.019 0.011 53288.295135 18.975 0.012 53288.295968 18.789 0.019 53288.297635 18.781 0.043 16.516105 1.085056
53294.344475 19.214 0.03 53294.346141 19.022 0.01 53294.342808 18.987 0.012 53294.343641 18.763 0.014 53294.345308 18.848 0.044 16.516105 1.085056
53296.291488 19.206 0.028 53296.293155 19.015 0.021 53296.289821 18.968 0.021 53296.290655 18.747 0.02 53296.292321 18.755 0.047 16.516105 1.085056
53298.341252 19.26 0.037 53298.342918 18.978 0.014 53298.339585 19.004 0.018 53298.340418 18.776 0.021 53298.342085 18.811 0.056 16.516105 1.085056
53302.292469 -99.99 0.04 53302.294135 -99.99 0.015 53302.290802 18.988 0.017 53302.291635 18.763 0.016 53302.293302 18.751 0.041 16.516105 1.085056
53312.248001 19.223 0.043 53312.249668 19.036 0.024 53312.246335 18.987 0.022 53312.247168 18.763 0.02 53312.248835 18.882 0.051 16.516105 1.085056
53314.249198 19.218 0.03 53314.250864 19.008 0.01 53314.247531 18.996 0.013 53314.248364 18.765 0.016 53314.250031 18.819 0.049 16.516105 1.085056
53616.353558 19.56 0.051 53616.355224 19.264 0.013 53616.351891 19.179 0.015 53616.352724 18.801 0.018 53616.354391 18.911 0.059 16.516105 1.085056
53626.329984 19.56 0.036 53626.33165 19.243 0.011 53626.328317 19.135 0.013 53626.32915 18.878 0.014 53626.330817 18.875 0.043 16.516105 1.085056
53628.314849 19.415 0.055 53628.316515 19.265 0.023 53628.313182 19.142 0.018 53628.314015 18.892 0.019 53628.315682 18.955 0.051 16.516105 1.085056
53637.316466 -99.99 0.056 53637.318132 19.289 0.019 53637.314799 19.14 0.018 53637.315632 18.884 0.019 53637.317299 18.882 0.06 16.516105 1.085056
53639.361844 19.534 0.035 53639.36351 19.272 0.012 53639.360177 19.15 0.012 53639.36101 18.892 0.014 53639.362677 18.963 0.039 16.516105 1.085056
53641.360997 19.522 0.035 53641.362663 19.247 0.011 53641.35933 19.124 0.012 53641.360163 18.855 0.014 53641.36183 18.886 0.039 16.516105 1.085056
53654.343534 19.487 0.037 53654.3452 19.227 0.016 53654.341867 19.162 0.018 53654.3427 18.849 0.019 53654.344367 18.86 0.049 16.516105 1.085056
53663.30444 19.468 0.052 53663.306106 19.224 0.018 53663.302773 19.134 0.018 53663.303606 18.84 0.017 53663.305273 18.894 0.044 16.516105 1.085056
53665.282411 19.437 0.057 53665.284077 19.193 0.019 53665.280744 19.117 0.04 53665.281577 -99.99 0.054 53665.283244 18.868 0.067 16.516105 1.085056
53666.374536 19.506 0.054 53666.376202 19.217 0.015 53666.372869 19.117 0.016 53666.373702 18.844 0.016 53666.375369 18.927 0.045 16.516105 1.085056
53668.294041 19.554 0.043 53668.295707 19.203 0.013 53668.292374 19.124 0.016 53668.293207 18.848 0.016 53668.294874 18.942 0.055 16.516105 1.085056
53670.298892 19.533 0.048 53670.300558 19.218 0.012 53670.297225 19.117 0.016 53670.298058 18.867 0.019 53670.299725 18.98 0.055 16.516105 1.085056
53673.266878 19.473 0.034 53673.268544 19.187 0.013 53673.265211 19.148 0.015 53673.266044 18.865 0.017 53673.267711 18.972 0.046 16.516105 1.085056
53675.263766 19.469 0.034 53675.265432 19.225 0.011 53675.262099 19.135 0.015 53675.262932 18.834 0.016 53675.264599 18.919 0.049 16.516105 1.085056
53677.284796 19.464 0.032 53677.286462 19.187 0.01 53677.283129 19.121 0.012 53677.283962 18.836 0.013 53677.285629 18.929 0.038 16.516105 1.085056
53680.271463 19.548 0.037 53680.273129 19.218 0.011 53680.269796 19.118 0.013 53680.270629 18.825 0.014 53680.272296 18.893 0.041 16.516105 1.085056
53693.273357 19.502 0.06 53693.275023 19.212 0.019 53693.27169 19.119 0.018 53693.272523 18.848 0.017 53693.27419 18.857 0.045 16.516105 1.085056
53698.270747 19.439 0.038 53698.272413 19.158 0.011 53698.26908 19.096 0.013 53698.269913 18.812 0.016 53698.27158 18.81 0.043 16.516105 1.085056
53704.256681 19.425 0.04 53704.258347 19.122 0.011 53704.255014 19.065 0.015 53704.255847 18.817 0.017 53704.257514 18.879 0.054 16.516105 1.085056
53989.352892 19.526 0.059 53989.354559 19.333 0.033 53989.351225 19.189 0.024 53989.352059 18.896 0.021 53989.353725 18.832 0.045 16.516105 1.085056
53995.367374 19.696 0.032 53995.36904 19.335 0.025 53995.365707 19.22 0.02 53995.36654 18.909 0.032 53995.368207 19.023 0.045 16.516105 1.085056
54000.328147 19.717 0.04 54000.329814 19.393 0.029 54000.326481 19.195 0.021 54000.327314 18.901 0.022 54000.328981 19.05 0.059 16.516105 1.085056
54006.274914 19.741 0.042 54006.276581 -99.99 0.022 54006.273247 19.212 0.018 54006.274081 -99.99 0.017 54006.275747 -99.99 0.039 16.516105 1.085056
54007.37831 19.698 0.05 54007.379977 -99.99 0.027 54007.376644 19.234 0.027 54007.377477 18.899 0.024 54007.379144 18.953 0.065 16.516105 1.085056
54009.302181 -99.99 0.036 54009.303847 -99.99 0.027 54009.300514 19.249 0.027 54009.301347 18.914 0.016 54009.303014 18.989 0.045 16.516105 1.085056
54011.366631 19.743 0.032 54011.368297 19.393 0.022 54011.364964 19.267 0.015 54011.365797 18.971 0.016 54011.367464 -99.99 0.038 16.516105 1.085056
54025.365697 19.71 0.053 54025.367363 19.426 0.024 54025.36403 19.245 0.023 54025.364863 18.931 0.026 54025.36653 18.945 0.056 16.516105 1.085056
54029.295984 19.79 0.046 54029.297651 19.397 0.042 54029.294318 19.258 0.027 54029.295151 18.929 0.026 54029.296818 18.927 0.067 16.516105 1.085056
54348.363331 -99.99 0.05 54348.364998 19.431 0.018 54348.361665 19.277 0.031 54348.362498 18.957 0.026 54348.364165 19.031 0.053 16.516105 1.085056
54358.319178 -99.99 0.064 54358.320845 -99.99 0.037 54358.317511 19.281 0.024 54358.318345 -99.99 0.088 54358.320011 18.848 0.077 16.516105 1.085056
54359.313205 19.838 0.081 54359.314872 19.392 0.025 54359.311539 19.252 0.027 54359.312372 18.946 0.031 54359.314039 -99.99 0.108 16.516105 1.085056
54365.352234 19.814 0.046 54365.3539 19.416 0.019 54365.350567 19.248 0.024 54365.3514 18.913 0.026 54365.353067 18.93 0.043 16.516105 1.085056
54381.371858 19.765 0.05 54381.373524 19.449 0.026 54381.370191 19.254 0.024 54381.371024 18.908 0.019 54381.372691 19.035 0.044 16.516105 1.085056
54384.378464 19.707 0.047 54384.380131 19.421 0.017 54384.376798 19.228 0.018 54384.377631 18.922 0.019 54384.379298 18.992 0.042 16.516105 1.085056
54386.364143 19.57 0.073 54386.36581 -99.99 0.024 54386.362477 19.267 0.027 54386.36331 -99.99 0.026 54386.364977 19.08 0.083 16.516105 1.085056
54388.368429 19.794 0.061 54388.370096 19.439 0.016 54388.366763 19.247 0.016 54388.367596 18.923 0.016 54388.369263 19.032 0.042 16.516105 1.085056
54403.282157 19.836 0.077 54403.283824 19.446 0.032 54403.280491 19.246 0.02 54403.281324 18.944 0.021 54403.282991 18.969 0.069 16.516105 1.085056
54404.339773 19.756 0.079 54404.34144 -99.99 0.023 54404.338106 19.253 0.022 54404.33894 18.949 0.021 54404.340606 19 0.048 16.516105 1.085056
54405.337706 19.803 0.064 54405.339373 19.467 0.033 54405.33604 19.214 0.018 54405.336873 18.911 0.02 54405.33854 18.996 0.05 16.516105 1.085056
54406.276019 19.683 0.037 54406.277686 19.415 0.03 54406.274353 19.24 0.015 54406.275186 18.951 0.021 54406.276853 18.922 0.038 16.516105 1.085056
54412.278909 -99.99 0.054 54412.280575 19.38 0.025 54412.277242 19.24 0.023 54412.278075 -99.99 0.027 54412.279742 -99.99 0.058 16.516105 1.085056
54412.301731 19.731 0.051 54412.303398 19.425 0.018 54412.300064 19.215 0.019 54412.300898 18.914 0.017 54412.302564 19.047 0.049 16.516105 1.085056
