51075.305869 20.693 0.08 51075.307535 20.535 0.028 51075.304202 20.248 0.032 51075.305035 20.163 0.051 51075.306702 20.161 0.181 2.169317 1.238663
52196.306378 20.699 0.076 52196.308044 20.475 0.024 52196.304711 20.229 0.026 52196.305544 20.108 0.037 52196.307211 19.808 0.098 2.169317 1.238663
52197.319485 20.822 0.078 52197.321151 20.494 0.024 52197.317818 20.207 0.028 52197.318651 20.038 0.036 52197.320318 20.019 0.115 2.169317 1.238663
52225.169672 20.734 0.081 52225.171338 20.58 0.026 52225.168005 20.301 0.03 52225.168838 20.109 0.04 52225.170505 20.123 0.157 2.169317 1.238663
52231.205454 20.74 0.074 52231.20712 20.584 0.027 52231.203787 20.225 0.027 52231.20462 20.218 0.038 52231.206287 20.045 0.109 2.169317 1.238663
52253.191626 20.854 0.156 52253.193292 20.547 0.04 52253.189959 20.241 0.039 52253.190792 20.253 0.064 52253.192459 20.013 0.165 2.169317 1.238663
52557.313456 20.892 0.104 52557.315122 20.651 0.03 52557.311789 20.389 0.035 52557.312622 20.278 0.051 52557.314289 19.89 0.132 2.169317 1.238663
52578.209542 20.957 0.097 52578.211208 20.706 0.028 52578.207875 20.341 0.029 52578.208708 20.305 0.043 52578.210375 19.849 0.105 2.169317 1.238663
52908.288024 20.805 0.092 52908.28969 20.609 0.029 52908.286357 20.366 0.035 52908.28719 20.293 0.051 52908.288857 20.04 0.148 2.169317 1.238663
52911.30181 20.712 0.09 52911.303476 20.518 0.032 52911.300143 20.257 0.035 52911.300976 20.225 0.054 52911.302643 20.392 0.197 2.169317 1.238663
52930.179184 20.942 0.116 52930.18085 20.6 0.03 52930.177517 20.321 0.032 52930.17835 20.294 0.049 52930.180017 20.367 0.196 2.169317 1.238663
52934.219925 20.725 0.107 52934.221591 20.515 0.029 52934.218258 20.315 0.036 52934.219091 20.216 0.052 52934.220758 19.758 0.131 2.169317 1.238663
52936.215852 20.676 0.074 52936.217518 20.513 0.025 52936.214185 20.254 0.028 52936.215018 20.18 0.038 52936.216685 20.055 0.124 2.169317 1.238663
52962.141373 20.763 0.084 52962.143039 20.56 0.027 52962.139706 20.248 0.03 52962.140539 20.09 0.042 52962.142206 20.324 0.171 2.169317 1.238663
53270.279926 20.682 0.077 53270.281593 20.462 0.024 53270.278259 20.145 0.042 53270.279093 20.176 0.041 53270.280759 19.93 0.091 2.169317 1.238663
53272.329855 20.571 0.082 53272.331521 20.437 0.034 53272.328188 20.245 0.035 53272.329021 20.046 0.042 53272.330688 19.867 0.11 2.169317 1.238663
53286.298573 20.62 0.086 53286.300239 20.392 0.028 53286.296906 20.127 0.03 53286.297739 20.101 0.045 53286.299406 20.107 0.175 2.169317 1.238663
53288.257066 20.679 0.086 53288.258732 20.432 0.024 53288.255399 20.128 0.026 53288.256232 20.116 0.038 53288.257899 19.983 0.125 2.169317 1.238663
53294.30474 20.66 0.097 53294.306406 20.422 0.026 53294.303073 20.05 0.029 53294.303906 19.965 0.04 53294.305573 19.829 0.119 2.169317 1.238663
53302.252734 20.583 0.138 53302.2544 20.424 0.055 53302.251067 20.146 0.047 53302.2519 20.082 0.057 53302.253567 20.031 0.14 2.169317 1.238663
53312.208271 20.864 0.113 53312.209938 20.554 0.042 53312.206604 20.207 0.037 53312.207438 20.081 0.046 53312.209104 19.84 0.142 2.169317 1.238663
53314.209461 20.789 0.089 53314.211127 20.559 0.027 53314.207794 20.217 0.03 53314.208627 20.168 0.045 53314.210294 19.98 0.139 2.169317 1.238663
53623.304038 -99.99 0.122 53623.305704 20.521 0.03 53623.302371 20.255 0.032 53623.303204 20.094 0.043 53623.304871 20.143 0.174 2.169317 1.238663
53626.29025 20.82 0.097 53626.291916 20.542 0.036 53626.288583 20.324 0.036 53626.289416 20.182 0.044 53626.291083 20.033 0.152 2.169317 1.238663
53628.275115 20.821 0.199 53628.276781 20.582 0.067 53628.273448 20.165 0.048 53628.274281 20.205 0.06 53628.275948 19.854 0.129 2.169317 1.238663
53637.276732 20.75 0.157 53637.278398 20.689 0.058 53637.275065 20.301 0.049 53637.275898 20.233 0.064 53637.277565 19.985 0.183 2.169317 1.238663
53639.32211 20.834 0.104 53639.323776 20.616 0.033 53639.320443 20.265 0.031 53639.321276 20.107 0.039 53639.322943 19.951 0.109 2.169317 1.238663
53644.269179 20.761 0.096 53644.270846 20.603 0.032 53644.267512 20.341 0.034 53644.268346 20.176 0.043 53644.270012 20.003 0.127 2.169317 1.238663
53654.3038 20.846 0.102 53654.305466 20.619 0.03 53654.302133 20.341 0.033 53654.302966 20.13 0.043 53654.304633 20.061 0.139 2.169317 1.238663
53663.264705 20.9 0.149 53663.266371 20.753 0.056 53663.263038 20.33 0.04 53663.263871 20.201 0.045 53663.265538 20.271 0.138 2.169317 1.238663
53668.254305 20.781 0.136 53668.255971 20.618 0.041 53668.252638 20.27 0.046 53668.253471 20.148 0.063 53668.255138 20.451 0.294 2.169317 1.238663
53670.259156 20.89 0.099 53670.260822 20.64 0.029 53670.257489 20.328 0.03 53670.258322 20.181 0.042 53670.259989 19.941 0.116 2.169317 1.238663
53673.227142 20.896 0.088 53673.228808 20.654 0.027 53673.225475 20.341 0.031 53673.226308 20.237 0.042 53673.227975 20.292 0.146 2.169317 1.238663
53675.22403 20.795 0.095 53675.225696 20.637 0.027 53675.222363 20.259 0.032 53675.223196 20.379 0.062 53675.224863 20.059 0.138 2.169317 1.238663
53677.24506 20.837 0.081 53677.246726 20.663 0.025 53677.243393 20.344 0.03 53677.244226 20.138 0.034 53677.245893 20.227 0.118 2.169317 1.238663
53680.231727 20.907 0.095 53680.233393 20.592 0.028 53680.23006 20.326 0.032 53680.230893 20.314 0.043 53680.23256 20.434 0.156 2.169317 1.238663
53693.233623 21.052 0.235 53693.235289 20.639 0.062 53693.231956 20.322 0.046 53693.232789 20.293 0.057 53693.234456 20.011 0.121 2.169317 1.238663
53698.231014 20.984 0.466 53698.23268 20.582 0.032 53698.229347 -99.99 0.06 53698.23018 20.128 0.079 53698.231847 -99.99 0.174 2.169317 1.238663
53704.216948 20.997 0.127 53704.218614 20.631 0.028 53704.215281 20.279 0.033 53704.216114 20.177 0.047 53704.217781 20.332 0.17 2.169317 1.238663
53974.309623 -99.99 0.077 53974.31129 20.63 0.024 53974.307956 20.321 0.029 53974.30879 20.268 0.052 53974.310456 -99.99 0.127 2.169317 1.238663
53989.313012 21.023 0.22 53989.314679 20.609 0.073 53989.311346 20.293 0.053 53989.312179 20.323 0.065 53989.313846 -99.99 0.179 2.169317 1.238663
53997.40868 20.975 0.118 53997.410347 20.646 0.027 53997.407014 20.301 0.034 53997.407847 -99.99 0.049 53997.409514 -99.99 0.101 2.169317 1.238663
54000.288463 20.823 0.094 54000.290129 20.613 0.03 54000.286796 20.251 0.039 54000.287629 20.287 0.051 54000.289296 19.971 0.132 2.169317 1.238663
54006.235281 20.606 0.148 54006.236948 -99.99 0.036 54006.233614 -99.99 0.058 54006.234448 -99.99 0.09 54006.236114 -99.99 0.192 2.169317 1.238663
54007.338566 20.82 0.083 54007.340233 20.596 0.024 54007.336899 20.305 0.038 54007.337733 20.23 0.044 54007.339399 20.174 0.134 2.169317 1.238663
54009.262379 20.608 0.073 54009.264045 20.535 0.031 54009.260712 20.299 0.035 54009.261545 20.178 0.05 54009.263212 -99.99 0.117 2.169317 1.238663
54011.326868 20.942 0.111 54011.328535 20.575 0.044 54011.325202 20.296 0.042 54011.326035 20.157 0.06 54011.327702 19.711 0.088 2.169317 1.238663
54019.277037 20.622 0.107 54019.278704 20.646 0.053 54019.275371 20.226 0.035 54019.276204 20.174 0.043 54019.277871 20.101 0.126 2.169317 1.238663
54025.32588 20.908 0.112 54025.327547 20.6 0.032 54025.324214 20.297 0.036 54025.325047 20.172 0.047 54025.326714 20.025 0.156 2.169317 1.238663
54029.256188 20.722 0.119 54029.257854 -99.99 0.035 54029.254521 20.391 0.041 54029.255354 20.091 0.057 54029.257021 20.046 0.19 2.169317 1.238663
54348.323578 20.94 0.112 54348.325245 20.644 0.035 54348.321912 20.34 0.032 54348.322745 20.363 0.053 54348.324412 20.105 0.133 2.169317 1.238663
54358.279434 20.822 0.132 54358.281101 20.639 0.038 54358.277767 20.418 0.04 54358.278601 20.269 0.055 54358.280267 20.145 0.178 2.169317 1.238663
54359.273489 21.213 0.249 54359.275156 20.616 0.054 54359.271822 20.298 0.057 54359.272656 20.258 0.089 54359.274322 20.764 0.569 2.169317 1.238663
54365.312472 20.963 0.095 54365.314139 20.751 0.037 54365.310805 20.353 0.032 54365.311639 20.299 0.048 54365.313305 20.031 0.107 2.169317 1.238663
54381.332078 20.965 0.108 54381.333744 20.708 0.027 54381.330411 20.393 0.036 54381.331244 20.363 0.05 54381.332911 19.844 0.09 2.169317 1.238663
54386.324352 20.795 0.104 54386.326019 20.723 0.031 54386.322686 20.413 0.044 54386.323519 20.209 0.058 54386.325186 20.169 0.149 2.169317 1.238663
54388.328633 20.868 0.091 54388.330299 20.708 0.031 54388.326966 20.459 0.035 54388.327799 20.271 0.044 54388.329466 20.23 0.118 2.169317 1.238663
54403.242456 20.528 0.157 54403.244123 20.771 0.085 54403.240789 20.416 0.052 54403.241623 20.103 0.071 54403.243289 20.389 0.27 2.169317 1.238663
54404.29996 20.801 0.132 54404.301627 20.651 0.043 54404.298294 20.393 0.039 54404.299127 20.302 0.048 54404.300794 20.087 0.12 2.169317 1.238663
54405.297955 20.594 0.102 54405.299621 20.7 0.041 54405.296288 20.341 0.035 54405.297121 20.199 0.045 54405.298788 20.153 0.122 2.169317 1.238663
54406.236225 20.833 0.069 54406.237891 20.645 0.029 54406.234558 20.348 0.029 54406.235391 20.234 0.038 54406.237058 20.186 0.112 2.169317 1.238663
54412.239149 20.918 0.14 54412.240816 20.684 0.04 54412.237482 20.37 0.049 54412.238316 -99.99 0.061 54412.239982 -99.99 0.183 2.169317 1.238663
