51081.330814 21.136 0.127 51081.33248 19.797 0.017 51081.329147 19.738 0.022 51081.32998 19.618 0.028 51081.331647 19.373 0.095 17.015995 0.113198
51819.401897 20.7 0.084 51819.403563 19.597 0.015 51819.40023 19.518 0.017 51819.401063 19.518 0.022 51819.40273 19.262 0.073 17.015995 0.113198
52558.367103 -99.99 0.078 52558.368769 19.547 0.013 52558.365436 19.522 0.017 52558.366269 19.504 0.023 52558.367936 19.243 0.063 17.015995 0.113198
52577.254609 20.57 0.075 52577.256275 19.552 0.013 52577.252942 19.503 0.016 52577.253775 19.458 0.021 52577.255442 19.34 0.075 17.015995 0.113198
52586.258087 20.629 0.067 52586.259753 19.57 0.013 52586.25642 19.51 0.018 52586.257253 19.566 0.026 52586.25892 19.35 0.085 17.015995 0.113198
52910.338566 20.771 0.076 52910.340232 19.564 0.013 52910.336899 19.488 0.014 52910.337732 19.467 0.018 52910.339399 19.338 0.063 17.015995 0.113198
52931.268769 20.709 0.075 52931.270435 19.566 0.013 52931.267102 19.523 0.015 52931.267935 19.506 0.02 52931.269602 19.436 0.074 17.015995 0.113198
52935.265733 20.797 0.094 52935.267399 19.557 0.014 52935.264066 19.513 0.017 52935.264899 19.529 0.023 52935.266566 19.346 0.085 17.015995 0.113198
52963.188807 20.61 0.06 52963.190473 19.581 0.012 52963.18714 19.53 0.014 52963.187973 19.492 0.017 52963.18964 19.415 0.057 17.015995 0.113198
53352.159873 20.69 0.078 53352.161539 19.608 0.013 53352.158206 19.485 0.017 53352.159039 19.445 0.02 53352.160706 19.246 0.065 17.015995 0.113198
53622.368169 20.557 0.1 53622.369835 19.465 0.013 53622.366502 19.415 0.016 53622.367335 19.389 0.022 53622.369002 19.269 0.086 17.015995 0.113198
53634.31764 20.423 0.194 53634.319306 19.462 0.033 53634.315973 19.443 0.026 53634.316806 19.44 0.03 53634.318473 19.318 0.091 17.015995 0.113198
53638.358976 20.777 0.1 53638.360642 19.476 0.014 53638.357309 19.414 0.016 53638.358142 19.358 0.02 53638.359809 19.296 0.068 17.015995 0.113198
53640.323011 20.474 0.087 53640.324677 19.473 0.013 53640.321344 19.399 0.016 53640.322177 19.378 0.021 53640.323844 19.25 0.08 17.015995 0.113198
53655.295183 -99.99 0.086 53655.296849 19.477 0.016 53655.293516 19.368 0.018 53655.294349 19.342 0.022 53655.296016 19.318 0.085 17.015995 0.113198
53664.32014 20.643 0.183 53664.321806 19.417 0.035 53664.318473 19.422 0.023 53664.319306 19.399 0.03 53664.320973 19.334 0.11 17.015995 0.113198
53669.279383 20.521 0.076 53669.281049 19.419 0.013 53669.277716 19.38 0.015 53669.278549 19.388 0.021 53669.280216 19.224 0.076 17.015995 0.113198
53671.364146 20.391 0.1 53671.365812 19.448 0.015 53671.362479 19.351 0.017 53671.363312 19.366 0.023 53671.364979 19.381 0.095 17.015995 0.113198
53674.263619 20.651 0.101 53674.265285 19.435 0.013 53674.261952 19.337 0.016 53674.262785 19.316 0.021 53674.264452 19.005 0.062 17.015995 0.113198
53676.35309 -99.99 0.081 53676.354756 19.428 0.013 53676.351423 19.382 0.016 53676.352256 19.347 0.018 53676.353923 19.2 0.064 17.015995 0.113198
53679.324985 -99.99 0.106 53679.326651 19.436 0.014 53679.323318 19.424 0.02 53679.324151 19.373 0.024 53679.325818 19.313 0.121 17.015995 0.113198
53681.316497 20.55 0.119 53681.318163 19.405 0.013 53681.31483 19.394 0.025 53681.315663 19.386 0.029 53681.31733 19.231 0.077 17.015995 0.113198
53685.275551 20.4 0.141 53685.277217 19.401 0.027 53685.273884 19.395 0.027 53685.274717 19.303 0.027 53685.276384 19.361 0.084 17.015995 0.113198
53694.289429 -99.99 0.359 53694.291095 19.491 0.037 53694.287762 19.476 0.04 53694.288595 19.327 0.04 53694.290262 -99.99 0.216 17.015995 0.113198
53697.273522 -99.99 0.09 53697.275188 19.459 0.018 53697.271855 19.347 0.017 53697.272688 19.344 0.02 53697.274355 19.266 0.073 17.015995 0.113198
53700.272479 20.521 0.098 53700.274145 19.471 0.015 53700.270812 19.368 0.019 53700.271645 19.37 0.024 53700.273312 19.396 0.107 17.015995 0.113198
53705.25915 20.454 0.076 53705.260816 19.43 0.013 53705.257483 19.388 0.015 53705.258316 19.37 0.018 53705.259983 19.269 0.063 17.015995 0.113198
53975.344142 20.57 0.076 53975.345809 19.508 0.019 53975.342476 19.434 0.02 53975.343309 19.442 0.023 53975.344976 19.338 0.068 17.015995 0.113198
53990.357095 20.458 0.1 53990.358762 -99.99 0.022 53990.355429 19.489 0.021 53990.356262 19.426 0.027 53990.357929 19.377 0.071 17.015995 0.113198
53994.367135 20.585 0.067 53994.368802 19.473 0.022 53994.365469 19.453 0.014 53994.366302 19.427 0.02 53994.367969 19.357 0.059 17.015995 0.113198
53996.351104 20.698 0.087 53996.352771 19.504 0.019 53996.349437 19.488 0.02 53996.350271 19.432 0.024 53996.351937 19.355 0.078 17.015995 0.113198
54010.305072 -99.99 0.063 54010.306739 19.513 0.012 54010.303405 19.438 0.021 54010.304239 19.427 0.02 54010.305905 19.342 0.052 17.015995 0.113198
54012.298053 -99.99 0.095 54012.29972 19.495 0.026 54012.296386 19.461 0.02 54012.29722 19.463 0.028 54012.298886 19.285 0.058 17.015995 0.113198
54020.30394 20.561 0.108 54020.305606 19.488 0.03 54020.302273 19.457 0.02 54020.303106 19.42 0.028 54020.304773 19.437 0.087 17.015995 0.113198
54024.385458 20.699 0.128 54024.387125 19.464 0.026 54024.383792 19.414 0.025 54024.384625 19.481 0.033 54024.386292 19.413 0.097 17.015995 0.113198
54028.373915 20.686 0.122 54028.375582 19.543 0.034 54028.372248 19.435 0.036 54028.373082 19.495 0.038 54028.374748 19.238 0.091 17.015995 0.113198
54030.297493 20.635 0.064 54030.29916 19.516 0.018 54030.295827 19.458 0.015 54030.29666 19.462 0.018 54030.298327 19.395 0.058 17.015995 0.113198
54035.373387 20.428 0.096 54035.375054 19.494 0.02 54035.37172 19.43 0.021 54035.372554 19.471 0.026 54035.37422 19.434 0.109 17.015995 0.113198
54037.278697 20.568 0.058 54037.280364 19.495 0.018 54037.277031 19.474 0.015 54037.277864 19.411 0.017 54037.279531 19.269 0.045 17.015995 0.113198
54040.293099 20.346 0.102 54040.294766 19.528 0.022 54040.291433 19.468 0.025 54040.292266 19.438 0.025 54040.293933 19.245 0.068 17.015995 0.113198
54047.323708 -99.99 0.417 54047.325374 19.465 0.055 54047.322041 19.491 0.046 54047.322874 19.473 0.055 54047.324541 19.434 0.158 17.015995 0.113198
54049.319562 20.393 0.137 54049.321229 19.49 0.024 54049.317895 19.448 0.025 54049.318729 19.398 0.028 54049.320395 19.211 0.083 17.015995 0.113198
54053.28389 20.713 0.078 54053.285557 19.547 0.022 54053.282224 19.459 0.017 54053.283057 19.462 0.024 54053.284724 19.337 0.068 17.015995 0.113198
54056.285576 20.803 0.164 54056.287243 19.52 0.033 54056.28391 19.457 0.03 54056.284743 -99.99 0.047 54056.28641 19.199 0.092 17.015995 0.113198
54059.279959 20.647 0.106 54059.281626 19.54 0.025 54059.278292 19.451 0.024 54059.279126 19.487 0.03 54059.280792 19.406 0.093 17.015995 0.113198
54061.290943 -99.99 0.177 54061.29261 19.534 0.018 54061.289277 19.442 0.028 54061.29011 19.491 0.038 54061.291777 -99.99 0.105 17.015995 0.113198
54062.284852 20.583 0.091 54062.286519 -99.99 0.021 54062.283185 19.484 0.02 54062.284019 19.481 0.027 54062.285685 19.306 0.07 17.015995 0.113198
54068.265322 20.493 0.144 54068.266988 19.506 0.027 54068.263655 19.44 0.026 54068.264488 19.461 0.032 54068.266155 19.561 0.103 17.015995 0.113198
54357.323028 -99.99 0.068 54357.324695 19.598 0.019 54357.321361 19.583 0.018 54357.322195 19.548 0.025 54357.323861 19.489 0.064 17.015995 0.113198
54359.354767 -99.99 0.108 54359.356434 19.597 0.02 54359.3531 19.567 0.028 54359.353934 19.509 0.031 54359.3556 19.342 0.1 17.015995 0.113198
54362.372854 20.833 0.083 54362.374521 19.636 0.016 54362.371187 19.613 0.021 54362.372021 19.546 0.026 54362.373687 19.467 0.074 17.015995 0.113198
54376.367942 20.927 0.107 54376.369608 19.635 0.018 54376.366275 19.532 0.021 54376.367108 19.625 0.045 54376.368775 19.302 0.068 17.015995 0.113198
54382.353067 -99.99 99.999 54382.354734 19.693 0.04 54382.3514 19.55 0.03 54382.352234 19.604 0.04 54382.3539 19.381 0.146 17.015995 0.113198
54385.370954 20.805 0.078 54385.37262 19.58 0.018 54385.369287 19.565 0.015 54385.37012 19.555 0.021 54385.371787 19.418 0.055 17.015995 0.113198
54387.37157 20.818 0.113 54387.373237 19.608 0.026 54387.369904 19.56 0.022 54387.370737 19.589 0.027 54387.372404 19.316 0.087 17.015995 0.113198
54390.36375 -99.99 0.284 54390.365416 19.662 0.016 54390.362083 -99.99 1.87 54390.362916 19.649 0.063 54390.364583 -99.99 99.999 17.015995 0.113198
54391.372189 20.696 0.162 54391.373856 -99.99 0.037 54391.370523 -99.99 0.034 54391.371356 19.536 0.04 54391.373023 19.685 0.191 17.015995 0.113198
54402.36456 -99.99 0.224 54402.366226 19.715 0.041 54402.362893 19.534 0.036 54402.363726 19.585 0.041 54402.365393 19.405 0.096 17.015995 0.113198
