51081.334935 -99.99 0.026 51081.336601 18.568 0.008 51081.333268 18.326 0.008 51081.334101 18.115 0.009 51081.335768 18.159 0.034 18.54905 0.188725
51819.406138 -99.99 0.03 51819.407804 18.59 0.008 51819.404471 18.361 0.008 51819.405304 18.132 0.009 51819.406971 18.109 0.028 18.54905 0.188725
52558.371349 -99.99 0.028 52558.373015 18.67 0.008 52558.369682 18.433 0.008 52558.370515 18.183 0.009 52558.372182 18.241 0.027 18.54905 0.188725
52577.258855 -99.99 0.028 52577.260521 18.643 0.008 52577.257188 18.423 0.008 52577.258021 18.179 0.009 52577.259688 18.21 0.029 18.54905 0.188725
52586.262333 -99.99 0.033 52586.263999 18.642 0.011 52586.260666 18.397 0.009 52586.261499 18.19 0.011 52586.263166 18.168 0.042 18.54905 0.188725
52910.342811 -99.99 0.025 52910.344477 18.574 0.008 52910.341144 18.356 0.008 52910.341977 18.169 0.009 52910.343644 18.165 0.028 18.54905 0.188725
52931.273015 19.038 0.024 52931.274681 18.575 0.008 52931.271348 18.377 0.008 52931.272181 18.166 0.009 52931.273848 18.203 0.028 18.54905 0.188725
52935.269979 -99.99 0.025 52935.271645 18.589 0.008 52935.268312 18.373 0.009 52935.269145 18.145 0.009 52935.270812 18.155 0.032 18.54905 0.188725
52963.193053 18.97 0.023 52963.194719 18.513 0.008 52963.191386 18.326 0.008 52963.192219 18.149 0.009 52963.193886 18.143 0.024 18.54905 0.188725
53352.16412 18.903 0.023 53352.165786 18.51 0.007 53352.162453 18.316 0.008 53352.163286 18.071 0.009 53352.164953 18.139 0.03 18.54905 0.188725
53622.372415 18.781 0.026 53622.374081 -99.99 0.008 53622.370748 18.211 0.008 53622.371581 18.017 0.009 53622.373248 18.069 0.033 18.54905 0.188725
53634.321886 18.744 0.044 53634.323552 18.417 0.014 53634.320219 18.298 0.012 53634.321052 18.049 0.011 53634.322719 18.068 0.034 18.54905 0.188725
53638.363221 18.88 0.025 53638.364887 18.449 0.008 53638.361554 18.262 0.008 53638.362387 18.084 0.009 53638.364054 18.068 0.025 18.54905 0.188725
53640.327257 18.844 0.026 53640.328923 18.427 0.008 53640.32559 18.254 0.008 53640.326423 18.082 0.009 53640.32809 18.088 0.027 18.54905 0.188725
53655.299429 18.842 0.028 53655.301095 18.43 0.008 53655.297762 18.255 0.009 53655.298595 18.062 0.009 53655.300262 18.067 0.03 18.54905 0.188725
53664.324385 -99.99 0.053 53664.326051 -99.99 0.017 53664.322718 18.283 0.018 53664.323551 -99.99 0.019 53664.325218 -99.99 0.056 18.54905 0.188725
53669.283629 18.85 0.027 53669.285295 18.448 0.007 53669.281962 18.266 0.008 53669.282795 18.053 0.009 53669.284462 18.106 0.029 18.54905 0.188725
53671.368391 18.841 0.035 53671.370057 18.439 0.008 53671.366724 18.277 0.009 53671.367557 18.047 0.01 53671.369224 18.057 0.031 18.54905 0.188725
53674.267866 -99.99 0.027 53674.269532 18.456 0.008 53674.266199 18.25 0.008 53674.267032 18.058 0.009 53674.268699 18.154 0.034 18.54905 0.188725
53676.357335 -99.99 0.031 53676.359001 18.442 0.008 53676.355668 18.262 0.008 53676.356501 18.06 0.009 53676.358168 18.079 0.025 18.54905 0.188725
53679.32923 18.824 0.028 53679.330896 18.452 0.008 53679.327563 18.281 0.009 53679.328396 18.056 0.01 53679.330063 18.151 0.042 18.54905 0.188725
53681.320744 18.82 0.027 53681.32241 18.443 0.008 53681.319077 18.26 0.008 53681.31991 18.047 0.009 53681.321577 18.094 0.027 18.54905 0.188725
53685.279797 -99.99 0.036 53685.281463 18.481 0.012 53685.27813 18.268 0.011 53685.278963 18.057 0.011 53685.28063 18.087 0.03 18.54905 0.188725
53694.293675 18.9 0.079 53694.295341 18.475 0.017 53694.292008 -99.99 0.016 53694.292841 -99.99 0.016 53694.294508 -99.99 0.054 18.54905 0.188725
53697.277767 18.879 0.035 53697.279433 18.488 0.011 53697.2761 18.271 0.01 53697.276933 18.093 0.012 53697.2786 18.131 0.036 18.54905 0.188725
53700.276724 -99.99 0.029 53700.27839 18.489 0.008 53700.275057 18.28 0.009 53700.27589 18.073 0.01 53700.277557 18.079 0.033 18.54905 0.188725
53705.263395 18.849 0.026 53705.265061 18.448 0.008 53705.261728 18.27 0.008 53705.262561 18.071 0.008 53705.264228 18.092 0.026 18.54905 0.188725
53975.348391 18.919 0.025 53975.350057 18.517 0.02 53975.346724 18.326 0.013 53975.347557 18.111 0.018 53975.349224 18.103 0.029 18.54905 0.188725
53990.361389 18.893 0.031 53990.363055 18.516 0.02 53990.359722 18.333 0.017 53990.360555 18.132 0.018 53990.362222 18.147 0.03 18.54905 0.188725
53994.371384 18.916 0.02 53994.373051 18.529 0.016 53994.369717 18.319 0.012 53994.370551 18.1 0.014 53994.372217 18.092 0.029 18.54905 0.188725
53996.355148 18.937 0.029 53996.356814 18.515 0.03 53996.353481 18.31 0.016 53996.354314 18.109 0.016 53996.355981 18.13 0.033 18.54905 0.188725
54010.30931 -99.99 0.027 54010.310976 18.571 0.023 54010.307643 18.359 0.013 54010.308476 18.098 0.017 54010.310143 18.113 0.025 18.54905 0.188725
54012.302346 18.981 0.032 54012.304013 18.541 0.017 54012.30068 18.33 0.022 54012.301513 18.123 0.018 54012.30318 18.172 0.032 18.54905 0.188725
54020.308074 18.912 0.032 54020.309741 18.531 0.024 54020.306408 18.372 0.02 54020.307241 18.118 0.015 54020.308908 18.185 0.031 18.54905 0.188725
54024.389672 19.049 0.033 54024.391339 18.56 0.019 54024.388006 18.317 0.015 54024.388839 18.104 0.016 54024.390506 18.096 0.036 18.54905 0.188725
54028.377975 18.913 0.034 54028.379642 18.553 0.02 54028.376308 18.321 0.015 54028.377142 18.108 0.028 54028.378808 18.114 0.032 18.54905 0.188725
54030.301642 18.973 0.026 54030.303309 18.552 0.022 54030.299975 18.331 0.012 54030.300809 18.094 0.018 54030.302475 18.15 0.028 18.54905 0.188725
54035.377372 19.048 0.043 54035.379039 18.53 0.052 54035.375705 18.329 0.015 54035.376539 18.126 0.062 54035.378205 18.184 0.047 18.54905 0.188725
54037.282862 18.93 0.021 54037.284529 18.563 0.014 54037.281195 18.334 0.012 54037.282029 18.118 0.014 54037.283695 18.201 0.029 18.54905 0.188725
54040.297596 18.862 0.031 54040.299263 18.566 0.026 54040.295929 18.342 0.016 54040.296763 18.144 0.017 54040.298429 18.191 0.03 18.54905 0.188725
54047.327883 -99.99 0.09 54047.32955 18.524 0.023 54047.326216 18.339 0.026 54047.32705 18.097 0.023 54047.328716 18.123 0.059 18.54905 0.188725
54049.323935 -99.99 0.046 54049.325602 18.556 0.018 54049.322268 18.339 0.015 54049.323102 18.089 0.018 54049.324768 18.085 0.031 18.54905 0.188725
54053.288132 18.912 0.028 54053.289799 18.54 0.017 54053.286465 18.326 0.015 54053.287299 18.1 0.016 54053.288965 18.145 0.03 18.54905 0.188725
54056.28995 -99.99 0.04 54056.291616 18.549 0.019 54056.288283 18.358 0.033 54056.289116 18.124 0.036 54056.290783 18.14 0.038 18.54905 0.188725
54059.284093 18.912 0.028 54059.28576 18.578 0.018 54059.282427 18.333 0.014 54059.28326 18.109 0.014 54059.284927 18.146 0.035 18.54905 0.188725
54061.295164 -99.99 0.037 54061.29683 18.539 0.032 54061.293497 18.345 0.015 54061.29433 18.116 0.015 54061.295997 18.087 0.04 18.54905 0.188725
54062.288968 -99.99 0.025 54062.290635 18.53 0.019 54062.287301 18.318 0.016 54062.288135 18.098 0.018 54062.289801 18.105 0.029 18.54905 0.188725
54068.269695 -99.99 0.034 54068.271361 18.569 0.03 54068.268028 18.345 0.02 54068.268861 18.105 0.014 54068.270528 18.163 0.037 18.54905 0.188725
54357.327303 -99.99 0.023 54357.32897 18.545 0.017 54357.325637 18.365 0.021 54357.32647 18.16 0.02 54357.328137 18.142 0.028 18.54905 0.188725
54359.359025 18.954 0.031 54359.360691 18.545 0.017 54359.357358 18.337 0.018 54359.358191 18.126 0.019 54359.359858 -99.99 0.048 18.54905 0.188725
54362.377091 -99.99 0.025 54362.378758 18.543 0.017 54362.375424 18.352 0.014 54362.376258 18.129 0.02 54362.377924 18.168 0.027 18.54905 0.188725
54376.372177 -99.99 0.029 54376.373844 18.561 0.03 54376.370511 18.356 0.012 54376.371344 18.137 0.017 54376.373011 18.175 0.029 18.54905 0.188725
54382.357324 18.891 0.028 54382.35899 -99.99 0.028 54382.355657 18.383 0.018 54382.35649 18.157 0.018 54382.358157 18.153 0.046 18.54905 0.188725
54385.375195 18.912 0.029 54385.376861 18.561 0.016 54385.373528 18.353 0.014 54385.374361 18.166 0.016 54385.376028 18.166 0.028 18.54905 0.188725
54387.375601 19.016 0.041 54387.377267 18.58 0.019 54387.373934 -99.99 0.074 54387.374767 18.119 0.027 54387.376434 18.156 0.055 18.54905 0.188725
54390.368249 -99.99 0.04 54390.369916 -99.99 0.029 54390.366582 18.359 0.012 54390.367416 18.117 0.02 54390.369082 -99.99 1.672 18.54905 0.188725
54391.376554 -99.99 0.037 54391.37822 18.593 0.018 54391.374887 -99.99 0.026 54391.37572 18.123 0.025 54391.377387 18.211 0.049 18.54905 0.188725
54402.368879 -99.99 0.057 54402.370546 -99.99 0.043 54402.367213 18.378 0.021 54402.368046 18.118 0.023 54402.369713 18.189 0.041 18.54905 0.188725
