51081.332636 20.66 0.081 51081.334302 20.237 0.028 51081.330969 20.158 0.032 51081.331802 20.054 0.043 51081.333469 19.896 0.122 17.697947 -1.119896
51819.403712 21.198 0.127 51819.405378 20.582 0.034 51819.402045 20.412 0.031 51819.402878 20.34 0.043 51819.404545 19.886 0.106 17.697947 -1.119896
52558.368993 21.479 0.149 52558.370659 20.89 0.038 52558.367326 20.646 0.042 52558.368159 20.533 0.05 52558.369826 20.011 0.117 17.697947 -1.119896
52586.259976 21.177 0.097 52586.261642 20.792 0.038 52586.258309 20.643 0.04 52586.259142 20.502 0.059 52586.260809 19.837 0.128 17.697947 -1.119896
52910.340453 20.801 0.075 52910.342119 20.526 0.029 52910.338786 20.426 0.03 52910.339619 20.414 0.041 52910.341286 19.916 0.086 17.697947 -1.119896
52931.270657 20.947 0.086 52931.272323 20.68 0.033 52931.26899 20.48 0.032 52931.269823 20.388 0.044 52931.27149 19.949 0.102 17.697947 -1.119896
52935.267621 21.072 0.111 52935.269287 20.677 0.037 52935.265954 20.446 0.037 52935.266787 20.399 0.055 52935.268454 19.791 0.113 17.697947 -1.119896
52963.190695 21.11 0.081 52963.192361 20.703 0.029 52963.189028 20.538 0.03 52963.189861 20.488 0.037 52963.191528 20.096 0.086 17.697947 -1.119896
53352.161761 20.476 0.061 53352.163427 20.277 0.023 53352.160094 20.192 0.027 53352.160927 20.111 0.035 53352.162594 20.087 0.125 17.697947 -1.119896
53622.370057 20.914 0.102 53622.371723 20.501 0.036 53622.36839 20.28 0.036 53622.369223 20.197 0.05 53622.37089 20.179 0.163 17.697947 -1.119896
53634.319527 21.265 0.406 53634.321193 20.529 0.102 53634.31786 20.281 0.066 53634.318693 20.254 0.075 53634.32036 19.733 0.117 17.697947 -1.119896
53638.360862 20.827 0.103 53638.362528 20.619 0.035 53638.359195 20.372 0.032 53638.360028 20.389 0.042 53638.361695 20.145 0.124 17.697947 -1.119896
53640.324898 20.886 0.11 53640.326564 20.591 0.035 53640.323231 20.423 0.035 53640.324064 20.311 0.046 53640.325731 20.109 0.126 17.697947 -1.119896
53655.297071 20.825 0.107 53655.298737 20.646 0.043 53655.295404 20.48 0.044 53655.296237 20.433 0.06 53655.297904 20.129 0.16 17.697947 -1.119896
53664.322027 21.158 0.401 53664.323693 20.572 0.126 53664.32036 20.412 0.071 53664.321193 20.257 0.093 53664.32286 20.316 0.392 17.697947 -1.119896
53669.281271 20.802 0.094 53669.282937 20.592 0.035 53669.279604 20.387 0.033 53669.280437 20.405 0.056 53669.282104 20.1 0.15 17.697947 -1.119896
53671.366035 21.211 0.193 53671.367701 20.561 0.042 53671.364368 20.433 0.047 53671.365201 20.187 0.051 53671.366868 20.095 0.162 17.697947 -1.119896
53674.265507 21.082 0.13 53674.267173 20.607 0.039 53674.26384 20.379 0.038 53674.264673 20.22 0.046 53674.26634 20.085 0.137 17.697947 -1.119896
53676.354979 20.984 0.111 53676.356645 20.645 0.031 53676.353312 20.493 0.035 53676.354145 20.42 0.042 53676.355812 20.004 0.092 17.697947 -1.119896
53679.326873 21.134 0.15 53679.328539 20.587 0.04 53679.325206 20.449 0.046 53679.326039 20.268 0.068 53679.327706 20.036 0.165 17.697947 -1.119896
53681.318386 21.031 0.115 53681.320052 20.662 0.032 53681.316719 20.501 0.053 53681.317552 20.467 0.053 53681.319219 20.105 0.113 17.697947 -1.119896
53694.291318 21.257 0.613 53694.292984 20.638 0.15 53694.289651 20.387 0.092 53694.290484 20.229 0.1 53694.292151 19.884 0.239 17.697947 -1.119896
53697.27541 21.002 0.16 53697.277076 20.553 0.067 53697.273743 20.409 0.04 53697.274576 20.368 0.051 53697.276243 19.972 0.133 17.697947 -1.119896
53705.261038 20.856 0.104 53705.262704 20.552 0.034 53705.259371 20.399 0.033 53705.260204 20.298 0.041 53705.261871 19.953 0.103 17.697947 -1.119896
53975.346076 -99.99 0.084 53975.347743 20.526 0.031 53975.344409 20.431 0.031 53975.345243 20.354 0.04 53975.346909 20.092 0.105 17.697947 -1.119896
53990.358882 20.793 0.137 53990.360549 20.622 0.059 53990.357215 20.415 0.044 53990.358049 20.349 0.048 53990.359715 20.104 0.124 17.697947 -1.119896
53994.369026 20.983 0.075 53994.370692 20.56 0.029 53994.367359 20.397 0.027 53994.368192 20.362 0.035 53994.369859 20.093 0.096 17.697947 -1.119896
53996.352766 20.781 0.075 53996.354433 20.578 0.028 53996.3511 20.357 0.032 53996.351933 20.369 0.05 53996.3536 20.087 0.127 17.697947 -1.119896
54010.306888 20.727 0.078 54010.308555 20.495 0.028 54010.305221 20.342 0.027 54010.306055 20.32 0.032 54010.307721 20.047 0.074 17.697947 -1.119896
54012.299803 20.692 0.132 54012.30147 20.587 0.062 54012.298137 20.329 0.041 54012.29897 20.309 0.047 54012.300637 19.901 0.095 17.697947 -1.119896
54020.305729 20.612 0.112 54020.307396 20.46 0.046 54020.304062 20.293 0.036 54020.304896 20.193 0.044 54020.306562 19.898 0.124 17.697947 -1.119896
54024.387303 20.494 0.085 54024.388969 20.384 0.034 54024.385636 20.259 0.038 54024.386469 20.345 0.053 54024.388136 20.003 0.162 17.697947 -1.119896
54028.375667 20.827 0.133 54028.377334 20.45 0.04 54028.374001 20.322 0.043 54028.374834 20.146 0.052 54028.376501 19.908 0.152 17.697947 -1.119896
54030.29926 20.602 0.058 54030.300927 20.456 0.029 54030.297593 20.333 0.026 54030.298427 20.289 0.032 54030.300093 20.117 0.095 17.697947 -1.119896
54035.375014 20.751 0.119 54035.376681 20.396 0.064 54035.373347 20.22 0.038 54035.374181 20.172 0.052 54035.375847 -99.99 0.109 17.697947 -1.119896
54037.2805 20.843 0.064 54037.282167 20.432 0.027 54037.278834 20.327 0.026 54037.279667 20.321 0.032 54037.281334 20.045 0.073 17.697947 -1.119896
54040.294988 20.617 0.136 54040.296655 20.389 0.054 54040.293322 20.396 0.05 54040.294155 20.21 0.052 54040.295822 20.135 0.145 17.697947 -1.119896
54047.325646 -99.99 0.452 54047.327313 20.281 0.112 54047.323979 -99.99 0.094 54047.324813 20.081 0.083 54047.326479 20.201 0.31 17.697947 -1.119896
54053.285787 20.677 0.068 54053.287454 20.396 0.025 54053.28412 20.242 0.027 54053.284954 20.23 0.037 54053.28662 20.208 0.121 17.697947 -1.119896
54056.287448 -99.99 0.113 54056.289115 20.409 0.041 54056.285781 20.273 0.055 54056.286615 20.083 0.055 54056.288281 19.806 0.155 17.697947 -1.119896
54059.281749 20.623 0.095 54059.283416 20.245 0.036 54059.280082 20.256 0.036 54059.280916 20.138 0.047 54059.282582 19.712 0.109 17.697947 -1.119896
54061.292889 20.406 0.1 54061.294556 -99.99 0.044 54061.291223 20.158 0.038 54061.292056 20.102 0.049 54061.293723 19.632 0.2 17.697947 -1.119896
54062.28667 20.582 0.079 54062.288337 20.25 0.034 54062.285004 20.195 0.029 54062.285837 20.226 0.04 54062.287504 19.941 0.111 17.697947 -1.119896
54068.267193 20.36 0.128 54068.26886 20.337 0.06 54068.265526 20.17 0.045 54068.26636 20.169 0.053 54068.268026 19.971 0.14 17.697947 -1.119896
54357.324925 20.96 0.072 54357.326592 20.434 0.028 54357.323258 20.364 0.023 54357.324092 20.264 0.033 54357.325758 19.97 0.082 17.697947 -1.119896
54359.356665 20.785 0.101 54359.358332 20.388 0.034 54359.354999 20.342 0.036 54359.355832 20.226 0.055 54359.357499 20.229 0.203 17.697947 -1.119896
54362.374759 -99.99 0.074 54362.376425 20.415 0.025 54362.373092 20.286 0.026 54362.373925 20.284 0.037 54362.375592 19.926 0.093 17.697947 -1.119896
54376.369849 20.664 0.087 54376.371516 20.357 0.034 54376.368182 20.311 0.036 54376.369016 20.192 0.038 54376.370682 19.858 0.097 17.697947 -1.119896
54382.354969 20.378 0.077 54382.356635 20.352 0.038 54382.353302 20.126 0.066 54382.354135 20.07 0.07 54382.355802 19.57 0.124 17.697947 -1.119896
54385.372769 20.608 0.064 54385.374436 20.344 0.03 54385.371103 20.267 0.025 54385.371936 20.219 0.028 54385.373603 20.059 0.085 17.697947 -1.119896
54387.373323 20.719 0.112 54387.374989 20.364 0.061 54387.371656 20.184 0.034 54387.372489 20.105 0.048 54387.374156 19.659 0.167 17.697947 -1.119896
54390.365687 20.456 0.098 54390.367353 20.34 0.033 54390.36402 -99.99 0.341 54390.364853 -99.99 0.3 54390.36652 19.641 0.114 17.697947 -1.119896
54391.37411 -99.99 0.112 54391.375777 20.266 0.042 54391.372444 20.182 0.06 54391.373277 20.102 0.068 54391.374944 20.438 0.556 17.697947 -1.119896
54402.366429 20.759 0.331 54402.368095 20.232 0.071 54402.364762 20.187 0.057 54402.365595 20.059 0.053 54402.367262 20.102 0.157 17.697947 -1.119896
