51467.324275 22.78 0.914 51467.325941 20.675 0.052 51467.322608 20.448 0.051 51467.323441 20.266 0.066 51467.325108 20.253 0.238 -19.676764 -1.135416
51819.300227 21.868 0.204 51819.301893 20.582 0.034 51819.29856 20.411 0.031 51819.299393 20.251 0.037 51819.30106 20.202 0.14 -19.676764 -1.135416
52172.315774 21.711 0.17 52172.31744 20.463 0.028 52172.314107 20.242 0.026 52172.31494 20.203 0.037 52172.316607 20.018 0.123 -19.676764 -1.135416
52172.365954 21.457 0.153 52172.36762 20.457 0.029 52172.364287 20.298 0.029 52172.36512 20.187 0.037 52172.366787 20.223 0.14 -19.676764 -1.135416
52558.265482 21.579 0.143 52558.267148 20.488 0.027 52558.263815 20.354 0.028 52558.264648 20.226 0.034 52558.266315 20.131 0.108 -19.676764 -1.135416
52577.152977 21.329 0.134 52577.154643 20.513 0.03 52577.15131 20.326 0.032 52577.152143 20.249 0.052 52577.15381 19.97 0.143 -19.676764 -1.135416
52586.156454 21.374 0.13 52586.15812 20.546 0.032 52586.154787 20.278 0.033 52586.15562 20.224 0.046 52586.157287 20.092 0.154 -19.676764 -1.135416
52931.167138 21.996 0.181 52931.168804 20.792 0.033 52931.165471 20.518 0.031 52931.166304 20.379 0.038 52931.167971 20.296 0.12 -19.676764 -1.135416
52935.164102 22.169 0.242 52935.165768 20.854 0.037 52935.162435 20.583 0.037 52935.163268 20.478 0.049 52935.164935 20.378 0.155 -19.676764 -1.135416
53313.157303 21.914 0.251 53313.158969 20.801 0.044 53313.155636 20.492 0.043 53313.156469 20.473 0.063 53313.158136 20.293 0.177 -19.676764 -1.135416
53622.266545 21.607 0.226 53622.268211 20.756 0.049 53622.264878 20.521 0.046 53622.265711 20.301 0.065 53622.267378 20.038 0.174 -19.676764 -1.135416
53636.221548 21.769 0.258 53636.223214 20.641 0.051 53636.219881 20.472 0.04 53636.220714 20.381 0.048 53636.222381 20.117 0.13 -19.676764 -1.135416
53638.257348 22.091 0.232 53638.259014 20.609 0.033 53638.255681 20.497 0.032 53638.256514 20.355 0.039 53638.258181 20.353 0.139 -19.676764 -1.135416
53664.218512 22.518 1.112 53664.220178 20.594 0.08 53664.216845 20.387 0.063 53664.217678 20.267 0.081 53664.219345 20.111 0.215 -19.676764 -1.135416
53666.182114 21.501 0.132 53666.18378 20.653 0.031 53666.180447 20.46 0.033 53666.18128 20.353 0.043 53666.182947 20.159 0.138 -19.676764 -1.135416
53669.177752 21.589 0.133 53669.179418 20.737 0.034 53669.176085 20.543 0.031 53669.176918 20.404 0.042 53669.178585 20.501 0.182 -19.676764 -1.135416
53671.262539 22.011 0.612 53671.264205 20.606 0.064 53671.260872 20.389 0.067 53671.261705 20.102 0.083 53671.263372 19.87 0.204 -19.676764 -1.135416
53674.161987 21.716 0.184 53674.163653 20.716 0.036 53674.16032 20.533 0.038 53674.161153 20.454 0.05 53674.16282 19.997 0.107 -19.676764 -1.135416
53676.25148 22.213 0.272 53676.253146 20.706 0.032 53676.249813 20.509 0.03 53676.250646 20.36 0.034 53676.252313 20.235 0.107 -19.676764 -1.135416
53679.223365 21.549 0.204 53679.225031 20.685 0.043 53679.221698 20.395 0.041 53679.222531 20.339 0.055 53679.224198 20.143 0.15 -19.676764 -1.135416
53681.214877 21.633 0.15 53681.216543 20.699 0.031 53681.21321 20.491 0.031 53681.214043 20.469 0.04 53681.21571 20.342 0.108 -19.676764 -1.135416
53685.173924 21.345 0.419 53685.17559 20.522 0.113 53685.172257 20.419 0.095 53685.17309 20.348 0.107 53685.174757 20.537 0.296 -19.676764 -1.135416
53687.212268 21.945 0.952 53687.213934 21.073 0.187 53687.210601 20.508 0.083 53687.211434 20.214 0.065 53687.213101 19.907 0.137 -19.676764 -1.135416
53697.1719 21.047 0.152 53697.173566 20.673 0.051 53697.170233 20.541 0.06 53697.171066 20.282 0.06 53697.172733 20.075 0.166 -19.676764 -1.135416
53700.17086 21.336 0.139 53700.172526 20.649 0.035 53700.169193 20.427 0.034 53700.170026 20.396 0.051 53700.171693 20.152 0.144 -19.676764 -1.135416
53705.15753 21.632 0.192 53705.159196 20.606 0.036 53705.155863 20.466 0.038 53705.156696 20.349 0.046 53705.158363 20.262 0.148 -19.676764 -1.135416
53975.242525 21.465 0.135 53975.244192 20.57 0.03 53975.240858 20.454 0.032 53975.241692 20.384 0.054 53975.243358 20.162 0.145 -19.676764 -1.135416
53998.217905 21.916 0.174 53998.219571 20.683 0.031 53998.216238 20.484 0.025 53998.217071 20.391 0.036 53998.218738 20.409 0.127 -19.676764 -1.135416
54005.248128 21.715 0.126 54005.249795 20.695 0.032 54005.246462 20.488 0.026 54005.247295 20.398 0.037 54005.248962 20.223 0.11 -19.676764 -1.135416
54010.203415 21.69 0.202 54010.205081 20.66 0.051 54010.201748 20.48 0.036 54010.202581 20.376 0.038 54010.204248 -99.99 0.131 -19.676764 -1.135416
54012.196248 21.47 0.312 54012.197914 20.736 0.08 54012.194581 20.501 0.058 54012.195414 20.485 0.063 54012.197081 20.224 0.129 -19.676764 -1.135416
54020.202192 21.665 0.191 54020.203859 20.644 0.035 54020.200526 20.438 0.032 54020.201359 20.381 0.042 54020.203026 20.229 0.133 -19.676764 -1.135416
54022.251502 21.655 0.213 54022.253169 20.75 0.032 54022.249836 20.504 0.03 54022.250669 20.421 0.039 54022.252336 20.212 0.112 -19.676764 -1.135416
54028.192561 21.823 0.193 54028.194227 20.643 0.037 54028.190894 20.522 0.036 54028.191727 20.431 0.048 54028.193394 20.395 0.153 -19.676764 -1.135416
54030.195748 21.741 0.163 54030.197415 20.656 0.03 54030.194081 20.535 0.027 54030.194915 20.415 0.033 54030.196581 20.219 0.097 -19.676764 -1.135416
54035.271531 21.949 0.541 54035.273197 20.715 0.05 54035.269864 20.499 0.043 54035.270697 20.254 0.048 54035.272364 19.995 0.147 -19.676764 -1.135416
54037.177004 22.339 0.342 54037.178671 20.757 0.052 54037.175338 20.582 0.056 54037.176171 20.449 0.057 54037.177838 20.341 0.248 -19.676764 -1.135416
54040.191498 23.818 6.063 54040.193165 20.685 0.102 54040.189832 20.463 0.074 54040.190665 20.438 0.076 54040.192332 20.442 0.227 -19.676764 -1.135416
54050.176101 21.776 0.727 54050.177768 20.725 0.067 54050.174435 20.538 0.058 54050.175268 20.449 0.091 54050.176935 20.359 0.259 -19.676764 -1.135416
54053.182268 21.622 0.182 54053.183935 20.62 0.077 54053.180601 20.55 0.041 54053.181435 20.43 0.056 54053.183101 20.269 0.168 -19.676764 -1.135416
54056.184015 21.692 0.286 54056.185682 20.707 0.05 54056.182349 20.5 0.06 54056.183182 20.439 0.076 54056.184849 20.569 0.274 -19.676764 -1.135416
54057.152627 21.843 0.236 54057.154294 20.674 0.032 54057.150961 20.504 0.033 54057.151794 20.42 0.046 54057.153461 20.873 0.235 -19.676764 -1.135416
54059.178207 21.667 0.472 54059.179874 20.749 0.055 54059.17654 20.518 0.04 54059.177374 20.363 0.063 54059.17904 20.434 0.222 -19.676764 -1.135416
54061.189285 21.531 0.173 54061.190951 20.602 0.039 54061.187618 20.543 0.039 54061.188451 20.496 0.056 54061.190118 20.343 0.181 -19.676764 -1.135416
54062.183129 21.572 0.26 54062.184796 20.623 0.045 54062.181463 20.474 0.048 54062.182296 20.314 0.062 54062.183963 20.232 0.211 -19.676764 -1.135416
54357.221404 21.661 0.146 54357.223071 20.586 0.03 54357.219738 20.478 0.038 54357.220571 20.382 0.04 54357.222238 20.234 0.112 -19.676764 -1.135416
54362.271206 21.807 0.156 54362.272873 20.595 0.031 54362.269539 20.489 0.028 54362.270373 20.311 0.036 54362.272039 20.245 0.134 -19.676764 -1.135416
54365.219259 21.186 0.185 54365.220926 20.517 0.05 54365.217593 20.495 0.046 54365.218426 20.295 0.053 54365.220093 20.104 0.157 -19.676764 -1.135416
54376.279884 21.373 0.162 54376.281551 20.578 0.039 54376.278217 20.413 0.035 54376.279051 20.341 0.044 54376.280717 20.016 0.126 -19.676764 -1.135416
54385.269234 21.565 0.59 54385.2709 20.57 0.036 54385.267567 20.364 0.03 54385.2684 20.369 0.042 54385.270067 20.254 0.151 -19.676764 -1.135416
54387.269728 21.788 0.159 54387.271395 20.526 0.035 54387.268062 20.463 0.036 54387.268895 20.318 0.049 54387.270562 20.353 0.178 -19.676764 -1.135416
54392.264466 21.247 0.168 54392.266133 20.578 0.038 54392.2628 20.42 0.046 54392.263633 20.232 0.051 54392.2653 20.275 0.161 -19.676764 -1.135416
