51075.253359 19.631 0.034 51075.255025 19.419 0.013 51075.251692 19.246 0.015 51075.252525 18.967 0.018 51075.254192 18.956 0.078 -16.784936 0.2275
51464.241239 19.975 0.044 51464.242905 19.933 0.019 51464.239572 19.363 0.015 51464.240405 19.055 0.016 51464.242072 19.114 0.072 -16.784936 0.2275
52197.266971 19.619 0.036 52197.268637 19.382 0.011 52197.265304 19.216 0.013 52197.266137 19.006 0.014 52197.267804 18.975 0.05 -16.784936 0.2275
52231.152956 19.567 0.035 52231.154622 19.304 0.011 52231.151289 19.177 0.013 52231.152122 18.963 0.014 52231.153789 18.99 0.053 -16.784936 0.2275
52557.260961 19.902 0.053 52557.262627 19.621 0.015 52557.259294 19.447 0.017 52557.260127 19.159 0.018 52557.261794 19.095 0.068 -16.784936 0.2275
52578.157041 19.937 0.043 52578.158707 19.669 0.013 52578.155374 19.48 0.015 52578.156207 19.182 0.016 52578.157874 19.255 0.07 -16.784936 0.2275
52908.235526 19.667 0.045 52908.237192 19.506 0.014 52908.233859 -99.99 0.024 52908.234692 19 0.018 52908.236359 18.895 0.068 -16.784936 0.2275
52929.187268 19.799 0.044 52929.188934 19.541 0.012 52929.185601 19.411 0.014 52929.186434 19.168 0.017 52929.188101 19.136 0.062 -16.784936 0.2275
52934.167425 20.002 0.058 52934.169091 19.587 0.013 52934.165758 19.492 0.018 52934.166591 19.129 0.018 52934.168258 19.073 0.065 -16.784936 0.2275
52936.163351 19.916 0.045 52936.165017 19.595 0.013 52936.161684 19.397 0.015 52936.162517 19.097 0.016 52936.164184 19.123 0.061 -16.784936 0.2275
53270.227455 19.859 0.04 53270.229122 19.76 0.019 53270.225789 19.558 0.018 53270.226622 19.305 0.019 53270.228289 19.322 0.059 -16.784936 0.2275
53272.277359 19.836 0.075 53272.279025 19.641 0.032 53272.275692 19.527 0.023 53272.276525 19.258 0.021 53272.278192 19.265 0.08 -16.784936 0.2275
53286.246076 20.032 0.059 53286.247742 19.813 0.019 53286.244409 19.604 0.019 53286.245242 19.253 0.018 53286.246909 19.45 0.1 -16.784936 0.2275
53288.204567 19.997 0.048 53288.206233 19.761 0.014 53288.2029 19.569 0.016 53288.203733 19.252 0.016 53288.2054 19.273 0.062 -16.784936 0.2275
53294.231882 20.197 0.067 53294.233548 19.838 0.028 53294.230215 19.568 0.022 53294.231048 19.281 0.03 53294.232715 19.188 0.085 -16.784936 0.2275
53312.155766 20.028 0.047 53312.157433 19.769 0.02 53312.1541 19.591 0.019 53312.154933 19.308 0.02 53312.1566 19.167 0.068 -16.784936 0.2275
53314.156962 20.079 0.049 53314.158628 19.763 0.014 53314.155295 19.567 0.017 53314.156128 19.228 0.018 53314.157795 19.358 0.077 -16.784936 0.2275
53616.26133 20.148 0.083 53616.262996 19.713 0.018 53616.259663 19.578 0.018 53616.260496 19.29 0.022 53616.262163 19.302 0.121 -16.784936 0.2275
53626.237754 19.961 0.063 53626.23942 19.752 0.024 53626.236087 19.585 0.021 53626.23692 19.342 0.021 53626.238587 19.211 0.072 -16.784936 0.2275
53628.222619 19.944 0.09 53628.224285 19.767 0.032 53628.220952 19.567 0.027 53628.221785 19.304 0.024 53628.223452 19.394 0.088 -16.784936 0.2275
53637.224234 19.77 0.072 53637.2259 19.91 0.03 53637.222567 19.529 0.023 53637.2234 19.27 0.027 53637.225067 19.481 0.136 -16.784936 0.2275
53644.216712 19.93 0.037 53644.218379 19.743 0.016 53644.215045 19.604 0.016 53644.215879 19.333 0.018 53644.217545 19.229 0.046 -16.784936 0.2275
53654.251302 20.047 0.063 53654.252968 19.743 0.018 53654.249635 19.539 0.019 53654.250468 19.283 0.023 53654.252135 19.276 0.085 -16.784936 0.2275
53656.198895 19.911 0.133 53656.200561 19.728 0.048 53656.197228 19.557 0.041 53656.198061 19.281 0.037 53656.199728 19.413 0.139 -16.784936 0.2275
53663.212205 19.893 0.069 53663.213871 19.72 0.023 53663.210538 19.577 0.021 53663.211371 19.294 0.019 53663.213038 19.31 0.064 -16.784936 0.2275
53668.201805 19.988 0.06 53668.203471 19.762 0.016 53668.200138 19.588 0.02 53668.200971 19.326 0.022 53668.202638 19.299 0.104 -16.784936 0.2275
53670.206657 20.104 0.059 53670.208323 19.759 0.014 53670.20499 19.624 0.017 53670.205823 19.291 0.019 53670.20749 19.406 0.082 -16.784936 0.2275
53673.174641 20.018 0.055 53673.176307 19.752 0.015 53673.172974 19.593 0.018 53673.173807 19.315 0.019 53673.175474 19.328 0.074 -16.784936 0.2275
53675.171529 20.089 0.057 53675.173195 19.768 0.015 53675.169862 19.576 0.019 53675.170695 19.318 0.021 53675.172362 19.282 0.076 -16.784936 0.2275
53677.192561 19.956 0.043 53677.194227 19.779 0.014 53677.190894 19.608 0.016 53677.191727 19.331 0.016 53677.193394 19.332 0.058 -16.784936 0.2275
53680.179227 20.035 0.05 53680.180893 19.797 0.015 53680.17756 19.628 0.017 53680.178393 19.296 0.017 53680.18006 19.401 0.07 -16.784936 0.2275
53693.181127 20.081 0.1 53693.182793 19.857 0.03 53693.17946 19.59 0.025 53693.180293 19.313 0.021 53693.18196 19.33 0.071 -16.784936 0.2275
53704.164452 20.197 0.063 53704.166118 19.936 0.018 53704.162785 19.597 0.018 53704.163618 19.333 0.02 53704.165285 19.323 0.074 -16.784936 0.2275
53989.260648 20.078 0.073 53989.262315 19.805 0.027 53989.258981 19.707 0.024 53989.259815 19.366 0.024 53989.261481 19.513 0.073 -16.784936 0.2275
53995.249775 20.129 0.042 53995.251442 19.864 0.02 53995.248108 19.652 0.017 53995.248942 19.413 0.018 53995.250608 19.374 0.052 -16.784936 0.2275
53997.356326 20.289 0.076 53997.357993 -99.99 0.022 53997.35466 -99.99 0.027 53997.355493 19.394 0.029 53997.35716 -99.99 0.089 -16.784936 0.2275
54000.235916 20.045 0.059 54000.237582 19.882 0.021 54000.234249 19.616 0.021 54000.235082 19.413 0.025 54000.236749 19.318 0.084 -16.784936 0.2275
54007.286068 20.137 0.057 54007.287735 19.854 0.022 54007.284402 19.712 0.019 54007.285235 19.382 0.017 54007.286902 19.321 0.059 -16.784936 0.2275
54009.209836 20.019 0.048 54009.211502 19.879 0.024 54009.208169 19.685 0.021 54009.209002 19.385 0.022 54009.210669 19.329 0.058 -16.784936 0.2275
54011.274442 -99.99 0.068 54011.276109 19.856 0.028 54011.272776 19.65 0.022 54011.273609 19.39 0.022 54011.275276 19.386 0.061 -16.784936 0.2275
54019.224555 20.114 0.058 54019.226221 19.867 0.02 54019.222888 19.658 0.018 54019.223721 19.408 0.02 54019.225388 19.366 0.056 -16.784936 0.2275
54025.273349 20.131 0.066 54025.275016 19.834 0.024 54025.271682 19.635 0.023 54025.272516 19.394 0.022 54025.274182 19.304 0.09 -16.784936 0.2275
54029.203687 20.041 0.061 54029.205354 19.85 0.026 54029.20202 19.648 0.021 54029.202854 19.379 0.026 54029.20452 19.354 0.079 -16.784936 0.2275
54358.226928 20.192 0.07 54358.228595 19.774 0.025 54358.225262 19.659 0.025 54358.226095 19.332 0.026 54358.227762 19.277 0.083 -16.784936 0.2275
54365.26006 20.044 0.055 54365.261727 19.795 0.021 54365.258394 19.615 0.023 54365.259227 19.331 0.022 54365.260894 19.257 0.061 -16.784936 0.2275
54381.279538 20.241 0.079 54381.281205 19.804 0.029 54381.277871 19.635 0.027 54381.278705 19.334 0.032 54381.280371 19.155 0.096 -16.784936 0.2275
54382.269091 20.159 0.079 54382.270758 19.811 0.027 54382.267424 19.674 0.03 54382.268258 19.349 0.029 54382.269924 19.349 0.098 -16.784936 0.2275
54386.271859 20.224 0.054 54386.273526 19.858 0.019 54386.270193 19.623 0.019 54386.271026 19.315 0.022 54386.272693 19.296 0.057 -16.784936 0.2275
54388.276117 20.027 0.054 54388.277784 19.831 0.023 54388.27445 19.645 0.022 54388.275284 19.402 0.022 54388.27695 19.256 0.063 -16.784936 0.2275
54403.189915 20.194 0.081 54403.191581 19.803 0.028 54403.188248 19.659 0.022 54403.189081 19.344 0.023 54403.190748 19.177 0.062 -16.784936 0.2275
54404.196532 20.101 0.047 54404.198199 19.818 0.02 54404.194866 19.663 0.022 54404.195699 19.378 0.029 54404.197366 19.396 0.062 -16.784936 0.2275
54406.18384 20.264 0.062 54406.185506 19.799 0.02 54406.182173 19.656 0.021 54406.183006 19.342 0.021 54406.184673 19.199 0.071 -16.784936 0.2275
54412.186746 20.157 0.052 54412.188413 19.841 0.027 54412.185079 19.612 0.019 54412.185913 19.372 0.022 54412.187579 19.361 0.06 -16.784936 0.2275
