51075.244983 19.564 0.035 51075.246649 19.54 0.014 51075.243316 19.281 0.015 51075.244149 19.22 0.023 51075.245816 19.03 0.071 -19.809712 1.13087
51464.232862 19.824 0.045 51464.234528 19.698 0.015 51464.231195 19.479 0.016 51464.232028 19.387 0.023 51464.233695 19.117 0.057 -19.809712 1.13087
52197.258654 19.987 0.045 52197.26032 19.796 0.015 52197.256987 19.54 0.016 52197.25782 19.488 0.022 52197.259487 19.306 0.062 -19.809712 1.13087
52231.144579 19.971 0.045 52231.146245 19.84 0.015 52231.142912 19.562 0.017 52231.143745 19.533 0.024 52231.145412 19.319 0.064 -19.809712 1.13087
52557.252583 19.929 0.054 52557.254249 19.821 0.016 52557.250916 19.568 0.017 52557.251749 19.504 0.025 52557.253416 19.267 0.067 -19.809712 1.13087
52578.148663 19.866 0.038 52578.150329 19.772 0.014 52578.146996 19.538 0.015 52578.147829 19.491 0.021 52578.149496 19.241 0.059 -19.809712 1.13087
52929.178891 19.659 0.035 52929.180557 19.621 0.013 52929.177224 19.435 0.014 52929.178057 19.381 0.02 52929.179724 19.253 0.059 -19.809712 1.13087
52934.159047 19.725 0.042 52934.160713 19.626 0.015 52934.15738 19.417 0.016 52934.158213 19.383 0.022 52934.15988 19.114 0.066 -19.809712 1.13087
52936.154974 19.836 0.038 52936.15664 19.636 0.014 52936.153307 19.469 0.017 52936.15414 19.392 0.021 52936.155807 19.206 0.059 -19.809712 1.13087
53270.219034 19.862 0.047 53270.2207 19.639 0.018 53270.217367 19.447 0.02 53270.2182 19.398 0.031 53270.219867 19.086 0.048 -19.809712 1.13087
53272.268981 19.895 0.08 53272.270647 19.743 0.033 53272.267314 19.414 0.021 53272.268147 19.386 0.027 53272.269814 19.106 0.063 -19.809712 1.13087
53286.237699 19.873 0.049 53286.239365 19.717 0.015 53286.236032 19.473 0.016 53286.236865 19.45 0.021 53286.238532 19.26 0.057 -19.809712 1.13087
53288.19619 19.926 0.048 53288.197856 19.724 0.014 53288.194523 19.488 0.016 53288.195356 19.423 0.021 53288.197023 19.306 0.063 -19.809712 1.13087
53294.223511 19.769 0.046 53294.225177 19.758 0.018 53294.221844 -99.99 0.083 53294.222677 19.446 0.031 53294.224344 19.226 0.067 -19.809712 1.13087
53302.191855 19.737 0.086 53302.193521 19.686 0.036 53302.190188 19.482 0.032 53302.191021 19.459 0.038 53302.192688 19.163 0.078 -19.809712 1.13087
53312.147389 19.862 0.043 53312.149055 19.721 0.017 53312.145722 19.5 0.019 53312.146555 19.4 0.026 53312.148222 19.191 0.064 -19.809712 1.13087
53314.148585 19.905 0.044 53314.150251 19.743 0.014 53314.146918 19.492 0.016 53314.147751 19.418 0.023 53314.149418 19.212 0.068 -19.809712 1.13087
53616.252956 19.941 0.072 53616.254622 19.873 0.018 53616.251289 19.695 0.025 53616.252122 19.552 0.031 53616.253789 19.358 0.09 -19.809712 1.13087
53623.243165 -99.99 0.073 53623.244831 -99.99 0.038 53623.241498 19.584 0.03 53623.242331 -99.99 0.051 53623.243998 -99.99 0.103 -19.809712 1.13087
53626.229376 19.92 0.062 53626.231042 19.841 0.028 53626.227709 19.615 0.026 53626.228542 19.562 0.031 53626.230209 19.4 0.074 -19.809712 1.13087
53628.214242 19.986 0.104 53628.215908 19.805 0.04 53628.212575 19.673 0.032 53628.213408 19.618 0.037 53628.215075 19.493 0.104 -19.809712 1.13087
53637.215856 19.909 0.073 53637.217522 19.796 0.024 53637.214189 19.619 0.025 53637.215022 19.499 0.037 53637.216689 19.313 0.097 -19.809712 1.13087
53644.208309 19.997 0.039 53644.209976 19.859 0.015 53644.206643 19.644 0.016 53644.207476 19.556 0.02 53644.209143 19.394 0.053 -19.809712 1.13087
53654.242926 19.968 0.064 53654.244592 19.861 0.023 53654.241259 19.7 0.022 53654.242092 19.64 0.035 53654.243759 19.358 0.088 -19.809712 1.13087
53656.19052 19.904 0.106 53656.192186 19.856 0.046 53656.188853 19.65 0.039 53656.189686 19.592 0.044 53656.191353 19.271 0.095 -19.809712 1.13087
53663.203829 19.99 0.066 53663.205495 19.942 0.026 53663.202162 19.686 0.022 53663.202995 19.567 0.025 53663.204662 19.342 0.059 -19.809712 1.13087
53668.193429 20.048 0.056 53668.195095 19.918 0.018 53668.191762 19.654 0.021 53668.192595 19.582 0.03 53668.194262 19.466 0.093 -19.809712 1.13087
53670.198282 19.978 0.049 53670.199948 19.881 0.016 53670.196615 19.677 0.018 53670.197448 19.6 0.026 53670.199115 19.308 0.065 -19.809712 1.13087
53673.166264 20.008 0.053 53673.16793 19.884 0.018 53673.164597 19.629 0.02 53673.16543 19.543 0.027 53673.167097 19.303 0.069 -19.809712 1.13087
53675.163152 20.004 0.051 53675.164818 19.86 0.017 53675.161485 19.636 0.02 53675.162318 19.588 0.029 53675.163985 19.496 0.085 -19.809712 1.13087
53677.184184 19.963 0.044 53677.18585 19.845 0.014 53677.182517 19.632 0.016 53677.18335 19.576 0.022 53677.185017 19.311 0.053 -19.809712 1.13087
53680.17085 19.992 0.046 53680.172516 19.842 0.015 53680.169183 19.625 0.017 53680.170016 19.541 0.022 53680.171683 19.42 0.058 -19.809712 1.13087
53693.172749 19.916 0.08 53693.174415 19.815 0.03 53693.171082 19.589 0.024 53693.171915 19.574 0.03 53693.173582 19.381 0.064 -19.809712 1.13087
53702.168445 19.945 0.097 53702.170112 19.738 0.03 53702.166779 19.595 0.038 53702.167612 19.53 0.054 53702.169279 19.27 0.134 -19.809712 1.13087
53704.156077 19.849 0.05 53704.157743 19.795 0.016 53704.15441 19.561 0.018 53704.155243 19.536 0.027 53704.15691 19.17 0.06 -19.809712 1.13087
53989.252118 19.918 0.067 53989.253785 19.714 0.027 53989.250451 19.503 0.024 53989.251285 19.448 0.03 53989.252951 19.227 0.061 -19.809712 1.13087
53995.241389 19.961 0.037 53995.243056 19.784 0.014 53995.239722 19.525 0.017 53995.240556 19.414 0.021 53995.242222 -99.99 0.05 -19.809712 1.13087
54000.227552 19.88 0.045 54000.229218 19.755 0.019 54000.225885 19.498 0.02 54000.226718 19.447 0.025 54000.228385 19.287 0.071 -19.809712 1.13087
54007.277693 19.902 0.045 54007.279359 19.765 0.018 54007.276026 19.531 0.017 54007.276859 19.439 0.023 54007.278526 19.214 0.058 -19.809712 1.13087
54009.201466 19.885 0.046 54009.203132 19.775 0.022 54009.199799 19.505 0.02 54009.200632 19.392 0.026 54009.202299 19.385 0.069 -19.809712 1.13087
54011.26596 19.952 0.061 54011.267627 19.762 0.025 54011.264294 19.488 0.023 54011.265127 19.482 0.028 54011.266794 -99.99 0.054 -19.809712 1.13087
54019.216185 20.064 0.056 54019.217852 19.838 0.024 54019.214519 19.528 0.019 54019.215352 -99.99 0.024 54019.217019 -99.99 0.049 -19.809712 1.13087
54025.265054 20.062 0.06 54025.266721 19.857 0.025 54025.263388 19.589 0.03 54025.264221 19.488 0.03 54025.265888 19.27 0.066 -19.809712 1.13087
54029.195315 19.953 0.044 54029.196981 19.827 0.019 54029.193648 19.546 0.023 54029.194481 19.479 0.027 54029.196148 19.248 0.059 -19.809712 1.13087
54358.218527 19.681 0.056 54358.220193 19.639 0.022 54358.21686 19.513 0.024 54358.217693 19.439 0.032 54358.21936 19.112 0.074 -19.809712 1.13087
54365.251591 19.707 0.046 54365.253258 19.652 0.022 54365.249924 19.43 0.023 54365.250758 19.335 0.025 54365.252424 19.166 0.057 -19.809712 1.13087
54373.325839 19.663 0.108 54373.327506 -99.99 0.049 54373.324172 19.4 0.031 54373.325006 19.351 0.031 54373.326672 19.219 0.08 -19.809712 1.13087
54382.260712 19.632 0.047 54382.262379 19.587 0.027 54382.259045 19.396 0.024 54382.259879 19.342 0.029 54382.261545 19.302 0.084 -19.809712 1.13087
54386.263486 19.772 0.04 54386.265153 19.632 0.019 54386.26182 19.414 0.022 54386.262653 19.376 0.026 54386.26432 19.214 0.051 -19.809712 1.13087
54388.267741 19.726 0.044 54388.269408 19.631 0.017 54388.266074 19.417 0.02 54388.266908 19.32 0.024 54388.268574 19.222 0.06 -19.809712 1.13087
54403.181533 19.824 0.053 54403.183199 19.689 0.022 54403.179866 19.425 0.022 54403.180699 19.363 0.026 54403.182366 19.186 0.054 -19.809712 1.13087
54404.188135 19.772 0.038 54404.189802 19.615 0.018 54404.186468 19.412 0.02 54404.187302 19.338 0.02 54404.188968 19.196 0.054 -19.809712 1.13087
54406.175351 19.685 0.038 54406.177017 19.626 0.019 54406.173684 19.444 0.023 54406.174517 19.344 0.024 54406.176184 19.091 0.055 -19.809712 1.13087
54412.178285 19.762 0.044 54412.179952 19.629 0.019 54412.176618 19.454 0.02 54412.177452 -99.99 0.024 54412.179118 -99.99 0.057 -19.809712 1.13087
