51075.25716 21.07 0.115 51075.258826 20.456 0.028 51075.255493 20.297 0.036 51075.256326 19.845 0.039 51075.257993 19.958 0.21 -15.412499 0.268155
51464.245042 20.864 0.101 51464.246708 20.314 0.026 51464.243375 20.212 0.03 51464.244208 19.891 0.034 51464.245875 19.682 0.122 -15.412499 0.268155
52197.270798 20.667 0.075 52197.272464 20.129 0.018 52197.269131 20.058 0.022 52197.269964 19.788 0.024 52197.271631 19.901 0.115 -15.412499 0.268155
52231.156758 20.699 0.08 52231.158424 20.21 0.02 52231.155091 20.08 0.023 52231.155924 19.791 0.026 52231.157591 19.714 0.107 -15.412499 0.268155
52253.142933 20.778 0.129 52253.144599 20.161 0.026 52253.141266 20.072 0.03 52253.142099 19.799 0.031 52253.143766 19.667 0.12 -15.412499 0.268155
52557.264763 21 0.121 52557.266429 20.42 0.025 52557.263096 20.316 0.031 52557.263929 19.915 0.031 52557.265596 19.543 0.094 -15.412499 0.268155
52578.160843 21.008 0.103 52578.162509 20.365 0.023 52578.159176 20.147 0.027 52578.160009 19.827 0.029 52578.161676 19.82 0.121 -15.412499 0.268155
52908.239327 20.743 0.093 52908.240993 20.235 0.022 52908.23766 20.128 0.027 52908.238493 19.813 0.028 52908.24016 19.849 0.138 -15.412499 0.268155
52929.19107 20.764 0.092 52929.192736 20.229 0.021 52929.189403 20.094 0.024 52929.190236 19.741 0.026 52929.191903 19.552 0.105 -15.412499 0.268155
52934.171226 20.778 0.111 52934.172892 20.254 0.023 52934.169559 20.114 0.027 52934.170392 19.851 0.034 52934.172059 19.513 0.102 -15.412499 0.268155
52936.167153 20.833 0.086 52936.168819 20.189 0.019 52936.165486 20.067 0.024 52936.166319 19.761 0.025 52936.167986 19.497 0.085 -15.412499 0.268155
53270.231211 20.486 0.067 53270.232878 20.048 0.02 53270.229544 19.951 0.022 53270.230378 19.716 0.024 53270.232044 19.676 0.085 -15.412499 0.268155
53272.281161 20.648 0.14 53272.282827 20.026 0.033 53272.279494 20.003 0.038 53272.280327 19.652 0.03 53272.281994 19.642 0.106 -15.412499 0.268155
53286.249877 20.271 0.098 53286.251543 20.015 0.022 53286.24821 19.909 0.027 53286.249043 19.596 0.028 53286.25071 19.683 0.128 -15.412499 0.268155
53288.208367 20.424 0.065 53288.210033 19.995 0.017 53288.2067 19.89 0.02 53288.207533 19.614 0.021 53288.2092 19.662 0.084 -15.412499 0.268155
53294.235689 20.449 0.072 53294.237355 20.023 0.031 53294.234022 19.947 0.03 53294.234855 19.665 0.033 53294.236522 19.629 0.12 -15.412499 0.268155
53302.204035 20.211 0.195 53302.205701 19.968 0.054 53302.202368 19.87 0.056 53302.203201 -99.99 0.065 53302.204868 19.425 0.13 -15.412499 0.268155
53312.159633 20.313 0.068 53312.1613 20.058 0.023 53312.157966 19.936 0.026 53312.1588 19.69 0.028 53312.160466 19.524 0.112 -15.412499 0.268155
53314.160763 20.457 0.064 53314.162429 19.968 0.016 53314.159096 19.886 0.02 53314.159929 19.624 0.024 53314.161596 19.598 0.097 -15.412499 0.268155
53616.265131 20.777 0.122 53616.266797 20.308 0.026 53616.263464 20.2 0.031 53616.264297 19.847 0.036 53616.265964 19.855 0.147 -15.412499 0.268155
53623.255342 20.786 0.104 53623.257008 -99.99 0.076 53623.253675 20.096 0.033 53623.254508 19.849 0.04 53623.256175 -99.99 0.185 -15.412499 0.268155
53626.241555 20.907 0.136 53626.243221 20.243 0.032 53626.239888 20.28 0.041 53626.240721 19.997 0.035 53626.242388 19.666 0.094 -15.412499 0.268155
53628.22642 20.783 0.2 53628.228086 20.218 0.051 53628.224753 20.209 0.046 53628.225586 19.88 0.04 53628.227253 19.651 0.104 -15.412499 0.268155
53637.228035 20.512 0.136 53637.229701 20.396 0.043 53637.226368 20.057 0.041 53637.227201 19.744 0.041 53637.228868 19.999 0.228 -15.412499 0.268155
53644.220479 20.773 0.063 53644.222145 20.306 0.023 53644.218812 20.255 0.021 53644.219645 19.943 0.026 53644.221312 19.926 0.082 -15.412499 0.268155
53654.255103 20.619 0.101 53654.256769 20.259 0.023 53654.253436 20.158 0.03 53654.254269 19.891 0.031 53654.255936 19.965 0.144 -15.412499 0.268155
53656.202697 20.474 0.231 53656.204363 20.357 0.082 53656.20103 -99.99 0.071 53656.201863 19.771 0.06 53656.20353 19.646 0.163 -15.412499 0.268155
53663.216007 20.941 0.167 53663.217673 20.227 0.036 53663.21434 20.165 0.032 53663.215173 19.857 0.029 53663.21684 19.828 0.101 -15.412499 0.268155
53668.205606 21.001 0.119 53668.207272 20.252 0.023 53668.203939 20.169 0.033 53668.204772 19.841 0.033 53668.206439 19.65 0.128 -15.412499 0.268155
53670.210458 20.821 0.095 53670.212124 20.231 0.021 53670.208791 20.158 0.025 53670.209624 19.92 0.029 53670.211291 19.615 0.105 -15.412499 0.268155
53673.178443 20.843 0.106 53673.180109 20.244 0.02 53673.176776 20.147 0.027 53673.177609 19.81 0.027 53673.179276 19.614 0.094 -15.412499 0.268155
53675.175331 20.741 0.092 53675.176997 20.242 0.02 53675.173664 20.131 0.03 53675.174497 19.846 0.032 53675.176164 19.706 0.112 -15.412499 0.268155
53677.196363 20.619 0.07 53677.198029 20.199 0.018 53677.194696 20.123 0.022 53677.195529 19.887 0.024 53677.197196 19.86 0.091 -15.412499 0.268155
53680.183029 20.734 0.088 53680.184695 20.263 0.02 53680.181362 20.133 0.025 53680.182195 19.797 0.025 53680.183862 19.534 0.08 -15.412499 0.268155
53693.184928 20.501 0.141 53693.186594 20.277 0.044 53693.183261 20.106 0.036 53693.184094 19.874 0.031 53693.185761 19.618 0.085 -15.412499 0.268155
53704.168254 20.613 0.083 53704.16992 20.189 0.02 53704.166587 20.06 0.024 53704.16742 19.788 0.027 53704.169087 19.517 0.091 -15.412499 0.268155
53989.264342 20.955 0.175 53989.266008 20.496 0.045 53989.262675 20.336 0.038 53989.263508 19.922 0.032 53989.265175 19.81 0.096 -15.412499 0.268155
53995.253554 20.927 0.073 53995.25522 20.454 0.022 53995.251887 20.409 0.024 53995.25272 20.064 0.024 53995.254387 19.993 0.09 -15.412499 0.268155
53997.359959 21.088 0.133 53997.361626 -99.99 0.025 53997.358293 -99.99 0.03 53997.359126 20.001 0.032 53997.360793 -99.99 0.111 -15.412499 0.268155
54000.239734 21.218 0.134 54000.241401 20.4 0.023 54000.238068 20.323 0.029 54000.238901 20.003 0.031 54000.240568 19.982 0.133 -15.412499 0.268155
54007.289885 21.057 0.096 54007.291551 20.431 0.023 54007.288218 20.306 0.027 54007.289051 19.965 0.026 54007.290718 19.811 0.095 -15.412499 0.268155
54009.213649 20.994 0.095 54009.215316 20.439 0.027 54009.211983 20.325 0.029 54009.212816 20.065 0.028 54009.214483 19.866 0.087 -15.412499 0.268155
54011.278137 21.084 0.15 54011.279804 20.477 0.04 54011.27647 20.481 0.04 54011.277304 20.005 0.033 54011.27897 19.911 0.09 -15.412499 0.268155
54019.228343 20.934 0.136 54019.23001 20.4 0.033 54019.226677 20.333 0.029 54019.22751 20.028 0.028 54019.229177 19.791 0.098 -15.412499 0.268155
54025.277153 20.732 0.097 54025.27882 20.418 0.025 54025.275487 20.324 0.034 54025.27632 19.97 0.033 54025.277987 19.846 0.125 -15.412499 0.268155
54029.207571 20.964 0.106 54029.209237 20.419 0.031 54029.205904 20.345 0.03 54029.206737 20.034 0.033 54029.208404 19.698 0.088 -15.412499 0.268155
54358.230703 21.369 0.192 54358.23237 20.696 0.033 54358.229036 20.482 0.036 54358.22987 20.183 0.04 54358.231536 19.986 0.157 -15.412499 0.268155
54365.263827 21.131 0.135 54365.265494 20.675 0.039 54365.26216 20.555 0.038 54365.262994 20.174 0.037 54365.26466 20.163 0.138 -15.412499 0.268155
54373.337968 21.474 0.604 54373.339634 20.655 0.107 54373.336301 20.613 0.085 54373.337134 20.246 0.071 54373.338801 19.843 0.151 -15.412499 0.268155
54381.283354 21.193 0.144 54381.28502 20.596 0.03 54381.281687 20.463 0.035 54381.28252 20.045 0.041 54381.284187 19.882 0.132 -15.412499 0.268155
54382.27291 20.969 0.169 54382.274577 20.563 0.029 54382.271244 20.515 0.044 54382.272077 19.95 0.048 54382.273744 19.993 0.196 -15.412499 0.268155
54386.275708 21.052 0.101 54386.277374 20.628 0.026 54386.274041 20.479 0.029 54386.274874 20.067 0.027 54386.276541 20.112 0.111 -15.412499 0.268155
54388.279946 21.093 0.137 54388.281613 20.492 0.027 54388.27828 20.443 0.032 54388.279113 20.142 0.035 54388.28078 20.144 0.136 -15.412499 0.268155
54403.193781 21.054 0.166 54403.195448 20.533 0.043 54403.192114 20.476 0.045 54403.192948 20.048 0.041 54403.194614 19.896 0.115 -15.412499 0.268155
54404.200376 21.126 0.106 54404.202043 20.575 0.029 54404.198709 20.495 0.031 54404.199543 20.105 0.029 54404.201209 20.063 0.11 -15.412499 0.268155
54405.249232 21.089 0.11 54405.250899 20.534 0.031 54405.247566 20.453 0.033 54405.248399 20.12 0.033 54405.250066 19.986 0.115 -15.412499 0.268155
54406.187606 21.125 0.114 54406.189273 20.578 0.028 54406.185939 20.543 0.037 54406.186773 20.064 0.037 54406.188439 20.027 0.135 -15.412499 0.268155
54412.190513 20.925 0.095 54412.192179 20.553 0.024 54412.188846 20.473 0.029 54412.189679 20.11 0.03 54412.191346 19.843 0.091 -15.412499 0.268155
