51075.254492 19.906 0.046 51075.256158 19.528 0.014 51075.252825 19.415 0.016 51075.253658 19.262 0.022 51075.255325 19.391 0.124 -16.375943 0.398495
51464.242385 20.053 0.05 51464.244051 19.519 0.015 51464.240718 19.406 0.016 51464.241551 19.289 0.02 51464.243218 19.544 0.103 -16.375943 0.398495
51467.333351 19.91 0.073 51467.335017 19.596 0.019 51467.331684 19.442 0.022 51467.332517 19.364 0.031 51467.334184 19.336 0.104 -16.375943 0.398495
51819.309374 20.292 0.059 51819.31104 19.799 0.018 51819.307707 19.68 0.018 51819.30854 19.532 0.024 51819.310207 19.526 0.07 -16.375943 0.398495
52197.268106 20.467 0.064 52197.269772 19.984 0.016 52197.266439 19.84 0.019 52197.267272 19.663 0.022 52197.268939 19.769 0.101 -16.375943 0.398495
52231.15409 20.477 0.064 52231.155756 19.956 0.017 52231.152423 19.801 0.02 52231.153256 19.643 0.022 52231.154923 19.829 0.103 -16.375943 0.398495
52557.262094 20.375 0.076 52557.26376 19.909 0.017 52557.260427 19.816 0.024 52557.26126 19.642 0.026 52557.262927 19.79 0.123 -16.375943 0.398495
52578.158174 20.345 0.059 52578.15984 19.828 0.015 52578.156507 19.723 0.018 52578.15734 19.561 0.022 52578.159007 19.512 0.083 -16.375943 0.398495
52908.236658 20.027 0.053 52908.238324 19.6 0.014 52908.234991 19.523 0.017 52908.235824 19.412 0.022 52908.237491 19.399 0.09 -16.375943 0.398495
52929.188401 20.167 0.055 52929.190067 19.658 0.014 52929.186734 19.502 0.016 52929.187567 19.395 0.019 52929.189234 19.472 0.082 -16.375943 0.398495
52934.168558 20.151 0.056 52934.170224 19.703 0.015 52934.166891 19.591 0.02 52934.167724 19.399 0.023 52934.169391 19.502 0.093 -16.375943 0.398495
52936.164484 20.125 0.051 52936.16615 19.652 0.013 52936.162817 19.567 0.017 52936.16365 19.445 0.02 52936.165317 19.482 0.085 -16.375943 0.398495
53270.228548 20.061 0.046 53270.230215 19.569 0.018 53270.226881 19.459 0.016 53270.227715 19.359 0.019 53270.229381 19.271 0.057 -16.375943 0.398495
53272.278492 20.131 0.094 53272.280158 19.592 0.025 53272.276825 19.432 0.022 53272.277658 19.298 0.024 53272.279325 19.334 0.093 -16.375943 0.398495
53286.247209 19.974 0.065 53286.248875 19.586 0.017 53286.245542 19.469 0.017 53286.246375 19.265 0.019 53286.248042 19.392 0.092 -16.375943 0.398495
53288.205699 20 0.053 53288.207365 19.547 0.013 53288.204032 19.458 0.015 53288.204865 19.319 0.017 53288.206532 19.384 0.071 -16.375943 0.398495
53294.233037 20.046 0.057 53294.234704 19.593 0.021 53294.231371 19.446 0.022 53294.232204 19.265 0.032 53294.233871 19.318 0.103 -16.375943 0.398495
53302.201367 20.019 0.142 53302.203033 19.625 0.048 53302.1997 19.451 0.038 53302.200533 19.316 0.035 53302.2022 19.257 0.106 -16.375943 0.398495
53312.156914 19.952 0.045 53312.158581 19.557 0.016 53312.155247 19.455 0.017 53312.156081 19.3 0.023 53312.157747 19.374 0.085 -16.375943 0.398495
53314.158095 20.038 0.048 53314.159761 19.555 0.012 53314.156428 19.428 0.016 53314.157261 19.331 0.019 53314.158928 19.319 0.076 -16.375943 0.398495
53616.262463 19.9 0.078 53616.264129 19.471 0.014 53616.260796 19.317 0.017 53616.261629 19.185 0.022 53616.263296 19.15 0.092 -16.375943 0.398495
53623.252673 19.858 0.067 53623.254339 -99.99 0.023 53623.251006 -99.99 0.024 53623.251839 -99.99 0.032 53623.253506 -99.99 0.091 -16.375943 0.398495
53626.238886 19.978 0.069 53626.240552 19.47 0.019 53626.237219 19.329 0.018 53626.238052 19.183 0.019 53626.239719 19.264 0.078 -16.375943 0.398495
53628.223751 19.966 0.094 53628.225417 19.445 0.025 53628.222084 19.284 0.021 53628.222917 19.198 0.022 53628.224584 19.202 0.07 -16.375943 0.398495
53637.225366 19.898 0.076 53637.227032 19.425 0.019 53637.223699 19.335 0.02 53637.224532 19.152 0.025 53637.226199 19.43 0.145 -16.375943 0.398495
53644.217828 -99.99 0.034 53644.219495 19.412 0.017 53644.216161 19.316 0.016 53644.216995 19.196 0.025 53644.218661 19.197 0.044 -16.375943 0.398495
53654.252436 19.809 0.056 53654.254102 19.377 0.013 53654.250769 19.277 0.017 53654.251602 19.192 0.019 53654.253269 19.261 0.08 -16.375943 0.398495
53656.200028 19.702 0.11 53656.201694 19.391 0.036 53656.198361 19.315 0.032 53656.199194 19.133 0.03 53656.200861 19.224 0.116 -16.375943 0.398495
53663.213338 19.758 0.061 53663.215004 19.394 0.017 53663.211671 19.291 0.016 53663.212504 19.192 0.017 53663.214171 19.167 0.055 -16.375943 0.398495
53668.202938 19.919 0.061 53668.204604 19.419 0.012 53668.201271 19.287 0.016 53668.202104 19.162 0.023 53668.203771 19.181 0.086 -16.375943 0.398495
53670.20779 19.858 0.046 53670.209456 19.411 0.012 53670.206123 19.281 0.014 53670.206956 19.165 0.018 53670.208623 19.169 0.065 -16.375943 0.398495
53673.175774 19.772 0.045 53673.17744 19.381 0.012 53673.174107 19.272 0.015 53673.17494 19.154 0.017 53673.176607 19.256 0.073 -16.375943 0.398495
53675.172662 19.72 0.044 53675.174328 19.39 0.012 53675.170995 19.277 0.016 53675.171828 19.184 0.019 53675.173495 19.241 0.079 -16.375943 0.398495
53677.193694 19.747 0.039 53677.19536 19.39 0.011 53677.192027 19.293 0.013 53677.19286 19.174 0.015 53677.194527 19.14 0.049 -16.375943 0.398495
53680.18036 19.761 0.041 53680.182026 19.388 0.012 53680.178693 19.274 0.014 53680.179526 19.168 0.016 53680.181193 19.107 0.054 -16.375943 0.398495
53693.18226 -99.99 0.078 53693.183926 19.428 0.022 53693.180593 19.292 0.019 53693.181426 19.178 0.019 53693.183093 19.306 0.069 -16.375943 0.398495
53704.165585 19.899 0.046 53704.167251 19.465 0.012 53704.163918 19.306 0.015 53704.164751 19.186 0.017 53704.166418 19.221 0.069 -16.375943 0.398495
53989.261653 19.709 0.057 53989.263319 19.277 0.022 53989.259986 19.221 0.019 53989.260819 19.101 0.02 53989.262486 19.124 0.056 -16.375943 0.398495
53995.25092 -99.99 0.031 53995.252586 19.309 0.015 53995.249253 19.22 0.015 53995.250086 19.062 0.017 53995.251753 19.139 0.045 -16.375943 0.398495
53997.35729 19.668 0.046 53997.358956 -99.99 0.017 53997.355623 -99.99 0.021 53997.356456 19.077 0.019 53997.358123 -99.99 0.068 -16.375943 0.398495
54000.237065 19.642 0.041 54000.238732 19.294 0.018 54000.235399 19.216 0.02 54000.236232 19.06 0.019 54000.237899 19.17 0.069 -16.375943 0.398495
54007.2872 19.619 0.037 54007.288867 19.328 0.016 54007.285533 19.23 0.017 54007.286367 19.182 0.022 54007.288033 19.163 0.056 -16.375943 0.398495
54009.210978 19.629 0.038 54009.212645 19.322 0.018 54009.209311 19.206 0.015 54009.210145 19.115 0.02 54009.211811 19.167 0.056 -16.375943 0.398495
54011.275458 19.804 0.059 54011.277125 19.335 0.023 54011.273791 19.252 0.019 54011.274625 19.133 0.018 54011.276291 19.164 0.048 -16.375943 0.398495
54019.2257 19.545 0.039 54019.227367 19.334 0.017 54019.224033 19.235 0.019 54019.224867 19.123 0.017 54019.226533 19.151 0.048 -16.375943 0.398495
54025.274506 19.744 0.052 54025.276172 19.321 0.02 54025.272839 19.189 0.02 54025.273672 19.138 0.022 54025.275339 19.333 0.083 -16.375943 0.398495
54029.204847 19.722 0.051 54029.206513 19.328 0.017 54029.20318 19.239 0.016 54029.204013 19.151 0.023 54029.20568 19.067 0.057 -16.375943 0.398495
54358.228065 19.89 0.057 54358.229731 19.547 0.019 54358.226398 19.446 0.021 54358.227231 19.263 0.021 54358.228898 19.179 0.076 -16.375943 0.398495
54365.261125 19.99 0.054 54365.262792 19.584 0.019 54365.259459 19.451 0.023 54365.260292 19.285 0.024 54365.261959 19.302 0.066 -16.375943 0.398495
54373.3354 20.128 0.162 54373.337067 19.631 0.058 54373.333733 19.468 0.053 54373.334567 19.27 0.035 54373.336233 19.31 0.101 -16.375943 0.398495
54381.280799 20.247 0.074 54381.282465 19.636 0.022 54381.279132 19.483 0.025 54381.279965 19.336 0.028 54381.281632 19.295 0.076 -16.375943 0.398495
54382.270278 20.019 0.068 54382.271944 19.64 0.024 54382.268611 19.532 0.033 54382.269444 19.338 0.026 54382.271111 19.492 0.119 -16.375943 0.398495
54386.272984 20.058 0.049 54386.274651 19.669 0.019 54386.271317 19.486 0.021 54386.272151 19.374 0.02 54386.273817 19.475 0.067 -16.375943 0.398495
54388.277356 19.826 0.049 54388.279023 19.656 0.02 54388.27569 19.494 0.019 54388.276523 19.339 0.02 54388.27819 19.42 0.071 -16.375943 0.398495
54403.191056 20.095 0.075 54403.192723 19.576 0.021 54403.18939 19.497 0.02 54403.190223 19.387 0.022 54403.19189 19.302 0.074 -16.375943 0.398495
54404.197674 19.944 0.045 54404.199341 19.626 0.02 54404.196007 19.467 0.016 54404.196841 19.331 0.02 54404.198507 19.318 0.058 -16.375943 0.398495
54405.24659 19.971 0.057 54405.248256 19.631 0.017 54405.244923 19.504 0.019 54405.245756 19.374 0.022 54405.247423 19.369 0.072 -16.375943 0.398495
54406.184904 20.069 0.06 54406.186571 -99.99 0.022 54406.183238 19.477 0.023 54406.184071 19.318 0.023 54406.185738 19.532 0.099 -16.375943 0.398495
54412.187793 20.033 0.047 54412.18946 19.624 0.019 54412.186127 19.496 0.018 54412.18696 19.371 0.02 54412.188627 19.292 0.061 -16.375943 0.398495
