51075.334482 23.239 0.608 51075.336148 21.054 0.04 51075.332815 20.426 0.032 51075.333648 20.251 0.04 51075.335315 19.873 0.116 12.500369 -0.53545
52196.353677 24.395 1.543 52196.355343 20.64 0.031 52196.35201 19.911 0.022 52196.352843 19.74 0.025 52196.35451 -99.99 0.115 12.500369 -0.53545
52197.348181 23.408 0.82 52197.349847 20.559 0.028 52197.346514 19.95 0.021 52197.347347 19.755 0.025 52197.349014 19.727 0.085 12.500369 -0.53545
52207.32048 25.12 1.165 52207.322146 20.6 0.026 52207.318813 19.904 0.02 52207.319646 19.759 0.022 52207.321313 19.568 0.069 12.500369 -0.53545
52225.198285 24.364 1.346 52225.199951 20.488 0.026 52225.196618 19.879 0.022 52225.197451 19.753 0.025 52225.199118 19.625 0.079 12.500369 -0.53545
52231.234069 24.376 1.104 52231.235735 20.552 0.025 52231.232402 19.903 0.019 52231.233235 19.741 0.02 52231.234902 19.584 0.062 12.500369 -0.53545
52253.220237 26.407 0.663 52253.221903 -99.99 0.032 52253.21857 19.847 0.021 52253.219403 19.735 0.024 52253.22107 19.543 0.082 12.500369 -0.53545
52557.342071 26.619 0.53 52557.343737 20.806 0.034 52557.340404 20.093 0.029 52557.341237 19.798 0.031 52557.342904 19.802 0.105 12.500369 -0.53545
52578.238157 25.125 1.149 52578.239823 20.79 0.03 52578.23649 20.044 0.024 52578.237323 19.873 0.026 52578.23899 19.76 0.092 12.500369 -0.53545
52908.316636 24.884 1.276 52908.318302 20.809 0.031 52908.314969 20.177 0.027 52908.315802 19.902 0.026 52908.317469 19.677 0.083 12.500369 -0.53545
52934.248538 25.082 1.87 52934.250204 20.839 0.038 52934.246871 20.231 0.034 52934.247704 19.938 0.037 52934.249371 19.819 0.128 12.500369 -0.53545
52936.244465 23.479 0.697 52936.246131 20.926 0.031 52936.242798 20.179 0.024 52936.243631 19.93 0.024 52936.245298 19.602 0.065 12.500369 -0.53545
53270.30852 25.494 4.937 53270.310186 20.651 0.027 53270.306853 19.953 0.021 53270.307686 19.781 0.025 53270.309353 19.707 0.057 12.500369 -0.53545
53272.358467 23.911 1.132 53272.360133 20.656 0.027 53272.3568 19.993 0.021 53272.357633 19.813 0.023 53272.3593 19.716 0.076 12.500369 -0.53545
53286.327187 25.089 1.464 53286.328853 20.561 0.045 53286.32552 19.924 0.024 53286.326353 19.78 0.025 53286.32802 19.808 0.108 12.500369 -0.53545
53288.285676 23.751 1.278 53288.287342 20.63 0.029 53288.284009 19.922 0.023 53288.284842 19.802 0.03 53288.286509 19.698 0.087 12.500369 -0.53545
53294.333353 24.788 1.673 53294.335019 20.655 0.033 53294.331686 19.993 0.028 53294.332519 19.806 0.032 53294.334186 19.662 0.091 12.500369 -0.53545
53296.28036 24.289 2.518 53296.282027 20.594 0.033 53296.278694 19.928 0.032 53296.279527 19.831 0.033 53296.281194 19.552 0.087 12.500369 -0.53545
53298.330132 25.875 0.783 53298.331798 20.648 0.032 53298.328465 19.983 0.029 53298.329298 19.859 0.031 53298.330965 19.677 0.091 12.500369 -0.53545
53302.281346 24.839 3.104 53302.283012 20.592 0.061 53302.279679 19.891 0.031 53302.280512 19.696 0.027 53302.282179 19.775 0.083 12.500369 -0.53545
53312.236915 24.58 3.53 53312.238582 20.554 0.047 53312.235248 19.932 0.026 53312.236082 19.812 0.029 53312.237748 19.6 0.086 12.500369 -0.53545
53314.238074 25.956 0.914 53314.23974 20.645 0.029 53314.236407 19.926 0.023 53314.23724 19.792 0.027 53314.238907 19.49 0.076 12.500369 -0.53545
53616.342435 25.588 1.398 53616.344101 20.654 0.036 53616.340768 20.005 0.03 53616.341601 19.893 0.04 53616.343268 19.724 0.128 12.500369 -0.53545
53626.318861 25.074 1.036 53626.320527 20.704 0.032 53626.317194 19.995 0.027 53626.318027 19.829 0.029 53626.319694 19.689 0.073 12.500369 -0.53545
53628.303726 -99.99 2.984 53628.305392 20.697 0.082 53628.302059 20.028 0.036 53628.302892 19.821 0.034 53628.304559 19.874 0.12 12.500369 -0.53545
53637.305342 -99.99 0.587 53637.307008 20.697 0.054 53637.303675 19.98 0.035 53637.304508 19.83 0.035 53637.306175 19.751 0.126 12.500369 -0.53545
53639.350719 23.8 1.067 53639.352385 20.725 0.033 53639.349052 20.014 0.021 53639.349885 19.841 0.021 53639.351552 19.603 0.057 12.500369 -0.53545
53654.332412 22.831 0.536 53654.334078 20.74 0.03 53654.330745 20.003 0.023 53654.331578 19.823 0.027 53654.333245 19.686 0.086 12.500369 -0.53545
53663.293316 23.843 2.31 53663.294982 20.874 0.077 53663.291649 20.019 0.03 53663.292482 19.892 0.031 53663.294149 19.801 0.088 12.500369 -0.53545
53665.271287 25.081 1.861 53665.272953 20.729 0.044 53665.26962 -99.99 0.058 53665.270453 19.783 0.023 53665.27212 19.667 0.064 12.500369 -0.53545
53666.363415 24.896 2.948 53666.365081 20.821 0.063 53666.361748 20.042 0.031 53666.362581 19.935 0.03 53666.364248 19.552 0.076 12.500369 -0.53545
53668.282917 23.462 1.357 53668.284583 20.747 0.046 53668.28125 20.064 0.034 53668.282083 19.882 0.036 53668.28375 19.662 0.114 12.500369 -0.53545
53670.287769 26.55 0.537 53670.289435 20.733 0.032 53670.286102 20.005 0.023 53670.286935 19.87 0.028 53670.288602 19.812 0.095 12.500369 -0.53545
53673.255754 26.525 0.439 53673.25742 20.736 0.029 53673.254087 20.056 0.023 53673.25492 19.836 0.023 53673.256587 19.641 0.074 12.500369 -0.53545
53675.252642 26.594 0.505 53675.254308 20.759 0.031 53675.250975 20.013 0.025 53675.251808 19.83 0.03 53675.253475 19.826 0.103 12.500369 -0.53545
53677.273673 25.277 0.998 53677.275339 20.741 0.028 53677.272006 20.049 0.022 53677.272839 19.829 0.022 53677.274506 19.725 0.065 12.500369 -0.53545
53680.26034 22.722 0.421 53680.262006 20.73 0.028 53680.258673 20.045 0.023 53680.259506 19.794 0.022 53680.261173 19.706 0.068 12.500369 -0.53545
53693.262235 26.033 1.67 53693.263901 20.709 0.071 53693.260568 20.063 0.033 53693.261401 19.934 0.029 53693.263068 19.924 0.101 12.500369 -0.53545
53698.259626 24.664 1.771 53698.261292 20.693 0.035 53698.257959 20.003 0.025 53698.258792 19.846 0.028 53698.260459 19.899 0.116 12.500369 -0.53545
53704.245558 24.106 1.75 53704.247224 20.768 0.039 53704.243891 20.011 0.032 53704.244724 19.863 0.033 53704.246391 19.602 0.106 12.500369 -0.53545
53974.33822 25.53 6.277 53974.339886 20.723 0.033 53974.336553 19.943 0.026 53974.337386 19.808 0.024 53974.339053 19.725 0.066 12.500369 -0.53545
53977.386814 99.988 99.999 53977.388481 20.69 0.023 53977.385148 20.021 0.02 53977.385981 19.828 0.022 53977.387648 19.616 0.056 12.500369 -0.53545
53989.341768 99.993 99.999 53989.343435 20.693 0.066 53989.340101 20 0.035 53989.340935 19.842 0.03 53989.342601 19.712 0.073 12.500369 -0.53545
53995.356223 27.065 99.999 53995.35789 20.737 0.025 53995.354557 19.991 0.02 53995.35539 19.82 0.021 53995.357057 19.692 0.065 12.500369 -0.53545
54000.317082 24.889 4.641 54000.318748 20.697 0.039 54000.315415 20.005 0.041 54000.316248 19.816 0.034 54000.317915 19.558 0.091 12.500369 -0.53545
54006.26397 23.342 0.823 54006.265637 20.73 0.029 54006.262304 20.001 0.021 54006.263137 19.813 0.023 54006.264804 19.72 0.071 12.500369 -0.53545
54007.36719 22.061 0.327 54007.368857 -99.99 0.061 54007.365523 20.007 0.036 54007.366357 -99.99 0.037 54007.368023 19.883 0.102 12.500369 -0.53545
54009.290996 -99.99 99.999 54009.292662 20.683 0.036 54009.289329 20.04 0.024 54009.290162 19.741 0.026 54009.291829 19.554 0.062 12.500369 -0.53545
54011.355566 24.527 2.289 54011.357233 -99.99 0.038 54011.3539 20.062 0.024 54011.354733 19.826 0.022 54011.3564 19.656 0.06 12.500369 -0.53545
54025.354577 24.586 3.285 54025.356244 20.711 0.037 54025.35291 20.047 0.026 54025.353744 19.828 0.029 54025.35541 19.467 0.082 12.500369 -0.53545
54029.284795 100.026 99.999 54029.286462 20.747 0.029 54029.283128 20.057 0.039 54029.283962 19.836 0.035 54029.285628 19.675 0.087 12.500369 -0.53545
54348.352204 23.248 0.858 54348.353871 20.75 0.037 54348.350537 20.098 0.026 54348.351371 19.96 0.027 54348.353037 19.71 0.069 12.500369 -0.53545
54358.308023 -99.99 99.999 54358.30969 20.801 0.045 54358.306357 20.045 0.029 54358.30719 19.915 0.037 54358.308857 19.729 0.104 12.500369 -0.53545
54359.302147 99.919 99.999 54359.303814 20.874 0.086 54359.300481 20.144 0.054 54359.301314 20.253 0.108 54359.302981 20.004 0.332 12.500369 -0.53545
54365.341096 100.002 99.999 54365.342763 20.811 0.038 54365.33943 20.083 0.022 54365.340263 19.871 0.026 54365.34193 19.759 0.063 12.500369 -0.53545
54381.360693 25.433 5.527 54381.362359 20.782 0.036 54381.359026 20.114 0.024 54381.359859 19.934 0.024 54381.361526 19.706 0.071 12.500369 -0.53545
54384.367336 99.981 99.999 54384.369002 -99.99 0.033 54384.365669 20.108 0.025 54384.366502 19.859 0.025 54384.368169 19.719 0.08 12.500369 -0.53545
54386.352957 24.607 3.813 54386.354624 20.774 0.039 54386.351291 20.117 0.027 54386.352124 19.864 0.035 54386.353791 19.785 0.122 12.500369 -0.53545
54388.357251 99.992 99.999 54388.358917 20.789 0.036 54388.355584 20.078 0.027 54388.356417 19.902 0.024 54388.358084 19.891 0.08 12.500369 -0.53545
54403.271018 23.398 2.65 54403.272685 20.784 0.117 54403.269352 20.136 0.089 54403.270185 19.971 0.081 54403.271852 -99.99 0.128 12.500369 -0.53545
54404.328625 26.657 99.999 54404.330292 -99.99 0.058 54404.326959 20.119 0.03 54404.327792 19.958 0.03 54404.329459 19.764 0.085 12.500369 -0.53545
54405.326586 23.383 1.303 54405.328253 20.793 0.046 54405.324919 20.08 0.026 54405.325753 19.838 0.024 54405.327419 19.49 0.064 12.500369 -0.53545
54406.265076 99.96 99.999 54406.266743 20.738 0.04 54406.263409 20.081 0.028 54406.264243 19.852 0.026 54406.265909 19.736 0.088 12.500369 -0.53545
54412.267792 99.99 99.999 54412.269458 20.794 0.035 54412.266125 20.055 0.024 54412.266958 19.947 0.026 54412.268625 19.58 0.075 12.500369 -0.53545
