51081.352813 19.286 0.027 51081.354479 19 0.011 51081.351146 18.987 0.012 51081.351979 19.121 0.019 51081.353646 18.964 0.049 25.001009 -1.200045
51819.424004 19.253 0.028 51819.42567 18.895 0.01 51819.422337 18.892 0.011 51819.42317 19.034 0.016 51819.424837 18.899 0.044 25.001009 -1.200045
52225.248629 19.012 0.022 52225.250295 18.736 0.009 52225.246962 18.743 0.01 52225.247795 18.852 0.014 52225.249462 18.813 0.04 25.001009 -1.200045
52288.083049 19.112 0.024 52288.084715 18.764 0.01 52288.081382 18.75 0.01 52288.082215 18.873 0.014 52288.083882 18.742 0.037 25.001009 -1.200045
52551.356343 19.173 0.027 52551.358009 18.918 0.011 52551.354676 18.868 0.011 52551.355509 18.976 0.018 52551.357176 18.857 0.043 25.001009 -1.200045
52558.389219 19.238 0.025 52558.390885 18.929 0.01 52558.387552 18.855 0.01 52558.388385 18.989 0.014 52558.390052 18.825 0.036 25.001009 -1.200045
52576.222268 -99.99 0.026 52576.223934 18.965 0.01 52576.220601 18.916 0.011 52576.221434 19.056 0.016 52576.223101 18.928 0.043 25.001009 -1.200045
52577.276724 19.346 0.029 52577.27839 18.987 0.01 52577.275057 18.93 0.012 52577.27589 19.036 0.015 52577.277557 18.861 0.042 25.001009 -1.200045
52585.223802 19.359 0.028 52585.225468 18.979 0.01 52585.222135 18.941 0.012 52585.222968 19.084 0.021 52585.224635 19.008 0.066 25.001009 -1.200045
52910.36068 19.512 0.032 52910.362346 19.128 0.011 52910.359013 19.079 0.012 52910.359846 19.174 0.016 52910.361513 18.98 0.041 25.001009 -1.200045
52935.287847 19.406 0.03 52935.289513 19.036 0.011 52935.28618 19.003 0.012 52935.287013 19.132 0.019 52935.28868 18.885 0.049 25.001009 -1.200045
52963.210923 19.286 0.025 52963.212589 18.944 0.01 52963.209256 18.932 0.01 52963.210089 19.046 0.014 52963.211756 18.963 0.037 25.001009 -1.200045
52971.201838 19.237 0.025 52971.203504 18.954 0.011 52971.200171 18.912 0.013 52971.201004 19.01 0.017 52971.202671 18.892 0.039 25.001009 -1.200045
53351.133226 19.2 0.025 53351.134892 18.915 0.01 53351.131559 18.936 0.011 53351.132392 19.046 0.016 53351.134059 18.882 0.044 25.001009 -1.200045
53622.390282 19.327 0.031 53622.391948 18.931 0.011 53622.388615 18.927 0.012 53622.389448 19 0.018 53622.391115 18.906 0.052 25.001009 -1.200045
53634.339753 19.234 0.077 53634.341419 18.997 0.032 53634.338086 18.928 0.031 53634.338919 -99.99 0.037 53634.340586 -99.99 0.071 25.001009 -1.200045
53638.381089 19.272 0.03 53638.382755 18.962 0.011 53638.379422 18.946 0.012 53638.380255 19.067 0.016 53638.381922 18.841 0.038 25.001009 -1.200045
53640.345125 19.3 0.031 53640.346791 18.885 0.01 53640.343458 18.936 0.012 53640.344291 19.046 0.016 53640.345958 18.941 0.045 25.001009 -1.200045
53646.406536 -99.99 0.047 53646.408202 18.971 0.013 53646.404869 -99.99 0.019 53646.405702 -99.99 0.035 53646.407369 18.85 0.062 25.001009 -1.200045
53655.317297 19.262 0.029 53655.318963 18.965 0.011 53655.31563 18.927 0.012 53655.316463 19.015 0.017 53655.31813 18.899 0.051 25.001009 -1.200045
53664.342254 19.213 0.064 53664.34392 18.931 0.03 53664.340587 18.871 0.023 53664.34142 18.95 0.031 53664.343087 18.863 0.092 25.001009 -1.200045
53669.301498 19.298 0.032 53669.303164 18.925 0.01 53669.299831 18.894 0.011 53669.300664 19.04 0.015 53669.302331 18.926 0.041 25.001009 -1.200045
53671.386258 19.321 0.042 53671.387924 18.915 0.012 53671.384591 18.889 0.014 53671.385424 19.025 0.019 53671.387091 18.831 0.046 25.001009 -1.200045
53674.285734 19.305 0.033 53674.2874 18.915 0.011 53674.284067 18.897 0.013 53674.2849 18.989 0.018 53674.286567 18.792 0.05 25.001009 -1.200045
53676.375202 19.328 0.034 53676.376868 18.979 0.011 53676.373535 18.911 0.013 53676.374368 19.03 0.017 53676.376035 18.92 0.045 25.001009 -1.200045
53679.347099 19.288 0.038 53679.348765 -99.99 0.012 53679.345432 18.924 0.014 53679.346265 19.018 0.022 53679.347932 18.767 0.059 25.001009 -1.200045
53681.338612 19.273 0.031 53681.340278 18.943 0.01 53681.336945 18.928 0.012 53681.337778 19.045 0.016 53681.339445 18.896 0.041 25.001009 -1.200045
53685.297666 19.274 0.042 53685.299332 18.961 0.022 53685.295999 18.915 0.022 53685.296832 19.032 0.026 53685.298499 18.971 0.05 25.001009 -1.200045
53697.295635 19.395 0.041 53697.297301 19.026 0.014 53697.293968 18.93 0.014 53697.294801 19.073 0.019 53697.296468 18.922 0.049 25.001009 -1.200045
53700.294592 19.268 0.036 53700.296258 -99.99 0.012 53700.292925 18.91 0.013 53700.293758 19.039 0.022 53700.295425 18.864 0.06 25.001009 -1.200045
53705.281262 19.319 0.031 53705.282928 18.995 0.011 53705.279595 18.946 0.011 53705.280428 19.057 0.015 53705.282095 18.877 0.042 25.001009 -1.200045
53975.366276 19.114 0.023 53975.367943 18.816 0.033 53975.36461 18.782 0.021 53975.365443 18.927 0.018 53975.36711 18.845 0.036 25.001009 -1.200045
53990.379175 -99.99 0.036 53990.380841 -99.99 0.014 53990.377508 18.732 0.018 53990.378341 18.895 0.02 53990.380008 18.729 0.038 25.001009 -1.200045
53994.389274 19.051 0.033 53994.390941 18.751 0.027 53994.387607 18.731 0.019 53994.388441 18.853 0.024 53994.390107 18.744 0.04 25.001009 -1.200045
53996.373077 19.018 0.033 53996.374743 -99.99 0.028 53996.37141 18.715 0.02 53996.372243 18.878 0.02 53996.37391 18.692 0.042 25.001009 -1.200045
54010.327183 19.01 0.022 54010.32885 18.806 0.022 54010.325516 18.742 0.014 54010.32635 18.885 0.017 54010.328016 18.752 0.035 25.001009 -1.200045
54012.319998 -99.99 0.034 54012.321665 18.741 0.019 54012.318331 18.74 0.015 54012.319165 18.856 0.02 54012.320831 18.623 0.04 25.001009 -1.200045
54020.326023 19.024 0.028 54020.32769 18.755 0.04 54020.324357 18.728 0.015 54020.32519 18.863 0.018 54020.326857 18.728 0.044 25.001009 -1.200045
54024.407528 19.063 0.046 54024.409195 18.781 0.02 54024.405862 18.692 0.041 54024.406695 18.83 0.017 54024.408362 18.784 0.053 25.001009 -1.200045
54028.395858 -99.99 0.032 54028.397525 -99.99 0.024 54028.394192 18.715 0.019 54028.395025 18.837 0.02 54028.396692 18.629 0.044 25.001009 -1.200045
54030.319556 19.075 0.026 54030.321223 18.773 0.022 54030.31789 18.716 0.016 54030.318723 18.876 0.021 54030.32039 18.776 0.035 25.001009 -1.200045
54035.395347 18.97 0.033 54035.397014 18.836 0.046 54035.39368 18.697 0.017 54035.394514 18.813 0.026 54035.39618 18.788 0.06 25.001009 -1.200045
54037.30076 -99.99 0.021 54037.302426 18.777 0.028 54037.299093 18.72 0.021 54037.299926 18.858 0.023 54037.301593 18.751 0.031 25.001009 -1.200045
54040.315243 19.047 0.032 54040.316909 -99.99 0.027 54040.313576 18.71 0.016 54040.314409 18.883 0.022 54040.316076 18.668 0.04 25.001009 -1.200045
54049.341704 18.952 0.039 54049.343371 18.742 0.023 54049.340037 18.713 0.015 54049.340871 18.852 0.019 54049.342537 18.762 0.047 25.001009 -1.200045
54053.305994 18.992 0.042 54053.307661 18.77 0.023 54053.304327 18.721 0.031 54053.305161 18.871 0.019 54053.306827 18.728 0.037 25.001009 -1.200045
54056.307739 19.072 0.033 54056.309406 18.759 0.033 54056.306073 18.671 0.026 54056.306906 18.833 0.035 54056.308573 18.752 0.043 25.001009 -1.200045
54059.30204 19.105 0.028 54059.303707 18.817 0.062 54059.300373 18.694 0.021 54059.301207 18.797 0.023 54059.302873 18.736 0.048 25.001009 -1.200045
54061.313098 19.097 0.048 54061.314765 18.776 0.038 54061.311432 18.731 0.029 54061.312265 18.865 0.02 54061.313932 18.693 0.06 25.001009 -1.200045
54062.306843 19.169 0.027 54062.30851 18.779 0.018 54062.305177 18.714 0.02 54062.30601 18.877 0.015 54062.307677 18.758 0.039 25.001009 -1.200045
54068.287484 19.055 0.033 54068.289151 18.774 0.036 54068.285817 18.746 0.015 54068.286651 18.871 0.019 54068.288317 18.808 0.043 25.001009 -1.200045
54357.345143 19.164 0.024 54357.346809 18.812 0.026 54357.343476 18.767 0.024 54357.344309 18.893 0.015 54357.345976 18.751 0.033 25.001009 -1.200045
54359.376869 19.15 0.029 54359.378536 18.806 0.021 54359.375202 18.784 0.019 54359.376036 18.91 0.022 54359.377702 18.667 0.046 25.001009 -1.200045
54362.394951 19.179 0.036 54362.396618 18.825 0.022 54362.393285 18.791 0.018 54362.394118 18.894 0.022 54362.395785 18.699 0.042 25.001009 -1.200045
54376.390041 19.138 0.027 54376.391707 18.82 0.022 54376.388374 18.77 0.016 54376.389207 18.885 0.022 54376.390874 18.791 0.04 25.001009 -1.200045
54382.375172 19.062 0.029 54382.376839 18.764 0.017 54382.373506 -99.99 0.038 54382.374339 18.852 0.024 54382.376006 18.782 0.055 25.001009 -1.200045
54385.393061 19.133 0.035 54385.394728 18.79 0.02 54385.391394 18.757 0.018 54385.392228 18.883 0.019 54385.393894 18.807 0.034 25.001009 -1.200045
54390.38589 19.059 0.032 54390.387557 18.837 0.022 54390.384223 18.769 0.02 54390.385057 18.888 0.026 54390.386723 -99.99 0.053 25.001009 -1.200045
54391.394345 19.054 0.036 54391.396012 18.778 0.014 54391.392679 18.738 0.035 54391.393512 18.868 0.028 54391.395179 18.784 0.072 25.001009 -1.200045
54402.386675 19.226 0.07 54402.388341 18.795 0.029 54402.385008 18.786 0.035 54402.385841 18.9 0.036 54402.387508 18.782 0.054 25.001009 -1.200045
