51075.424508 19.908 0.038 51075.426174 19.542 0.014 51075.422841 19.333 0.015 51075.423674 19.417 0.024 51075.425341 19.155 0.067 44.998689 0.803795
51818.39416 19.968 0.039 51818.395826 19.494 0.013 51818.392493 19.318 0.014 51818.393326 19.321 0.02 51818.394993 19.169 0.054 44.998689 0.803795
52171.382262 20.017 0.044 52171.383928 19.565 0.014 52171.380595 19.424 0.014 52171.381428 19.481 0.021 52171.383095 19.208 0.048 44.998689 0.803795
52173.35854 19.948 0.047 52173.360206 19.613 0.015 52173.356873 19.391 0.015 52173.357706 19.435 0.024 52173.359373 19.28 0.079 44.998689 0.803795
52224.338649 19.967 0.039 52224.340315 19.56 0.013 52224.336982 19.384 0.014 52224.337815 19.477 0.02 52224.339482 19.311 0.052 44.998689 0.803795
52234.295169 19.974 0.048 52234.296835 19.62 0.014 52234.293502 19.417 0.015 52234.294335 19.448 0.021 52234.296002 19.248 0.055 44.998689 0.803795
52261.258525 20.099 0.046 52261.260191 19.618 0.014 52261.256858 19.444 0.015 52261.257691 19.46 0.02 52261.259358 19.285 0.054 44.998689 0.803795
52283.125899 20.096 0.049 52283.127565 19.617 0.016 52283.124232 19.491 0.018 52283.125065 19.516 0.027 52283.126732 19.258 0.073 44.998689 0.803795
52287.139022 20.04 0.046 52287.140688 19.659 0.016 52287.137355 19.456 0.016 52287.138188 19.477 0.023 52287.139855 19.257 0.06 44.998689 0.803795
52552.457715 20.068 0.042 52552.459381 19.634 0.014 52552.456048 19.495 0.015 52552.456881 19.484 0.023 52552.458548 19.299 0.057 44.998689 0.803795
52557.432072 20.067 0.046 52557.433738 19.608 0.014 52557.430405 19.489 0.016 52557.431238 19.521 0.026 52557.432905 19.274 0.072 44.998689 0.803795
52585.333402 20.074 0.037 52585.335068 19.618 0.013 52585.331735 19.448 0.014 52585.332568 19.431 0.02 52585.334235 19.266 0.053 44.998689 0.803795
52908.406642 19.828 0.04 52908.408308 19.366 0.013 52908.404975 19.204 0.013 52908.405808 19.247 0.019 52908.407475 19.128 0.054 44.998689 0.803795
52912.386081 19.776 0.04 52912.387747 19.398 0.015 52912.384414 19.204 0.017 52912.385247 19.252 0.023 52912.386914 19.178 0.053 44.998689 0.803795
52934.338547 19.85 0.04 52934.340213 19.472 0.015 52934.33688 19.278 0.017 52934.337713 19.323 0.023 52934.33938 18.992 0.05 44.998689 0.803795
52936.334474 19.888 0.038 52936.33614 19.456 0.012 52936.332807 19.271 0.013 52936.33364 19.361 0.02 52936.335307 19.059 0.046 44.998689 0.803795
53270.39852 19.809 0.033 53270.400187 19.433 0.017 53270.396854 19.251 0.014 53270.397687 19.303 0.02 53270.399354 19.121 0.037 44.998689 0.803795
53272.448472 19.736 0.041 53272.450138 19.42 0.013 53272.446805 19.235 0.013 53272.447638 19.272 0.021 53272.449305 19.152 0.059 44.998689 0.803795
53286.417191 19.701 0.041 53286.418857 19.414 0.014 53286.415524 19.255 0.016 53286.416357 19.296 0.022 53286.418024 19.212 0.055 44.998689 0.803795
53288.375686 19.856 0.039 53288.377352 19.471 0.012 53288.374019 19.247 0.013 53288.374852 19.329 0.02 53288.376519 19.21 0.051 44.998689 0.803795
53294.423356 19.9 0.056 53294.425022 19.484 0.016 53294.421689 19.271 0.04 53294.422522 -99.99 0.036 53294.424189 -99.99 0.051 44.998689 0.803795
53296.370415 19.885 0.038 53296.372082 19.515 0.022 53296.368749 19.282 0.021 53296.369582 19.334 0.023 53296.371249 19.147 0.054 44.998689 0.803795
53298.420134 19.825 0.038 53298.4218 19.48 0.013 53298.418467 19.279 0.015 53298.4193 19.385 0.023 53298.420967 19.129 0.056 44.998689 0.803795
53302.371354 19.812 0.048 53302.37302 19.465 0.019 53302.369687 19.289 0.019 53302.37052 19.35 0.023 53302.372187 19.133 0.053 44.998689 0.803795
53312.326901 19.793 0.05 53312.328567 19.505 0.02 53312.325234 19.314 0.018 53312.326067 19.395 0.025 53312.327734 19.216 0.058 44.998689 0.803795
53314.328085 19.907 0.049 53314.329751 19.451 0.016 53314.326418 19.301 0.017 53314.327251 19.337 0.023 53314.328918 19.205 0.062 44.998689 0.803795
53319.315881 19.855 0.044 53319.317547 19.461 0.015 53319.314214 19.302 0.017 53319.315047 19.32 0.024 53319.316714 19.298 0.069 44.998689 0.803795
53616.432436 19.982 0.049 53616.434102 19.624 0.015 53616.430769 19.446 0.016 53616.431602 19.482 0.025 53616.433269 19.25 0.058 44.998689 0.803795
53626.408864 20.039 0.059 53626.41053 -99.99 0.037 53626.407197 19.435 0.019 53626.40803 19.514 0.032 53626.409697 -99.99 0.297 44.998689 0.803795
53628.39373 20.078 0.06 53628.395396 19.605 0.02 53628.392063 19.433 0.021 53628.392896 19.407 0.029 53628.394563 19.327 0.073 44.998689 0.803795
53639.440725 20.038 0.055 53639.442391 19.613 0.018 53639.439058 19.447 0.02 53639.439891 19.464 0.025 53639.441558 19.268 0.053 44.998689 0.803795
53641.43989 20.066 0.056 53641.441556 19.574 0.017 53641.438223 19.446 0.017 53641.439056 19.494 0.025 53641.440723 19.295 0.053 44.998689 0.803795
53657.398775 19.946 0.073 53657.400441 19.641 0.027 53657.397108 19.449 0.024 53657.397941 19.584 0.042 53657.399608 19.165 0.085 44.998689 0.803795
53663.383323 19.806 0.084 53663.384989 19.495 0.031 53663.381656 19.339 0.025 53663.382489 19.472 0.032 53663.384156 19.218 0.058 44.998689 0.803795
53665.361296 20.019 0.067 53665.362962 19.605 0.032 53665.359629 19.461 0.021 53665.360462 19.522 0.029 53665.362129 19.311 0.071 44.998689 0.803795
53666.453406 20.104 0.092 53666.455072 19.681 0.023 53666.451739 19.487 0.02 53666.452572 19.533 0.028 53666.454239 19.311 0.057 44.998689 0.803795
53668.372925 -99.99 0.074 53668.374591 19.657 0.02 53668.371258 19.425 0.02 53668.372091 19.562 0.03 53668.373758 19.294 0.069 44.998689 0.803795
53669.460534 20.186 0.104 53669.4622 19.689 0.023 53669.458867 19.474 0.021 53669.4597 19.467 0.033 53669.461367 19.319 0.08 44.998689 0.803795
53670.377776 20.126 0.06 53670.379442 19.686 0.02 53670.376109 19.491 0.02 53670.376942 19.541 0.025 53670.378609 19.31 0.054 44.998689 0.803795
53673.345763 20.163 0.047 53673.347429 19.666 0.014 53673.344096 19.453 0.015 53673.344929 19.508 0.021 53673.346596 19.253 0.045 44.998689 0.803795
53675.342651 20.096 0.046 53675.344317 19.67 0.014 53675.340984 19.482 0.017 53675.341817 19.532 0.025 53675.343484 19.219 0.055 44.998689 0.803795
53680.350348 20.094 0.05 53680.352014 19.657 0.015 53680.348681 19.444 0.016 53680.349514 19.53 0.025 53680.351181 19.239 0.053 44.998689 0.803795
53683.408899 20.038 0.142 53683.410565 19.661 0.034 53683.407232 -99.99 0.063 53683.408065 -99.99 0.118 53683.409732 19.406 0.214 44.998689 0.803795
53686.34978 20.311 0.129 53686.351446 19.674 0.036 53686.348113 19.519 0.028 53686.348946 19.515 0.032 53686.350613 19.286 0.07 44.998689 0.803795
53687.407163 20.275 0.28 53687.408829 19.652 0.059 53687.405496 19.505 0.062 53687.406329 -99.99 0.066 53687.407996 -99.99 0.113 44.998689 0.803795
53693.352239 20.13 0.135 53693.353905 19.666 0.037 53693.350572 19.52 0.032 53693.351405 19.572 0.038 53693.353072 19.33 0.071 44.998689 0.803795
53699.373075 20.332 0.076 53699.374741 19.749 0.02 53699.371408 19.502 0.018 53699.372241 19.58 0.026 53699.373908 19.382 0.056 44.998689 0.803795
53704.33556 20.238 0.064 53704.337226 19.713 0.016 53704.333893 19.523 0.016 53704.334726 19.576 0.025 53704.336393 19.318 0.059 44.998689 0.803795
53989.431608 19.882 0.071 53989.433275 19.509 0.026 53989.429941 19.375 0.022 53989.430775 19.459 0.028 53989.432441 19.229 0.048 44.998689 0.803795
53997.455186 19.867 0.033 53997.456853 19.545 0.017 53997.45352 19.372 0.016 53997.454353 19.424 0.022 53997.45602 19.219 0.037 44.998689 0.803795
54000.407041 19.932 0.04 54000.408707 19.491 0.016 54000.405374 19.374 0.022 54000.406207 19.401 0.022 54000.407874 19.227 0.058 44.998689 0.803795
54007.457231 19.885 0.04 54007.458897 19.547 0.019 54007.455564 19.362 0.021 54007.456397 19.414 0.027 54007.458064 19.199 0.045 44.998689 0.803795
54009.380958 19.946 0.036 54009.382625 19.555 0.017 54009.379291 19.364 0.02 54009.380125 19.45 0.024 54009.381791 19.306 0.04 44.998689 0.803795
54011.445441 19.962 0.037 54011.447107 19.551 0.015 54011.443774 19.38 0.016 54011.444607 19.454 0.021 54011.446274 19.258 0.039 44.998689 0.803795
54012.458245 20.027 0.048 54012.459912 19.567 0.028 54012.456579 19.399 0.023 54012.457412 19.392 0.025 54012.459079 19.19 0.057 44.998689 0.803795
54019.440456 19.874 0.07 54019.442123 19.545 0.026 54019.438789 19.41 0.024 54019.439623 19.447 0.027 54019.441289 19.355 0.055 44.998689 0.803795
54025.444525 19.94 0.053 54025.446191 19.547 0.017 54025.442858 19.407 0.018 54025.443691 19.401 0.025 54025.445358 19.187 0.049 44.998689 0.803795
54346.438239 19.8 0.079 54346.439906 19.498 0.025 54346.436572 19.36 0.025 54346.437406 19.4 0.026 54346.439072 19.252 0.048 44.998689 0.803795
54348.44225 19.924 0.059 54348.443916 19.527 0.024 54348.440583 19.363 0.022 54348.441416 19.404 0.027 54348.443083 19.233 0.052 44.998689 0.803795
54358.398028 19.968 0.045 54358.399694 19.528 0.021 54358.396361 19.371 0.03 54358.397194 19.42 0.029 54358.398861 19.386 0.064 44.998689 0.803795
54365.431091 19.995 0.049 54365.432757 19.537 0.018 54365.429424 19.349 0.019 54365.430257 19.421 0.021 54365.431924 19.167 0.045 44.998689 0.803795
54381.450647 19.887 0.04 54381.452314 19.547 0.021 54381.448981 19.362 0.015 54381.449814 19.415 0.022 54381.451481 19.234 0.045 44.998689 0.803795
54386.442996 19.93 0.041 54386.444663 19.533 0.022 54386.441329 19.316 0.02 54386.442163 19.374 0.024 54386.443829 19.187 0.038 44.998689 0.803795
54388.447224 19.857 0.04 54388.44889 19.536 0.022 54388.445557 19.327 0.014 54388.44639 19.391 0.019 54388.448057 19.288 0.044 44.998689 0.803795
54392.444798 19.85 0.05 54392.446464 -99.99 0.042 54392.443131 -99.99 0.044 54392.443964 19.408 0.028 54392.445631 -99.99 0.075 44.998689 0.803795
54403.36105 19.786 0.059 54403.362716 19.458 0.024 54403.359383 19.31 0.021 54403.360216 19.372 0.025 54403.361883 19.13 0.045 44.998689 0.803795
54406.354884 19.733 0.042 54406.356551 19.493 0.021 54406.353218 19.325 0.021 54406.354051 19.349 0.02 54406.355718 19.165 0.038 44.998689 0.803795
54409.360084 19.761 0.038 54409.361751 19.504 0.021 54409.358418 19.326 0.016 54409.359251 19.404 0.019 54409.360918 19.242 0.043 44.998689 0.803795
54412.380623 19.862 0.059 54412.38229 19.438 0.024 54412.378957 19.333 0.024 54412.37979 19.408 0.03 54412.381457 19.127 0.065 44.998689 0.803795
