51075.41758 20.386 0.053 51075.419246 20.253 0.021 51075.415913 20.088 0.022 51075.416746 19.89 0.029 51075.418413 19.649 0.104 42.499074 -0.01783
51818.387321 20.323 0.052 51818.388987 20.036 0.019 51818.385654 19.957 0.022 51818.386487 19.775 0.026 51818.388154 19.756 0.09 42.499074 -0.01783
51819.472416 20.31 0.071 51819.474082 20.073 0.022 51819.470749 19.963 0.025 51819.471582 19.722 0.028 51819.473249 19.81 0.139 42.499074 -0.01783
52171.375498 20.364 0.06 52171.377164 20.049 0.02 52171.373831 19.9 0.022 52171.374664 19.691 0.026 52171.376331 19.731 0.081 42.499074 -0.01783
52173.3516 -99.99 0.064 52173.353266 20.082 0.02 52173.349933 19.936 0.024 52173.350766 19.785 0.03 52173.352433 19.804 0.128 42.499074 -0.01783
52224.331785 -99.99 0.047 52224.333451 20.08 0.017 52224.330118 19.922 0.019 52224.330951 19.711 0.022 52224.332618 19.706 0.077 42.499074 -0.01783
52234.288247 20.405 0.07 52234.289913 20.006 0.019 52234.28658 19.884 0.022 52234.287413 19.692 0.023 52234.28908 19.674 0.081 42.499074 -0.01783
52261.251602 20.332 0.049 52261.253268 20.035 0.017 52261.249935 19.938 0.018 52261.250768 19.722 0.02 52261.252435 19.62 0.065 42.499074 -0.01783
52283.118974 -99.99 0.072 52283.12064 -99.99 0.021 52283.117307 19.907 0.032 52283.11814 19.746 0.037 52283.119807 19.633 0.123 42.499074 -0.01783
52287.132097 20.338 0.051 52287.133763 20.062 0.019 52287.13043 19.978 0.021 52287.131263 19.764 0.024 52287.13293 19.804 0.085 42.499074 -0.01783
52552.450791 20.535 0.061 52552.452457 20.204 0.019 52552.449124 20.043 0.024 52552.449957 19.818 0.025 52552.451624 19.682 0.078 42.499074 -0.01783
52557.425151 20.455 0.061 52557.426817 20.226 0.022 52557.423484 20.038 0.026 52557.424317 19.777 0.03 52557.425984 19.995 0.118 42.499074 -0.01783
52908.399719 20.373 0.056 52908.401385 20.153 0.019 52908.398052 20.003 0.022 52908.398885 19.762 0.025 52908.400552 19.685 0.087 42.499074 -0.01783
52912.379158 20.464 0.063 52912.380824 20.18 0.02 52912.377491 20.024 0.021 52912.378324 19.742 0.023 52912.379991 19.722 0.081 42.499074 -0.01783
52934.331624 20.415 0.06 52934.33329 20.15 0.021 52934.329957 20.039 0.026 52934.33079 19.767 0.029 52934.332457 19.63 0.087 42.499074 -0.01783
52936.327551 -99.99 0.052 52936.329217 20.157 0.021 52936.325884 19.99 0.025 52936.326717 19.796 0.028 52936.328384 19.733 0.083 42.499074 -0.01783
53270.391632 20.07 0.037 53270.393299 19.898 0.02 53270.389966 19.772 0.017 53270.390799 19.6 0.021 53270.392466 19.68 0.06 42.499074 -0.01783
53272.441549 20.019 0.047 53272.443215 19.897 0.018 53272.439882 19.741 0.021 53272.440715 19.604 0.024 53272.442382 19.667 0.085 42.499074 -0.01783
53286.410269 20.203 0.059 53286.411935 19.912 0.018 53286.408602 19.786 0.02 53286.409435 19.613 0.022 53286.411102 19.771 0.085 42.499074 -0.01783
53288.368762 20.248 0.054 53288.370428 19.895 0.016 53288.367095 19.797 0.019 53288.367928 19.567 0.022 53288.369595 19.714 0.084 42.499074 -0.01783
53296.363449 -99.99 0.055 53296.365115 19.882 0.021 53296.361782 19.756 0.026 53296.362615 19.576 0.027 53296.364282 19.533 0.078 42.499074 -0.01783
53298.413211 20.051 0.046 53298.414877 19.913 0.02 53298.411544 19.776 0.025 53298.412377 19.575 0.029 53298.414044 19.649 0.091 42.499074 -0.01783
53302.364432 20.138 0.062 53302.366098 19.909 0.025 53302.362765 19.792 0.023 53302.363598 19.623 0.023 53302.365265 19.6 0.071 42.499074 -0.01783
53312.320142 19.989 0.081 53312.321809 19.844 0.028 53312.318476 19.803 0.028 53312.319309 19.665 0.034 53312.320976 19.411 0.094 42.499074 -0.01783
53314.321162 20.28 0.072 53314.322828 19.861 0.021 53314.319495 19.737 0.022 53314.320328 19.579 0.025 53314.321995 19.639 0.105 42.499074 -0.01783
53319.308958 20.064 0.054 53319.310624 19.927 0.02 53319.307291 19.755 0.024 53319.308124 19.617 0.029 53319.309791 19.651 0.098 42.499074 -0.01783
53616.425515 20.27 0.063 53616.427181 20.064 0.019 53616.423848 19.914 0.022 53616.424681 19.764 0.028 53616.426348 19.813 0.1 42.499074 -0.01783
53626.401942 20.37 0.093 53626.403608 -99.99 0.305 53626.400275 19.91 0.028 53626.401108 19.704 0.03 53626.402775 19.714 0.135 42.499074 -0.01783
53628.386807 20.363 0.08 53628.388473 20.094 0.031 53628.38514 19.89 0.029 53628.385973 19.737 0.032 53628.38764 19.806 0.116 42.499074 -0.01783
53639.433804 20.227 0.067 53639.43547 20.12 0.021 53639.432137 19.937 0.024 53639.43297 19.713 0.025 53639.434637 19.584 0.072 42.499074 -0.01783
53641.43297 20.408 0.075 53641.434636 20.11 0.023 53641.431303 19.949 0.023 53641.432136 19.695 0.025 53641.433803 19.648 0.087 42.499074 -0.01783
53657.391853 20.478 0.119 53657.393519 20.172 0.04 53657.390186 19.923 0.033 53657.391019 19.805 0.04 53657.392686 19.792 0.141 42.499074 -0.01783
53663.376401 20.42 0.141 53663.378067 20.243 0.05 53663.374734 19.95 0.036 53663.375567 19.761 0.032 53663.377234 19.606 0.093 42.499074 -0.01783
53665.354373 20.282 0.09 53665.356039 20.156 0.031 53665.352706 20.008 0.029 53665.353539 19.739 0.027 53665.355206 19.752 0.083 42.499074 -0.01783
53666.446488 20.495 0.132 53666.448154 20.239 0.036 53666.444821 20.019 0.033 53666.445654 19.785 0.03 53666.447321 19.891 0.108 42.499074 -0.01783
53668.366002 20.538 0.111 53668.367668 20.138 0.032 53668.364335 19.978 0.031 53668.365168 19.733 0.033 53668.366835 19.881 0.14 42.499074 -0.01783
53669.453615 20.343 0.101 53669.455281 20.244 0.032 53669.451948 20.004 0.032 53669.452781 19.729 0.032 53669.454448 19.73 0.103 42.499074 -0.01783
53670.370854 20.377 0.081 53670.37252 20.198 0.025 53670.369187 19.976 0.027 53670.37002 19.782 0.028 53670.371687 19.944 0.12 42.499074 -0.01783
53673.338841 20.368 0.056 53673.340507 20.173 0.018 53673.337174 19.973 0.02 53673.338007 19.716 0.021 53673.339674 19.688 0.066 42.499074 -0.01783
53675.335729 20.334 0.059 53675.337395 20.176 0.021 53675.334062 20.008 0.026 53675.334895 19.805 0.029 53675.336562 19.993 0.105 42.499074 -0.01783
53677.356759 20.398 0.058 53677.358425 20.186 0.018 53677.355092 19.988 0.019 53677.355925 19.783 0.021 53677.357592 19.701 0.064 42.499074 -0.01783
53680.343427 20.31 0.055 53680.345093 20.17 0.018 53680.34176 19.981 0.021 53680.342593 19.766 0.023 53680.34426 19.78 0.079 42.499074 -0.01783
53683.401978 20.355 0.088 53683.403644 20.207 0.033 53683.400311 20.049 0.03 53683.401144 19.791 0.036 53683.402811 19.694 0.169 42.499074 -0.01783
53686.342858 20.496 0.14 53686.344524 20.2 0.05 53686.341191 19.97 0.039 53686.342024 19.902 0.038 53686.343691 19.933 0.115 42.499074 -0.01783
53687.400245 -99.99 0.599 53687.401911 -99.99 0.159 53687.398578 -99.99 0.156 53687.399411 -99.99 0.11 53687.401078 -99.99 0.33 42.499074 -0.01783
53693.345317 20.194 0.158 53693.346983 20.142 0.061 53693.34365 20.038 0.052 53693.344483 19.86 0.043 53693.34615 19.836 0.126 42.499074 -0.01783
53699.366155 20.487 0.087 53699.367821 20.177 0.025 53699.364488 19.987 0.024 53699.365321 19.751 0.024 53699.366988 19.747 0.082 42.499074 -0.01783
53704.328638 20.247 0.069 53704.330304 20.11 0.029 53704.326971 19.981 0.028 53704.327804 19.711 0.035 53704.329471 19.532 0.102 42.499074 -0.01783
53989.424762 20.407 0.116 53989.426429 20.261 0.046 53989.423095 20.117 0.039 53989.423929 19.845 0.033 53989.425595 19.73 0.073 42.499074 -0.01783
53997.44826 20.656 0.064 53997.449927 20.231 0.027 53997.446594 20.051 0.025 53997.447427 19.899 0.029 53997.449094 19.865 0.066 42.499074 -0.01783
54000.400183 20.556 0.07 54000.40185 -99.99 0.027 54000.398516 -99.99 0.042 54000.39935 19.808 0.028 54000.401016 -99.99 0.142 42.499074 -0.01783
54007.450268 -99.99 0.063 54007.451935 20.272 0.025 54007.448602 20.117 0.027 54007.449435 19.906 0.026 54007.451102 19.892 0.084 42.499074 -0.01783
54009.374047 20.593 0.049 54009.375714 20.289 0.024 54009.37238 20.103 0.018 54009.373214 19.879 0.023 54009.37488 19.974 0.067 42.499074 -0.01783
54011.438555 20.494 0.049 54011.440222 20.296 0.022 54011.436889 20.114 0.019 54011.437722 19.887 0.023 54011.439389 19.777 0.061 42.499074 -0.01783
54012.45153 20.577 0.068 54012.453197 20.264 0.028 54012.449864 20.125 0.025 54012.450697 19.852 0.029 54012.452364 19.842 0.097 42.499074 -0.01783
54025.43754 20.758 0.105 54025.439206 20.33 0.028 54025.435873 20.127 0.03 54025.436706 19.898 0.03 54025.438373 19.884 0.112 42.499074 -0.01783
54346.431307 20.379 0.096 54346.432974 20.134 0.037 54346.42964 20.062 0.035 54346.430474 19.853 0.031 54346.43214 19.849 0.077 42.499074 -0.01783
54348.435282 20.396 0.073 54348.436949 20.249 0.028 54348.433616 20.041 0.028 54348.434449 19.812 0.03 54348.436116 19.84 0.082 42.499074 -0.01783
54358.391095 20.406 0.056 54358.392761 20.241 0.037 54358.389428 20.068 0.024 54358.390261 19.856 0.027 54358.391928 19.724 0.096 42.499074 -0.01783
54365.424156 20.307 0.048 54365.425822 20.236 0.025 54365.422489 20.075 0.02 54365.423322 19.822 0.024 54365.424989 19.841 0.074 42.499074 -0.01783
54381.443741 20.397 0.052 54381.445408 20.217 0.022 54381.442074 20.066 0.022 54381.442908 19.878 0.023 54381.444574 19.71 0.064 42.499074 -0.01783
54384.450385 -99.99 0.11 54384.452051 -99.99 0.091 54384.448718 20.105 0.029 54384.449551 19.859 0.034 54384.451218 19.711 0.193 42.499074 -0.01783
54386.436065 20.397 0.055 54386.437732 20.208 0.029 54386.434398 20.043 0.025 54386.435232 19.835 0.023 54386.436898 19.928 0.074 42.499074 -0.01783
54388.4403 -99.99 0.054 54388.441967 20.257 0.023 54388.438634 20.049 0.024 54388.439467 19.802 0.022 54388.441134 19.808 0.073 42.499074 -0.01783
54392.437869 20.454 0.063 54392.439535 20.237 0.032 54392.436202 20.086 0.031 54392.437035 19.868 0.042 54392.438702 19.783 0.077 42.499074 -0.01783
54403.354287 -99.99 0.141 54403.355953 20.203 0.048 54403.35262 20.064 0.063 54403.353453 19.949 0.07 54403.35512 19.638 0.123 42.499074 -0.01783
54404.411884 -99.99 1.059 54404.413551 20.23 0.037 54404.410217 20.011 0.029 54404.411051 -99.99 0.086 54404.412717 19.861 0.181 42.499074 -0.01783
54406.347962 20.415 0.056 54406.349629 20.213 0.022 54406.346295 20.076 0.024 54406.347129 19.813 0.021 54406.348795 19.991 0.061 42.499074 -0.01783
54409.352772 -99.99 0.05 54409.354438 20.221 0.029 54409.351105 20.099 0.02 54409.351938 19.839 0.031 54409.353605 19.857 0.071 42.499074 -0.01783
54412.37377 20.548 0.069 54412.375436 20.211 0.035 54412.372103 20.081 0.025 54412.372936 19.881 0.028 54412.374603 19.739 0.085 42.499074 -0.01783
