51075.245691 18.497 0.017 51075.247357 18.317 0.007 51075.244024 18.142 0.008 51075.244857 18.008 0.009 51075.246524 17.983 0.032 -19.552719 0.381872
51464.233599 18.478 0.017 51464.235265 18.321 0.007 51464.231932 18.173 0.007 51464.232765 18.017 0.009 51464.234432 18.057 0.028 -19.552719 0.381872
52197.259341 18.385 0.017 52197.261007 18.23 0.007 52197.257674 18.083 0.007 52197.258507 17.96 0.008 52197.260174 18.005 0.025 -19.552719 0.381872
52231.14529 18.419 0.017 52231.146956 18.281 0.007 52231.143623 18.119 0.008 52231.144456 17.98 0.008 52231.146123 18.015 0.024 -19.552719 0.381872
52557.253296 18.293 0.018 52557.254962 18.203 0.007 52557.251629 18.088 0.007 52557.252462 17.983 0.008 52557.254129 17.992 0.026 -19.552719 0.381872
52578.149375 18.326 0.016 52578.151041 18.186 0.006 52578.147708 18.058 0.007 52578.148541 17.944 0.008 52578.150208 17.992 0.025 -19.552719 0.381872
52929.179602 18.447 0.017 52929.181268 18.322 0.007 52929.177935 18.148 0.007 52929.178768 18.027 0.008 52929.180435 17.996 0.024 -19.552719 0.381872
52934.159758 18.512 0.02 52934.161424 18.323 0.007 52934.158091 18.159 0.007 52934.158924 18.04 0.008 52934.160591 18.109 0.031 -19.552719 0.381872
52936.155685 18.467 0.018 52936.157351 18.321 0.007 52936.154018 18.159 0.008 52936.154851 18.024 0.008 52936.156518 18.021 0.025 -19.552719 0.381872
53270.219755 18.831 0.031 53270.221421 18.588 0.014 53270.218088 18.346 0.027 53270.218921 18.171 0.015 53270.220588 18.248 0.031 -19.552719 0.381872
53272.269693 18.741 0.032 53272.271359 18.571 0.012 53272.268026 18.364 0.01 53272.268859 18.197 0.011 53272.270526 18.205 0.036 -19.552719 0.381872
53286.23841 18.725 0.023 53286.240076 18.573 0.008 53286.236743 18.36 0.008 53286.237576 18.203 0.009 53286.239243 18.205 0.028 -19.552719 0.381872
53288.196901 18.798 0.023 53288.198567 18.59 0.008 53288.195234 18.348 0.008 53288.196067 18.195 0.009 53288.197734 18.272 0.029 -19.552719 0.381872
53294.224215 18.811 0.025 53294.225882 18.585 0.016 53294.222548 18.354 0.015 53294.223382 -99.99 0.024 53294.225048 18.31 0.041 -19.552719 0.381872
53302.192567 18.829 0.038 53302.194233 18.618 0.015 53302.1909 18.363 0.012 53302.191733 18.213 0.013 53302.1934 18.266 0.035 -19.552719 0.381872
53312.148126 18.816 0.025 53312.149793 18.566 0.016 53312.14646 18.359 0.01 53312.147293 18.188 0.015 53312.14896 18.226 0.032 -19.552719 0.381872
53314.149297 18.789 0.022 53314.150963 18.564 0.008 53314.14763 18.359 0.008 53314.148463 18.193 0.01 53314.15013 18.192 0.031 -19.552719 0.381872
53616.253664 18.753 0.028 53616.25533 18.568 0.009 53616.251997 18.351 0.009 53616.25283 18.227 0.012 53616.254497 18.205 0.038 -19.552719 0.381872
53623.243875 -99.99 0.035 53623.245541 -99.99 0.044 53623.242208 -99.99 0.014 53623.243041 -99.99 0.012 53623.244708 -99.99 0.076 -19.552719 0.381872
53626.230088 18.723 0.026 53626.231754 18.547 0.01 53626.228421 18.343 0.01 53626.229254 18.18 0.01 53626.230921 18.191 0.03 -19.552719 0.381872
53628.214953 18.742 0.041 53628.216619 18.54 0.014 53628.213286 18.323 0.011 53628.214119 18.18 0.011 53628.215786 18.208 0.036 -19.552719 0.381872
53637.216567 18.614 0.025 53637.218233 18.507 0.009 53637.2149 18.316 0.01 53637.215733 18.188 0.011 53637.2174 18.224 0.042 -19.552719 0.381872
53644.209029 18.553 0.024 53644.210696 18.463 0.015 53644.207362 18.296 0.013 53644.208196 18.153 0.018 53644.209862 18.198 0.025 -19.552719 0.381872
53654.243636 18.628 0.025 53654.245302 18.471 0.009 53654.241969 18.302 0.009 53654.242802 18.164 0.01 53654.244469 18.207 0.04 -19.552719 0.381872
53656.19123 18.639 0.04 53656.192896 18.462 0.015 53656.189563 18.305 0.012 53656.190396 18.158 0.013 53656.192063 18.231 0.043 -19.552719 0.381872
53663.204539 18.575 0.024 53663.206205 18.462 0.009 53663.202872 18.28 0.009 53663.203705 18.152 0.009 53663.205372 18.215 0.026 -19.552719 0.381872
53665.182508 -99.99 0.135 53665.184174 -99.99 0.081 53665.180841 -99.99 0.099 53665.181674 18.115 0.077 53665.183341 -99.99 0.31 -19.552719 0.381872
53668.194139 18.558 0.021 53668.195805 18.454 0.007 53668.192472 18.291 0.008 53668.193305 18.143 0.009 53668.194972 18.184 0.035 -19.552719 0.381872
53670.198991 18.571 0.02 53670.200657 18.467 0.007 53670.197324 18.27 0.008 53670.198157 18.151 0.009 53670.199824 18.186 0.031 -19.552719 0.381872
53673.166975 18.551 0.021 53673.168641 18.445 0.007 53673.165308 18.29 0.008 53673.166141 18.155 0.009 53673.167808 18.136 0.031 -19.552719 0.381872
53675.163863 18.555 0.02 53675.165529 18.422 0.007 53675.162196 18.264 0.008 53675.163029 18.128 0.009 53675.164696 18.203 0.031 -19.552719 0.381872
53677.184895 18.581 0.019 53677.186561 18.436 0.007 53677.183228 18.283 0.008 53677.184061 18.14 0.009 53677.185728 18.181 0.024 -19.552719 0.381872
53680.171561 18.578 0.019 53680.173227 18.433 0.007 53680.169894 18.277 0.008 53680.170727 18.149 0.009 53680.172394 18.185 0.027 -19.552719 0.381872
53686.238257 18.56 0.065 53686.239923 18.418 0.021 53686.23659 18.188 0.018 53686.237423 18.102 0.018 53686.23909 -99.99 0.051 -19.552719 0.381872
53693.173461 18.531 0.027 53693.175127 18.441 0.011 53693.171794 18.258 0.009 53693.172627 18.127 0.009 53693.174294 18.14 0.028 -19.552719 0.381872
53702.169187 18.502 0.03 53702.170854 18.431 0.019 53702.167521 18.342 0.017 53702.168354 18.098 0.024 53702.170021 18.159 0.059 -19.552719 0.381872
53704.156787 18.515 0.021 53704.158453 18.397 0.007 53704.15512 18.244 0.008 53704.155953 18.097 0.009 53704.15762 18.137 0.031 -19.552719 0.381872
53989.252871 18.804 0.028 53989.254537 18.637 0.02 53989.251204 18.414 0.016 53989.252037 18.242 0.016 53989.253704 18.216 0.028 -19.552719 0.381872
53995.242097 18.81 0.024 53995.243764 18.636 0.016 53995.24043 18.387 0.018 53995.241264 18.225 0.016 53995.24293 18.262 0.025 -19.552719 0.381872
54000.228248 18.846 0.025 54000.229914 18.615 0.02 54000.226581 18.383 0.017 54000.227414 18.21 0.012 54000.229081 18.284 0.036 -19.552719 0.381872
54007.278425 18.812 0.027 54007.280092 18.64 0.017 54007.276758 18.401 0.016 54007.277592 18.25 0.015 54007.279258 18.203 0.028 -19.552719 0.381872
54009.202178 18.744 0.024 54009.203844 18.612 0.018 54009.200511 18.381 0.014 54009.201344 18.235 0.014 54009.203011 18.27 0.03 -19.552719 0.381872
54011.266665 18.774 0.026 54011.268332 18.652 0.015 54011.264998 18.381 0.014 54011.265832 18.249 0.015 54011.267498 18.271 0.033 -19.552719 0.381872
54019.216884 18.772 0.026 54019.21855 18.61 0.019 54019.215217 18.395 0.012 54019.21605 18.22 0.013 54019.217717 18.236 0.027 -19.552719 0.381872
54025.265701 18.74 0.033 54025.267368 18.627 0.016 54025.264034 18.356 0.019 54025.264868 18.221 0.013 54025.266534 18.275 0.034 -19.552719 0.381872
54029.19602 18.744 0.025 54029.197687 18.605 0.016 54029.194353 18.395 0.019 54029.195187 18.237 0.017 54029.196853 18.247 0.032 -19.552719 0.381872
54358.219255 18.571 0.025 54358.220922 18.456 0.033 54358.217589 18.297 0.016 54358.218422 18.173 0.024 54358.220089 18.186 0.048 -19.552719 0.381872
54365.252331 18.598 0.022 54365.253997 18.464 0.022 54365.250664 18.337 0.013 54365.251497 18.158 0.017 54365.253164 18.237 0.033 -19.552719 0.381872
54373.326525 18.513 0.041 54373.328191 18.47 0.036 54373.324858 18.32 0.014 54373.325691 18.151 0.041 54373.327358 -99.99 0.049 -19.552719 0.381872
54382.261451 18.578 0.023 54382.263118 18.437 0.014 54382.259785 18.316 0.016 54382.260618 18.171 0.02 54382.262285 18.213 0.044 -19.552719 0.381872
54386.264193 18.564 0.023 54386.265859 18.468 0.016 54386.262526 18.276 0.011 54386.263359 18.141 0.014 54386.265026 18.166 0.028 -19.552719 0.381872
54388.268451 18.531 0.024 54388.270117 18.448 0.014 54388.266784 18.298 0.015 54388.267617 18.156 0.013 54388.269284 18.17 0.028 -19.552719 0.381872
54403.182274 18.526 0.024 54403.183941 18.456 0.017 54403.180608 18.273 0.014 54403.181441 18.123 0.014 54403.183108 18.196 0.026 -19.552719 0.381872
54404.188841 18.467 0.021 54404.190508 18.437 0.015 54404.187175 18.284 0.018 54404.188008 18.14 0.01 54404.189675 18.133 0.025 -19.552719 0.381872
54406.176061 18.541 0.032 54406.177727 18.451 0.018 54406.174394 18.262 0.014 54406.175227 18.161 0.013 54406.176894 18.184 0.03 -19.552719 0.381872
54412.179007 18.49 0.026 54412.180674 18.416 0.016 54412.17734 18.259 0.014 54412.178174 18.137 0.014 54412.17984 18.134 0.029 -19.552719 0.381872
