51075.248493 23.658 0.931 51075.250159 21.16 0.047 51075.246826 20.712 0.043 51075.247659 20.409 0.053 51075.249326 20.022 0.151 -18.540978 -0.442497
51464.236373 23.119 0.683 51464.238039 21.093 0.042 51464.234706 20.743 0.044 51464.235539 20.363 0.049 51464.237206 20.038 0.117 -18.540978 -0.442497
51467.327352 25.609 1.77 51467.329018 21.179 0.069 51467.325685 20.674 0.063 51467.326518 20.338 0.068 51467.328185 20.281 0.286 -18.540978 -0.442497
51819.303343 23.567 0.816 51819.305009 21.237 0.044 51819.301676 20.752 0.04 51819.302509 20.559 0.047 51819.304176 20.36 0.148 -18.540978 -0.442497
52197.262144 23.233 0.697 52197.26381 21.428 0.048 52197.260477 20.787 0.038 52197.26131 20.489 0.039 52197.262977 20.281 0.13 -18.540978 -0.442497
52231.148093 23.599 0.836 52231.149759 21.332 0.046 52231.146426 20.81 0.04 52231.147259 20.532 0.04 52231.148926 20.091 0.11 -18.540978 -0.442497
52557.256098 23.956 1.303 52557.257764 21.197 0.047 52557.254431 20.685 0.042 52557.255264 20.366 0.043 52557.256931 20.11 0.122 -18.540978 -0.442497
52578.152178 22.393 0.345 52578.153844 21.156 0.038 52578.150511 20.673 0.037 52578.151344 20.391 0.038 52578.153011 20.053 0.111 -18.540978 -0.442497
52929.182404 23.052 0.543 52929.18407 21.222 0.038 52929.180737 20.72 0.034 52929.18157 20.414 0.036 52929.183237 20.148 0.114 -18.540978 -0.442497
52934.16256 22.39 0.386 52934.164226 21.208 0.049 52934.160893 20.789 0.052 52934.161726 20.47 0.048 52934.163393 20.196 0.137 -18.540978 -0.442497
52936.158487 22.547 0.374 52936.160153 21.174 0.039 52936.15682 20.725 0.037 52936.157653 20.457 0.039 52936.15932 20.098 0.112 -18.540978 -0.442497
53270.222583 21.984 0.277 53270.224249 21.266 0.056 53270.220916 20.619 0.042 53270.221749 20.317 0.035 53270.223416 20.246 0.103 -18.540978 -0.442497
53272.272495 22.725 1.085 53272.274161 21.1 0.104 53272.270828 20.681 0.074 53272.271661 20.243 0.05 53272.273328 20.237 0.17 -18.540978 -0.442497
53286.241211 22.062 0.332 53286.242877 21.105 0.041 53286.239544 20.672 0.036 53286.240377 20.277 0.034 53286.242044 20.249 0.115 -18.540978 -0.442497
53288.199702 22.046 0.295 53288.201368 21.022 0.036 53288.198035 20.553 0.033 53288.198868 20.368 0.039 53288.200535 19.968 0.096 -18.540978 -0.442497
53294.227061 22.654 0.56 53294.228728 21.11 0.051 53294.225394 20.6 0.045 53294.226228 20.315 0.049 53294.227894 20.042 0.136 -18.540978 -0.442497
53302.195369 22.357 0.873 53302.197035 21.193 0.142 53302.193702 20.615 0.076 53302.194535 20.283 0.061 53302.196202 19.929 0.131 -18.540978 -0.442497
53312.150913 22.145 0.28 53312.152579 21.09 0.04 53312.149246 20.584 0.039 53312.150079 20.316 0.04 53312.151746 20.14 0.124 -18.540978 -0.442497
53314.152098 22.105 0.261 53314.153764 21.119 0.037 53314.150431 20.572 0.039 53314.151264 20.288 0.036 53314.152931 20.108 0.166 -18.540978 -0.442497
53616.256466 22.13 0.414 53616.258132 21.041 0.046 53616.254799 20.488 0.038 53616.255632 20.244 0.045 53616.257299 19.972 0.141 -18.540978 -0.442497
53623.246677 -99.99 1.205 53623.248343 -99.99 0.496 53623.24501 -99.99 0.069 53623.245843 -99.99 0.238 53623.24751 -99.99 0.229 -18.540978 -0.442497
53626.232889 23.523 1.528 53626.234555 20.991 0.079 53626.231222 20.503 0.047 53626.232055 20.31 0.048 53626.233722 19.965 0.113 -18.540978 -0.442497
53628.217754 22.022 0.672 53628.21942 21.037 0.11 53628.216087 20.552 0.072 53628.21692 20.252 0.052 53628.218587 19.872 0.108 -18.540978 -0.442497
53637.219369 22.115 0.522 53637.221035 21.02 0.069 53637.217702 20.559 0.053 53637.218535 20.287 0.056 53637.220202 20.276 0.23 -18.540978 -0.442497
53644.21181 22.679 0.359 53644.213477 21.037 0.036 53644.210143 20.515 0.03 53644.210977 20.259 0.027 53644.212643 20.12 0.082 -18.540978 -0.442497
53654.246439 23.054 1.171 53654.248105 20.948 0.047 53654.244772 20.503 0.053 53654.245605 20.13 0.05 53654.247272 19.678 0.19 -18.540978 -0.442497
53656.194032 22.852 1.987 53656.195698 21.087 0.167 53656.192365 20.483 0.078 53656.193198 20.197 0.069 53656.194865 19.882 0.167 -18.540978 -0.442497
53663.207342 22.293 0.563 53663.209008 20.879 0.063 53663.205675 20.603 0.042 53663.206508 20.398 0.038 53663.208175 19.911 0.083 -18.540978 -0.442497
53668.19694 23.751 1.395 53668.198606 20.994 0.041 53668.195273 20.528 0.04 53668.196106 20.251 0.046 53668.197773 20.024 0.157 -18.540978 -0.442497
53670.201794 22.828 0.544 53670.20346 20.949 0.037 53670.200127 20.555 0.037 53670.20096 20.294 0.039 53670.202627 20.064 0.132 -18.540978 -0.442497
53673.169777 22.289 0.39 53673.171443 20.992 0.038 53673.16811 20.559 0.04 53673.168943 20.307 0.038 53673.17061 20.104 0.127 -18.540978 -0.442497
53675.166665 22.532 0.432 53675.168331 20.969 0.037 53675.164998 20.498 0.036 53675.165831 20.21 0.038 53675.167498 19.95 0.121 -18.540978 -0.442497
53677.187697 22.751 0.424 53677.189363 20.983 0.033 53677.18603 20.446 0.029 53677.186863 20.137 0.029 53677.18853 19.936 0.082 -18.540978 -0.442497
53680.174363 22.763 0.485 53680.176029 20.992 0.034 53680.172696 20.55 0.032 53680.173529 20.259 0.033 53680.175196 20.114 0.103 -18.540978 -0.442497
53693.176263 22.072 0.619 53693.177929 21.075 0.099 53693.174596 20.569 0.054 53693.175429 20.294 0.042 53693.177096 19.878 0.097 -18.540978 -0.442497
53702.172109 22.829 1.466 53702.173775 20.985 0.1 53702.170442 20.532 0.081 53702.171275 20.004 0.076 53702.172942 20.454 0.485 -18.540978 -0.442497
53704.159589 22.952 0.631 53704.161255 21.001 0.038 53704.157922 20.555 0.038 53704.158755 20.206 0.036 53704.160422 20.214 0.129 -18.540978 -0.442497
53989.255715 22.543 0.756 53989.257381 20.904 0.066 53989.254048 20.564 0.045 53989.254881 20.236 0.038 53989.256548 20.035 0.099 -18.540978 -0.442497
53995.244902 22.61 0.31 53995.246569 20.973 0.029 53995.243236 20.489 0.026 53995.244069 20.264 0.031 53995.245736 19.844 0.059 -18.540978 -0.442497
54000.231072 22.609 0.508 54000.232739 21.028 0.045 54000.229405 20.515 0.038 54000.230239 20.331 0.046 54000.231905 19.803 0.102 -18.540978 -0.442497
54007.281219 24.952 3.752 54007.282886 20.893 0.042 54007.279553 20.466 0.028 54007.280386 20.219 0.03 54007.282053 20.274 0.119 -18.540978 -0.442497
54009.204985 22.579 0.459 54009.206651 21.001 0.047 54009.203318 20.393 0.032 54009.204151 20.276 0.036 54009.205818 19.933 0.083 -18.540978 -0.442497
54011.269531 21.775 0.321 54011.271197 20.914 0.062 54011.267864 20.466 0.04 54011.268697 20.203 0.039 54011.270364 19.996 0.085 -18.540978 -0.442497
54019.219681 23.185 0.968 54019.221348 21.002 0.05 54019.218014 20.521 0.038 54019.218848 20.235 0.029 54019.220514 19.753 0.063 -18.540978 -0.442497
54025.268529 24.356 2.672 54025.270195 20.956 0.037 54025.266862 20.456 0.04 54025.267695 20.239 0.042 54025.269362 19.933 0.108 -18.540978 -0.442497
54029.198838 22.808 0.5 54029.200505 20.915 0.032 54029.197172 20.492 0.03 54029.198005 20.23 0.032 54029.199672 19.998 0.094 -18.540978 -0.442497
54358.222054 99.998 99.999 54358.223721 21.159 0.046 54358.220387 -99.99 0.045 54358.221221 20.405 0.053 54358.222887 20.085 0.138 -18.540978 -0.442497
54365.255119 22.252 0.336 54365.256785 21.019 0.059 54365.253452 20.658 0.041 54365.254285 20.388 0.04 54365.255952 20.201 0.125 -18.540978 -0.442497
54373.32933 99.994 99.999 54373.330997 21.166 0.148 54373.327664 20.522 0.081 54373.328497 20.377 0.068 54373.330164 20.062 0.163 -18.540978 -0.442497
54382.264231 23.421 1.482 54382.265897 21.223 0.059 54382.262564 20.615 0.043 54382.263397 20.349 0.057 54382.265064 19.884 0.13 -18.540978 -0.442497
54386.267011 22.329 0.334 54386.268678 21.077 0.034 54386.265344 20.588 0.03 54386.266178 20.333 0.032 54386.267844 20.122 0.096 -18.540978 -0.442497
54388.27125 24.061 2.098 54388.272917 21.062 0.042 54388.269584 20.745 0.041 54388.270417 20.322 0.043 54388.272084 20.107 0.128 -18.540978 -0.442497
54403.185063 23.03 0.912 54403.18673 21.165 0.075 54403.183396 20.625 0.041 54403.18423 20.461 0.042 54403.185896 20.336 0.149 -18.540978 -0.442497
54404.191644 22.162 0.243 54404.19331 21.091 0.041 54404.189977 20.66 0.036 54404.19081 20.404 0.034 54404.192477 20.138 0.095 -18.540978 -0.442497
54406.178873 22.755 0.412 54406.180539 21.131 0.039 54406.177206 20.726 0.041 54406.178039 20.298 0.036 54406.179706 20 0.101 -18.540978 -0.442497
54412.181795 22.356 0.354 54412.183461 21.189 0.039 54412.180128 20.63 0.043 54412.180961 20.376 0.037 54412.182628 20.075 0.096 -18.540978 -0.442497
