51075.256832 24.332 1.285 51075.258498 20.127 0.021 51075.255165 19.545 0.019 51075.255998 19.345 0.024 51075.257665 19.175 0.098 -15.531015 0.375125
51464.244765 26.166 0.675 51464.246431 20.177 0.022 51464.243098 19.596 0.019 51464.243931 19.404 0.023 51464.245598 19.41 0.094 -15.531015 0.375125
52197.270469 22.651 0.373 52197.272135 20.256 0.019 52197.268802 19.652 0.017 52197.269635 19.46 0.019 52197.271302 19.531 0.08 -15.531015 0.375125
52231.15643 23.863 0.94 52231.158096 20.197 0.02 52231.154763 19.67 0.017 52231.155596 19.427 0.019 52231.157263 19.331 0.073 -15.531015 0.375125
52253.142604 23.536 1.261 52253.14427 20.151 0.025 52253.140937 19.594 0.021 52253.14177 19.388 0.023 52253.143437 19.502 0.103 -15.531015 0.375125
52557.264434 23.853 1.186 52557.2661 20.019 0.02 52557.262767 19.462 0.018 52557.2636 19.346 0.02 52557.265267 19.206 0.069 -15.531015 0.375125
52578.160514 23.579 0.803 52578.16218 20.056 0.017 52578.158847 19.5 0.016 52578.15968 19.334 0.018 52578.161347 19.194 0.065 -15.531015 0.375125
52908.238999 22.68 0.455 52908.240665 19.926 0.018 52908.237332 19.45 0.016 52908.238165 19.25 0.019 52908.239832 19.292 0.082 -15.531015 0.375125
52929.190741 23.709 0.979 52929.192407 19.994 0.018 52929.189074 19.427 0.014 52929.189907 19.283 0.018 52929.191574 19.183 0.072 -15.531015 0.375125
52934.170898 23.51 1.029 52934.172564 20.034 0.018 52934.169231 19.501 0.017 52934.170064 19.334 0.02 52934.171731 19.108 0.074 -15.531015 0.375125
52936.166825 24.488 1.113 52936.168491 20.037 0.017 52936.165158 19.483 0.016 52936.165991 19.302 0.017 52936.167658 19.247 0.065 -15.531015 0.375125
53270.230889 22.915 0.54 53270.232556 20.119 0.022 53270.229223 19.592 0.018 53270.230056 19.404 0.019 53270.231723 19.393 0.07 -15.531015 0.375125
53272.280832 25.277 2.296 53272.282498 20.129 0.036 53272.279165 19.595 0.028 53272.279998 19.395 0.024 53272.281665 19.287 0.073 -15.531015 0.375125
53286.249549 24.234 1.481 53286.251215 20.11 0.024 53286.247882 19.56 0.022 53286.248715 19.457 0.024 53286.250382 19.334 0.092 -15.531015 0.375125
53288.20804 23.202 0.623 53288.209706 20.109 0.018 53288.206373 19.59 0.016 53288.207206 19.431 0.018 53288.208873 19.444 0.068 -15.531015 0.375125
53294.235366 23.598 1.174 53294.237033 20.127 0.026 53294.233699 19.556 0.022 53294.234533 19.459 0.031 53294.236199 19.109 0.074 -15.531015 0.375125
53302.203707 -99.99 1.466 53302.205373 19.971 0.056 53302.20204 19.42 0.039 53302.202873 19.367 0.043 53302.20454 19.129 0.103 -15.531015 0.375125
53312.159249 22.844 0.622 53312.160916 20.118 0.023 53312.157583 19.562 0.019 53312.158416 19.401 0.024 53312.160083 19.455 0.099 -15.531015 0.375125
53314.160435 24.282 1.223 53314.162101 20.11 0.018 53314.158768 19.576 0.017 53314.159601 19.438 0.021 53314.161268 19.323 0.075 -15.531015 0.375125
53616.264802 24.28 1.751 53616.266468 20.049 0.021 53616.263135 19.598 0.022 53616.263968 19.344 0.024 53616.265635 19.241 0.088 -15.531015 0.375125
53623.255013 24.752 1.107 53623.256679 -99.99 0.034 53623.253346 -99.99 0.023 53623.254179 19.464 0.042 53623.255846 -99.99 0.15 -15.531015 0.375125
53626.241226 23.242 1 53626.242892 20.126 0.03 53626.239559 19.598 0.026 53626.240392 19.386 0.022 53626.242059 19.293 0.071 -15.531015 0.375125
53628.226092 23.325 1.763 53628.227758 20.096 0.043 53628.224425 19.557 0.027 53628.225258 19.395 0.027 53628.226925 19.366 0.082 -15.531015 0.375125
53637.227706 22.707 0.861 53637.229372 20.1 0.034 53637.226039 19.666 0.029 53637.226872 19.459 0.03 53637.228539 19.421 0.128 -15.531015 0.375125
53644.220191 100.007 99.999 53644.221858 20.127 0.02 53644.218524 19.582 0.016 53644.219358 19.402 0.023 53644.221024 19.367 0.052 -15.531015 0.375125
53654.254776 24.187 1.303 53654.256442 20.062 0.02 53654.253109 19.566 0.02 53654.253942 19.398 0.021 53654.255609 19.391 0.1 -15.531015 0.375125
53656.202369 24.437 4.762 53656.204035 20.163 0.065 53656.200702 -99.99 0.039 53656.201535 19.419 0.041 53656.203202 19.39 0.125 -15.531015 0.375125
53663.215678 23.961 1.883 53663.217344 20.045 0.03 53663.214011 19.541 0.02 53663.214844 19.402 0.02 53663.216511 19.167 0.053 -15.531015 0.375125
53668.205278 22.817 0.583 53668.206944 20.102 0.02 53668.203611 19.587 0.021 53668.204444 19.353 0.023 53668.206111 19.308 0.092 -15.531015 0.375125
53670.21013 24.954 1.062 53670.211796 20.13 0.019 53670.208463 19.581 0.017 53670.209296 19.408 0.019 53670.210963 19.343 0.077 -15.531015 0.375125
53673.178114 23.378 0.863 53673.17978 20.104 0.018 53673.176447 19.561 0.018 53673.17728 19.361 0.02 53673.178947 19.267 0.071 -15.531015 0.375125
53675.175003 23.265 0.75 53675.176669 20.106 0.018 53675.173336 19.54 0.019 53675.174169 19.432 0.023 53675.175836 19.468 0.091 -15.531015 0.375125
53677.196034 24.804 0.913 53677.1977 20.111 0.017 53677.194367 19.582 0.015 53677.1952 19.396 0.017 53677.196867 19.367 0.058 -15.531015 0.375125
53680.1827 24.383 1.228 53680.184366 20.07 0.019 53680.181033 19.563 0.017 53680.181866 19.36 0.018 53680.183533 19.237 0.063 -15.531015 0.375125
53693.1846 26.74 0.73 53693.186266 20.145 0.037 53693.182933 19.606 0.023 53693.183766 19.404 0.021 53693.185433 19.32 0.066 -15.531015 0.375125
53704.167925 24.005 1.086 53704.169591 20.125 0.019 53704.166258 19.576 0.018 53704.167091 19.352 0.019 53704.168758 19.223 0.067 -15.531015 0.375125
53989.263972 99.985 99.999 53989.265639 20.117 0.034 53989.262305 19.602 0.023 53989.263139 19.4 0.023 53989.264805 19.25 0.06 -15.531015 0.375125
53995.253275 99.999 99.999 53995.254942 20.149 0.022 53995.251608 19.59 0.016 53995.252442 19.418 0.017 53995.254108 19.317 0.053 -15.531015 0.375125
53997.359927 -99.99 0.543 53997.361594 -99.99 0.026 53997.358261 -99.99 0.02 53997.359094 19.402 0.02 53997.360761 -99.99 0.082 -15.531015 0.375125
54000.239409 100.015 99.999 54000.241075 20.122 0.022 54000.237742 19.586 0.02 54000.238575 19.405 0.022 54000.240242 19.461 0.084 -15.531015 0.375125
54007.289551 25.195 4.073 54007.291218 20.121 0.021 54007.287884 19.565 0.017 54007.288718 19.437 0.021 54007.290384 19.283 0.061 -15.531015 0.375125
54009.213334 22.717 0.446 54009.215 20.137 0.023 54009.211667 19.545 0.018 54009.2125 19.426 0.02 54009.214167 19.303 0.056 -15.531015 0.375125
54011.277815 23.793 1.757 54011.279482 20.162 0.034 54011.276149 19.578 0.022 54011.276982 19.39 0.022 54011.278649 19.232 0.053 -15.531015 0.375125
54019.228055 22.012 0.324 54019.229721 20.105 0.029 54019.226388 19.552 0.018 54019.227221 19.429 0.019 54019.228888 19.32 0.067 -15.531015 0.375125
54025.276816 99.99 99.999 54025.278482 20.177 0.02 54025.275149 19.535 0.021 54025.275982 19.397 0.022 54025.277649 19.288 0.077 -15.531015 0.375125
54029.2072 23.319 0.852 54029.208867 20.115 0.025 54029.205533 19.6 0.02 54029.206367 19.383 0.025 54029.208033 19.402 0.075 -15.531015 0.375125
54358.230375 23.192 1.032 54358.232042 20.122 0.024 54358.228708 19.577 0.022 54358.229542 19.405 0.024 54358.231208 19.418 0.098 -15.531015 0.375125
54365.263454 24.101 2.02 54365.265121 20.079 0.027 54365.261788 19.525 0.024 54365.262621 19.373 0.032 54365.264288 19.124 0.057 -15.531015 0.375125
54373.337668 22.689 1.861 54373.339335 20.123 0.063 54373.336001 19.618 0.037 54373.336835 19.422 0.037 54373.338501 19.362 0.097 -15.531015 0.375125
54381.283029 25.393 6.738 54381.284696 20.138 0.029 54381.281362 19.562 0.025 54381.282196 19.433 0.027 54381.283862 19.566 0.097 -15.531015 0.375125
54382.272601 21.835 0.366 54382.274267 20.09 0.024 54382.270934 19.591 0.024 54382.271767 19.462 0.031 54382.273434 19.26 0.102 -15.531015 0.375125
54386.275322 22.832 0.458 54386.276989 20.134 0.018 54386.273655 19.58 0.017 54386.274489 19.384 0.021 54386.276155 19.395 0.063 -15.531015 0.375125
54388.279588 22.669 0.522 54388.281254 20.141 0.022 54388.277921 19.58 0.021 54388.278754 19.371 0.022 54388.280421 19.404 0.073 -15.531015 0.375125
54403.193397 23.145 1.167 54403.195064 20.174 0.033 54403.191731 19.58 0.023 54403.192564 19.43 0.025 54403.194231 19.439 0.077 -15.531015 0.375125
54404.200003 99.99 99.999 54404.20167 20.143 0.023 54404.198337 19.603 0.02 54404.19917 19.398 0.02 54404.200837 19.367 0.064 -15.531015 0.375125
54405.248904 23.847 1.357 54405.250571 20.234 0.027 54405.247237 19.602 0.019 54405.248071 19.353 0.021 54405.249737 19.33 0.064 -15.531015 0.375125
54406.187235 23.086 0.61 54406.188901 20.141 0.025 54406.185568 19.563 0.026 54406.186401 19.414 0.029 54406.188068 19.261 0.065 -15.531015 0.375125
54412.190131 25.786 7.091 54412.191798 20.146 0.019 54412.188464 19.588 0.017 54412.189298 19.43 0.021 54412.190964 19.365 0.063 -15.531015 0.375125
