51075.25542 20.326 0.062 51075.257086 20.149 0.022 51075.253753 20.053 0.025 51075.254586 19.79 0.033 51075.256253 19.726 0.133 -16.040009 -0.154901
51464.243301 20.322 0.061 51464.244967 20.363 0.028 51464.241634 20.095 0.027 51464.242467 19.891 0.033 51464.244134 19.618 0.096 -16.040009 -0.154901
52197.269051 20.376 0.058 52197.270717 20.353 0.021 52197.267384 20.195 0.024 52197.268217 19.969 0.026 52197.269884 19.666 0.075 -16.040009 -0.154901
52231.155021 20.512 0.06 52231.156687 20.353 0.022 52231.153354 20.117 0.024 52231.154187 19.914 0.027 52231.155854 19.773 0.092 -16.040009 -0.154901
52557.263025 20.572 0.081 52557.264691 20.378 0.025 52557.261358 20.258 0.031 52557.262191 19.985 0.035 52557.263858 19.698 0.104 -16.040009 -0.154901
52578.159104 20.639 0.069 52578.16077 20.482 0.024 52578.157437 20.318 0.03 52578.15827 20.065 0.034 52578.159937 19.729 0.091 -16.040009 -0.154901
52908.237589 20.547 0.076 52908.239255 20.466 0.025 52908.235922 20.299 0.031 52908.236755 20.094 0.035 52908.238422 19.827 0.106 -16.040009 -0.154901
52929.189331 20.605 0.067 52929.190997 20.482 0.024 52929.187664 20.269 0.026 52929.188497 20.084 0.031 52929.190164 19.823 0.1 -16.040009 -0.154901
52934.169487 20.595 0.078 52934.171153 20.512 0.03 52934.16782 20.293 0.033 52934.168653 20.046 0.033 52934.17032 19.935 0.134 -16.040009 -0.154901
52936.165414 20.656 0.069 52936.16708 20.516 0.023 52936.163747 20.316 0.028 52936.16458 20.039 0.031 52936.166247 19.846 0.088 -16.040009 -0.154901
53270.229481 20.681 0.069 53270.231148 20.596 0.032 53270.227814 20.352 0.027 53270.228648 20.111 0.03 53270.230314 19.927 0.082 -16.040009 -0.154901
53272.279423 21.073 0.257 53272.281089 20.576 0.064 53272.277756 20.275 0.049 53272.278589 19.969 0.046 53272.280256 19.701 0.107 -16.040009 -0.154901
53286.248139 20.564 0.094 53286.249805 20.521 0.037 53286.246472 20.321 0.033 53286.247305 20.051 0.038 53286.248972 19.778 0.115 -16.040009 -0.154901
53288.206629 20.664 0.078 53288.208295 20.531 0.023 53288.204962 20.285 0.026 53288.205795 20.079 0.03 53288.207462 19.894 0.089 -16.040009 -0.154901
53294.233946 20.674 0.096 53294.235612 20.591 0.033 53294.232279 20.307 0.043 53294.233112 20.03 0.042 53294.234779 19.728 0.115 -16.040009 -0.154901
53312.157828 20.545 0.068 53312.159495 20.518 0.03 53312.156162 20.302 0.031 53312.156995 20.06 0.035 53312.158662 19.869 0.117 -16.040009 -0.154901
53314.159025 20.626 0.067 53314.160691 20.505 0.023 53314.157358 20.309 0.028 53314.158191 20.035 0.033 53314.159858 19.887 0.109 -16.040009 -0.154901
53616.263395 20.772 0.118 53616.265061 20.742 0.037 53616.261728 20.442 0.042 53616.262561 20.094 0.056 53616.264228 19.963 0.154 -16.040009 -0.154901
53623.253605 20.868 0.123 53623.255271 20.574 0.033 53623.251938 -99.99 0.058 53623.252771 20.085 0.047 53623.254438 -99.99 0.164 -16.040009 -0.154901
53626.239817 21.023 0.166 53626.241483 20.572 0.048 53626.23815 20.444 0.044 53626.238983 20.098 0.043 53626.24065 19.934 0.108 -16.040009 -0.154901
53628.224683 -99.99 0.182 53628.226349 20.569 0.069 53628.223016 20.326 0.051 53628.223849 20.081 0.045 53628.225516 20.068 0.136 -16.040009 -0.154901
53637.226298 20.74 0.155 53637.227964 20.678 0.054 53637.224631 20.388 0.05 53637.225464 20.163 0.058 53637.227131 19.962 0.177 -16.040009 -0.154901
53644.218771 20.791 0.061 53644.220438 20.649 0.024 53644.217104 20.472 0.023 53644.217938 20.14 0.03 53644.219604 19.929 0.069 -16.040009 -0.154901
53654.253368 20.894 0.111 53654.255034 20.654 0.037 53654.251701 20.373 0.035 53654.252534 20.213 0.046 53654.254201 19.826 0.104 -16.040009 -0.154901
53656.20096 20.517 0.242 53656.202626 20.582 0.115 53656.199293 20.218 0.076 53656.200126 20.077 0.078 53656.201793 19.919 0.22 -16.040009 -0.154901
53663.214269 20.474 0.107 53663.215935 20.62 0.049 53663.212602 20.4 0.038 53663.213435 20.183 0.036 53663.215102 19.989 0.094 -16.040009 -0.154901
53668.203869 20.814 0.111 53668.205535 20.549 0.027 53668.202202 20.324 0.04 53668.203035 20.052 0.051 53668.204702 19.745 0.126 -16.040009 -0.154901
53670.208723 -99.99 0.076 53670.210389 20.57 0.025 53670.207056 20.335 0.03 53670.207889 20.167 0.037 53670.209556 19.83 0.098 -16.040009 -0.154901
53673.176705 20.721 0.082 53673.178371 20.566 0.027 53673.175038 20.331 0.031 53673.175871 20.019 0.032 53673.177538 19.912 0.106 -16.040009 -0.154901
53675.173593 20.74 0.089 53675.175259 20.553 0.026 53675.171926 20.352 0.034 53675.172759 20.088 0.038 53675.174426 19.894 0.12 -16.040009 -0.154901
53677.194626 20.726 0.068 53677.196292 20.578 0.023 53677.192959 20.357 0.025 53677.193792 20.159 0.028 53677.195459 20.039 0.085 -16.040009 -0.154901
53680.181291 20.645 0.073 53680.182957 20.537 0.025 53680.179624 20.308 0.028 53680.180457 20.072 0.031 53680.182124 19.75 0.082 -16.040009 -0.154901
53693.183192 20.747 0.178 53693.184858 20.636 0.063 53693.181525 20.37 0.045 53693.182358 20.084 0.039 53693.184025 20.062 0.113 -16.040009 -0.154901
53704.166517 20.817 0.087 53704.168183 20.592 0.025 53704.16485 20.397 0.029 53704.165683 20.1 0.032 53704.16735 20.132 0.121 -16.040009 -0.154901
53989.262566 20.673 0.127 53989.264232 20.434 0.046 53989.260899 20.183 0.034 53989.261732 20.051 0.034 53989.263399 19.884 0.089 -16.040009 -0.154901
53995.251818 20.582 0.054 53995.253484 20.391 0.02 53995.250151 20.197 0.02 53995.250984 20.042 0.031 53995.252651 19.863 0.064 -16.040009 -0.154901
53997.358254 20.741 0.091 53997.359921 -99.99 0.028 53997.356588 20.262 0.033 53997.357421 -99.99 0.034 53997.359088 -99.99 0.09 -16.040009 -0.154901
54000.237974 20.601 0.07 54000.23964 20.442 0.027 54000.236307 20.208 0.03 54000.23714 20.019 0.035 54000.238807 19.995 0.11 -16.040009 -0.154901
54007.288128 20.521 0.069 54007.289795 20.432 0.023 54007.286462 20.17 0.025 54007.287295 20.016 0.031 54007.288962 20.012 0.1 -16.040009 -0.154901
54009.2119 20.527 0.065 54009.213567 20.421 0.029 54009.210233 20.241 0.028 54009.211067 20.012 0.028 54009.212733 19.898 0.082 -16.040009 -0.154901
54011.276503 20.476 0.088 54011.27817 20.357 0.039 54011.274837 20.218 0.034 54011.27567 20.019 0.033 54011.277337 19.82 0.075 -16.040009 -0.154901
54019.226608 20.612 0.089 54019.228274 20.406 0.036 54019.224941 20.177 0.023 54019.225774 20.009 0.029 54019.227441 19.93 0.077 -16.040009 -0.154901
54025.275426 20.652 0.079 54025.277093 20.408 0.028 54025.273759 20.172 0.034 54025.274593 20.017 0.037 54025.276259 20.035 0.121 -16.040009 -0.154901
54029.205758 20.713 0.081 54029.207425 20.417 0.025 54029.204091 20.186 0.035 54029.204925 20.059 0.033 54029.206591 19.69 0.085 -16.040009 -0.154901
54358.228987 20.556 0.084 54358.230653 20.311 0.027 54358.22732 20.172 0.031 54358.228153 19.979 0.035 54358.22982 19.769 0.103 -16.040009 -0.154901
54365.26203 20.63 0.087 54365.263696 20.293 0.033 54365.260363 20.158 0.031 54365.261196 20.003 0.034 54365.262863 19.831 0.087 -16.040009 -0.154901
54373.336233 -99.99 0.278 54373.3379 20.304 0.077 54373.334566 20.133 0.053 54373.3354 19.99 0.052 54373.337066 19.878 0.154 -16.040009 -0.154901
54381.281622 20.499 0.072 54381.283289 20.339 0.03 54381.279955 20.279 0.043 54381.280789 19.886 0.038 54381.282455 19.805 0.124 -16.040009 -0.154901
54382.271154 20.482 0.095 54382.272821 20.519 0.039 54382.269487 20.213 0.039 54382.270321 19.903 0.039 54382.271987 20.07 0.182 -16.040009 -0.154901
54386.273937 20.491 0.06 54386.275604 20.326 0.023 54386.272271 20.134 0.024 54386.273104 19.953 0.026 54386.274771 19.805 0.076 -16.040009 -0.154901
54388.27818 20.526 0.073 54388.279846 20.344 0.027 54388.276513 20.151 0.026 54388.277346 19.928 0.029 54388.279013 19.803 0.09 -16.040009 -0.154901
54403.191978 20.429 0.097 54403.193644 20.372 0.042 54403.190311 20.104 0.032 54403.191144 19.939 0.031 54403.192811 19.668 0.095 -16.040009 -0.154901
54404.198581 -99.99 0.058 54404.200248 20.326 0.023 54404.196915 20.181 0.026 54404.197748 19.949 0.029 54404.199415 19.844 0.077 -16.040009 -0.154901
54405.24753 20.496 0.068 54405.249197 20.382 0.03 54405.245864 20.231 0.03 54405.246697 19.932 0.031 54405.248364 19.698 0.081 -16.040009 -0.154901
54406.1858 -99.99 0.072 54406.187466 20.374 0.027 54406.184133 20.182 0.027 54406.184966 19.933 0.05 54406.186633 19.881 0.109 -16.040009 -0.154901
54412.188732 20.479 0.065 54412.190399 20.361 0.028 54412.187065 20.197 0.025 54412.187899 19.962 0.024 54412.189565 19.801 0.075 -16.040009 -0.154901
