51081.287013 19.564 0.042 51081.288679 19.273 0.014 51081.285346 19.158 0.017 51081.286179 18.904 0.02 51081.287846 18.79 0.057 1.253511 1.05094
52197.316981 -99.99 0.033 52197.318647 19.164 0.011 52197.315314 19.045 0.012 52197.316147 18.746 0.014 52197.317814 18.604 0.036 1.253511 1.05094
52557.31092 19.398 0.034 52557.312586 19.181 0.011 52557.309253 19.091 0.013 52557.310086 18.746 0.015 52557.311753 18.658 0.043 1.253511 1.05094
52558.323449 19.663 0.045 52558.325115 19.191 0.013 52558.321782 19.076 0.014 52558.322615 18.929 0.015 52558.324282 18.617 0.04 1.253511 1.05094
52577.210951 19.49 0.03 52577.212617 19.216 0.01 52577.209284 19.072 0.012 52577.210117 18.806 0.014 52577.211784 18.678 0.042 1.253511 1.05094
52586.214428 19.569 0.036 52586.216094 19.22 0.011 52586.212761 19.071 0.014 52586.213594 18.873 0.018 52586.215261 18.73 0.05 1.253511 1.05094
52910.294911 19.687 0.035 52910.296577 19.383 0.012 52910.293244 19.258 0.013 52910.294077 18.984 0.015 52910.295744 18.871 0.045 1.253511 1.05094
52930.176648 19.72 0.039 52930.178314 19.389 0.013 52930.174981 19.249 0.015 52930.175814 18.944 0.017 52930.177481 18.846 0.05 1.253511 1.05094
52931.225112 19.846 0.041 52931.226778 19.415 0.013 52931.223445 19.28 0.015 52931.224278 18.979 0.017 52931.225945 18.833 0.048 1.253511 1.05094
52935.222076 19.768 0.038 52935.223742 19.498 0.013 52935.220409 19.252 0.014 52935.221242 19.013 0.017 52935.222909 -99.99 0.046 1.253511 1.05094
52959.165404 19.694 0.034 52959.16707 19.38 0.011 52959.163737 19.228 0.012 52959.16457 18.955 0.014 52959.166237 18.836 0.037 1.253511 1.05094
52963.145148 19.732 0.033 52963.146814 19.332 0.011 52963.143481 19.231 0.012 52963.144314 18.95 0.014 52963.145981 -99.99 0.036 1.253511 1.05094
53270.27738 -99.99 0.049 53270.279047 19.376 0.018 53270.275714 19.225 0.019 53270.276547 18.942 0.024 53270.278214 18.791 0.063 1.253511 1.05094
53272.327318 19.614 0.041 53272.328984 19.373 0.016 53272.325651 19.245 0.016 53272.326484 18.929 0.017 53272.328151 18.906 0.046 1.253511 1.05094
53286.296037 19.659 0.045 53286.297703 19.382 0.014 53286.29437 19.232 0.015 53286.295203 18.946 0.017 53286.29687 18.84 0.046 1.253511 1.05094
53294.302202 19.7 0.041 53294.303868 19.379 0.013 53294.300535 19.234 0.015 53294.301368 18.917 0.016 53294.303035 18.801 0.044 1.253511 1.05094
53302.250197 19.695 0.059 53302.251863 19.338 0.021 53302.24853 19.23 0.021 53302.249363 18.941 0.02 53302.25103 18.815 0.046 1.253511 1.05094
53312.205734 19.666 0.043 53312.207401 19.328 0.017 53312.204068 19.182 0.019 53312.204901 18.952 0.025 53312.206568 18.822 0.052 1.253511 1.05094
53314.206925 19.627 0.038 53314.208591 19.382 0.012 53314.205258 19.252 0.014 53314.206091 18.95 0.016 53314.207758 18.839 0.046 1.253511 1.05094
53352.116213 19.798 0.038 53352.117879 19.37 0.012 53352.114546 19.27 0.015 53352.115379 19.026 0.018 53352.117046 18.866 0.05 1.253511 1.05094
53616.31129 -99.99 0.192 53616.312956 -99.99 0.038 53616.309623 -99.99 0.065 53616.310456 -99.99 0.065 53616.312123 -99.99 0.173 1.253511 1.05094
53622.324517 19.893 0.056 53622.326183 -99.99 0.015 53622.32285 19.305 0.017 53622.323683 19.099 0.03 53622.32535 18.989 0.071 1.253511 1.05094
53626.287714 19.825 0.045 53626.28938 19.437 0.015 53626.286047 19.291 0.016 53626.28688 19.008 0.017 53626.288547 18.817 0.044 1.253511 1.05094
53628.272579 19.737 0.079 53628.274245 19.468 0.026 53628.270912 19.306 0.022 53628.271745 18.978 0.021 53628.273412 18.86 0.053 1.253511 1.05094
53634.273987 20.045 0.153 53634.275653 19.527 0.033 53634.27232 19.349 0.028 53634.273153 19.092 0.028 53634.27482 18.871 0.062 1.253511 1.05094
53636.27952 19.826 0.074 53636.281186 19.679 0.043 53636.277853 19.355 0.028 53636.278686 19.112 0.026 53636.280353 18.915 0.078 1.253511 1.05094
53637.274195 -99.99 0.072 53637.275861 19.444 0.021 53637.272528 19.332 0.021 53637.273361 19.012 0.024 53637.275028 18.953 0.073 1.253511 1.05094
53638.315323 -99.99 0.047 53638.316989 19.512 0.015 53638.313656 19.292 0.016 53638.314489 19.065 0.017 53638.316156 18.916 0.046 1.253511 1.05094
53639.319574 19.756 0.044 53639.32124 19.45 0.014 53639.317907 19.298 0.015 53639.31874 18.985 0.016 53639.320407 18.901 0.043 1.253511 1.05094
53640.279357 -99.99 0.76 53640.281023 -99.99 0.027 53640.27769 -99.99 0.111 53640.278523 -99.99 0.258 53640.28019 -99.99 0.088 1.253511 1.05094
53644.266731 19.796 0.044 53644.268398 19.439 0.02 53644.265065 19.266 0.021 53644.265898 19.005 0.019 53644.267565 18.91 0.04 1.253511 1.05094
53654.301263 19.784 0.045 53654.302929 19.425 0.013 53654.299596 19.292 0.015 53654.300429 18.993 0.017 53654.302096 18.905 0.047 1.253511 1.05094
53655.251527 19.88 0.093 53655.253193 19.442 0.024 53655.24986 19.305 0.023 53655.250693 -99.99 0.024 53655.25236 18.934 0.069 1.253511 1.05094
53663.262168 19.751 0.059 53663.263834 19.459 0.019 53663.260501 19.295 0.018 53663.261334 19.001 0.017 53663.263001 18.882 0.039 1.253511 1.05094
53664.276484 19.863 0.082 53664.27815 19.487 0.024 53664.274817 19.32 0.024 53664.27565 19.075 0.026 53664.277317 18.944 0.06 1.253511 1.05094
53666.240088 19.836 0.049 53666.241754 19.458 0.016 53666.238421 19.279 0.017 53666.239254 19.008 0.019 53666.240921 18.956 0.053 1.253511 1.05094
53668.251768 -99.99 0.07 53668.253434 19.46 0.014 53668.250101 19.298 0.02 53668.250934 19.015 0.025 53668.252601 18.979 0.075 1.253511 1.05094
53669.235726 19.812 0.04 53669.237392 19.433 0.013 53669.234059 19.34 0.015 53669.234892 19.017 0.017 53669.236559 18.836 0.046 1.253511 1.05094
53671.320499 -99.99 0.077 53671.322165 19.474 0.016 53671.318832 19.317 0.02 53671.319665 19.058 0.022 53671.321332 18.883 0.062 1.253511 1.05094
53674.219963 19.867 0.048 53674.221629 19.468 0.013 53674.218296 19.346 0.017 53674.219129 19.105 0.02 53674.220796 18.831 0.045 1.253511 1.05094
53675.221493 19.887 0.045 53675.223159 19.487 0.013 53675.219826 19.277 0.016 53675.220659 18.988 0.017 53675.222326 18.892 0.05 1.253511 1.05094
53676.30944 -99.99 0.054 53676.311106 19.509 0.014 53676.307773 19.268 0.016 53676.308606 19.059 0.018 53676.310273 18.859 0.041 1.253511 1.05094
53677.242524 19.779 0.039 53677.24419 19.423 0.012 53677.240857 19.265 0.014 53677.24169 19 0.015 53677.243357 18.914 0.036 1.253511 1.05094
53679.281332 19.833 0.056 53679.282998 19.505 0.015 53679.279665 19.294 0.019 53679.280498 19.157 0.023 53679.282165 18.766 0.06 1.253511 1.05094
53680.22919 -99.99 0.042 53680.230856 19.461 0.013 53680.227523 19.32 0.015 53680.228356 19.018 0.016 53680.230023 18.88 0.041 1.253511 1.05094
53681.272844 19.858 0.05 53681.27451 19.452 0.014 53681.271177 19.315 0.018 53681.27201 19.087 0.02 53681.273677 18.889 0.045 1.253511 1.05094
53685.231896 19.78 0.122 53685.233562 19.557 0.046 53685.230229 19.386 0.042 53685.231062 19.024 0.038 53685.232729 18.963 0.078 1.253511 1.05094
53693.231087 19.703 0.075 53693.232753 19.475 0.023 53693.22942 19.306 0.02 53693.230253 18.978 0.018 53693.23192 18.812 0.042 1.253511 1.05094
53694.245774 -99.99 0.225 53694.24744 19.588 0.042 53694.244107 19.548 0.048 53694.24494 -99.99 0.043 53694.246607 -99.99 0.103 1.253511 1.05094
53697.229869 19.855 0.058 53697.231535 19.457 0.016 53697.228202 19.266 0.019 53697.229035 19.016 0.023 53697.230702 18.998 0.054 1.253511 1.05094
53698.228478 -99.99 0.187 53698.230144 19.541 0.018 53698.226811 19.321 0.034 53698.227644 18.966 0.026 53698.229311 18.788 0.064 1.253511 1.05094
53700.228828 19.847 0.053 53700.230494 19.423 0.015 53700.227161 19.329 0.018 53700.227994 19.095 0.02 53700.229661 18.921 0.054 1.253511 1.05094
53704.214412 19.704 0.044 53704.216078 19.418 0.013 53704.212745 19.285 0.015 53704.213578 18.998 0.018 53704.215245 18.797 0.05 1.253511 1.05094
53705.215498 19.829 0.049 53705.217164 19.469 0.014 53705.213831 19.33 0.016 53705.214664 19.057 0.017 53705.216331 18.892 0.041 1.253511 1.05094
53974.307079 -99.99 0.037 53974.308746 19.285 0.016 53974.305413 19.213 0.016 53974.306246 18.902 0.019 53974.307913 18.817 0.039 1.253511 1.05094
53975.300513 19.734 0.044 53975.30218 19.355 0.015 53975.298846 19.197 0.03 53975.29968 18.994 0.024 53975.301346 18.907 0.055 1.253511 1.05094
53989.310569 19.59 0.062 53989.312235 19.264 0.024 53989.308902 19.191 0.024 53989.309735 18.91 0.024 53989.311402 18.773 0.044 1.253511 1.05094
53990.313313 19.753 0.064 53990.314979 -99.99 0.023 53990.311646 -99.99 0.023 53990.312479 18.951 0.025 53990.314146 -99.99 0.052 1.253511 1.05094
53993.368356 19.661 0.041 53993.370023 -99.99 0.037 53993.366689 19.142 0.016 53993.367523 18.948 0.017 53993.369189 18.778 0.053 1.253511 1.05094
53994.323487 19.677 0.036 53994.325153 19.302 0.016 53994.32182 19.154 0.018 53994.322653 18.928 0.022 53994.32432 18.807 0.043 1.253511 1.05094
53996.307316 19.74 0.041 53996.308982 19.288 0.049 53996.305649 19.182 0.016 53996.306482 18.917 0.025 53996.308149 18.845 0.048 1.253511 1.05094
53997.406144 19.664 0.049 53997.407811 19.279 0.015 53997.404477 19.166 0.016 53997.405311 -99.99 0.024 53997.406977 -99.99 0.042 1.253511 1.05094
53998.275856 19.652 0.062 53998.277523 -99.99 0.022 53998.274189 -99.99 0.072 53998.275023 -99.99 0.061 53998.276689 -99.99 0.151 1.253511 1.05094
54000.286019 19.688 0.06 54000.287686 19.243 0.018 54000.284353 19.205 0.018 54000.285186 18.847 0.024 54000.286853 18.875 0.056 1.253511 1.05094
54005.306094 19.646 0.035 54005.30776 19.31 0.023 54005.304427 19.178 0.013 54005.30526 18.941 0.02 54005.306927 18.831 0.04 1.253511 1.05094
54007.336101 19.613 0.041 54007.337768 19.298 0.015 54007.334435 19.146 0.022 54007.335268 18.867 0.024 54007.336935 18.764 0.04 1.253511 1.05094
54009.259875 19.652 0.038 54009.261542 19.263 0.018 54009.258209 19.174 0.022 54009.259042 18.908 0.023 54009.260709 18.827 0.042 1.253511 1.05094
54010.26137 19.652 0.038 54010.263037 19.359 0.019 54010.259703 19.165 0.02 54010.260537 18.866 0.022 54010.262203 18.826 0.042 1.253511 1.05094
54011.324303 -99.99 0.041 54011.32597 19.282 0.018 54011.322636 19.146 0.018 54011.32347 18.924 0.018 54011.325136 18.817 0.04 1.253511 1.05094
54012.254233 19.548 0.06 54012.2559 -99.99 0.025 54012.252566 19.17 0.022 54012.2534 18.914 0.026 54012.255066 18.838 0.048 1.253511 1.05094
54019.274498 19.508 0.04 54019.276164 19.235 0.02 54019.272831 19.149 0.017 54019.273664 18.906 0.019 54019.275331 18.782 0.037 1.253511 1.05094
54020.260171 19.698 0.063 54020.261838 -99.99 0.023 54020.258504 -99.99 0.086 54020.259338 19.063 0.043 54020.261004 18.867 0.066 1.253511 1.05094
54024.341754 19.765 0.069 54024.343421 19.329 0.023 54024.340087 19.198 0.019 54024.340921 18.961 0.023 54024.342587 18.898 0.073 1.253511 1.05094
54025.323376 19.639 0.043 54025.325043 19.284 0.016 54025.321709 19.158 0.017 54025.322543 18.932 0.018 54025.324209 18.773 0.046 1.253511 1.05094
54028.25055 19.624 0.039 54028.252217 19.288 0.023 54028.248883 19.156 0.016 54028.249717 18.94 0.021 54028.251383 18.826 0.047 1.253511 1.05094
54029.253705 19.637 0.05 54029.255372 19.231 0.025 54029.252038 19.2 0.023 54029.252872 18.894 0.027 54029.254538 18.771 0.051 1.253511 1.05094
54030.253791 -99.99 0.035 54030.255457 19.31 0.027 54030.252124 19.163 0.019 54030.252957 19.012 0.018 54030.254624 18.776 0.041 1.253511 1.05094
54035.329511 19.742 0.085 54035.331178 19.304 0.03 54035.327844 19.241 0.035 54035.328678 19.021 0.032 54035.330344 18.846 0.079 1.253511 1.05094
54037.23499 19.716 0.039 54037.236657 19.319 0.014 54037.233324 19.125 0.019 54037.234157 18.924 0.019 54037.235824 18.761 0.044 1.253511 1.05094
54040.249459 19.677 0.063 54040.251126 19.349 0.025 54040.247793 19.174 0.024 54040.248626 19.019 0.026 54040.250293 18.783 0.048 1.253511 1.05094
54047.280018 -99.99 0.179 54047.281685 -99.99 0.058 54047.278352 19.26 0.053 54047.279185 -99.99 0.049 54047.280852 18.962 0.091 1.253511 1.05094
54049.275931 19.822 0.091 54049.277598 19.36 0.025 54049.274264 19.192 0.021 54049.275098 18.984 0.027 54049.276764 18.923 0.068 1.253511 1.05094
54053.240248 19.7 0.042 54053.241915 19.244 0.02 54053.238582 19.232 0.018 54053.239415 18.91 0.019 54053.241082 18.772 0.044 1.253511 1.05094
54056.241941 19.725 0.047 54056.243607 19.335 0.021 54056.240274 19.17 0.023 54056.241107 18.976 0.036 54056.242774 18.801 0.05 1.253511 1.05094
54062.241101 19.845 0.064 54062.242767 19.307 0.018 54062.239434 19.155 0.025 54062.240267 19.031 0.061 54062.241934 18.909 0.069 1.253511 1.05094
54068.22169 19.805 0.086 54068.223357 19.389 0.031 54068.220024 19.202 0.028 54068.220857 18.999 0.028 54068.222524 18.755 0.049 1.253511 1.05094
54348.321124 -99.99 0.038 54348.32279 19.298 0.023 54348.319457 19.138 0.016 54348.32029 18.855 0.023 54348.321957 18.663 0.042 1.253511 1.05094
54357.279387 19.661 0.042 54357.281053 19.28 0.021 54357.27772 19.101 0.02 54357.278553 18.874 0.019 54357.28022 18.762 0.041 1.253511 1.05094
54358.276978 -99.99 0.092 54358.278645 19.237 0.019 54358.275312 19.164 0.02 54358.276145 18.875 0.028 54358.277812 18.767 0.057 1.253511 1.05094
54359.27098 19.459 0.051 54359.272647 19.239 0.025 54359.269313 19.126 0.023 54359.270147 18.926 0.027 54359.271813 18.704 0.078 1.253511 1.05094
54362.329199 19.705 0.048 54362.330865 19.206 0.033 54362.327532 -99.99 0.026 54362.328365 18.861 0.024 54362.330032 18.848 0.054 1.253511 1.05094
54365.309958 19.556 0.033 54365.311625 19.227 0.019 54365.308291 19.12 0.019 54365.309125 18.849 0.02 54365.310791 18.808 0.042 1.253511 1.05094
54373.384266 19.624 0.11 54373.385933 19.299 0.036 54373.3826 19.09 0.027 54373.383433 18.882 0.028 54373.3851 18.718 0.057 1.253511 1.05094
54381.329635 19.517 0.04 54381.331302 19.214 0.018 54381.327969 19.101 0.016 54381.328802 18.852 0.02 54381.330469 18.772 0.047 1.253511 1.05094
54382.309395 19.645 0.046 54382.311062 19.306 0.023 54382.307729 19.119 0.033 54382.308562 18.955 0.037 54382.310229 18.693 0.046 1.253511 1.05094
54385.327202 19.656 0.042 54385.328869 19.25 0.018 54385.325536 19.055 0.024 54385.326369 18.819 0.022 54385.328036 18.746 0.036 1.253511 1.05094
54386.32191 19.556 0.049 54386.323577 19.252 0.024 54386.320243 19.104 0.02 54386.321077 18.875 0.024 54386.322743 18.733 0.048 1.253511 1.05094
54387.327756 19.647 0.047 54387.329423 19.246 0.017 54387.326089 19.157 0.019 54387.326923 18.862 0.019 54387.328589 18.868 0.046 1.253511 1.05094
54388.32613 19.591 0.052 54388.327797 19.233 0.015 54388.324464 19.117 0.015 54388.325297 18.866 0.017 54388.326964 18.696 0.034 1.253511 1.05094
54392.32244 19.566 0.044 54392.324107 19.232 0.017 54392.320774 19.108 0.018 54392.321607 18.872 0.025 54392.323274 18.651 0.041 1.253511 1.05094
54402.320885 19.804 0.096 54402.322552 19.17 0.026 54402.319218 19.128 0.021 54402.320052 18.83 0.02 54402.321718 18.776 0.045 1.253511 1.05094
54403.239941 19.413 0.059 54403.241607 19.198 0.021 54403.238274 19.101 0.022 54403.239107 18.809 0.025 54403.240774 18.723 0.045 1.253511 1.05094
54404.297452 -99.99 0.046 54404.299119 19.179 0.027 54404.295785 19.095 0.016 54404.296619 18.836 0.018 54404.298285 18.647 0.035 1.253511 1.05094
54405.295386 19.542 0.048 54405.297053 19.232 0.023 54405.29372 19.051 0.018 54405.294553 18.823 0.019 54405.29622 18.663 0.036 1.253511 1.05094
54406.233695 19.477 0.029 54406.235362 19.215 0.021 54406.232028 19.093 0.019 54406.232862 18.855 0.02 54406.234528 18.733 0.033 1.253511 1.05094
54412.236613 19.353 0.045 54412.23828 19.195 0.025 54412.234947 19.057 0.022 54412.23578 -99.99 0.022 54412.237447 -99.99 0.055 1.253511 1.05094
