51075.253905 19.599 0.036 51075.255571 19.044 0.011 51075.252238 19.131 0.015 51075.253071 18.783 0.015 51075.254738 18.669 0.052 -16.587089 -0.413178
51464.241799 19.667 0.042 51464.243465 19.051 0.011 51464.240132 19.132 0.013 51464.240965 18.909 0.014 51464.242632 18.763 0.043 -16.587089 -0.413178
51467.332783 19.431 0.05 51467.334449 19.022 0.013 51467.331116 19.086 0.017 51467.331949 18.807 0.02 51467.333616 18.651 0.064 -16.587089 -0.413178
51819.308757 19.001 0.025 51819.310423 18.596 0.008 51819.30709 18.637 0.01 51819.307923 18.473 0.01 51819.30959 18.432 0.031 -16.587089 -0.413178
52558.27404 19.098 0.025 52558.275706 18.654 0.008 52558.272373 18.732 0.01 52558.273206 18.574 0.011 52558.274873 18.582 0.035 -16.587089 -0.413178
52577.161536 19.07 0.026 52577.163202 18.665 0.009 52577.159869 18.743 0.011 52577.160702 18.583 0.014 52577.162369 18.545 0.048 -16.587089 -0.413178
52586.165014 19.14 0.025 52586.16668 18.692 0.008 52586.163347 18.78 0.011 52586.16418 18.595 0.013 52586.165847 18.484 0.039 -16.587089 -0.413178
52931.175698 19.164 0.025 52931.177364 18.714 0.008 52931.174031 18.815 0.01 52931.174864 18.63 0.011 52931.176531 18.633 0.035 -16.587089 -0.413178
52935.17266 19.212 0.028 52935.174326 18.714 0.008 52935.170993 18.816 0.011 52935.171826 18.646 0.013 52935.173493 18.672 0.038 -16.587089 -0.413178
53313.165862 18.692 0.023 53313.167528 18.329 0.007 53313.164195 18.436 0.009 53313.165028 18.248 0.011 53313.166695 18.37 0.039 -16.587089 -0.413178
53622.275105 19.062 0.033 53622.276771 18.654 0.009 53622.273438 18.731 0.012 53622.274271 18.544 0.015 53622.275938 18.494 0.054 -16.587089 -0.413178
53634.224575 19.027 0.07 53634.226241 18.6 0.023 53634.222908 18.671 0.018 53634.223741 18.539 0.021 53634.225408 18.309 0.051 -16.587089 -0.413178
53636.230109 18.931 0.03 53636.231775 18.581 0.011 53636.228442 18.66 0.012 53636.229275 18.485 0.012 53636.230942 18.422 0.035 -16.587089 -0.413178
53638.265907 -99.99 0.024 53638.267573 18.596 0.008 53638.26424 18.716 0.01 53638.265073 18.564 0.011 53638.26674 18.43 0.03 -16.587089 -0.413178
53655.202114 18.949 0.042 53655.20378 18.606 0.014 53655.200447 18.702 0.016 53655.20128 18.428 0.015 53655.202947 18.444 0.043 -16.587089 -0.413178
53664.227072 18.951 0.04 53664.228738 18.635 0.013 53664.225405 18.688 0.016 53664.226238 18.557 0.014 53664.227905 18.527 0.044 -16.587089 -0.413178
53666.190674 19.015 0.025 53666.19234 18.633 0.009 53666.189007 18.716 0.01 53666.18984 18.552 0.012 53666.191507 18.558 0.037 -16.587089 -0.413178
53669.186313 19.041 0.024 53669.187979 18.636 0.008 53669.184646 18.723 0.01 53669.185479 18.557 0.011 53669.187146 18.579 0.036 -16.587089 -0.413178
53671.271096 19.131 0.04 53671.272762 18.682 0.01 53671.269429 18.719 0.013 53671.270262 18.506 0.014 53671.271929 18.484 0.044 -16.587089 -0.413178
53674.170546 19.035 0.027 53674.172212 18.628 0.008 53674.168879 18.714 0.01 53674.169712 18.543 0.012 53674.171379 18.506 0.035 -16.587089 -0.413178
53676.260038 18.997 0.029 53676.261704 18.657 0.009 53676.258371 18.711 0.01 53676.259204 18.564 0.011 53676.260871 18.508 0.031 -16.587089 -0.413178
53679.231924 18.987 0.029 53679.23359 18.612 0.009 53679.230257 18.684 0.011 53679.23109 18.501 0.013 53679.232757 18.455 0.038 -16.587089 -0.413178
53681.223436 19.02 0.037 53681.225102 18.651 0.023 53681.221769 18.755 0.013 53681.222602 18.597 0.015 53681.224269 18.607 0.073 -16.587089 -0.413178
53685.182484 19.104 0.063 53685.18415 18.612 0.038 53685.180817 18.731 0.024 53685.18165 18.56 0.024 53685.183317 18.647 0.071 -16.587089 -0.413178
53687.220826 18.993 0.061 53687.222492 18.688 0.019 53687.219159 18.736 0.017 53687.219992 18.574 0.015 53687.221659 18.528 0.038 -16.587089 -0.413178
53694.196367 19.117 0.074 53694.198033 18.699 0.024 53694.1947 18.761 0.021 53694.195533 18.546 0.022 53694.1972 18.671 0.088 -16.587089 -0.413178
53697.180457 19.164 0.041 53697.182123 18.722 0.011 53697.17879 18.76 0.015 53697.179623 18.597 0.015 53697.18129 18.578 0.044 -16.587089 -0.413178
53700.179418 19.037 0.028 53700.181084 18.684 0.009 53700.177751 18.762 0.011 53700.178584 18.534 0.012 53700.180251 18.499 0.037 -16.587089 -0.413178
53705.166088 19.135 0.029 53705.167754 18.819 0.009 53705.164421 18.767 0.01 53705.165254 18.611 0.012 53705.166921 18.558 0.034 -16.587089 -0.413178
53975.251092 19.384 0.032 53975.252759 18.958 0.014 53975.249425 19.105 0.015 53975.250259 18.869 0.017 53975.251925 18.745 0.045 -16.587089 -0.413178
53993.318899 19.332 0.029 53993.320566 18.913 0.016 53993.317233 19.066 0.014 53993.318066 18.897 0.02 53993.319733 18.76 0.034 -16.587089 -0.413178
53996.257808 19.416 0.034 53996.259475 18.914 0.02 53996.256141 19.046 0.019 53996.256975 18.847 0.021 53996.258641 18.746 0.039 -16.587089 -0.413178
53998.226479 19.354 0.033 53998.228146 18.966 0.021 53998.224812 19.044 0.019 53998.225646 18.881 0.019 53998.227312 18.82 0.035 -16.587089 -0.413178
54005.256677 19.355 0.046 54005.258344 18.941 0.015 54005.255011 19.036 0.017 54005.255844 18.884 0.023 54005.257511 18.792 0.038 -16.587089 -0.413178
54010.21192 19.376 0.031 54010.213586 18.943 0.015 54010.210253 19.07 0.015 54010.211086 18.909 0.023 54010.212753 18.916 0.035 -16.587089 -0.413178
54012.204768 19.367 0.049 54012.206435 18.993 0.021 54012.203101 19.114 0.022 54012.203935 18.871 0.027 54012.205601 18.876 0.043 -16.587089 -0.413178
54019.225112 99.99 99.999 54019.226778 18.966 0.018 54019.223445 19.083 0.013 54019.224278 18.888 0.017 54019.225945 18.753 0.032 -16.587089 -0.413178
54020.210757 19.364 0.034 54020.212424 18.956 0.013 54020.209091 19.079 0.013 54020.209924 18.86 0.017 54020.211591 18.865 0.045 -16.587089 -0.413178
54022.260075 -99.99 0.033 54022.261742 -99.99 0.017 54022.258409 19.088 0.019 54022.259242 18.88 0.017 54022.260909 18.863 0.037 -16.587089 -0.413178
54028.201126 19.402 0.033 54028.202793 18.964 0.018 54028.19946 19.094 0.017 54028.200293 18.876 0.02 54028.20196 18.725 0.044 -16.587089 -0.413178
54030.204325 19.366 0.028 54030.205992 18.952 0.016 54030.202659 19.101 0.013 54030.203492 18.884 0.018 54030.205159 18.829 0.036 -16.587089 -0.413178
54035.280073 19.334 0.049 54035.28174 18.961 0.018 54035.278407 19.011 0.022 54035.27924 18.782 0.038 54035.280907 18.738 0.057 -16.587089 -0.413178
54037.185545 19.339 0.035 54037.187211 18.971 0.017 54037.183878 19.057 0.016 54037.184711 18.897 0.015 54037.186378 18.874 0.046 -16.587089 -0.413178
54040.200033 19.375 0.052 54040.2017 18.917 0.019 54040.198367 19.101 0.023 54040.1992 18.848 0.021 54040.200867 18.709 0.044 -16.587089 -0.413178
54049.226556 19.475 0.073 54049.228222 19.002 0.02 54049.224889 19.016 0.021 54049.225722 18.833 0.038 54049.227389 18.673 0.057 -16.587089 -0.413178
54053.190831 19.445 0.031 54053.192498 18.965 0.014 54053.189165 19.058 0.019 54053.189998 18.823 0.019 54053.191665 18.765 0.04 -16.587089 -0.413178
54056.192486 -99.99 0.068 54056.194152 19.022 0.017 54056.190819 19.018 0.026 54056.191652 18.779 0.031 54056.193319 18.679 0.063 -16.587089 -0.413178
54059.186764 19.39 0.036 54059.188431 -99.99 0.022 54059.185097 19.046 0.019 54059.185931 18.843 0.018 54059.187597 18.653 0.042 -16.587089 -0.413178
54061.197821 19.471 0.035 54061.199488 18.981 0.017 54061.196154 19.089 0.016 54061.196988 18.845 0.022 54061.198654 18.726 0.04 -16.587089 -0.413178
54062.191718 19.439 0.046 54062.193385 18.947 0.021 54062.190052 19.062 0.018 54062.190885 18.796 0.024 54062.192552 18.759 0.065 -16.587089 -0.413178
54357.229973 19.277 0.029 54357.231639 18.924 0.022 54357.228306 18.967 0.016 54357.229139 18.72 0.018 54357.230806 18.654 0.035 -16.587089 -0.413178
54358.227469 100.002 99.999 54358.229136 99.99 99.999 54358.225803 18.922 0.015 54358.226636 18.675 0.02 54358.228303 99.99 99.999 -16.587089 -0.413178
54362.279782 19.272 0.034 54362.281449 18.844 0.018 54362.278115 18.963 0.013 54362.278949 18.765 0.021 54362.280615 18.635 0.038 -16.587089 -0.413178
54365.260519 19.304 0.035 54365.262186 18.841 0.018 54365.258853 18.986 0.02 54365.259686 18.798 0.015 54365.261353 18.762 0.038 -16.587089 -0.413178
54376.288443 19.269 0.036 54376.29011 18.827 0.021 54376.286777 18.927 0.017 54376.28761 18.783 0.017 54376.289277 18.649 0.04 -16.587089 -0.413178
54385.277785 19.208 0.03 54385.279451 18.8 0.016 54385.276118 18.868 0.019 54385.276951 18.669 0.022 54385.278618 18.697 0.035 -16.587089 -0.413178
54387.278298 19.196 0.031 54387.279965 18.841 0.015 54387.276632 18.908 0.014 54387.277465 18.721 0.016 54387.279132 18.628 0.037 -16.587089 -0.413178
54392.27302 19.149 0.032 54392.274687 18.811 0.016 54392.271354 18.927 0.014 54392.272187 18.701 0.018 54392.273854 18.614 0.042 -16.587089 -0.413178
54402.271601 19.235 0.065 54402.273268 18.866 0.025 54402.269934 18.911 0.017 54402.270768 18.751 0.019 54402.272434 18.651 0.042 -16.587089 -0.413178
54403.190448 19.28 0.043 54403.192114 18.868 0.019 54403.188781 18.956 0.015 54403.189614 18.763 0.015 54403.191281 18.632 0.036 -16.587089 -0.413178
54405.246001 19.358 0.038 54405.247668 18.869 0.023 54405.244334 18.97 0.016 54405.245168 18.768 0.016 54405.246834 18.631 0.038 -16.587089 -0.413178
54406.184279 19.364 0.034 54406.185945 18.814 0.019 54406.182612 18.928 0.019 54406.183445 18.746 0.017 54406.185112 18.681 0.043 -16.587089 -0.413178
54412.187209 19.354 0.03 54412.188876 18.884 0.02 54412.185543 18.98 0.012 54412.186376 18.763 0.015 54412.188043 18.708 0.032 -16.587089 -0.413178
