51467.336296 20.308 0.101 51467.337962 20.328 0.032 51467.334629 19.95 0.034 51467.335462 19.997 0.051 51467.337129 19.832 0.155 -15.307594 1.006394
51819.312313 20.191 0.058 51819.313979 20.097 0.02 51819.310646 19.844 0.023 51819.311479 19.89 0.035 51819.313146 19.826 0.101 -15.307594 1.006394
52558.277582 20.765 0.084 52558.279248 20.426 0.024 52558.275915 20.014 0.024 52558.276748 20.073 0.033 52558.278415 19.99 0.109 -15.307594 1.006394
52577.16508 20.65 0.082 52577.166746 20.455 0.026 52577.163413 20.021 0.029 52577.164246 20.042 0.051 52577.165913 20.019 0.171 -15.307594 1.006394
52586.168558 20.625 0.073 52586.170224 20.37 0.024 52586.166891 19.983 0.027 52586.167724 19.998 0.042 52586.169391 19.671 0.108 -15.307594 1.006394
52931.179243 20.818 0.077 52931.180909 20.55 0.025 52931.177576 20.114 0.024 52931.178409 20.157 0.034 52931.180076 20.14 0.122 -15.307594 1.006394
52935.176205 20.733 0.081 52935.177871 20.537 0.025 52935.174538 20.117 0.026 52935.175371 20.181 0.041 52935.177038 20.11 0.154 -15.307594 1.006394
52963.099276 20.777 0.083 52963.100942 20.459 0.025 52963.097609 20.113 0.028 52963.098442 20.087 0.039 52963.100109 19.738 0.098 -15.307594 1.006394
53313.169405 20.345 0.078 53313.171071 20.156 0.022 53313.167738 19.869 0.027 53313.168571 19.857 0.043 53313.170238 19.795 0.14 -15.307594 1.006394
53622.27865 20.503 0.117 53622.280316 20.185 0.028 53622.276983 19.959 0.03 53622.277816 20.003 0.06 53622.279483 19.901 0.199 -15.307594 1.006394
53634.228119 -99.99 0.287 53634.229785 -99.99 0.077 53634.226452 -99.99 0.065 53634.227285 -99.99 0.087 53634.228952 -99.99 0.202 -15.307594 1.006394
53636.233652 20.451 0.126 53636.235318 20.036 0.034 53636.231985 19.819 0.03 53636.232818 19.853 0.047 53636.234485 19.865 0.124 -15.307594 1.006394
53638.269453 20.294 0.061 53638.271119 20.106 0.022 53638.267786 19.812 0.021 53638.268619 19.873 0.03 53638.270286 19.706 0.086 -15.307594 1.006394
53655.205657 20.197 0.132 53655.207323 20.08 0.05 53655.20399 19.757 0.036 53655.204823 19.994 0.068 53655.20649 19.857 0.168 -15.307594 1.006394
53664.230615 20.38 0.137 53664.232281 20.109 0.04 53664.228948 19.789 0.033 53664.229781 19.887 0.045 53664.231448 20.077 0.156 -15.307594 1.006394
53666.194217 20.425 0.064 53666.195883 20.154 0.023 53666.19255 19.812 0.023 53666.193383 19.864 0.035 53666.19505 19.655 0.094 -15.307594 1.006394
53669.189856 20.39 0.065 53669.191522 20.089 0.018 53669.188189 19.804 0.023 53669.189022 19.82 0.032 53669.190689 19.801 0.114 -15.307594 1.006394
53671.274637 20.13 0.09 53671.276303 20.062 0.024 53671.27297 19.796 0.027 53671.273803 19.809 0.038 53671.27547 19.887 0.143 -15.307594 1.006394
53674.174092 20.284 0.071 53674.175758 20.113 0.021 53674.172425 19.843 0.024 53674.173258 19.824 0.036 53674.174925 19.746 0.103 -15.307594 1.006394
53676.26358 20.321 0.073 53676.265246 20.103 0.019 53676.261913 19.812 0.023 53676.262746 19.834 0.032 53676.264413 19.764 0.085 -15.307594 1.006394
53679.235467 20.204 0.072 53679.237133 20.104 0.022 53679.2338 19.795 0.024 53679.234633 19.856 0.035 53679.2363 19.909 0.125 -15.307594 1.006394
53681.226977 20.094 0.095 53681.228643 19.964 0.023 53681.22531 19.458 0.113 53681.226143 -99.99 0.074 53681.22781 19.696 0.111 -15.307594 1.006394
53685.186027 20.761 0.349 53685.187693 20.001 0.088 53685.18436 19.654 0.117 53685.185193 -99.99 0.174 53685.18686 19.72 0.215 -15.307594 1.006394
53687.224367 20.605 0.277 53687.226033 20.112 0.065 53687.2227 19.853 0.045 53687.223533 19.95 0.056 53687.2252 19.822 0.12 -15.307594 1.006394
53694.19991 19.919 0.218 53694.201576 20.021 0.075 53694.198243 19.874 0.065 53694.199076 19.81 0.078 53694.200743 19.921 0.242 -15.307594 1.006394
53697.184003 20.046 0.092 53697.185669 20.125 0.036 53697.182336 19.76 0.03 53697.183169 19.831 0.045 53697.184836 19.696 0.138 -15.307594 1.006394
53700.182963 20.305 0.071 53700.184629 20.131 0.022 53700.181296 19.853 0.024 53700.182129 19.889 0.035 53700.183796 19.96 0.135 -15.307594 1.006394
53705.169632 20.331 0.07 53705.171298 20.119 0.02 53705.167965 19.842 0.024 53705.168798 19.832 0.033 53705.170465 19.731 0.088 -15.307594 1.006394
53975.254628 20.551 0.087 53975.256294 20.203 0.024 53975.252961 19.824 0.024 53975.253794 19.854 0.036 53975.255461 19.737 0.12 -15.307594 1.006394
53993.322432 20.578 0.077 53993.324098 20.225 0.026 53993.320765 19.848 0.023 53993.321598 19.847 0.03 53993.323265 19.853 0.094 -15.307594 1.006394
53996.261388 20.412 0.066 53996.263054 20.203 0.02 53996.259721 19.79 0.022 53996.260554 19.916 0.031 53996.262221 19.591 0.077 -15.307594 1.006394
53998.230002 20.34 0.052 53998.231669 20.178 0.019 53998.228335 19.88 0.021 53998.229169 19.812 0.026 53998.230835 19.788 0.088 -15.307594 1.006394
54005.260252 20.555 0.062 54005.261919 20.216 0.022 54005.258586 19.806 0.021 54005.259419 19.881 0.03 54005.261086 19.757 0.089 -15.307594 1.006394
54010.215478 20.447 0.072 54010.217144 20.213 0.029 54010.213811 19.863 0.024 54010.214644 19.885 0.033 54010.216311 -99.99 0.084 -15.307594 1.006394
54012.208329 20.65 0.153 54012.209996 20.203 0.052 54012.206663 19.84 0.039 54012.207496 19.922 0.052 54012.209163 -99.99 0.118 -15.307594 1.006394
54020.214316 20.561 0.082 54020.215983 20.148 0.024 54020.212649 19.881 0.024 54020.213483 19.905 0.036 54020.215149 19.655 0.098 -15.307594 1.006394
54022.263571 20.44 0.064 54022.265237 20.2 0.025 54022.261904 19.857 0.022 54022.262737 19.888 0.029 54022.264404 19.937 0.093 -15.307594 1.006394
54028.20471 20.443 0.066 54028.206376 20.214 0.027 54028.203043 19.849 0.025 54028.203876 19.828 0.035 54028.205543 19.584 0.093 -15.307594 1.006394
54030.207855 20.575 0.063 54030.209522 20.159 0.019 54030.206189 19.874 0.02 54030.207022 19.852 0.032 54030.208689 19.634 0.073 -15.307594 1.006394
54035.283634 20.35 0.092 54035.285301 20.198 0.027 54035.281967 19.882 0.03 54035.282801 19.79 0.041 54035.284467 19.954 0.145 -15.307594 1.006394
54037.189084 20.678 0.096 54037.190751 20.251 0.036 54037.187418 19.904 0.032 54037.188251 19.946 0.048 54037.189918 19.5 0.092 -15.307594 1.006394
54040.203565 20.441 0.135 54040.205232 20.161 0.052 54040.201898 19.932 0.05 54040.202732 19.858 0.059 54040.204398 19.804 0.126 -15.307594 1.006394
54049.230033 20.549 0.172 54049.2317 20.21 0.053 54049.228366 19.85 0.038 54049.2292 19.881 0.048 54049.230866 19.69 0.134 -15.307594 1.006394
54050.18823 20.717 0.17 54050.189897 20.241 0.038 54050.186564 19.82 0.039 54050.187397 19.85 0.059 54050.189064 19.364 0.143 -15.307594 1.006394
54053.194352 20.481 0.074 54053.196019 20.234 0.024 54053.192685 19.834 0.025 54053.193519 19.849 0.035 54053.195185 19.795 0.093 -15.307594 1.006394
54056.196039 20.651 0.144 54056.197706 20.211 0.033 54056.194373 19.862 0.032 54056.195206 19.896 0.049 54056.196873 19.775 0.149 -15.307594 1.006394
54059.19034 20.341 0.085 54059.192007 20.198 0.027 54059.188674 19.845 0.03 54059.189507 19.897 0.041 54059.191174 19.789 0.116 -15.307594 1.006394
54061.201358 20.656 0.105 54061.203025 20.211 0.026 54061.199691 19.857 0.024 54061.200525 19.878 0.036 54061.202191 19.678 0.095 -15.307594 1.006394
54062.195204 20.563 0.111 54062.196871 20.206 0.041 54062.193537 19.88 0.028 54062.194371 19.932 0.05 54062.196037 19.462 0.115 -15.307594 1.006394
54357.233521 20.306 0.073 54357.235187 20.214 0.025 54357.231854 19.895 0.024 54357.232687 19.884 0.03 54357.234354 19.846 0.095 -15.307594 1.006394
54362.283315 20.509 0.069 54362.284981 20.224 0.023 54362.281648 19.8 0.025 54362.282481 19.952 0.034 54362.284148 19.747 0.099 -15.307594 1.006394
54376.292036 20.517 0.088 54376.293703 20.241 0.028 54376.29037 19.902 0.026 54376.291203 19.902 0.037 54376.29287 -99.99 0.207 -15.307594 1.006394
54385.281367 20.593 0.092 54385.283034 20.279 0.025 54385.279701 19.873 0.026 54385.280534 19.889 0.035 54385.282201 19.973 0.112 -15.307594 1.006394
54387.281834 20.791 0.11 54387.283501 20.247 0.029 54387.280167 19.845 0.027 54387.281001 19.889 0.035 54387.282667 19.778 0.102 -15.307594 1.006394
54392.276578 20.861 0.111 54392.278245 20.289 0.027 54392.274912 19.868 0.026 54392.275745 19.908 0.035 54392.277412 19.92 0.099 -15.307594 1.006394
54402.275098 20.801 0.256 54402.276765 20.358 0.06 54402.273432 19.852 0.037 54402.274265 19.956 0.049 54402.275932 20.092 0.139 -15.307594 1.006394
