51075.3094 20.519 0.064 51075.311066 20.335 0.024 51075.307733 20.086 0.026 51075.308566 19.696 0.03 51075.310233 19.921 0.138 3.444391 0.701511
52196.309984 21.924 0.176 52196.31165 21.188 0.037 52196.308317 20.709 0.035 52196.30915 20.276 0.038 52196.310817 20.481 0.145 3.444391 0.701511
52197.323091 21.604 0.14 52197.324757 21.269 0.041 52197.321424 20.736 0.037 52197.322257 20.297 0.04 52197.323924 20.548 0.168 3.444391 0.701511
52225.173204 21.589 0.13 52225.17487 21.276 0.042 52225.171537 20.737 0.039 52225.17237 20.317 0.044 52225.174037 20.366 0.153 3.444391 0.701511
52231.208987 22.124 0.239 52231.210653 21.267 0.039 52231.20732 20.745 0.034 52231.208153 20.354 0.038 52231.20982 20.229 0.104 3.444391 0.701511
52253.195158 21.91 0.357 52253.196824 21.306 0.075 52253.193491 20.842 0.071 52253.194324 20.327 0.065 52253.195991 20.343 0.21 3.444391 0.701511
52557.316988 21.359 0.12 52557.318654 20.932 0.034 52557.315321 20.531 0.036 52557.316154 20.239 0.041 52557.317821 20.28 0.134 3.444391 0.701511
52578.213073 21.455 0.121 52578.214739 20.894 0.031 52578.211406 20.486 0.031 52578.212239 20.21 0.038 52578.213906 20.148 0.11 3.444391 0.701511
52908.291555 21.04 0.1 52908.293221 20.752 0.031 52908.289888 20.451 0.034 52908.290721 19.966 0.035 52908.292388 20.143 0.13 3.444391 0.701511
52911.305341 21.246 0.149 52911.307007 20.645 0.032 52911.303674 20.328 0.035 52911.304507 20.067 0.047 52911.306174 20.098 0.135 3.444391 0.701511
52930.182715 21.114 0.134 52930.184381 20.774 0.039 52930.181048 20.412 0.032 52930.181881 20.117 0.039 52930.183548 20.313 0.187 3.444391 0.701511
52934.223457 21.012 0.107 52934.225123 20.761 0.036 52934.22179 20.461 0.038 52934.222623 20.091 0.041 52934.22429 20.31 0.181 3.444391 0.701511
52936.219383 21.045 0.082 52936.221049 20.696 0.027 52936.217716 20.406 0.027 52936.218549 20.078 0.034 52936.220216 20.172 0.103 3.444391 0.701511
52962.144905 21.104 0.096 52962.146571 20.701 0.031 52962.143238 20.37 0.031 52962.144071 20.081 0.038 52962.145738 20.137 0.121 3.444391 0.701511
53270.283459 21.051 0.081 53270.285126 20.641 0.029 53270.281792 20.409 0.027 53270.282626 20.056 0.029 53270.284292 20.113 0.097 3.444391 0.701511
53272.333386 21.096 0.12 53272.335052 20.599 0.042 53272.331719 20.362 0.035 53272.332552 20.028 0.037 53272.334219 19.985 0.113 3.444391 0.701511
53286.302104 21.014 0.13 53286.30377 20.737 0.039 53286.300437 20.373 0.034 53286.30127 19.949 0.038 53286.302937 20.144 0.136 3.444391 0.701511
53288.260596 21.134 0.116 53288.262262 20.705 0.033 53288.258929 20.405 0.031 53288.259762 20.094 0.036 53288.261429 20.015 0.12 3.444391 0.701511
53294.308271 20.891 0.09 53294.309937 20.715 0.033 53294.306604 20.402 0.033 53294.307437 20.054 0.039 53294.309104 20.064 0.109 3.444391 0.701511
53302.256265 20.954 0.194 53302.257931 20.721 0.074 53302.254598 20.438 0.053 53302.255431 20.036 0.043 53302.257098 19.971 0.112 3.444391 0.701511
53312.211801 20.978 0.11 53312.213467 20.672 0.043 53312.210134 20.346 0.042 53312.210967 20.029 0.05 53312.212634 20.08 0.137 3.444391 0.701511
53314.212994 21.166 0.105 53314.21466 20.694 0.03 53314.211327 20.361 0.032 53314.21216 20.041 0.038 53314.213827 19.881 0.102 3.444391 0.701511
53623.307568 20.854 0.127 53623.309234 -99.99 0.059 53623.305901 20.21 0.027 53623.306734 19.884 0.032 53623.308401 20.021 0.135 3.444391 0.701511
53626.293781 20.706 0.082 53626.295447 20.407 0.032 53626.292114 20.234 0.031 53626.292947 19.862 0.034 53626.294614 19.882 0.099 3.444391 0.701511
53628.278646 20.815 0.18 53628.280312 20.426 0.063 53628.276979 20.137 0.04 53628.277812 19.899 0.042 53628.279479 19.897 0.114 3.444391 0.701511
53637.280262 20.87 0.17 53637.281928 20.501 0.048 53637.278595 20.194 0.042 53637.279428 19.856 0.047 53637.281095 19.957 0.174 3.444391 0.701511
53639.325639 20.78 0.087 53639.327305 20.423 0.028 53639.323972 20.166 0.027 53639.324805 19.844 0.029 53639.326472 19.926 0.083 3.444391 0.701511
53654.307331 20.799 0.083 53654.308997 20.449 0.024 53654.305664 20.191 0.026 53654.306497 19.857 0.03 53654.308164 19.883 0.092 3.444391 0.701511
53663.268235 20.99 0.156 53663.269901 20.471 0.042 53663.266568 20.207 0.033 53663.267401 19.868 0.03 53663.269068 19.892 0.076 3.444391 0.701511
53666.338336 20.544 0.133 53666.340002 20.466 0.045 53666.336669 20.233 0.04 53666.337502 19.847 0.036 53666.339169 20.057 0.115 3.444391 0.701511
53668.257834 20.78 0.12 53668.2595 20.509 0.033 53668.256167 20.214 0.043 53668.257 19.897 0.052 53668.258667 19.862 0.133 3.444391 0.701511
53670.262687 20.634 0.075 53670.264353 20.468 0.024 53670.26102 20.169 0.027 53670.261853 19.863 0.032 53670.26352 19.794 0.09 3.444391 0.701511
53673.230672 20.825 0.076 53673.232338 20.522 0.023 53673.229005 20.221 0.026 53673.229838 19.97 0.031 53673.231505 19.765 0.075 3.444391 0.701511
53675.22756 20.707 0.088 53675.229226 20.509 0.025 53675.225893 20.208 0.029 53675.226726 19.875 0.032 53675.228393 19.921 0.107 3.444391 0.701511
53677.248591 20.789 0.069 53677.250257 20.474 0.023 53677.246924 20.191 0.022 53677.247757 19.876 0.026 53677.249424 19.93 0.072 3.444391 0.701511
53680.235257 20.917 0.085 53680.236923 20.534 0.026 53680.23359 20.204 0.026 53680.234423 19.894 0.028 53680.23609 20.031 0.09 3.444391 0.701511
53693.237154 20.527 0.133 53693.23882 20.595 0.06 53693.235487 20.228 0.042 53693.23632 19.9 0.036 53693.237987 19.914 0.088 3.444391 0.701511
53698.234545 20.766 0.087 53698.236211 20.47 0.027 53698.232878 20.15 0.032 53698.233711 -99.99 0.076 53698.235378 19.838 0.097 3.444391 0.701511
53704.220479 20.778 0.085 53704.222145 20.454 0.025 53704.218812 20.177 0.029 53704.219645 19.862 0.033 53704.221312 19.903 0.1 3.444391 0.701511
53974.313187 20.689 0.061 53974.314853 20.441 0.025 53974.31152 20.095 0.022 53974.312353 19.835 0.026 53974.31402 19.877 0.079 3.444391 0.701511
53989.316544 20.952 0.193 53989.31821 20.231 0.047 53989.314877 20.158 0.047 53989.31571 19.821 0.038 53989.317377 19.917 0.146 3.444391 0.701511
53997.412235 -99.99 0.074 53997.413901 -99.99 0.027 53997.410568 -99.99 0.028 53997.411401 19.787 0.028 53997.413068 -99.99 0.077 3.444391 0.701511
54000.291956 20.787 0.076 54000.293623 20.342 0.026 54000.29029 20.105 0.025 54000.291123 19.814 0.031 54000.29279 19.619 0.081 3.444391 0.701511
54006.238771 20.593 0.118 54006.240438 -99.99 0.206 54006.237104 -99.99 0.037 54006.237938 -99.99 0.081 54006.239604 -99.99 0.171 3.444391 0.701511
54007.3421 20.579 0.071 54007.343767 20.345 0.022 54007.340433 20.054 0.029 54007.341267 19.818 0.031 54007.342933 19.859 0.078 3.444391 0.701511
54009.265871 20.684 0.069 54009.267538 20.333 0.025 54009.264204 20.06 0.026 54009.265038 19.757 0.026 54009.266704 20.228 0.172 3.444391 0.701511
54011.330475 20.622 0.082 54011.332141 20.328 0.034 54011.328808 20.056 0.03 54011.329641 19.851 0.031 54011.331308 19.843 0.076 3.444391 0.701511
54019.280592 20.807 0.106 54019.282259 20.33 0.035 54019.278925 20.017 0.034 54019.279759 19.772 0.027 54019.281425 19.623 0.061 3.444391 0.701511
54025.329385 20.654 0.084 54025.331052 20.293 0.03 54025.327718 20.019 0.028 54025.328552 19.747 0.035 54025.330218 19.67 0.133 3.444391 0.701511
54029.259837 -99.99 0.095 54029.261504 20.207 0.031 54029.25817 20.044 0.04 54029.259004 19.813 0.045 54029.26067 19.68 0.097 3.444391 0.701511
54348.327219 20.397 0.064 54348.328886 20.188 0.025 54348.325553 19.943 0.024 54348.326386 19.677 0.032 54348.328053 19.536 0.07 3.444391 0.701511
54358.282939 -99.99 0.099 54358.284606 20.225 0.051 54358.281272 19.965 0.034 54358.282106 -99.99 0.056 54358.283772 19.791 0.12 3.444391 0.701511
54359.276982 20.437 0.129 54359.278649 20.127 0.039 54359.275316 19.952 0.044 54359.276149 19.696 0.058 54359.277816 19.557 0.183 3.444391 0.701511
54365.316065 20.598 0.06 54365.317732 20.167 0.023 54365.314399 19.951 0.022 54365.315232 19.645 0.023 54365.316899 19.556 0.054 3.444391 0.701511
54381.335571 20.439 0.067 54381.337238 20.182 0.029 54381.333905 19.904 0.024 54381.334738 19.685 0.03 54381.336405 19.622 0.073 3.444391 0.701511
54386.328003 20.579 0.068 54386.32967 20.144 0.026 54386.326336 19.934 0.023 54386.32717 19.608 0.024 54386.328836 19.513 0.095 3.444391 0.701511
54388.332155 20.529 0.077 54388.333822 20.162 0.023 54388.330489 19.919 0.023 54388.331322 19.63 0.023 54388.332989 19.72 0.066 3.444391 0.701511
54403.245947 20.399 0.1 54403.247613 20.187 0.078 54403.24428 19.94 0.048 54403.245113 19.641 0.037 54403.24678 19.643 0.087 3.444391 0.701511
54404.303699 20.512 0.099 54404.305365 20.221 0.031 54404.302032 19.952 0.026 54404.302865 19.657 0.025 54404.304532 19.759 0.074 3.444391 0.701511
54405.301632 20.579 0.089 54405.303299 20.198 0.026 54405.299965 19.924 0.024 54405.300799 19.672 0.025 54405.302465 19.598 0.06 3.444391 0.701511
54406.239861 20.483 0.05 54406.241528 20.217 0.025 54406.238194 19.946 0.022 54406.239028 19.646 0.027 54406.240694 19.631 0.058 3.444391 0.701511
54412.242683 20.554 0.089 54412.244349 20.173 0.03 54412.241016 19.954 0.033 54412.241849 19.655 0.037 54412.243516 19.577 0.083 3.444391 0.701511
