51075.356254 21.074 0.091 51075.35792 20.57 0.031 51075.354587 20.338 0.032 51075.35542 19.927 0.036 51075.357087 19.728 0.116 20.359829 -0.982529
52196.375448 20.958 0.099 52196.377114 20.464 0.029 52196.373781 20.215 0.027 52196.374614 19.801 0.031 52196.376281 19.542 0.093 20.359829 -0.982529
52197.369944 20.767 0.09 52197.37161 20.418 0.029 52197.368277 20.259 0.03 52197.36911 19.78 0.033 52197.370777 19.543 0.086 20.359829 -0.982529
52225.220054 21.276 0.115 52225.22172 20.571 0.03 52225.218387 20.345 0.029 52225.21922 19.791 0.028 52225.220887 19.503 0.076 20.359829 -0.982529
52231.255838 21.042 0.092 52231.257504 20.605 0.031 52231.254171 20.324 0.028 52231.255004 19.853 0.028 52231.256671 19.664 0.086 20.359829 -0.982529
52234.226927 21.312 0.128 52234.228593 20.607 0.032 52234.22526 20.332 0.031 52234.226093 19.87 0.031 52234.22776 19.706 0.082 20.359829 -0.982529
52908.338403 21.108 0.106 52908.340069 20.627 0.032 52908.336736 20.372 0.032 52908.337569 19.829 0.03 52908.339236 19.843 0.102 20.359829 -0.982529
53272.380233 21.003 0.104 53272.381899 20.299 0.028 53272.378566 20.102 0.022 53272.379399 19.782 0.027 53272.381066 19.61 0.079 20.359829 -0.982529
53294.35512 20.773 0.088 53294.356786 -99.99 0.036 53294.353453 20.202 0.033 53294.354286 19.709 0.028 53294.355953 19.58 0.088 20.359829 -0.982529
53296.302122 21.097 0.121 53296.303789 20.396 0.035 53296.300456 20.275 0.062 53296.301289 19.775 0.046 53296.302956 19.687 0.115 20.359829 -0.982529
53302.303112 21.202 0.3 53302.304778 20.393 0.064 53302.301445 20.112 0.055 53302.302278 19.612 0.039 53302.303945 19.507 0.093 20.359829 -0.982529
53314.259843 20.798 0.086 53314.261509 20.307 0.027 53314.258176 20.078 0.029 53314.259009 19.745 0.032 53314.260676 19.641 0.098 20.359829 -0.982529
53319.247639 20.811 0.099 53319.249305 20.324 0.032 53319.245972 20.134 0.03 53319.246805 19.792 0.035 53319.248472 19.579 0.095 20.359829 -0.982529
53616.364201 20.654 0.105 53616.365867 20.164 0.029 53616.362534 19.962 0.027 53616.363367 19.57 0.03 53616.365034 19.463 0.095 20.359829 -0.982529
53637.327109 20.675 0.133 53637.328775 20.256 0.042 53637.325442 20.045 0.035 53637.326275 19.629 0.035 53637.327942 19.546 0.102 20.359829 -0.982529
53639.372486 20.904 0.103 53639.374152 20.234 0.026 53639.370819 20.056 0.025 53639.371652 19.671 0.025 53639.373319 19.455 0.061 20.359829 -0.982529
53641.371652 20.68 0.079 53641.373318 20.254 0.025 53641.369985 20.068 0.022 53641.370818 19.774 0.025 53641.372485 19.638 0.074 20.359829 -0.982529
53654.354179 20.811 0.096 53654.355845 20.188 0.024 53654.352512 19.992 0.025 53654.353345 19.557 0.027 53654.355012 19.466 0.087 20.359829 -0.982529
53666.385179 20.477 0.129 53666.386845 20.185 0.04 53666.383512 20.062 0.032 53666.384345 19.633 0.028 53666.386012 19.393 0.074 20.359829 -0.982529
53668.304684 20.645 0.103 53668.30635 20.171 0.033 53668.303017 19.955 0.029 53668.30385 19.523 0.028 53668.305517 19.398 0.088 20.359829 -0.982529
53670.309537 20.721 0.091 53670.311203 20.269 0.032 53670.30787 20.03 0.026 53670.308703 19.719 0.031 53670.31037 19.525 0.099 20.359829 -0.982529
53675.27441 20.742 0.089 53675.276076 20.25 0.025 53675.272743 20.018 0.027 53675.273576 19.625 0.031 53675.275243 19.468 0.093 20.359829 -0.982529
53677.295441 20.671 0.072 53677.297107 20.231 0.023 53677.293774 19.983 0.021 53677.294607 19.692 0.023 53677.296274 19.541 0.068 20.359829 -0.982529
53680.282107 20.545 0.07 53680.283773 20.185 0.022 53680.28044 20.011 0.024 53680.281273 19.647 0.024 53680.28294 19.69 0.079 20.359829 -0.982529
53693.284002 20.696 0.185 53693.285668 20.149 0.049 53693.282335 20.065 0.037 53693.283168 19.72 0.032 53693.284835 19.409 0.075 20.359829 -0.982529
53698.281392 20.782 0.096 53698.283058 20.219 0.025 53698.279725 20.035 0.026 53698.280558 19.681 0.027 53698.282225 19.548 0.077 20.359829 -0.982529
53704.267324 20.681 0.087 53704.26899 20.145 0.025 53704.265657 19.935 0.023 53704.26649 19.626 0.027 53704.268157 19.293 0.077 20.359829 -0.982529
54000.3388 20.77 0.089 54000.340466 20.24 0.034 54000.337133 20.097 0.029 54000.337966 19.661 0.029 54000.339633 19.403 0.075 20.359829 -0.982529
54006.285608 20.842 0.078 54006.287275 -99.99 0.027 54006.283942 20.091 0.022 54006.284775 19.785 0.022 54006.286442 -99.99 0.061 20.359829 -0.982529
54007.38895 20.572 0.077 54007.390617 20.3 0.039 54007.387284 20.094 0.025 54007.388117 19.754 0.029 54007.389784 19.598 0.103 20.359829 -0.982529
54009.312716 20.729 0.068 54009.314382 20.231 0.039 54009.311049 20.085 0.026 54009.311882 19.7 0.027 54009.313549 19.503 0.065 20.359829 -0.982529
54025.376237 20.413 0.082 54025.377904 20.163 0.03 54025.37457 19.957 0.038 54025.375404 19.664 0.05 54025.37707 19.466 0.166 20.359829 -0.982529
54029.306559 20.685 0.076 54029.308225 20.2 0.026 54029.304892 20.04 0.032 54029.305725 19.725 0.035 54029.307392 19.537 0.086 20.359829 -0.982529
54348.373964 20.597 0.09 54348.375631 20.144 0.034 54348.372297 19.949 0.03 54348.373131 19.628 0.031 54348.374797 19.449 0.08 20.359829 -0.982529
54358.32981 -99.99 0.095 54358.331476 20.232 0.027 54358.328143 20.038 0.033 54358.328976 19.707 0.038 54358.330643 19.616 0.101 20.359829 -0.982529
54365.362841 -99.99 0.054 54365.364507 20.224 0.028 54365.361174 20.079 0.022 54365.362007 19.756 0.024 54365.363674 19.483 0.061 20.359829 -0.982529
54381.382412 20.717 0.084 54381.384079 20.173 0.029 54381.380745 20.102 0.027 54381.381579 19.737 0.03 54381.383245 19.791 0.082 20.359829 -0.982529
54384.389108 -99.99 0.067 54384.390774 20.322 0.03 54384.387441 20.119 0.026 54384.388274 19.761 0.026 54384.389941 19.608 0.068 20.359829 -0.982529
54388.378995 20.726 0.085 54388.380661 20.276 0.028 54388.377328 20.082 0.025 54388.378161 19.757 0.027 54388.379828 19.543 0.068 20.359829 -0.982529
54392.37657 20.987 0.133 54392.378237 20.31 0.05 54392.374903 20.192 0.035 54392.375737 19.676 0.041 54392.377403 19.716 0.107 20.359829 -0.982529
54403.292793 20.754 0.133 54403.29446 20.481 0.061 54403.291126 -99.99 0.043 54403.29196 19.852 0.033 54403.293626 19.57 0.088 20.359829 -0.982529
54412.312386 20.818 0.132 54412.314052 20.373 0.032 54412.310719 20.222 0.044 54412.311552 19.767 0.045 54412.313219 19.57 0.088 20.359829 -0.982529
