51075.362347 18.7 0.018 51075.364013 18.239 0.008 51075.36068 18.089 0.01 51075.361513 18.097 0.011 51075.36318 17.985 0.026 22.559586 -0.110891
52196.381532 18.699 0.02 52196.383198 18.255 0.007 52196.379865 18.083 0.007 52196.380698 18.141 0.009 52196.382365 18.031 0.025 22.559586 -0.110891
52197.375945 18.726 0.02 52197.377611 18.276 0.007 52197.374278 18.087 0.007 52197.375111 18.149 0.009 52197.376778 17.984 0.022 22.559586 -0.110891
52207.348306 18.72 0.02 52207.349972 18.26 0.007 52207.346639 18.036 0.008 52207.347472 18.148 0.009 52207.349139 18.026 0.022 22.559586 -0.110891
52225.226149 18.784 0.019 52225.227815 18.252 0.007 52225.224482 18.123 0.007 52225.225315 18.15 0.009 52225.226982 18.008 0.021 22.559586 -0.110891
52231.26193 18.756 0.022 52231.263596 18.259 0.011 52231.260263 18.15 0.012 52231.261096 18.114 0.015 52231.262763 18.046 0.026 22.559586 -0.110891
52234.23302 18.741 0.021 52234.234686 18.268 0.009 52234.231353 18.134 0.011 52234.232186 18.181 0.013 52234.233853 18.068 0.023 22.559586 -0.110891
52282.123004 18.626 0.02 52282.12467 18.22 0.007 52282.121337 18.124 0.008 52282.12217 18.16 0.009 52282.123837 18.004 0.025 22.559586 -0.110891
52287.076868 18.715 0.019 52287.078534 18.23 0.007 52287.075201 18.114 0.007 52287.076034 18.154 0.009 52287.077701 17.994 0.022 22.559586 -0.110891
52552.395572 18.597 0.02 52552.397238 18.146 0.01 52552.393905 18.053 0.012 52552.394738 18.067 0.014 52552.396405 17.988 0.025 22.559586 -0.110891
52557.369929 18.539 0.02 52557.371595 18.16 0.007 52557.368262 18.053 0.007 52557.369095 18.11 0.01 52557.370762 17.97 0.025 22.559586 -0.110891
52578.266016 18.592 0.017 52578.267682 18.144 0.006 52578.264349 18.05 0.007 52578.265182 18.078 0.008 52578.266849 17.932 0.021 22.559586 -0.110891
52908.344496 18.63 0.018 52908.346162 18.171 0.007 52908.342829 18.074 0.007 52908.343662 18.092 0.009 52908.345329 17.982 0.022 22.559586 -0.110891
52912.323935 18.683 0.02 52912.325601 18.183 0.007 52912.322268 18.07 0.007 52912.323101 18.113 0.009 52912.324768 17.969 0.022 22.559586 -0.110891
52934.2764 18.586 0.02 52934.278066 18.168 0.008 52934.274733 18.057 0.011 52934.275566 18.11 0.012 52934.277233 17.987 0.026 22.559586 -0.110891
52936.272325 18.651 0.018 52936.273991 18.163 0.006 52936.270658 18.069 0.007 52936.271491 18.071 0.009 52936.273158 17.983 0.021 22.559586 -0.110891
53270.336417 -99.99 0.059 53270.338083 -99.99 0.033 53270.33475 18.07 0.014 53270.335583 18.115 0.017 53270.33725 -99.99 0.04 22.559586 -0.110891
53272.386327 18.706 0.022 53272.387993 18.234 0.007 53272.38466 18.079 0.007 53272.385493 18.095 0.009 53272.38716 17.979 0.024 22.559586 -0.110891
53286.355047 18.715 0.023 53286.356713 18.205 0.007 53286.35338 18.093 0.007 53286.354213 18.069 0.008 53286.35588 17.955 0.02 22.559586 -0.110891
53288.313537 18.734 0.02 53288.315203 18.262 0.007 53288.31187 17.99 0.007 53288.312703 18.101 0.009 53288.31437 17.932 0.02 22.559586 -0.110891
53294.361212 18.761 0.023 53294.362878 -99.99 0.007 53294.359545 18.088 0.007 53294.360378 18.115 0.009 53294.362045 17.976 0.024 22.559586 -0.110891
53296.308223 18.81 0.028 53296.30989 18.259 0.075 53296.306557 18.068 0.014 53296.30739 18.091 0.021 53296.309057 17.996 0.041 22.559586 -0.110891
53298.357989 18.778 0.023 53298.359655 18.261 0.008 53298.356322 18.097 0.008 53298.357155 18.104 0.01 53298.358822 17.961 0.026 22.559586 -0.110891
53302.309205 18.814 0.03 53302.310871 18.266 0.01 53302.307538 18.082 0.009 53302.308371 18.117 0.01 53302.310038 17.969 0.022 22.559586 -0.110891
53312.264865 18.74 0.031 53312.266532 18.25 0.031 53312.263199 18.068 0.017 53312.264032 18.093 0.014 53312.265699 18.01 0.031 22.559586 -0.110891
53314.265936 18.786 0.021 53314.267602 18.245 0.007 53314.264269 18.092 0.007 53314.265102 18.111 0.009 53314.266769 17.962 0.024 22.559586 -0.110891
53319.253734 18.765 0.024 53319.2554 18.257 0.007 53319.252067 18.089 0.008 53319.2529 18.111 0.01 53319.254567 17.978 0.028 22.559586 -0.110891
53616.370295 18.732 0.026 53616.371961 18.236 0.007 53616.368628 18.051 0.007 53616.369461 18.115 0.01 53616.371128 17.956 0.028 22.559586 -0.110891
53626.346721 -99.99 0.048 53626.348387 18.228 0.007 53626.345054 18.032 0.008 53626.345887 18.07 0.009 53626.347554 -99.99 0.052 22.559586 -0.110891
53628.331586 18.71 0.03 53628.333252 18.21 0.009 53628.329919 18.049 0.009 53628.330752 18.079 0.01 53628.332419 17.964 0.023 22.559586 -0.110891
53637.333203 18.725 0.029 53637.334869 18.222 0.009 53637.331536 18.063 0.008 53637.332369 18.071 0.01 53637.334036 17.947 0.025 22.559586 -0.110891
53639.378581 18.686 0.021 53639.380247 18.219 0.007 53639.376914 18.037 0.007 53639.377747 18.072 0.009 53639.379414 17.986 0.02 22.559586 -0.110891
53641.377748 18.713 0.021 53641.379414 18.209 0.007 53641.376081 18.034 0.007 53641.376914 18.064 0.008 53641.378581 17.94 0.019 22.559586 -0.110891
53654.360272 18.646 0.02 53654.361938 18.179 0.007 53654.358605 18.022 0.007 53654.359438 17.958 0.008 53654.361105 17.938 0.022 22.559586 -0.110891
53657.336618 18.735 0.054 53657.338284 18.183 0.015 53657.334951 18.049 0.014 53657.335784 -99.99 0.015 53657.337451 17.919 0.037 22.559586 -0.110891
53663.321178 18.652 0.028 53663.322844 18.172 0.009 53663.319511 18.031 0.008 53663.320344 18.056 0.009 53663.322011 17.895 0.021 22.559586 -0.110891
53665.299149 -99.99 0.049 53665.300815 -99.99 0.034 53665.297482 18.049 0.01 53665.298315 18.03 0.011 53665.299982 -99.99 0.054 22.559586 -0.110891
53666.391272 18.608 0.028 53666.392938 18.169 0.008 53666.389605 18.028 0.008 53666.390438 18.04 0.009 53666.392105 17.913 0.022 22.559586 -0.110891
53668.310778 18.644 0.024 53668.312444 18.165 0.008 53668.309111 18.021 0.01 53668.309944 18.054 0.012 53668.311611 17.906 0.027 22.559586 -0.110891
53670.31563 18.604 0.021 53670.317296 18.147 0.009 53670.313963 18.03 0.009 53670.314796 18.022 0.011 53670.316463 17.94 0.026 22.559586 -0.110891
53673.283617 18.607 0.019 53673.285283 18.163 0.006 53673.28195 17.947 0.007 53673.282783 18.041 0.008 53673.28445 17.878 0.02 22.559586 -0.110891
53675.280505 18.66 0.019 53675.282171 18.158 0.006 53675.278838 18.02 0.007 53675.279671 18.065 0.009 53675.281338 17.939 0.021 22.559586 -0.110891
53677.301535 18.626 0.02 53677.303201 18.165 0.007 53677.299868 18.022 0.007 53677.300701 17.981 0.008 53677.302368 17.92 0.02 22.559586 -0.110891
53680.288202 18.628 0.02 53680.289868 18.151 0.007 53680.286535 18.031 0.007 53680.287368 18.038 0.008 53680.289035 17.912 0.019 22.559586 -0.110891
53686.287634 -99.99 0.038 53686.2893 18.161 0.013 53686.285967 18.029 0.011 53686.2868 18.069 0.013 53686.288467 17.884 0.026 22.559586 -0.110891
53693.290096 18.715 0.033 53693.291762 18.17 0.009 53693.288429 18.01 0.008 53693.289262 18.033 0.009 53693.290929 -99.99 0.024 22.559586 -0.110891
53698.287485 18.671 0.021 53698.289151 18.159 0.007 53698.285818 18.031 0.007 53698.286651 17.979 0.008 53698.288318 17.947 0.021 22.559586 -0.110891
53704.273417 18.648 0.024 53704.275083 18.164 0.007 53704.27175 18.021 0.007 53704.272583 18.055 0.009 53704.27425 17.938 0.026 22.559586 -0.110891
53989.369486 18.751 0.037 53989.371152 18.26 0.02 53989.367819 18.046 0.014 53989.368652 18.071 0.021 53989.370319 17.987 0.026 22.559586 -0.110891
53995.384093 18.746 0.021 53995.38576 18.262 0.021 53995.382427 18.252 0.014 53995.38326 18.063 0.02 53995.384927 17.954 0.019 22.559586 -0.110891
54000.34494 18.78 0.027 54000.346607 18.242 0.016 54000.343273 18.055 0.013 54000.344107 18.076 0.013 54000.345773 17.911 0.022 22.559586 -0.110891
54007.395038 18.804 0.035 54007.396705 18.258 0.02 54007.393372 18.043 0.016 54007.394205 18.09 0.024 54007.395872 17.895 0.024 22.559586 -0.110891
54009.318824 18.784 0.024 54009.320491 18.267 0.018 54009.317158 18.102 0.021 54009.317991 18.084 0.019 54009.319658 17.967 0.026 22.559586 -0.110891
54011.383312 18.795 0.027 54011.384978 18.293 0.022 54011.381645 18.092 0.014 54011.382478 18.09 0.016 54011.384145 17.9 0.024 22.559586 -0.110891
54025.382311 18.823 0.026 54025.383978 18.305 0.018 54025.380645 18.082 0.02 54025.381478 18.099 0.022 54025.383145 17.939 0.031 22.559586 -0.110891
54029.312711 18.843 0.024 54029.314378 18.268 0.014 54029.311045 18.07 0.021 54029.311878 18.089 0.017 54029.313545 17.979 0.024 22.559586 -0.110891
54348.380116 18.807 0.027 54348.381783 18.265 0.025 54348.378449 18.069 0.018 54348.379283 18.083 0.015 54348.380949 17.958 0.033 22.559586 -0.110891
54358.335872 18.767 0.04 54358.337539 18.296 0.027 54358.334206 18.073 0.014 54358.335039 18.115 0.016 54358.336706 17.96 0.029 22.559586 -0.110891
54359.329911 18.79 0.063 54359.331578 18.276 0.022 54359.328245 18.102 0.019 54359.329078 18.105 0.031 54359.330745 -99.99 0.101 22.559586 -0.110891
54365.368954 18.839 0.026 54365.37062 18.265 0.016 54365.367287 18.091 0.025 54365.36812 18.074 0.018 54365.369787 17.954 0.031 22.559586 -0.110891
54381.388553 18.827 0.025 54381.390219 18.24 0.014 54381.386886 18.083 0.016 54381.387719 18.106 0.02 54381.389386 17.961 0.028 22.559586 -0.110891
54384.395191 18.683 0.024 54384.396857 18.279 0.02 54384.393524 18.073 0.016 54384.394357 18.131 0.022 54384.396024 17.952 0.023 22.559586 -0.110891
54386.380868 18.693 0.026 54386.382535 18.243 0.019 54386.379202 18.082 0.023 54386.380035 18.069 0.017 54386.381702 17.953 0.027 22.559586 -0.110891
54388.385106 18.71 0.028 54388.386773 18.28 0.019 54388.383439 18.07 0.015 54388.384273 18.045 0.019 54388.385939 18.009 0.023 22.559586 -0.110891
54392.382682 18.757 0.03 54392.384348 18.253 0.037 54392.381015 18.104 0.02 54392.381848 18.079 0.016 54392.383515 17.957 0.033 22.559586 -0.110891
54403.299013 -99.99 0.043 54403.30068 18.231 0.022 54403.297346 -99.99 0.01 54403.29818 18.084 0.019 54403.299846 -99.99 0.039 22.559586 -0.110891
54404.356417 18.76 0.033 54404.358083 18.253 0.018 54404.35475 18.081 0.016 54404.355583 18.083 0.019 54404.35725 17.931 0.028 22.559586 -0.110891
54405.354403 18.712 0.039 54405.35607 18.241 0.023 54405.352736 18.065 0.014 54405.35357 18.062 0.013 54405.355236 17.923 0.032 22.559586 -0.110891
54406.292746 18.655 0.028 54406.294413 18.237 0.018 54406.29108 18.081 0.014 54406.291913 18.087 0.02 54406.29358 17.953 0.027 22.559586 -0.110891
54412.318525 18.731 0.033 54412.320192 18.249 0.021 54412.316859 18.078 0.016 54412.317692 18.088 0.019 54412.319359 17.929 0.027 22.559586 -0.110891
