51075.36465 20.34 0.049 51075.366316 -99.99 0.022 51075.362983 20.126 0.025 51075.363816 19.813 0.03 51075.365483 19.555 0.093 23.390664 -0.919767
52170.385299 20.239 0.047 52170.386965 20.059 0.019 52170.383632 20.064 0.022 52170.384465 19.84 0.028 52170.386132 19.768 0.088 23.390664 -0.919767
52196.383823 20.153 0.05 52196.385489 20.067 0.023 52196.382156 20.052 0.024 52196.382989 19.738 0.028 52196.384656 19.744 0.103 23.390664 -0.919767
52207.350605 20.279 0.054 52207.352271 20.084 0.02 52207.348938 20.045 0.022 52207.349771 19.756 0.025 52207.351438 19.755 0.086 23.390664 -0.919767
52224.27883 20.244 0.048 52224.280496 20.078 0.02 52224.277163 20.071 0.022 52224.277996 19.734 0.024 52224.279663 19.693 0.073 23.390664 -0.919767
52225.22845 20.279 0.046 52225.230116 20.071 0.019 52225.226783 20.083 0.022 52225.227616 19.816 0.027 52225.229283 19.644 0.075 23.390664 -0.919767
52231.264232 20.119 0.044 52231.265898 20.08 0.02 52231.262565 20.072 0.022 52231.263398 19.768 0.025 52231.265065 19.744 0.083 23.390664 -0.919767
52234.235321 20.25 0.05 52234.236987 20.112 0.021 52234.233654 20.089 0.023 52234.234487 19.829 0.025 52234.236154 19.613 0.066 23.390664 -0.919767
52261.198677 20.119 0.053 52261.200343 20.071 0.024 52261.19701 20.003 0.026 52261.197843 19.796 0.031 52261.19951 19.57 0.08 23.390664 -0.919767
52282.125305 20.244 0.05 52282.126971 20.034 0.029 52282.123638 20.013 0.026 52282.124471 19.735 0.029 52282.126138 19.622 0.091 23.390664 -0.919767
52287.079169 20.24 0.047 52287.080835 20.068 0.022 52287.077502 20.076 0.028 52287.078335 19.714 0.027 52287.080002 19.719 0.088 23.390664 -0.919767
52552.397872 20.009 0.041 52552.399538 19.904 0.018 52552.396205 19.945 0.021 52552.397038 19.713 0.024 52552.398705 19.61 0.073 23.390664 -0.919767
52557.372232 19.996 0.044 52557.373898 19.897 0.019 52557.370565 19.975 0.024 52557.371398 19.744 0.028 52557.373065 19.715 0.095 23.390664 -0.919767
52578.268317 20.016 0.039 52578.269983 19.913 0.02 52578.26665 19.969 0.021 52578.267483 19.696 0.024 52578.26915 19.753 0.087 23.390664 -0.919767
52908.346796 20.383 0.056 52908.348462 20.241 0.023 52908.345129 20.306 0.027 52908.345962 19.933 0.03 52908.347629 19.998 0.1 23.390664 -0.919767
52912.326236 20.321 0.058 52912.327902 20.299 0.025 52912.324569 20.222 0.026 52912.325402 19.911 0.029 52912.327069 19.784 0.086 23.390664 -0.919767
52934.2787 20.291 0.061 52934.280366 20.21 0.025 52934.277033 20.23 0.03 52934.277866 19.895 0.034 52934.279533 19.901 0.125 23.390664 -0.919767
52936.274626 20.29 0.049 52936.276292 20.211 0.021 52936.272959 20.255 0.026 52936.273792 19.966 0.03 52936.275459 19.851 0.092 23.390664 -0.919767
53270.338885 -99.99 0.216 53270.340552 -99.99 0.208 53270.337219 -99.99 0.068 53270.338052 -99.99 0.07 53270.339719 -99.99 0.228 23.390664 -0.919767
53272.388629 20.264 0.061 53272.390295 20.187 0.029 53272.386962 20.273 0.031 53272.387795 19.913 0.034 53272.389462 19.865 0.109 23.390664 -0.919767
53286.357347 20.399 0.072 53286.359013 20.288 0.028 53286.35568 20.228 0.025 53286.356513 19.928 0.029 53286.35818 19.778 0.083 23.390664 -0.919767
53288.315838 20.371 0.055 53288.317504 20.219 0.021 53288.314171 20.185 0.024 53288.315004 19.948 0.03 53288.316671 20.073 0.106 23.390664 -0.919767
53294.363513 20.218 0.065 53294.365179 20.216 0.027 53294.361846 20.181 0.032 53294.362679 19.914 0.035 53294.364346 19.733 0.097 23.390664 -0.919767
53296.310566 20.23 0.061 53296.312233 20.196 0.03 53296.3089 20.27 0.042 53296.309733 19.917 0.082 53296.3114 19.809 0.115 23.390664 -0.919767
53298.360291 20.338 0.07 53298.361957 20.214 0.028 53298.358624 20.206 0.034 53298.359457 19.844 0.036 53298.361124 20.179 0.182 23.390664 -0.919767
53302.311507 20.361 0.11 53302.313173 20.291 0.05 53302.30984 20.221 0.041 53302.310673 19.949 0.038 53302.31234 19.917 0.11 23.390664 -0.919767
53312.26704 20.417 0.104 53312.268706 20.277 0.041 53312.265373 20.378 0.06 53312.266206 20.007 0.05 53312.267873 19.748 0.115 23.390664 -0.919767
53314.268237 20.396 0.061 53314.269903 20.259 0.027 53314.26657 20.233 0.03 53314.267403 19.957 0.035 53314.26907 19.812 0.109 23.390664 -0.919767
53319.256035 20.288 0.07 53319.257701 20.23 0.033 53319.254368 20.297 0.042 53319.255201 19.942 0.046 53319.256868 19.862 0.138 23.390664 -0.919767
53616.372594 20.303 0.074 53616.37426 20.179 0.028 53616.370927 20.278 0.037 53616.37176 19.942 0.042 53616.373427 19.822 0.116 23.390664 -0.919767
53626.349021 20.422 0.076 53626.350687 20.154 0.026 53626.347354 -99.99 0.06 53626.348187 19.838 0.038 53626.349854 19.668 0.097 23.390664 -0.919767
53628.333886 20.388 0.115 53628.335552 20.299 0.053 53628.332219 20.195 0.042 53628.333052 19.88 0.04 53628.334719 19.931 0.119 23.390664 -0.919767
53637.335503 20.387 0.101 53637.337169 20.184 0.037 53637.333836 20.274 0.04 53637.334669 19.909 0.044 53637.336336 20.046 0.143 23.390664 -0.919767
53639.38088 20.164 0.055 53639.382546 20.175 0.026 53639.379213 20.235 0.027 53639.380046 19.864 0.028 53639.381713 19.823 0.08 23.390664 -0.919767
53641.380047 20.35 0.058 53641.381713 20.216 0.026 53641.37838 20.233 0.024 53641.379213 19.941 0.027 53641.38088 19.954 0.085 23.390664 -0.919767
53654.362572 20.362 0.065 53654.364238 20.273 0.023 53654.360905 20.245 0.028 53654.361738 19.911 0.03 53654.363405 19.931 0.113 23.390664 -0.919767
53657.33893 19.93 0.164 53657.340596 20.232 0.084 53657.337263 20.152 0.074 53657.338096 19.952 0.073 53657.339763 19.455 0.133 23.390664 -0.919767
53663.323478 20.392 0.122 53663.325144 20.289 0.045 53663.321811 20.236 0.04 53663.322644 19.903 0.033 53663.324311 20.015 0.114 23.390664 -0.919767
53665.301448 -99.99 0.639 53665.303114 20.662 1.445 53665.299781 20.335 0.147 53665.300614 19.855 0.263 53665.302281 18.703 0.407 23.390664 -0.919767
53666.393572 20.343 0.109 53666.395238 20.372 0.044 53666.391905 20.296 0.036 53666.392738 19.994 0.034 53666.394405 19.92 0.106 23.390664 -0.919767
53668.313078 20.232 0.083 53668.314744 20.161 0.035 53668.311411 20.166 0.04 53668.312244 19.921 0.045 53668.313911 19.702 0.124 23.390664 -0.919767
53670.317931 -99.99 0.062 53670.319597 20.209 0.027 53670.316264 20.254 0.034 53670.317097 19.838 0.031 53670.318764 19.873 0.112 23.390664 -0.919767
53673.285917 20.378 0.059 53673.287583 20.287 0.025 53673.28425 20.268 0.028 53673.285083 19.957 0.031 53673.28675 19.962 0.095 23.390664 -0.919767
53675.282804 20.4 0.057 53675.28447 20.29 0.024 53675.281137 20.305 0.029 53675.28197 19.975 0.03 53675.283637 20.019 0.11 23.390664 -0.919767
53677.303835 20.259 0.053 53677.305501 20.262 0.023 53677.302168 20.26 0.027 53677.303001 19.965 0.029 53677.304668 19.898 0.083 23.390664 -0.919767
53680.290502 20.332 0.054 53680.292168 20.262 0.025 53680.288835 20.243 0.025 53680.289668 19.966 0.028 53680.291335 19.883 0.084 23.390664 -0.919767
53686.289934 19.986 0.144 53686.2916 20.271 0.08 53686.288267 20.284 0.072 53686.2891 19.87 0.06 53686.290767 19.704 0.146 23.390664 -0.919767
53693.292397 20.093 0.109 53693.294063 20.297 0.053 53693.29073 20.254 0.046 53693.291563 19.96 0.04 53693.29323 20.046 0.124 23.390664 -0.919767
53698.289785 20.36 0.062 53698.291451 20.258 0.026 53698.288118 20.263 0.028 53698.288951 20.043 0.031 53698.290618 19.941 0.098 23.390664 -0.919767
53704.275717 20.25 0.073 53704.277383 20.207 0.028 53704.27405 20.215 0.032 53704.274883 19.975 0.044 53704.27655 19.646 0.1 23.390664 -0.919767
53989.37183 20.043 0.108 53989.373497 19.993 0.043 53989.370163 20.159 0.048 53989.370997 19.85 0.04 53989.372663 19.659 0.085 23.390664 -0.919767
53995.386387 20.239 0.04 53995.388054 20.082 0.025 53995.38472 20.109 0.023 53995.385554 19.84 0.023 53995.38722 19.729 0.063 23.390664 -0.919767
54000.347194 20.195 0.055 54000.348861 20.057 0.052 54000.345527 20.08 0.024 54000.346361 19.965 0.041 54000.348027 19.62 0.091 23.390664 -0.919767
54007.397393 20.192 0.052 54007.39906 20.15 0.027 54007.395727 20.14 0.032 54007.39656 19.886 0.035 54007.398227 19.877 0.093 23.390664 -0.919767
54009.321111 20.28 0.046 54009.322778 20.141 0.03 54009.319445 20.12 0.02 54009.320278 19.89 0.028 54009.321945 19.74 0.07 23.390664 -0.919767
54011.385609 20.314 0.045 54011.387276 20.173 0.027 54011.383942 20.193 0.021 54011.384776 19.9 0.027 54011.386442 19.669 0.067 23.390664 -0.919767
54025.384617 20.393 0.072 54025.386284 20.211 0.029 54025.38295 20.177 0.035 54025.383784 19.915 0.037 54025.38545 19.936 0.122 23.390664 -0.919767
54029.31496 20.381 0.054 54029.316627 20.253 0.032 54029.313294 20.257 0.029 54029.314127 19.876 0.034 54029.315794 19.708 0.082 23.390664 -0.919767
54348.382406 20.042 0.065 54348.384073 20.028 0.026 54348.38074 20.102 0.029 54348.381573 19.891 0.034 54348.38324 19.651 0.074 23.390664 -0.919767
54358.33823 20.151 0.061 54358.339896 19.975 0.022 54358.336563 20.057 0.031 54358.337396 19.839 0.048 54358.339063 19.803 0.116 23.390664 -0.919767
54359.332415 20.074 0.17 54359.334082 20.22 0.081 54359.330749 20.027 0.122 54359.331582 19.876 0.161 54359.333249 20.293 0.648 23.390664 -0.919767
54365.371244 20.158 0.039 54365.372911 20.007 0.025 54365.369577 20.064 0.018 54365.370411 19.791 0.022 54365.372077 19.727 0.071 23.390664 -0.919767
54381.390807 20.065 0.052 54381.392474 20.066 0.022 54381.38914 20.021 0.031 54381.389974 19.827 0.031 54381.39164 19.779 0.084 23.390664 -0.919767
54384.397483 20.151 0.048 54384.399149 19.967 0.028 54384.395816 20.053 0.027 54384.396649 19.791 0.025 54384.398316 19.713 0.077 23.390664 -0.919767
54386.383161 20.025 0.067 54386.384828 20.003 0.023 54386.381495 20.027 0.025 54386.382328 19.833 0.026 54386.383995 19.994 0.095 23.390664 -0.919767
54388.387431 20.244 0.058 54388.389098 19.974 0.029 54388.385765 20.012 0.025 54388.386598 19.846 0.03 54388.388265 19.693 0.079 23.390664 -0.919767
54392.384946 20.13 0.06 54392.386613 19.987 0.029 54392.383279 19.978 0.049 54392.384113 19.771 0.068 54392.385779 19.773 0.111 23.390664 -0.919767
54403.301208 19.825 0.138 54403.302874 19.937 0.118 54403.299541 -99.99 0.066 54403.300374 19.733 0.069 54403.302041 20.49 0.587 23.390664 -0.919767
54404.358833 20.029 0.079 54404.3605 20.033 0.037 54404.357167 20.033 0.03 54404.358 19.757 0.031 54404.359667 19.797 0.101 23.390664 -0.919767
54405.356765 20.133 0.073 54405.358432 20.008 0.03 54405.355099 20.003 0.03 54405.355932 19.731 0.029 54405.357599 19.805 0.092 23.390664 -0.919767
54406.29507 20.051 0.046 54406.296737 20.03 0.029 54406.293403 20.069 0.024 54406.294237 19.806 0.028 54406.295903 19.918 0.072 23.390664 -0.919767
54412.320764 20.124 0.091 54412.32243 19.989 0.033 54412.319097 20.078 0.029 54412.31993 19.774 0.04 54412.321597 19.777 0.108 23.390664 -0.919767
