51075.368016 19.554 0.029 51075.369682 18.953 0.009 51075.366349 18.36 0.008 51075.367182 18.167 0.009 51075.368849 18.2 0.029 24.606396 -0.092925
52170.388687 19.346 0.028 52170.390353 18.784 0.009 52170.38702 18.233 0.008 52170.387853 18.071 0.009 52170.38952 18 0.022 24.606396 -0.092925
52196.387221 19.314 0.031 52196.388887 18.759 0.009 52196.385554 18.221 0.008 52196.386387 18.051 0.009 52196.388054 18.004 0.026 24.606396 -0.092925
52207.353991 19.287 0.028 52207.355657 18.741 0.009 52207.352324 18.216 0.008 52207.353157 18.05 0.009 52207.354824 18.003 0.022 24.606396 -0.092925
52224.282198 19.327 0.028 52224.283864 18.755 0.009 52224.280531 18.212 0.008 52224.281364 18.051 0.009 52224.283031 18.025 0.021 24.606396 -0.092925
52231.267601 -99.99 0.028 52231.269267 18.762 0.008 52231.265934 18.227 0.008 52231.266767 18.049 0.008 52231.268434 18.018 0.023 24.606396 -0.092925
52234.238689 19.343 0.027 52234.240355 18.773 0.009 52234.237022 18.224 0.008 52234.237855 18.051 0.008 52234.239522 18.018 0.02 24.606396 -0.092925
52261.202045 -99.99 0.028 52261.203711 18.755 0.009 52261.200378 18.194 0.008 52261.201211 18.044 0.008 52261.202878 18.017 0.022 24.606396 -0.092925
52282.128673 19.332 0.031 52282.130339 18.771 0.009 52282.127006 18.217 0.008 52282.127839 18.052 0.009 52282.129506 18.001 0.025 24.606396 -0.092925
52287.082537 19.412 0.028 52287.084203 18.747 0.009 52287.08087 18.211 0.008 52287.081703 18.037 0.008 52287.08337 17.985 0.022 24.606396 -0.092925
52552.40124 19.34 0.028 52552.402906 18.779 0.009 52552.399573 18.228 0.008 52552.400406 18.076 0.008 52552.402073 18.051 0.022 24.606396 -0.092925
52557.375599 19.368 0.03 52557.377265 18.776 0.009 52557.373932 18.22 0.008 52557.374765 18.058 0.009 52557.376432 17.986 0.025 24.606396 -0.092925
52908.350164 19.263 0.027 52908.35183 18.748 0.009 52908.348497 18.197 0.008 52908.34933 18.041 0.008 52908.350997 18.01 0.023 24.606396 -0.092925
52912.329604 19.286 0.036 52912.33127 18.748 0.009 52912.327937 18.197 0.008 52912.32877 18.055 0.008 52912.330437 17.989 0.022 24.606396 -0.092925
52934.282069 19.247 0.029 52934.283735 18.732 0.009 52934.280402 18.189 0.008 52934.281235 18.016 0.009 52934.282902 18.012 0.027 24.606396 -0.092925
52936.277994 19.268 0.026 52936.27966 18.726 0.008 52936.276327 18.189 0.008 52936.27716 18.025 0.008 52936.278827 18.008 0.021 24.606396 -0.092925
53270.342059 -99.99 0.349 53270.343726 -99.99 0.019 53270.340393 -99.99 0.058 53270.341226 -99.99 0.024 53270.342893 -99.99 0.05 24.606396 -0.092925
53272.391997 19.329 0.034 53272.393663 18.771 0.009 53272.39033 18.207 0.008 53272.391163 18.021 0.008 53272.39283 17.952 0.023 24.606396 -0.092925
53286.360715 19.361 0.033 53286.362381 18.783 0.009 53286.359048 18.199 0.008 53286.359881 18.022 0.008 53286.361548 17.951 0.021 24.606396 -0.092925
53288.319207 19.338 0.029 53288.320873 18.789 0.009 53288.31754 18.205 0.008 53288.318373 18.027 0.008 53288.32004 17.99 0.02 24.606396 -0.092925
53294.366882 19.346 0.031 53294.368548 18.769 0.009 53294.365215 18.188 0.008 53294.366048 18.017 0.008 53294.367715 17.995 0.023 24.606396 -0.092925
53296.313954 19.316 0.031 53296.315621 18.75 0.026 53296.312288 18.195 0.016 53296.313121 18.024 0.015 53296.314788 18.02 0.036 24.606396 -0.092925
53298.363658 19.371 0.035 53298.365324 18.787 0.009 53298.361991 18.202 0.009 53298.362824 18.019 0.009 53298.364491 18.02 0.028 24.606396 -0.092925
53302.314875 19.345 0.047 53302.316541 18.823 0.015 53302.313208 18.219 0.01 53302.314041 18.034 0.01 53302.315708 17.998 0.024 24.606396 -0.092925
53312.270493 -99.99 0.063 53312.272159 18.797 0.029 53312.268826 18.222 0.019 53312.269659 18.063 0.022 53312.271326 17.941 0.041 24.606396 -0.092925
53314.271606 19.357 0.032 53314.273272 18.81 0.009 53314.269939 18.224 0.008 53314.270772 18.022 0.009 53314.272439 17.991 0.023 24.606396 -0.092925
53319.259402 19.368 0.034 53319.261068 18.798 0.01 53319.257735 18.218 0.009 53319.258568 18.024 0.009 53319.260235 17.976 0.026 24.606396 -0.092925
53616.375964 19.321 0.038 53616.37763 18.772 0.01 53616.374297 18.207 0.008 53616.37513 18.052 0.009 53616.376797 18.009 0.03 24.606396 -0.092925
53626.35239 19.337 0.041 53626.354056 18.777 0.009 53626.350723 18.21 0.008 53626.351556 18.048 0.009 53626.353223 18.011 0.025 24.606396 -0.092925
53628.337255 19.321 0.046 53628.338921 18.816 0.014 53628.335588 18.229 0.009 53628.336421 18.034 0.01 53628.338088 17.977 0.024 24.606396 -0.092925
53637.338872 19.355 0.045 53637.340538 18.82 0.012 53637.337205 18.219 0.009 53637.338038 18.059 0.01 53637.339705 18.015 0.027 24.606396 -0.092925
53639.38425 19.346 0.031 53639.385916 18.802 0.009 53639.382583 18.226 0.008 53639.383416 18.054 0.008 53639.385083 18.035 0.021 24.606396 -0.092925
53641.383416 19.246 0.029 53641.385082 18.796 0.009 53641.381749 18.218 0.008 53641.382582 18.029 0.008 53641.384249 18.013 0.021 24.606396 -0.092925
53657.342288 -99.99 0.101 53657.343954 18.747 0.024 53657.340621 18.2 0.013 53657.341454 18.037 0.015 53657.343121 18.072 0.044 24.606396 -0.092925
53663.326847 19.334 0.046 53663.328513 18.803 0.013 53663.32518 18.223 0.009 53663.326013 18.052 0.009 53663.32768 18.003 0.022 24.606396 -0.092925
53666.39694 19.207 0.045 53666.398606 18.764 0.012 53666.395273 18.222 0.009 53666.396106 18.026 0.009 53666.397773 17.975 0.024 24.606396 -0.092925
53668.316447 19.356 0.038 53668.318113 18.769 0.01 53668.31478 18.22 0.009 53668.315613 18.041 0.009 53668.31728 18.034 0.026 24.606396 -0.092925
53669.404063 19.443 0.058 53669.405729 18.816 0.013 53669.402396 18.21 0.009 53669.403229 18.051 0.01 53669.404896 17.979 0.027 24.606396 -0.092925
53670.321299 19.342 0.031 53670.322965 18.767 0.009 53670.319632 18.221 0.008 53670.320465 18.034 0.009 53670.322132 17.937 0.023 24.606396 -0.092925
53673.289286 19.35 0.029 53673.290952 18.757 0.008 53673.287619 18.211 0.008 53673.288452 18.035 0.008 53673.290119 17.986 0.02 24.606396 -0.092925
53675.286174 19.299 0.028 53675.28784 18.775 0.009 53675.284507 18.216 0.008 53675.28534 18.037 0.009 53675.287007 18.018 0.025 24.606396 -0.092925
53677.307204 19.331 0.029 53677.30887 18.76 0.008 53677.305537 18.202 0.008 53677.30637 18.049 0.008 53677.308037 17.991 0.02 24.606396 -0.092925
53680.293871 19.275 0.028 53680.295537 18.757 0.008 53680.292204 18.208 0.008 53680.293037 18.017 0.008 53680.294704 17.99 0.02 24.606396 -0.092925
53686.293303 19.24 0.065 53686.294969 18.764 0.02 53686.291636 18.216 0.013 53686.292469 18.025 0.011 53686.294136 17.956 0.03 24.606396 -0.092925
53693.295765 19.189 0.051 53693.297431 18.775 0.014 53693.294098 18.224 0.009 53693.294931 18.025 0.009 53693.296598 17.96 0.022 24.606396 -0.092925
53698.293153 19.349 0.031 53698.294819 18.8 0.009 53698.291486 18.222 0.008 53698.292319 18.037 0.009 53698.293986 18.006 0.022 24.606396 -0.092925
53704.279086 19.329 0.033 53704.280752 18.816 0.009 53704.277419 18.218 0.008 53704.278252 18.03 0.009 53704.279919 17.992 0.025 24.606396 -0.092925
53989.37523 19.473 0.065 53989.376897 18.854 0.022 53989.373563 18.272 0.015 53989.374397 18.072 0.017 53989.376063 18.045 0.03 24.606396 -0.092925
53995.389753 19.482 0.029 53995.39142 18.876 0.013 53995.388086 18.285 0.014 53995.38892 18.12 0.011 53995.390586 18.07 0.022 24.606396 -0.092925
54000.350573 19.455 0.041 54000.352239 18.847 0.018 54000.348906 18.27 0.013 54000.349739 18.088 0.017 54000.351406 18.08 0.028 24.606396 -0.092925
54006.297456 -99.99 0.121 54006.299122 -99.99 0.113 54006.295789 -99.99 0.03 54006.296622 -99.99 0.025 54006.298289 -99.99 0.045 24.606396 -0.092925
54007.400781 19.378 0.039 54007.402448 18.82 0.026 54007.399114 18.294 0.021 54007.399948 18.06 0.03 54007.401614 18.078 0.027 24.606396 -0.092925
54009.324489 -99.99 0.034 54009.326156 18.851 0.019 54009.322823 18.273 0.022 54009.323656 18.087 0.015 54009.325323 18.092 0.026 24.606396 -0.092925
54011.388975 19.424 0.031 54011.390642 18.905 0.02 54011.387309 18.293 0.016 54011.388142 18.11 0.022 54011.389809 18.129 0.025 24.606396 -0.092925
54025.387992 19.325 0.032 54025.389658 18.853 0.016 54025.386325 18.261 0.018 54025.387158 18.082 0.016 54025.388825 18.081 0.034 24.606396 -0.092925
54029.318336 19.382 0.056 54029.320003 18.828 0.024 54029.31667 18.26 0.021 54029.317503 18.081 0.015 54029.31917 18.022 0.032 24.606396 -0.092925
54346.381755 19.516 0.053 54346.383421 18.961 0.018 54346.380088 -99.99 0.02 54346.380921 18.163 0.016 54346.382588 18.102 0.024 24.606396 -0.092925
54348.385795 19.44 0.036 54348.387461 18.975 0.018 54348.384128 18.325 0.022 54348.384961 18.159 0.019 54348.386628 18.153 0.027 24.606396 -0.092925
54358.341548 -99.99 0.056 54358.343215 18.941 0.018 54358.339881 18.347 0.021 54358.340715 18.157 0.013 54358.342381 18.161 0.032 24.606396 -0.092925
54359.335592 -99.99 0.116 54359.337258 19.003 0.019 54359.333925 18.358 0.031 54359.334758 18.153 0.035 54359.336425 18.127 0.087 24.606396 -0.092925
54365.374643 19.556 0.03 54365.37631 18.991 0.017 54365.372976 18.345 0.022 54365.37381 18.153 0.016 54365.375476 18.162 0.024 24.606396 -0.092925
54381.394185 19.481 0.086 54381.395852 18.938 0.03 54381.392519 18.356 0.016 54381.393352 18.195 0.015 54381.395019 18.146 0.038 24.606396 -0.092925
54384.400814 19.551 0.034 54384.40248 18.99 0.018 54384.399147 18.367 0.013 54384.39998 18.159 0.018 54384.401647 18.049 0.024 24.606396 -0.092925
54386.386492 19.594 0.033 54386.388159 19.016 0.021 54386.384825 18.365 0.014 54386.385659 18.192 0.013 54386.387325 18.196 0.03 24.606396 -0.092925
54388.390757 19.447 0.035 54388.392424 19.025 0.021 54388.389091 18.373 0.02 54388.389924 18.192 0.018 54388.391591 18.141 0.028 24.606396 -0.092925
54392.388315 -99.99 0.042 54392.389982 18.953 0.018 54392.386648 18.346 0.017 54392.387482 18.161 0.017 54392.389148 18.119 0.033 24.606396 -0.092925
54403.30464 19.553 0.128 54403.306306 19.005 0.039 54403.302973 -99.99 0.037 54403.303806 18.17 0.039 54403.305473 18.095 0.058 24.606396 -0.092925
54404.362146 -99.99 0.097 54404.363813 18.996 0.02 54404.360479 18.36 0.012 54404.361313 -99.99 0.025 54404.362979 18.175 0.03 24.606396 -0.092925
54405.360077 19.582 0.047 54405.361744 19.041 0.019 54405.35841 18.342 0.016 54405.359244 18.168 0.016 54405.36091 18.1 0.026 24.606396 -0.092925
54406.298371 19.56 0.03 54406.300038 19.016 0.016 54406.296705 18.404 0.015 54406.297538 18.137 0.015 54406.299205 18.172 0.023 24.606396 -0.092925
54412.324159 19.553 0.041 54412.325826 19.029 0.026 54412.322492 18.386 0.02 54412.323326 18.174 0.016 54412.324992 18.157 0.03 24.606396 -0.092925
