51081.347334 21.097 0.115 51081.349 20.627 0.037 51081.345667 20.095 0.028 51081.3465 19.912 0.036 51081.348167 19.589 0.089 23.029399 -1.069388
51819.418489 20.794 0.087 51819.420155 20.231 0.027 51819.416822 19.857 0.021 51819.417655 19.726 0.025 51819.419322 19.469 0.071 23.029399 -1.069388
52288.077588 21.1 0.09 52288.079254 20.555 0.03 52288.075921 20.032 0.024 52288.076754 19.856 0.025 52288.078421 19.499 0.063 23.029399 -1.069388
52551.350882 21.215 0.121 52551.352548 20.793 0.044 52551.349215 20.178 0.03 52551.350048 20.06 0.037 52551.351715 19.58 0.085 23.029399 -1.069388
52558.383757 21.254 0.105 52558.385423 20.703 0.03 52558.38209 20.174 0.022 52558.382923 20.046 0.028 52558.38459 19.658 0.068 23.029399 -1.069388
52576.216808 21.354 0.118 52576.218474 20.581 0.03 52576.215141 20.216 0.029 52576.215974 19.974 0.032 52576.217641 19.559 0.075 23.029399 -1.069388
52577.271263 21.351 0.119 52577.272929 20.781 0.034 52577.269596 20.178 0.026 52577.270429 20.028 0.029 52577.272096 19.67 0.074 23.029399 -1.069388
52585.218341 21.458 0.134 52585.220007 20.769 0.035 52585.216674 20.279 0.033 52585.217507 20.161 0.052 52585.219174 19.724 0.124 23.029399 -1.069388
52910.355219 21.613 0.183 52910.356885 20.919 0.04 52910.353552 20.373 0.029 52910.354385 20.176 0.034 52910.356052 19.725 0.083 23.029399 -1.069388
52935.282387 21.286 0.119 52935.284053 20.808 0.038 52935.28072 20.329 0.032 52935.281553 20.193 0.04 52935.28322 19.557 0.086 23.029399 -1.069388
52963.205462 21.576 0.11 52963.207128 20.938 0.034 52963.203795 20.321 0.024 52963.204628 20.144 0.028 52963.206295 19.564 0.056 23.029399 -1.069388
52971.196378 21.752 0.175 52971.198044 20.793 0.037 52971.194711 20.29 0.029 52971.195544 20.111 0.037 52971.197211 19.677 0.077 23.029399 -1.069388
53351.127764 21.069 0.086 53351.12943 20.627 0.031 53351.126097 20.126 0.026 53351.12693 19.895 0.031 53351.128597 19.723 0.084 23.029399 -1.069388
53352.176528 21.179 0.119 53352.178194 20.645 0.034 53352.174861 20.11 0.027 53352.175694 19.95 0.035 53352.177361 19.638 0.088 23.029399 -1.069388
53622.384822 21.667 0.212 53622.386488 20.773 0.049 53622.383155 20.19 0.034 53622.383988 19.967 0.043 53622.385655 19.561 0.091 23.029399 -1.069388
53634.334293 23.685 4.56 53634.335959 20.677 0.138 53634.332626 20.257 0.081 53634.333459 19.879 0.062 53634.335126 19.602 0.131 23.029399 -1.069388
53638.375629 21.292 0.15 53638.377295 20.751 0.044 53638.373962 20.151 0.027 53638.374795 20.002 0.032 53638.376462 19.57 0.076 23.029399 -1.069388
53640.339665 21.516 0.172 53640.341331 20.731 0.041 53640.337998 20.2 0.028 53640.338831 19.973 0.032 53640.340498 19.695 0.095 23.029399 -1.069388
53655.311837 21.503 0.19 53655.313503 20.731 0.044 53655.31017 20.274 0.039 53655.311003 20.108 0.045 53655.31267 19.575 0.104 23.029399 -1.069388
53664.336792 20.979 0.286 53664.338458 20.506 0.083 53664.335125 20.12 0.089 53664.335958 19.975 0.1 53664.337625 19.281 0.101 23.029399 -1.069388
53669.296037 21.121 0.097 53669.297703 20.692 0.032 53669.29437 20.224 0.025 53669.295203 20.029 0.031 53669.29687 19.516 0.067 23.029399 -1.069388
53671.380799 21.271 0.208 53671.382465 20.648 0.046 53671.379132 20.126 0.033 53671.379965 19.988 0.043 53671.381632 19.556 0.103 23.029399 -1.069388
53674.280274 21.648 0.269 53674.28194 20.798 0.051 53674.278607 20.241 0.035 53674.27944 20.063 0.048 53674.281107 19.459 0.095 23.029399 -1.069388
53676.369742 21.188 0.148 53676.371408 20.646 0.036 53676.368075 20.143 0.03 53676.368908 19.987 0.032 53676.370575 19.449 0.068 23.029399 -1.069388
53679.341638 21.422 0.203 53679.343304 20.74 0.05 53679.339971 20.15 0.039 53679.340804 19.995 0.045 53679.342471 19.536 0.105 23.029399 -1.069388
53681.333152 21.388 0.147 53681.334818 20.673 0.033 53681.331485 20.175 0.024 53681.332318 20.074 0.031 53681.333985 19.656 0.074 23.029399 -1.069388
53685.292205 21.79 0.358 53685.293871 20.561 0.066 53685.290538 20.171 0.045 53685.291371 20.068 0.045 53685.293038 19.536 0.074 23.029399 -1.069388
53694.306086 -99.99 0.338 53694.307752 20.67 0.116 53694.304419 20.167 0.066 53694.305252 20.146 0.079 53694.306919 19.65 0.146 23.029399 -1.069388
53697.290175 21.222 0.195 53697.291841 20.609 0.052 53697.288508 20.046 0.037 53697.289341 19.975 0.043 53697.291008 19.456 0.077 23.029399 -1.069388
53700.289132 21.387 0.19 53700.290798 20.641 0.045 53700.287465 20.094 0.033 53700.288298 19.983 0.043 53700.289965 19.545 0.11 23.029399 -1.069388
53705.275803 21.086 0.118 53705.277469 20.616 0.033 53705.274136 20.099 0.027 53705.274969 19.957 0.03 53705.276636 19.542 0.067 23.029399 -1.069388
53975.360812 20.718 0.067 53975.362479 20.452 0.025 53975.359146 19.919 0.026 53975.359979 19.793 0.025 53975.361646 19.422 0.057 23.029399 -1.069388
53990.373683 20.86 0.18 53990.37535 20.435 0.047 53990.372017 19.975 0.029 53990.37285 19.864 0.048 53990.374517 19.305 0.056 23.029399 -1.069388
53994.38381 20.966 0.095 53994.385476 20.44 0.032 53994.382143 19.943 0.024 53994.382976 19.857 0.031 53994.384643 19.474 0.072 23.029399 -1.069388
53996.367528 20.831 0.081 53996.369194 20.407 0.033 53996.365861 19.957 0.025 53996.366694 19.812 0.031 53996.368361 19.497 0.069 23.029399 -1.069388
54010.321644 20.887 0.067 54010.323311 20.447 0.028 54010.319977 19.941 0.017 54010.320811 19.768 0.022 54010.322477 19.479 0.048 23.029399 -1.069388
54012.314494 20.678 0.13 54012.31616 20.495 0.059 54012.312827 19.961 0.031 54012.31366 19.778 0.032 54012.315327 19.386 0.067 23.029399 -1.069388
54020.320485 20.712 0.102 54020.322152 20.42 0.04 54020.318818 19.919 0.024 54020.319652 19.808 0.027 54020.321318 19.478 0.072 23.029399 -1.069388
54024.402134 20.709 0.144 54024.4038 20.483 0.049 54024.400467 19.97 0.04 54024.4013 19.856 0.049 54024.402967 19.533 0.117 23.029399 -1.069388
54028.390357 21.342 0.192 54028.392023 20.509 0.061 54028.38869 20.026 0.027 54028.389523 19.781 0.034 54028.39119 19.541 0.11 23.029399 -1.069388
54030.314031 20.987 0.077 54030.315698 20.459 0.027 54030.312364 19.988 0.02 54030.313198 19.852 0.023 54030.314864 19.378 0.052 23.029399 -1.069388
54035.389781 21.169 0.214 54035.391447 20.55 0.047 54035.388114 20.056 0.041 54035.388947 19.835 0.049 54035.390614 19.474 0.118 23.029399 -1.069388
54037.295285 21.104 0.08 54037.296952 20.466 0.025 54037.293618 20.016 0.02 54037.294452 19.828 0.023 54037.296118 19.492 0.053 23.029399 -1.069388
54040.309777 20.825 0.134 54040.311443 20.444 0.049 54040.30811 19.969 0.031 54040.308943 19.789 0.032 54040.31061 19.496 0.07 23.029399 -1.069388
54047.340483 -99.99 0.643 54047.34215 -99.99 0.16 54047.338816 -99.99 0.091 54047.33965 -99.99 0.128 54047.341316 -99.99 0.151 23.029399 -1.069388
54049.336233 21.209 0.308 54049.3379 20.499 0.064 54049.334566 19.976 0.039 54049.3354 19.8 0.041 54049.337066 19.358 0.079 23.029399 -1.069388
54053.300575 21.045 0.099 54053.302242 20.517 0.032 54053.298909 20.047 0.025 54053.299742 19.823 0.033 54053.301409 19.481 0.072 23.029399 -1.069388
54056.302201 21.034 0.133 54056.303868 20.563 0.035 54056.300535 20.061 0.036 54056.301368 19.855 0.037 54056.303035 19.459 0.078 23.029399 -1.069388
54059.29655 21.492 0.212 54059.298216 20.472 0.051 54059.294883 20.009 0.026 54059.295716 19.852 0.042 54059.297383 19.403 0.08 23.029399 -1.069388
54061.307577 21.229 0.204 54061.309244 20.43 0.039 54061.305911 20.008 0.032 54061.306744 19.933 0.041 54061.308411 19.619 0.112 23.029399 -1.069388
54062.301376 21.02 0.108 54062.303043 20.534 0.03 54062.29971 19.959 0.021 54062.300543 19.86 0.028 54062.30221 19.41 0.066 23.029399 -1.069388
54068.281994 21.383 0.268 54068.283661 20.569 0.061 54068.280327 19.995 0.037 54068.281161 19.846 0.039 54068.282827 19.439 0.074 23.029399 -1.069388
54357.339707 21.108 0.089 54357.341373 20.472 0.026 54357.33804 19.976 0.02 54357.338873 19.824 0.026 54357.34054 19.395 0.048 23.029399 -1.069388
54359.371404 21.02 0.149 54359.37307 20.476 0.041 54359.369737 20.008 0.026 54359.37057 19.86 0.039 54359.372237 19.305 0.109 23.029399 -1.069388
54362.389508 21.045 0.077 54362.391175 20.471 0.025 54362.387842 20.025 0.024 54362.388675 19.838 0.026 54362.390342 19.527 0.066 23.029399 -1.069388
54376.384598 21.278 0.133 54376.386264 20.572 0.033 54376.382931 20.048 0.028 54376.383764 19.844 0.025 54376.385431 19.469 0.059 23.029399 -1.069388
54382.369709 21.041 0.132 54382.371376 20.487 0.039 54382.368042 20.043 0.033 54382.368876 19.917 0.044 54382.370542 19.501 0.109 23.029399 -1.069388
54385.387524 21.089 0.093 54385.389191 20.593 0.03 54385.385858 20.022 0.02 54385.386691 19.861 0.025 54385.388358 19.438 0.053 23.029399 -1.069388
54390.380426 21.323 0.166 54390.382092 20.5 0.038 54390.378759 20.115 0.034 54390.379592 19.867 0.039 54390.381259 19.535 0.111 23.029399 -1.069388
54391.38886 21.186 0.201 54391.390527 20.709 0.069 54391.387194 20.025 0.043 54391.388027 19.895 0.06 54391.389694 19.475 0.122 23.029399 -1.069388
54402.381174 22.401 1.199 54402.382841 20.59 0.093 54402.379507 20.093 0.045 54402.380341 19.947 0.044 54402.382007 19.503 0.091 23.029399 -1.069388
