51075.361073 19.191 0.024 51075.362739 19.064 0.01 51075.359406 19.104 0.012 51075.360239 18.9 0.017 51075.361906 19.005 0.056 22.09852 0.697185
52196.380263 19.741 0.038 52196.381929 19.692 0.015 52196.378596 19.626 0.018 52196.379429 19.31 0.021 52196.381096 19.258 0.06 22.09852 0.697185
52197.37467 19.726 0.036 52197.376336 19.669 0.014 52197.373003 19.654 0.018 52197.373836 19.335 0.021 52197.375503 19.349 0.06 22.09852 0.697185
52207.347073 19.755 0.038 52207.348739 19.655 0.014 52207.345406 19.615 0.016 52207.346239 19.291 0.019 52207.347906 19.417 0.059 22.09852 0.697185
52225.224872 19.766 0.035 52225.226538 19.668 0.014 52225.223205 19.615 0.017 52225.224038 19.314 0.018 52225.225705 19.442 0.059 22.09852 0.697185
52231.260653 19.786 0.037 52231.262319 19.645 0.014 52231.258986 19.637 0.016 52231.259819 19.361 0.019 52231.261486 19.419 0.056 22.09852 0.697185
52234.231743 19.772 0.037 52234.233409 19.652 0.014 52234.230076 19.627 0.017 52234.230909 19.375 0.02 52234.232576 19.438 0.056 22.09852 0.697185
52282.121728 19.782 0.038 52282.123394 19.685 0.017 52282.120061 19.649 0.019 52282.120894 19.323 0.022 52282.122561 19.449 0.07 22.09852 0.697185
52287.075591 19.837 0.037 52287.077257 19.697 0.016 52287.073924 19.657 0.018 52287.074757 19.366 0.021 52287.076424 19.467 0.064 22.09852 0.697185
52552.394295 20.015 0.04 52552.395961 19.916 0.017 52552.392628 19.856 0.019 52552.393461 19.528 0.022 52552.395128 19.614 0.066 22.09852 0.697185
52557.368653 19.994 0.05 52557.370319 19.919 0.019 52557.366986 19.81 0.022 52557.367819 19.492 0.026 52557.369486 19.688 0.103 22.09852 0.697185
52578.264739 20.101 0.041 52578.266405 19.944 0.016 52578.263072 19.893 0.02 52578.263905 19.568 0.022 52578.265572 19.745 0.077 22.09852 0.697185
52908.343219 19.59 0.032 52908.344885 19.451 0.012 52908.341552 19.494 0.015 52908.342385 19.268 0.018 52908.344052 19.306 0.055 22.09852 0.697185
52912.322658 19.642 0.036 52912.324324 19.49 0.013 52912.320991 19.485 0.015 52912.321824 19.298 0.02 52912.323491 19.336 0.056 22.09852 0.697185
52934.275123 19.484 0.035 52934.276789 19.445 0.013 52934.273456 19.462 0.016 52934.274289 19.248 0.02 52934.275956 19.258 0.069 22.09852 0.697185
52936.271049 19.533 0.031 52936.272715 19.447 0.013 52936.269382 19.453 0.015 52936.270215 19.242 0.018 52936.271882 19.331 0.055 22.09852 0.697185
53270.33512 19.42 0.032 53270.336787 -99.99 0.067 53270.333453 19.276 0.013 53270.334287 19.117 0.016 53270.335953 -99.99 0.105 22.09852 0.697185
53272.38505 19.416 0.033 53272.386716 19.279 0.013 53272.383383 19.296 0.015 53272.384216 19.107 0.018 53272.385883 19.259 0.061 22.09852 0.697185
53286.353769 19.383 0.032 53286.355435 19.277 0.012 53286.352102 19.284 0.014 53286.352935 19.1 0.016 53286.354602 19.142 0.044 22.09852 0.697185
53288.312262 19.438 0.03 53288.313928 19.274 0.011 53288.310595 19.294 0.014 53288.311428 19.099 0.016 53288.313095 19.205 0.048 22.09852 0.697185
53294.359935 19.424 0.033 53294.361601 19.301 0.013 53294.358268 19.354 0.021 53294.359101 19.11 0.022 53294.360768 19.133 0.054 22.09852 0.697185
53296.306944 19.4 0.037 53296.30861 -99.99 0.059 53296.305277 19.334 0.021 53296.30611 19.133 0.026 53296.307777 19.206 0.067 22.09852 0.697185
53298.356713 19.444 0.034 53298.358379 19.278 0.013 53298.355046 19.331 0.017 53298.355879 19.06 0.019 53298.357546 19.228 0.062 22.09852 0.697185
53302.307929 19.322 0.045 53302.309595 19.286 0.021 53302.306262 19.339 0.025 53302.307095 19.133 0.025 53302.308762 19.118 0.05 22.09852 0.697185
53312.263508 19.408 0.055 53312.265175 19.395 0.022 53312.261842 19.304 0.019 53312.262675 19.116 0.023 53312.264342 19.151 0.064 22.09852 0.697185
53314.264659 19.463 0.031 53314.266325 19.343 0.012 53314.262992 19.348 0.016 53314.263825 19.163 0.02 53314.265492 19.142 0.056 22.09852 0.697185
53319.252456 19.479 0.037 53319.254122 19.367 0.015 53319.250789 19.362 0.018 53319.251622 19.149 0.022 53319.253289 19.17 0.073 22.09852 0.697185
53616.369018 19.495 0.04 53616.370684 19.369 0.015 53616.367351 19.353 0.017 53616.368184 19.159 0.022 53616.369851 19.19 0.076 22.09852 0.697185
53626.345444 19.527 0.038 53626.34711 19.395 0.018 53626.343777 19.383 0.017 53626.34461 19.109 0.02 53626.346277 -99.99 0.097 22.09852 0.697185
53628.330309 19.569 0.062 53628.331975 19.388 0.024 53628.328642 19.391 0.023 53628.329475 19.144 0.022 53628.331142 19.273 0.062 22.09852 0.697185
53637.331926 19.381 0.046 53637.333592 19.378 0.019 53637.330259 19.384 0.019 53637.331092 19.126 0.022 53637.332759 19.227 0.068 22.09852 0.697185
53639.377302 19.552 0.035 53639.378968 19.335 0.013 53639.375635 19.374 0.014 53639.376468 19.156 0.016 53639.378135 19.233 0.042 22.09852 0.697185
53641.376469 19.521 0.033 53641.378135 19.353 0.012 53641.374802 19.352 0.014 53641.375635 19.141 0.016 53641.377302 19.193 0.045 22.09852 0.697185
53654.358995 19.445 0.032 53654.360661 19.343 0.012 53654.357328 19.392 0.015 53654.358161 19.137 0.018 53654.359828 19.245 0.057 22.09852 0.697185
53663.3199 19.53 0.051 53663.321566 -99.99 0.021 53663.318233 19.394 0.019 53663.319066 19.123 0.018 53663.320733 19.246 0.052 22.09852 0.697185
53666.389993 19.476 0.057 53666.391659 19.373 0.019 53666.388326 19.388 0.017 53666.389159 19.182 0.019 53666.390826 19.219 0.056 22.09852 0.697185
53668.3095 19.461 0.038 53668.311166 19.344 0.016 53668.307833 19.355 0.017 53668.308666 19.164 0.02 53668.310333 19.117 0.057 22.09852 0.697185
53670.314352 19.504 0.037 53670.316018 19.355 0.013 53670.312685 19.389 0.017 53670.313518 19.162 0.019 53670.315185 19.176 0.066 22.09852 0.697185
53673.282339 19.488 0.032 53673.284005 19.35 0.012 53673.280672 19.344 0.014 53673.281505 19.138 0.017 53673.283172 19.254 0.051 22.09852 0.697185
53675.279227 19.444 0.032 53675.280893 19.377 0.012 53675.27756 19.363 0.015 53675.278393 19.169 0.019 53675.28006 19.186 0.054 22.09852 0.697185
53677.300257 19.418 0.031 53677.301923 19.357 0.012 53677.29859 19.387 0.014 53677.299423 19.109 0.016 53677.30109 19.256 0.044 22.09852 0.697185
53680.286924 19.536 0.032 53680.28859 19.352 0.012 53680.285257 19.363 0.015 53680.28609 19.143 0.017 53680.287757 19.191 0.044 22.09852 0.697185
53686.286357 19.509 0.086 53686.288023 19.292 0.032 53686.28469 19.39 0.032 53686.285523 19.128 0.03 53686.28719 19.221 0.077 22.09852 0.697185
53693.288818 19.512 0.064 53693.290484 19.396 0.024 53693.287151 19.402 0.023 53693.287984 19.135 0.021 53693.289651 19.317 0.059 22.09852 0.697185
53698.286207 19.529 0.036 53698.287873 19.366 0.013 53698.28454 19.36 0.015 53698.285373 19.146 0.019 53698.28704 19.202 0.049 22.09852 0.697185
53704.272139 19.51 0.038 53704.273805 19.387 0.014 53704.270472 19.397 0.017 53704.271305 19.19 0.023 53704.272972 19.34 0.076 22.09852 0.697185
53989.368212 19.576 0.069 53989.369879 19.494 0.032 53989.366545 19.422 0.027 53989.367379 19.193 0.03 53989.369045 19.236 0.058 22.09852 0.697185
53995.382845 19.659 0.031 53995.384511 19.507 0.017 53995.381178 19.445 0.017 53995.382011 19.201 0.017 53995.383678 19.24 0.04 22.09852 0.697185
54000.343609 19.719 0.037 54000.345276 19.505 0.015 54000.341943 19.421 0.017 54000.342776 19.214 0.021 54000.344443 19.28 0.058 22.09852 0.697185
54006.29042 -99.99 0.301 54006.292086 -99.99 0.094 54006.288753 -99.99 0.023 54006.289586 -99.99 0.363 54006.291253 -99.99 0.151 22.09852 0.697185
54007.393759 19.662 0.049 54007.395426 19.516 0.028 54007.392093 19.451 0.021 54007.392926 19.22 0.023 54007.394593 19.23 0.058 22.09852 0.697185
54009.317564 19.73 0.042 54009.31923 19.473 0.014 54009.315897 19.442 0.016 54009.31673 19.206 0.019 54009.318397 19.339 0.046 22.09852 0.697185
54011.382034 19.685 0.038 54011.3837 19.521 0.016 54011.380367 19.435 0.018 54011.3812 19.205 0.018 54011.382867 19.23 0.038 22.09852 0.697185
54025.381025 19.761 0.049 54025.382692 19.539 0.032 54025.379358 19.427 0.025 54025.380192 19.215 0.026 54025.381858 19.243 0.062 22.09852 0.697185
54029.311376 19.652 0.037 54029.313043 19.536 0.021 54029.30971 19.454 0.019 54029.310543 19.218 0.026 54029.31221 19.344 0.061 22.09852 0.697185
54348.378776 19.159 0.031 54348.380442 19.1 0.018 54348.377109 19.172 0.027 54348.377942 18.99 0.019 54348.379609 19.074 0.046 22.09852 0.697185
54358.334623 19.129 0.035 54358.33629 19.081 0.02 54358.332956 19.172 0.024 54358.33379 19.021 0.026 54358.335456 19.074 0.057 22.09852 0.697185
54359.328639 19.014 0.057 54359.330306 19.13 0.035 54359.326972 19.185 0.04 54359.327806 19.04 0.052 54359.329472 19.082 0.187 22.09852 0.697185
54365.367689 -99.99 0.031 54365.369356 19.073 0.017 54365.366023 19.137 0.016 54365.366856 18.976 0.018 54365.368523 19.039 0.034 22.09852 0.697185
54381.387286 19.308 0.038 54381.388952 -99.99 0.02 54381.385619 19.167 0.016 54381.386452 18.981 0.02 54381.388119 19.129 0.042 22.09852 0.697185
54384.393885 19.256 0.027 54384.395552 19.146 0.025 54384.392219 19.182 0.017 54384.393052 19.022 0.018 54384.394719 19.084 0.043 22.09852 0.697185
54386.379569 19.255 0.036 54386.381236 19.12 0.02 54386.377902 19.208 0.023 54386.378736 19.016 0.021 54386.380402 19.047 0.04 22.09852 0.697185
54388.38384 19.283 0.031 54388.385507 19.131 0.032 54388.382173 19.185 0.023 54388.383007 19.063 0.019 54388.384673 19.197 0.051 22.09852 0.697185
54392.381389 19.381 0.037 54392.383056 19.174 0.032 54392.379722 19.161 0.017 54392.380556 19.037 0.02 54392.382222 19.085 0.058 22.09852 0.697185
54403.297604 19.148 0.05 54403.299271 19.145 0.027 54403.295937 19.169 0.023 54403.296771 19.013 0.026 54403.298437 19.052 0.066 22.09852 0.697185
54404.355138 19.213 0.037 54404.356805 19.187 0.017 54404.353472 19.195 0.022 54404.354305 19.063 0.023 54404.355972 19.186 0.059 22.09852 0.697185
54405.353151 19.214 0.031 54405.354817 19.16 0.021 54405.351484 19.15 0.016 54405.352317 19.017 0.018 54405.353984 19.003 0.039 22.09852 0.697185
54406.291478 19.187 0.028 54406.293145 19.159 0.023 54406.289812 19.193 0.016 54406.290645 19.04 0.018 54406.292312 19.079 0.038 22.09852 0.697185
54412.317233 -99.99 0.033 54412.3189 19.173 0.021 54412.315566 19.177 0.015 54412.3164 19.036 0.02 54412.318066 19.022 0.05 22.09852 0.697185
