51081.343296 20.606 0.078 51081.344962 20.028 0.025 51081.341629 19.774 0.022 51081.342462 19.427 0.026 51081.344129 19.504 0.081 21.561024 -1.047163
52196.378791 20.525 0.073 52196.380457 20.049 0.02 52196.377124 19.679 0.018 52196.377957 19.467 0.023 52196.379624 19.368 0.074 21.561024 -1.047163
52197.373209 20.445 0.057 52197.374875 19.982 0.021 52197.371542 19.709 0.018 52197.372375 19.478 0.022 52197.374042 19.483 0.075 21.561024 -1.047163
52207.345563 20.436 0.058 52207.347229 20.05 0.019 52207.343896 19.712 0.018 52207.344729 19.454 0.02 52207.346396 19.394 0.065 21.561024 -1.047163
52225.223381 20.495 0.054 52225.225047 20.029 0.019 52225.221714 19.71 0.019 52225.222547 19.47 0.021 52225.224214 19.401 0.063 21.561024 -1.047163
52231.259165 20.376 0.053 52231.260831 20.055 0.019 52231.257498 19.694 0.017 52231.258331 19.49 0.021 52231.259998 19.49 0.068 21.561024 -1.047163
52234.230254 20.535 0.064 52234.23192 20.058 0.021 52234.228587 19.672 0.017 52234.22942 19.432 0.02 52234.231087 19.418 0.064 21.561024 -1.047163
52282.120237 20.474 0.06 52282.121903 20.051 0.022 52282.11857 19.729 0.02 52282.119403 19.486 0.023 52282.12107 19.459 0.08 21.561024 -1.047163
52288.073521 20.597 0.062 52288.075187 20.057 0.021 52288.071854 19.711 0.019 52288.072687 19.421 0.02 52288.074354 19.4 0.054 21.561024 -1.047163
52551.346816 20.502 0.072 52551.348482 20.015 0.024 52551.345149 19.716 0.023 52551.345982 19.447 0.023 52551.347649 19.38 0.07 21.561024 -1.047163
52552.392806 20.483 0.059 52552.394472 20.006 0.019 52552.391139 19.68 0.017 52552.391972 19.458 0.021 52552.393639 19.429 0.068 21.561024 -1.047163
52557.367164 20.403 0.063 52557.36883 19.987 0.022 52557.365497 19.717 0.02 52557.36633 19.438 0.023 52557.367997 19.414 0.081 21.561024 -1.047163
52558.379691 20.282 0.048 52558.381357 19.99 0.018 52558.378024 19.689 0.016 52558.378857 19.442 0.017 52558.380524 19.373 0.049 21.561024 -1.047163
52577.267197 20.337 0.051 52577.268863 19.934 0.019 52577.26553 19.663 0.017 52577.266363 19.444 0.02 52577.26803 19.344 0.057 21.561024 -1.047163
52578.263251 20.387 0.054 52578.264917 19.929 0.017 52578.261584 19.647 0.018 52578.262417 19.391 0.021 52578.264084 19.286 0.061 21.561024 -1.047163
52908.34173 20.443 0.057 52908.343396 19.972 0.019 52908.340063 19.69 0.018 52908.340896 19.432 0.021 52908.342563 19.414 0.061 21.561024 -1.047163
52910.351153 20.358 0.053 52910.352819 19.946 0.019 52910.349486 19.701 0.017 52910.350319 19.419 0.019 52910.351986 19.342 0.055 21.561024 -1.047163
52912.321168 20.369 0.058 52912.322834 19.931 0.02 52912.319501 19.669 0.018 52912.320334 19.405 0.021 52912.322001 19.342 0.066 21.561024 -1.047163
52931.281357 20.492 0.061 52931.283023 19.996 0.02 52931.27969 19.725 0.018 52931.280523 19.465 0.021 52931.28219 19.415 0.06 21.561024 -1.047163
52934.273633 20.549 0.066 52934.275299 20.049 0.021 52934.271966 19.704 0.02 52934.272799 19.498 0.024 52934.274466 19.299 0.071 21.561024 -1.047163
52935.278321 20.487 0.066 52935.279987 19.95 0.02 52935.276654 19.706 0.021 52935.277487 19.387 0.022 52935.279154 19.362 0.074 21.561024 -1.047163
52936.269558 20.519 0.058 52936.271224 19.997 0.019 52936.267891 19.693 0.019 52936.268724 19.42 0.022 52936.270391 19.359 0.061 21.561024 -1.047163
52963.201394 20.428 0.046 52963.20306 19.981 0.018 52963.199727 19.723 0.017 52963.20056 19.46 0.018 52963.202227 19.211 0.042 21.561024 -1.047163
52971.192311 20.514 0.058 52971.193977 19.983 0.021 52971.190644 19.687 0.018 52971.191477 19.457 0.02 52971.193144 19.415 0.055 21.561024 -1.047163
53270.33367 20.417 0.054 53270.335337 19.88 0.022 53270.332004 19.644 0.021 53270.332837 19.416 0.035 53270.334504 19.375 0.054 21.561024 -1.047163
53272.38356 20.519 0.075 53272.385226 19.909 0.022 53272.381893 19.602 0.018 53272.382726 19.454 0.024 53272.384393 19.444 0.072 21.561024 -1.047163
53286.35228 20.297 0.061 53286.353946 19.963 0.021 53286.350613 19.686 0.019 53286.351446 19.391 0.019 53286.353113 19.439 0.061 21.561024 -1.047163
53288.310771 20.546 0.063 53288.312437 19.974 0.018 53288.309104 19.65 0.017 53288.309937 19.406 0.02 53288.311604 19.382 0.059 21.561024 -1.047163
53294.358447 20.243 0.072 53294.360113 19.926 0.023 53294.35678 19.649 0.024 53294.357613 19.36 0.027 53294.35928 19.211 0.07 21.561024 -1.047163
53296.305532 20.555 0.075 53296.307199 19.96 0.032 53296.303866 19.598 0.025 53296.304699 19.409 0.031 53296.306366 19.333 0.077 21.561024 -1.047163
53298.355223 20.369 0.061 53298.356889 19.923 0.02 53298.353556 19.641 0.022 53298.354389 19.4 0.024 53298.356056 19.382 0.075 21.561024 -1.047163
53302.306439 20.253 0.122 53302.308105 19.939 0.035 53302.304772 19.649 0.028 53302.305605 19.33 0.027 53302.307272 19.293 0.075 21.561024 -1.047163
53312.261992 20.246 0.075 53312.263659 19.888 0.04 53312.260325 19.619 0.025 53312.261159 19.452 0.033 53312.262825 19.302 0.08 21.561024 -1.047163
53314.263169 20.368 0.064 53314.264835 19.876 0.021 53314.261502 19.645 0.021 53314.262335 19.394 0.025 53314.264002 19.265 0.069 21.561024 -1.047163
53319.250967 20.381 0.069 53319.252633 19.917 0.025 53319.2493 19.667 0.022 53319.250133 19.377 0.025 53319.2518 19.171 0.075 21.561024 -1.047163
53351.123697 20.336 0.054 53351.125363 19.979 0.021 53351.12203 19.693 0.022 53351.122863 19.411 0.025 53351.12453 19.32 0.063 21.561024 -1.047163
53352.172461 20.409 0.059 53352.174127 19.946 0.02 53352.170794 19.671 0.019 53352.171627 19.44 0.023 53352.173294 19.443 0.077 21.561024 -1.047163
53616.367527 -99.99 0.087 53616.369193 19.958 0.025 53616.36586 19.767 0.024 53616.366693 19.395 0.025 53616.36836 19.512 0.095 21.561024 -1.047163
53622.380755 20.415 0.074 53622.382421 20.012 0.026 53622.379088 19.74 0.022 53622.379921 19.501 0.026 53622.381588 19.189 0.075 21.561024 -1.047163
53626.343953 -99.99 0.088 53626.345619 19.964 0.023 53626.342286 -99.99 0.032 53626.343119 19.375 0.025 53626.344786 -99.99 0.089 21.561024 -1.047163
53628.328818 20.67 0.17 53628.330484 19.972 0.039 53628.327151 19.735 0.03 53628.327984 19.487 0.031 53628.329651 19.415 0.078 21.561024 -1.047163
53634.330226 20.163 0.155 53634.331892 -99.99 0.072 53634.328559 19.686 0.041 53634.329392 19.513 0.038 53634.331059 19.393 0.096 21.561024 -1.047163
53637.330436 20.549 0.118 53637.332102 19.994 0.035 53637.328769 19.674 0.026 53637.329602 19.468 0.029 53637.331269 19.409 0.086 21.561024 -1.047163
53638.371562 20.401 0.07 53638.373228 20.006 0.023 53638.369895 19.709 0.018 53638.370728 19.486 0.021 53638.372395 19.439 0.062 21.561024 -1.047163
53639.375813 20.459 0.066 53639.377479 19.942 0.021 53639.374146 19.708 0.018 53639.374979 19.482 0.019 53639.376646 19.467 0.058 21.561024 -1.047163
53640.335598 20.511 0.074 53640.337264 20.002 0.023 53640.333931 19.765 0.019 53640.334764 19.443 0.022 53640.336431 19.461 0.063 21.561024 -1.047163
53641.374979 20.392 0.063 53641.376645 20.005 0.02 53641.373312 19.697 0.017 53641.374145 19.49 0.02 53641.375812 19.381 0.056 21.561024 -1.047163
53654.357506 20.389 0.062 53654.359172 20.01 0.02 53654.355839 19.692 0.019 53654.356672 19.412 0.023 53654.358339 19.454 0.077 21.561024 -1.047163
53655.30777 20.549 0.089 53655.309436 20.029 0.028 53655.306103 19.717 0.025 53655.306936 19.502 0.03 53655.308603 19.321 0.084 21.561024 -1.047163
53663.31841 20.528 0.126 53663.320076 19.968 0.034 53663.316743 19.703 0.025 53663.317576 19.42 0.023 53663.319243 19.354 0.06 21.561024 -1.047163
53664.332726 -99.99 0.243 53664.334392 19.882 0.07 53664.331059 -99.99 0.052 53664.331892 19.309 0.053 53664.333559 19.493 0.206 21.561024 -1.047163
53666.388507 20.507 0.129 53666.390173 20.056 0.035 53666.38684 19.662 0.022 53666.387673 19.423 0.023 53666.38934 19.35 0.066 21.561024 -1.047163
53668.308011 20.448 0.078 53668.309677 19.991 0.025 53668.306344 19.726 0.023 53668.307177 19.472 0.024 53668.308844 19.273 0.066 21.561024 -1.047163
53669.29197 20.546 0.063 53669.293636 20.021 0.02 53669.290303 19.734 0.019 53669.291136 19.451 0.021 53669.292803 19.429 0.061 21.561024 -1.047163
53670.312863 20.617 0.094 53670.314529 20.059 0.026 53670.311196 19.698 0.023 53670.312029 19.348 0.025 53670.313696 19.322 0.069 21.561024 -1.047163
53671.376733 20.602 0.108 53671.378399 -99.99 0.028 53671.375066 19.698 0.023 53671.375899 19.448 0.024 53671.377566 19.423 0.074 21.561024 -1.047163
53673.280849 20.51 0.065 53673.282515 19.984 0.019 53673.279182 19.712 0.019 53673.280015 19.434 0.02 53673.281682 19.348 0.058 21.561024 -1.047163
53674.276207 20.461 0.078 53674.277873 20.025 0.025 53674.27454 19.723 0.023 53674.275373 19.522 0.026 53674.27704 19.449 0.08 21.561024 -1.047163
53675.277737 20.473 0.06 53675.279403 20.096 0.021 53675.27607 19.682 0.02 53675.276903 19.512 0.022 53675.27857 19.469 0.073 21.561024 -1.047163
53676.365676 -99.99 0.109 53676.367342 20.069 0.028 53676.364009 19.728 0.022 53676.364842 19.463 0.023 53676.366509 19.61 0.085 21.561024 -1.047163
53677.298768 20.49 0.088 53677.300434 20.022 0.02 53677.297101 19.7 0.017 53677.297934 19.449 0.018 53677.299601 19.358 0.053 21.561024 -1.047163
53679.337572 20.397 0.086 53679.339238 -99.99 0.026 53679.335905 19.726 0.028 53679.336738 -99.99 0.03 53679.338405 19.147 0.081 21.561024 -1.047163
53680.285434 20.515 0.062 53680.2871 20.003 0.02 53680.283767 19.758 0.018 53680.2846 19.459 0.021 53680.286267 19.403 0.058 21.561024 -1.047163
53681.329085 20.519 0.069 53681.330751 19.97 0.02 53681.327418 19.727 0.019 53681.328251 19.457 0.02 53681.329918 19.382 0.057 21.561024 -1.047163
53685.288139 20.47 0.116 53685.289805 20.024 0.046 53685.286472 19.716 0.031 53685.287305 19.446 0.027 53685.288972 19.347 0.067 21.561024 -1.047163
53686.284868 20.429 0.183 53686.286534 19.983 0.067 53686.283201 19.687 0.042 53686.284034 19.507 0.043 53686.285701 19.476 0.098 21.561024 -1.047163
53694.302019 -99.99 0.2 53694.303685 20.019 0.061 53694.300352 -99.99 0.049 53694.301185 -99.99 0.039 53694.302852 -99.99 0.097 21.561024 -1.047163
53697.286108 20.392 0.101 53697.287774 20.048 0.036 53697.284441 19.681 0.025 53697.285274 19.455 0.027 53697.286941 19.359 0.078 21.561024 -1.047163
53698.284719 20.394 0.065 53698.286385 19.976 0.021 53698.283052 19.662 0.019 53698.283885 19.447 0.022 53698.285552 19.317 0.06 21.561024 -1.047163
53700.285067 20.344 0.087 53700.286733 19.974 0.025 53700.2834 19.738 0.024 53700.284233 19.462 0.029 53700.2859 19.376 0.1 21.561024 -1.047163
53704.270651 20.465 0.081 53704.272317 19.992 0.023 53704.268984 19.678 0.019 53704.269817 19.462 0.024 53704.271484 19.371 0.08 21.561024 -1.047163
53705.271736 20.439 0.07 53705.273402 19.997 0.022 53705.270069 19.71 0.019 53705.270902 19.497 0.021 53705.272569 19.309 0.057 21.561024 -1.047163
53975.356755 20.349 0.053 53975.358421 20.013 0.025 53975.355088 19.723 0.021 53975.355921 19.51 0.02 53975.357588 19.471 0.069 21.561024 -1.047163
53989.36671 20.738 0.187 53989.368376 20.051 0.049 53989.365043 19.64 0.035 53989.365876 19.472 0.03 53989.367543 19.279 0.072 21.561024 -1.047163
53990.369622 20.452 0.107 53990.371289 19.987 0.041 53990.367956 19.747 0.029 53990.368789 19.458 0.03 53990.370456 19.267 0.063 21.561024 -1.047163
53994.37975 20.479 0.055 53994.381416 19.997 0.022 53994.378083 19.707 0.023 53994.378916 19.459 0.025 53994.380583 19.338 0.055 21.561024 -1.047163
53995.381321 20.477 0.048 53995.382988 19.976 0.023 53995.379655 19.689 0.02 53995.380488 19.422 0.021 53995.382155 19.462 0.051 21.561024 -1.047163
53996.363551 -99.99 0.084 53996.365218 19.995 0.027 53996.361885 19.694 0.026 53996.362718 19.433 0.024 53996.364385 19.343 0.075 21.561024 -1.047163
54000.342165 20.319 0.055 54000.343832 19.975 0.024 54000.340499 19.755 0.035 54000.341332 19.494 0.039 54000.342999 19.427 0.069 21.561024 -1.047163
54006.288895 -99.99 0.102 54006.290561 -99.99 0.061 54006.287228 19.708 0.025 54006.288061 19.479 0.019 54006.289728 -99.99 99.999 21.561024 -1.047163
54007.392272 20.401 0.064 54007.393939 20.036 0.027 54007.390605 19.712 0.034 54007.391439 19.484 0.028 54007.393105 19.403 0.072 21.561024 -1.047163
54009.316081 20.412 0.051 54009.317748 19.972 0.026 54009.314415 19.729 0.023 54009.315248 19.46 0.022 54009.316915 19.366 0.052 21.561024 -1.047163
54010.317613 -99.99 0.054 54010.31928 19.973 0.036 54010.315947 19.716 0.018 54010.31678 19.445 0.022 54010.318447 19.408 0.051 21.561024 -1.047163
54011.380551 20.443 0.051 54011.382218 20.005 0.026 54011.378885 19.722 0.021 54011.379718 19.452 0.028 54011.381385 19.329 0.045 21.561024 -1.047163
54012.310471 20.438 0.108 54012.312138 20.062 0.04 54012.308804 19.69 0.028 54012.309638 19.502 0.033 54012.311304 19.32 0.06 21.561024 -1.047163
54020.316474 -99.99 0.095 54020.31814 19.996 0.035 54020.314807 19.715 0.039 54020.31564 19.454 0.03 54020.317307 19.429 0.071 21.561024 -1.047163
54024.398146 20.494 0.111 54024.399813 20.004 0.044 54024.396479 19.683 0.03 54024.397313 19.53 0.044 54024.398979 19.44 0.104 21.561024 -1.047163
54025.379646 20.529 0.091 54025.381312 19.996 0.029 54025.377979 19.771 0.027 54025.378812 19.554 0.033 54025.380479 19.415 0.079 21.561024 -1.047163
54028.386335 20.436 0.075 54028.388001 20.028 0.038 54028.384668 19.679 0.021 54028.385501 19.438 0.031 54028.387168 19.104 0.113 21.561024 -1.047163
54029.30991 20.445 0.063 54029.311576 20.014 0.026 54029.308243 19.671 0.026 54029.309076 19.479 0.025 54029.310743 19.39 0.079 21.561024 -1.047163
54030.310029 20.473 0.054 54030.311696 -99.99 0.028 54030.308363 19.758 0.025 54030.309196 19.462 0.024 54030.310863 19.569 0.112 21.561024 -1.047163
54035.385806 20.737 0.138 54035.387473 20.006 0.029 54035.38414 19.757 0.041 54035.384973 19.456 0.037 54035.38664 19.166 0.099 21.561024 -1.047163
54037.291233 20.501 0.057 54037.292899 19.979 0.022 54037.289566 19.705 0.029 54037.290399 19.545 0.029 54037.292066 19.445 0.052 21.561024 -1.047163
54040.305697 20.677 0.117 54040.307363 20.031 0.039 54040.30403 19.716 0.027 54040.304863 19.441 0.028 54040.30653 -99.99 0.062 21.561024 -1.047163
54049.332174 20.544 0.161 54049.333841 20.011 0.047 54049.330507 19.71 0.039 54049.331341 19.398 0.032 54049.333007 19.384 0.098 21.561024 -1.047163
54053.296476 20.582 0.072 54053.298143 20.004 0.023 54053.294809 19.687 0.022 54053.295643 19.455 0.022 54053.297309 19.253 0.101 21.561024 -1.047163
54056.298181 20.452 0.081 54056.299848 20.003 0.069 54056.296515 19.779 0.04 54056.297348 19.471 0.027 54056.299015 19.307 0.082 21.561024 -1.047163
54059.292491 20.532 0.082 54059.294157 -99.99 0.039 54059.290824 19.745 0.026 54059.291657 19.455 0.026 54059.293324 19.298 0.077 21.561024 -1.047163
54061.303556 -99.99 0.113 54061.305223 19.969 0.028 54061.30189 19.802 0.07 54061.302723 19.411 0.028 54061.30439 19.367 0.086 21.561024 -1.047163
54062.297402 20.398 0.063 54062.299069 20.012 0.032 54062.295735 19.714 0.022 54062.296569 19.524 0.023 54062.298235 19.388 0.063 21.561024 -1.047163
54068.277936 20.319 0.112 54068.279603 19.951 0.04 54068.276269 19.663 0.035 54068.277103 19.439 0.031 54068.278769 19.498 0.08 21.561024 -1.047163
54348.377272 20.473 0.085 54348.378938 20.124 0.029 54348.375605 19.706 0.024 54348.376438 19.451 0.027 54348.378105 19.495 0.074 21.561024 -1.047163
54357.335616 -99.99 0.049 54357.337283 20.078 0.029 54357.33395 19.668 0.027 54357.334783 19.464 0.025 54357.33645 19.4 0.049 21.561024 -1.047163
54358.333117 20.302 0.066 54358.334783 20.047 0.026 54358.33145 19.687 0.03 54358.332283 19.441 0.027 54358.33395 19.441 0.088 21.561024 -1.047163
54359.367357 20.527 0.077 54359.369023 20.079 0.032 54359.36569 19.742 0.03 54359.366523 19.509 0.03 54359.36819 19.289 0.08 21.561024 -1.047163
54362.385435 20.67 0.062 54362.387102 20.009 0.021 54362.383769 19.711 0.022 54362.384602 19.513 0.024 54362.386269 19.445 0.062 21.561024 -1.047163
54365.366188 20.527 0.054 54365.367855 20.045 0.028 54365.364522 19.717 0.02 54365.365355 19.484 0.023 54365.367022 19.43 0.057 21.561024 -1.047163
54376.380525 20.543 0.073 54376.382191 20.023 0.034 54376.378858 19.729 0.033 54376.379691 19.524 0.025 54376.381358 19.39 0.065 21.561024 -1.047163
54381.385778 20.521 0.069 54381.387444 20.06 0.024 54381.384111 19.781 0.021 54381.384944 19.459 0.027 54381.386611 19.337 0.056 21.561024 -1.047163
54382.365662 20.363 0.071 54382.367329 20.106 0.034 54382.363996 19.693 0.035 54382.364829 19.548 0.035 54382.366496 19.334 0.088 21.561024 -1.047163
54384.392391 20.623 0.071 54384.394058 20.073 0.028 54384.390725 19.759 0.024 54384.391558 19.495 0.025 54384.393225 19.375 0.057 21.561024 -1.047163
54385.383503 20.497 0.056 54385.38517 20.107 0.033 54385.381836 19.697 0.026 54385.38267 19.514 0.023 54385.384336 19.535 0.131 21.561024 -1.047163
54386.378128 20.555 0.1 54386.379795 20.057 0.024 54386.376461 19.734 0.033 54386.377295 19.486 0.03 54386.378961 19.487 0.075 21.561024 -1.047163
54387.38399 -99.99 0.09 54387.385657 -99.99 0.032 54387.382323 19.795 0.043 54387.383157 19.509 0.036 54387.384823 19.335 0.077 21.561024 -1.047163
54388.382332 20.51 0.092 54388.383999 20.05 0.024 54388.380666 19.771 0.02 54388.381499 19.468 0.024 54388.383166 19.47 0.071 21.561024 -1.047163
54390.37635 -99.99 0.741 54390.378016 20.093 0.026 54390.374683 -99.99 0.042 54390.375516 -99.99 0.108 54390.377183 -99.99 0.124 21.561024 -1.047163
54391.384801 20.604 0.119 54391.386468 20.097 0.034 54391.383135 19.742 0.036 54391.383968 19.517 0.04 54391.385635 19.202 0.098 21.561024 -1.047163
54392.379908 20.735 0.093 54392.381574 20.12 0.04 54392.378241 19.801 0.026 54392.379074 19.494 0.03 54392.380741 19.342 0.074 21.561024 -1.047163
54402.377117 20.861 0.312 54402.378784 20.145 0.063 54402.375451 19.736 0.036 54402.376284 19.538 0.037 54402.377951 19.611 0.097 21.561024 -1.047163
54403.296139 20.577 0.133 54403.297806 20.085 0.054 54403.294472 19.759 0.03 54403.295306 19.434 0.032 54403.296972 19.423 0.086 21.561024 -1.047163
54405.351653 -99.99 0.09 54405.35332 20.084 0.034 54405.349986 19.748 0.02 54405.35082 19.468 0.023 54405.352486 19.555 0.069 21.561024 -1.047163
54406.289945 20.439 0.065 54406.291612 20.09 0.026 54406.288279 19.744 0.019 54406.289112 19.509 0.025 54406.290779 19.455 0.053 21.561024 -1.047163
54412.315751 20.405 0.07 54412.317418 20.048 0.027 54412.314085 19.755 0.021 54412.314918 19.496 0.027 54412.316585 19.531 0.078 21.561024 -1.047163
