51075.361817 20.538 0.057 51075.363483 20.192 0.019 51075.36015 19.665 0.019 51075.360983 19.594 0.024 51075.36265 19.641 0.117 22.368385 0.244251
52196.381029 21.04 0.102 52196.382695 20.426 0.024 52196.379362 19.854 0.02 52196.380195 19.816 0.026 52196.381862 19.694 0.106 22.368385 0.244251
52197.375415 21.023 0.103 52197.377081 20.476 0.024 52197.373748 19.85 0.021 52197.374581 19.715 0.025 52197.376248 19.752 0.104 22.368385 0.244251
52207.347825 20.907 0.087 52207.349491 20.443 0.023 52207.346158 19.879 0.02 52207.346991 19.784 0.023 52207.348658 19.739 0.092 22.368385 0.244251
52225.22562 20.867 0.079 52225.227286 20.331 0.02 52225.223953 19.845 0.018 52225.224786 19.693 0.022 52225.226453 19.692 0.087 22.368385 0.244251
52231.261401 20.759 0.076 52231.263067 20.331 0.021 52231.259734 19.793 0.018 52231.260567 19.65 0.022 52231.262234 19.643 0.083 22.368385 0.244251
52234.232491 20.742 0.084 52234.234157 20.357 0.022 52234.230824 19.827 0.019 52234.231657 19.707 0.022 52234.233324 19.782 0.091 22.368385 0.244251
52282.122475 20.613 0.075 52282.124141 20.227 0.022 52282.120808 19.697 0.02 52282.121641 19.544 0.023 52282.123308 19.631 0.108 22.368385 0.244251
52287.076339 20.692 0.08 52287.078005 20.199 0.021 52287.074672 19.688 0.02 52287.075505 19.575 0.023 52287.077172 19.523 0.093 22.368385 0.244251
52552.395042 20.101 0.047 52552.396708 19.825 0.016 52552.393375 19.409 0.014 52552.394208 19.384 0.017 52552.395875 19.345 0.072 22.368385 0.244251
52557.3694 20.061 0.058 52557.371066 19.832 0.016 52557.367733 19.384 0.016 52557.368566 19.342 0.023 52557.370233 19.421 0.1 22.368385 0.244251
52578.265487 20.348 0.052 52578.267153 19.869 0.014 52578.26382 19.453 0.014 52578.264653 19.393 0.019 52578.26632 19.561 0.083 22.368385 0.244251
52908.343967 20.437 0.061 52908.345633 20.041 0.017 52908.3423 19.548 0.015 52908.343133 19.409 0.018 52908.3448 19.637 0.09 22.368385 0.244251
52912.323405 20.38 0.063 52912.325071 20.057 0.018 52912.321738 19.546 0.016 52912.322571 19.432 0.02 52912.324238 19.411 0.072 22.368385 0.244251
52934.27587 20.557 0.077 52934.277536 20.079 0.019 52934.274203 19.559 0.017 52934.275036 19.468 0.022 52934.276703 19.361 0.086 22.368385 0.244251
52936.271796 20.51 0.065 52936.273462 20.02 0.016 52936.270129 19.546 0.016 52936.270962 19.451 0.019 52936.272629 19.391 0.075 22.368385 0.244251
53270.33601 -99.99 0.101 53270.337677 -99.99 0.037 53270.334343 19.491 0.019 53270.335177 19.416 0.016 53270.336843 -99.99 0.329 22.368385 0.244251
53272.385798 20.242 0.067 53272.387464 19.935 0.018 53272.384131 19.454 0.016 53272.384964 19.387 0.022 53272.386631 19.386 0.089 22.368385 0.244251
53286.354518 20.37 0.068 53286.356184 19.954 0.019 53286.352851 19.431 0.015 53286.353684 19.35 0.018 53286.355351 19.512 0.075 22.368385 0.244251
53288.313009 20.452 0.063 53288.314675 19.956 0.016 53288.311342 19.455 0.015 53288.312175 19.414 0.018 53288.313842 19.482 0.072 22.368385 0.244251
53294.360683 -99.99 0.074 53294.362349 19.864 0.019 53294.359016 19.36 0.02 53294.359849 19.279 0.021 53294.361516 19.234 0.084 22.368385 0.244251
53296.307762 20.367 0.078 53296.309429 19.877 0.036 53296.306095 19.455 0.019 53296.306929 19.314 0.023 53296.308595 19.455 0.105 22.368385 0.244251
53298.35746 20.227 0.063 53298.359126 19.886 0.018 53298.355793 19.459 0.018 53298.356626 19.35 0.021 53298.358293 19.324 0.085 22.368385 0.244251
53302.308676 20.338 0.099 53302.310342 19.859 0.03 53302.307009 19.435 0.026 53302.307842 19.344 0.024 53302.309509 19.293 0.07 22.368385 0.244251
53312.264208 20.188 0.079 53312.265875 19.904 0.033 53312.262541 19.419 0.022 53312.263375 19.374 0.026 53312.265041 19.337 0.093 22.368385 0.244251
53314.265407 20.38 0.066 53314.267073 19.884 0.017 53314.26374 19.428 0.017 53314.264573 19.326 0.02 53314.26624 19.34 0.077 22.368385 0.244251
53319.253204 20.407 0.093 53319.25487 19.898 0.021 53319.251537 19.412 0.019 53319.25237 19.347 0.024 53319.254037 19.581 0.129 22.368385 0.244251
53616.369764 -99.99 0.074 53616.37143 19.731 0.017 53616.368097 19.32 0.017 53616.36893 19.186 0.02 53616.370597 19.143 0.095 22.368385 0.244251
53626.346191 20.281 0.085 53626.347857 19.813 0.023 53626.344524 -99.99 0.016 53626.345357 19.186 0.022 53626.347024 -99.99 0.103 22.368385 0.244251
53628.331056 19.915 0.08 53628.332722 19.767 0.029 53628.329389 19.341 0.021 53628.330222 19.223 0.023 53628.331889 19.146 0.068 22.368385 0.244251
53637.332673 20.183 0.092 53637.334339 19.776 0.025 53637.331006 19.337 0.019 53637.331839 19.281 0.024 53637.333506 19.235 0.084 22.368385 0.244251
53639.378049 -99.99 0.052 53639.379715 19.729 0.016 53639.376382 19.317 0.014 53639.377215 19.227 0.016 53639.378882 19.283 0.06 22.368385 0.244251
53641.377217 20.08 0.052 53641.378883 19.749 0.014 53641.37555 19.294 0.013 53641.376383 19.229 0.016 53641.37805 19.256 0.06 22.368385 0.244251
53654.359742 20.074 0.054 53654.361408 19.75 0.014 53654.358075 19.308 0.014 53654.358908 19.228 0.017 53654.360575 19.215 0.07 22.368385 0.244251
53657.336099 -99.99 0.146 53657.337765 19.811 0.056 53657.334432 19.331 0.039 53657.335265 19.147 0.044 53657.336932 19.347 0.141 22.368385 0.244251
53663.320647 20.189 0.093 53663.322313 19.721 0.028 53663.31898 19.327 0.018 53663.319813 19.315 0.019 53663.32148 19.191 0.06 22.368385 0.244251
53665.298618 20.036 0.097 53665.300284 -99.99 0.087 53665.296951 -99.99 0.049 53665.297784 19.246 0.021 53665.299451 -99.99 0.172 22.368385 0.244251
53666.390742 20.18 0.105 53666.392408 19.764 0.024 53666.389075 19.308 0.017 53666.389908 19.199 0.018 53666.391575 19.291 0.072 22.368385 0.244251
53668.310248 20.214 0.071 53668.311914 19.758 0.021 53668.308581 19.314 0.016 53668.309414 19.216 0.019 53668.311081 19.335 0.093 22.368385 0.244251
53670.315099 20.157 0.074 53670.316765 19.747 0.017 53670.313432 19.365 0.018 53670.314265 19.247 0.022 53670.315932 19.204 0.075 22.368385 0.244251
53673.283086 20.026 0.052 53673.284752 19.75 0.014 53673.281419 19.311 0.014 53673.282252 19.251 0.016 53673.283919 19.389 0.072 22.368385 0.244251
53675.279974 20.125 0.052 53675.28164 19.768 0.014 53675.278307 19.302 0.015 53675.27914 19.224 0.018 53675.280807 19.182 0.066 22.368385 0.244251
53677.301005 20.195 0.051 53677.302671 19.777 0.015 53677.299338 19.329 0.014 53677.300171 19.229 0.016 53677.301838 19.241 0.059 22.368385 0.244251
53680.287671 20.058 0.05 53680.289337 19.775 0.014 53680.286004 19.324 0.014 53680.286837 19.23 0.016 53680.288504 19.393 0.068 22.368385 0.244251
53686.287104 20.384 0.194 53686.28877 19.763 0.048 53686.285437 19.301 0.029 53686.28627 19.208 0.032 53686.287937 -99.99 0.099 22.368385 0.244251
53693.289565 20.055 0.105 53693.291231 19.806 0.032 53693.287898 19.305 0.021 53693.288731 19.25 0.021 53693.290398 19.301 0.078 22.368385 0.244251
53698.286954 20.157 0.06 53698.28862 19.778 0.015 53698.285287 19.362 0.015 53698.28612 19.256 0.018 53698.287787 19.207 0.062 22.368385 0.244251
53704.272887 -99.99 0.068 53704.274553 19.82 0.017 53704.27122 19.341 0.017 53704.272053 19.261 0.021 53704.27372 19.302 0.099 22.368385 0.244251
53989.369166 20.079 0.105 53989.370833 20.007 0.047 53989.367499 19.479 0.03 53989.368333 19.391 0.028 53989.369999 19.335 0.068 22.368385 0.244251
53995.383561 20.408 0.051 53995.385228 20.037 0.021 53995.381895 19.486 0.017 53995.382728 19.421 0.016 53995.384395 19.419 0.054 22.368385 0.244251
54000.344363 20.403 0.068 54000.34603 20.006 0.018 54000.342697 19.478 0.018 54000.34353 19.374 0.019 54000.345197 19.339 0.077 22.368385 0.244251
54006.291145 -99.99 0.291 54006.292812 -99.99 0.1 54006.289479 -99.99 0.169 54006.290312 -99.99 0.069 54006.291979 -99.99 0.539 22.368385 0.244251
54007.394588 20.452 0.076 54007.396254 20.042 0.019 54007.392921 19.516 0.018 54007.393754 19.344 0.023 54007.395421 -99.99 0.096 22.368385 0.244251
54009.318282 20.387 0.058 54009.319948 20.041 0.021 54009.316615 19.516 0.017 54009.317448 19.397 0.018 54009.319115 19.5 0.065 22.368385 0.244251
54011.382769 20.445 0.058 54011.384435 20.07 0.022 54011.381102 19.501 0.013 54011.381935 19.416 0.017 54011.383602 19.547 0.058 22.368385 0.244251
54025.381972 20.56 0.093 54025.383639 20.099 0.022 54025.380306 19.532 0.026 54025.381139 19.425 0.026 54025.382806 19.35 0.081 22.368385 0.244251
54029.312169 -99.99 0.07 54029.313835 20.051 0.019 54029.310502 19.554 0.019 54029.311335 19.43 0.024 54029.313002 19.606 0.096 22.368385 0.244251
54348.379604 20.492 0.087 54348.381271 20.022 0.029 54348.377937 19.484 0.023 54348.378771 19.375 0.023 54348.380437 19.45 0.079 22.368385 0.244251
54358.335445 -99.99 0.092 54358.337112 20.038 0.031 54358.333779 19.49 0.027 54358.334612 19.451 0.027 54358.336279 19.335 0.082 22.368385 0.244251
54359.329536 20.691 0.328 54359.331203 20.065 0.082 54359.32787 -99.99 0.099 54359.328703 19.492 0.063 54359.33037 -99.99 0.393 22.368385 0.244251
54365.368454 -99.99 0.055 54365.370121 20.052 0.018 54365.366787 19.531 0.016 54365.367621 19.501 0.031 54365.369287 19.535 0.063 22.368385 0.244251
54381.387977 -99.99 0.068 54381.389643 19.992 0.017 54381.38631 19.544 0.019 54381.387143 19.44 0.019 54381.38881 19.283 0.068 22.368385 0.244251
54384.39466 20.38 0.064 54384.396326 20.03 0.021 54384.392993 19.535 0.017 54384.393826 19.381 0.023 54384.395493 19.42 0.066 22.368385 0.244251
54386.380338 20.528 0.064 54386.382005 19.99 0.023 54386.378672 19.522 0.022 54386.379505 19.395 0.025 54386.381172 19.412 0.069 22.368385 0.244251
54388.384786 -99.99 0.079 54388.386453 20.031 0.019 54388.383119 19.507 0.023 54388.383953 19.421 0.021 54388.385619 19.324 0.071 22.368385 0.244251
54392.382116 20.495 0.107 54392.383782 19.984 0.03 54392.380449 19.529 0.025 54392.381282 -99.99 0.069 54392.382949 19.258 0.092 22.368385 0.244251
54403.298354 20.164 0.115 54403.30002 19.991 0.056 54403.296687 19.535 0.029 54403.29752 -99.99 0.087 54403.299187 19.363 0.119 22.368385 0.244251
54404.356049 20.457 0.116 54404.357715 20.125 0.034 54404.354382 19.558 0.027 54404.355215 19.461 0.022 54404.356882 19.432 0.079 22.368385 0.244251
54405.35398 -99.99 0.082 54405.355647 20.071 0.032 54405.352313 19.535 0.019 54405.353147 19.446 0.021 54405.354813 19.666 0.091 22.368385 0.244251
54406.292175 20.437 0.056 54406.293842 20.054 0.023 54406.290509 19.537 0.02 54406.291342 19.424 0.019 54406.293009 19.449 0.06 22.368385 0.244251
54412.31795 20.43 0.09 54412.319617 20.025 0.022 54412.316284 19.55 0.019 54412.317117 19.442 0.023 54412.318784 19.43 0.084 22.368385 0.244251
