51081.344159 20.81 0.095 51081.345825 20.58 0.031 51081.342492 20.355 0.037 51081.343325 20.106 0.038 51081.344992 21.003 0.318 21.868707 -0.343891
51819.415358 20.951 0.103 51819.417024 20.955 0.037 51819.413691 20.66 0.036 51819.414524 20.438 0.043 51819.416191 20.494 0.183 21.868707 -0.343891
52288.074375 21.343 0.104 52288.076041 21.149 0.042 52288.072708 20.685 0.038 52288.073541 20.594 0.045 52288.075208 20.194 0.114 21.868707 -0.343891
52551.347669 21.262 0.134 52551.349335 21.21 0.049 52551.346002 20.754 0.047 52551.346835 20.534 0.057 52551.348502 20.496 0.203 21.868707 -0.343891
52558.380544 21.353 0.108 52558.38221 21.149 0.034 52558.378877 20.713 0.032 52558.37971 20.58 0.038 52558.381377 20.678 0.149 21.868707 -0.343891
52577.268049 21.218 0.109 52577.269715 21.233 0.04 52577.266382 20.672 0.035 52577.267215 20.584 0.044 52577.268882 21.12 0.264 21.868707 -0.343891
52910.352006 21.275 0.114 52910.353672 21.055 0.038 52910.350339 20.694 0.035 52910.351172 20.553 0.042 52910.352839 20.258 0.126 21.868707 -0.343891
52931.28221 20.98 0.089 52931.283876 20.925 0.036 52931.280543 20.589 0.034 52931.281376 20.577 0.048 52931.283043 20.456 0.155 21.868707 -0.343891
52935.279173 21.046 0.103 52935.280839 20.992 0.037 52935.277506 20.615 0.04 52935.278339 20.549 0.054 52935.280006 20.5 0.196 21.868707 -0.343891
52963.202247 20.938 0.074 52963.203913 20.954 0.03 52963.20058 20.59 0.028 52963.201413 20.546 0.034 52963.20308 20.374 0.106 21.868707 -0.343891
52971.193164 21.056 0.092 52971.19483 20.979 0.037 52971.191497 20.623 0.034 52971.19233 20.467 0.04 52971.193997 20.216 0.12 21.868707 -0.343891
53351.12455 21.4 0.123 53351.126216 -99.99 0.035 53351.122883 20.639 0.038 53351.123716 20.486 0.05 53351.125383 20.339 0.174 21.868707 -0.343891
53352.173314 21.357 0.137 53352.17498 21.118 0.041 53352.171647 20.638 0.038 53352.17248 20.605 0.087 53352.174147 20.294 0.168 21.868707 -0.343891
53622.381609 20.739 0.11 53622.383275 20.731 0.039 53622.379942 20.422 0.036 53622.380775 20.308 0.052 53622.382442 20.411 0.209 21.868707 -0.343891
53634.33108 20.582 0.275 53634.332746 20.823 0.148 53634.329413 20.313 0.072 53634.330246 20.309 0.08 53634.331913 20.125 0.182 21.868707 -0.343891
53638.372417 20.81 0.092 53638.374083 20.741 0.035 53638.37075 20.365 0.03 53638.371583 20.243 0.034 53638.37325 20.022 0.104 21.868707 -0.343891
53640.336451 20.715 0.09 53640.338117 20.762 0.036 53640.334784 20.386 0.033 53640.335617 20.288 0.041 53640.337284 20.281 0.149 21.868707 -0.343891
53655.308625 21.02 0.146 53655.310291 20.895 0.045 53655.306958 20.433 0.043 53655.307791 20.391 0.06 53655.309458 20.299 0.217 21.868707 -0.343891
53669.292825 20.888 0.083 53669.294491 20.771 0.028 53669.291158 20.422 0.03 53669.291991 20.39 0.04 53669.293658 20.443 0.149 21.868707 -0.343891
53671.377586 21.055 0.153 53671.379252 20.881 0.042 53671.375919 20.433 0.04 53671.376752 20.301 0.046 53671.378419 20.485 0.218 21.868707 -0.343891
53674.27706 20.922 0.12 53674.278726 20.822 0.038 53674.275393 20.425 0.036 53674.276226 20.343 0.048 53674.277893 20.193 0.165 21.868707 -0.343891
53676.366529 21.082 0.156 53676.368195 20.828 0.036 53676.364862 20.431 0.039 53676.365695 20.374 0.05 53676.367362 20.236 0.179 21.868707 -0.343891
53679.338425 20.893 0.144 53679.340091 20.711 0.04 53679.336758 20.473 0.047 53679.337591 20.242 0.06 53679.339258 20.721 0.328 21.868707 -0.343891
53681.329938 20.806 0.086 53681.331604 20.797 0.03 53681.328271 20.401 0.03 53681.329104 20.229 0.034 53681.330771 20.483 0.145 21.868707 -0.343891
53685.288992 20.905 0.178 53685.290658 20.829 0.083 53685.287325 20.449 0.055 53685.288158 20.4 0.054 53685.289825 20.311 0.162 21.868707 -0.343891
53694.302871 20.989 0.38 53694.304537 21.012 0.151 53694.301204 20.36 0.07 53694.302037 20.33 0.077 53694.303704 20.203 0.237 21.868707 -0.343891
53697.286961 20.629 0.132 53697.288627 20.812 0.06 53697.285294 20.518 0.051 53697.286127 20.37 0.058 53697.287794 20.075 0.152 21.868707 -0.343891
53700.28592 21.146 0.173 53700.287586 20.799 0.04 53700.284253 20.418 0.042 53700.285086 20.322 0.059 53700.286753 20.7 0.319 21.868707 -0.343891
53705.27259 21.105 0.125 53705.274256 20.91 0.036 53705.270923 20.453 0.032 53705.271756 20.414 0.041 53705.273423 20.481 0.159 21.868707 -0.343891
53975.35759 21.089 0.101 53975.359257 20.959 0.033 53975.355923 20.504 0.027 53975.356757 20.4 0.041 53975.358423 20.72 0.19 21.868707 -0.343891
53990.370398 21.038 0.167 53990.372065 21.109 0.081 53990.368732 20.592 0.049 53990.369565 20.35 0.049 53990.371232 20.34 0.129 21.868707 -0.343891
53994.380586 21.07 0.092 53994.382252 20.914 0.033 53994.378919 20.501 0.03 53994.379752 20.433 0.037 53994.381419 20.558 0.245 21.868707 -0.343891
53996.364381 21.182 0.109 53996.366047 20.927 0.033 53996.362714 20.494 0.031 53996.363547 20.479 0.084 53996.365214 20.057 0.128 21.868707 -0.343891
54010.318437 21.042 0.079 54010.320104 20.927 0.031 54010.316771 20.473 0.026 54010.317604 20.404 0.036 54010.319271 20.591 0.114 21.868707 -0.343891
54012.311283 20.894 0.156 54012.31295 -99.99 0.085 54012.309616 20.404 0.042 54012.31045 20.337 0.046 54012.312116 20.273 0.131 21.868707 -0.343891
54020.317259 20.801 0.116 54020.318926 20.836 0.046 54020.315593 20.545 0.046 54020.316426 20.401 0.05 54020.318093 20.653 0.198 21.868707 -0.343891
54024.398925 21.208 0.211 54024.400591 20.884 0.059 54024.397258 20.513 0.047 54024.398091 20.315 0.063 54024.399758 -99.99 0.3 21.868707 -0.343891
54028.387143 20.985 0.132 54028.38881 20.954 0.044 54028.385477 20.456 0.039 54028.38631 20.485 0.052 54028.387977 20.565 0.414 21.868707 -0.343891
54030.310843 21.062 0.077 54030.31251 20.943 0.031 54030.309177 20.454 0.026 54030.31001 20.395 0.037 54030.311677 20.336 0.116 21.868707 -0.343891
54037.292056 20.985 0.08 54037.293723 20.919 0.026 54037.29039 20.484 0.029 54037.291223 20.38 0.032 54037.29289 20.278 0.111 21.868707 -0.343891
54040.30655 21.329 0.207 54040.308217 21.006 0.08 54040.304883 20.472 0.044 54040.305717 20.393 0.052 54040.307383 20.388 0.158 21.868707 -0.343891
54047.337285 -99.99 99.999 54047.338951 -99.99 0.229 54047.335618 20.438 0.114 54047.336451 -99.99 0.181 54047.338118 -99.99 1.163 21.868707 -0.343891
54049.333213 21.024 0.224 54049.334879 21.154 0.106 54049.331546 20.518 0.058 54049.332379 20.294 0.059 54049.334046 19.687 0.19 21.868707 -0.343891
54053.29735 21.224 0.119 54053.299017 20.946 0.033 54053.295683 20.496 0.032 54053.296517 20.407 0.043 54053.298183 20.5 0.159 21.868707 -0.343891
54056.298993 20.891 0.115 54056.30066 -99.99 0.068 54056.297326 20.556 0.043 54056.29816 20.379 0.052 54056.299826 20.126 0.421 21.868707 -0.343891
54059.293279 21.168 0.158 54059.294946 20.904 0.043 54059.291612 20.445 0.039 54059.292446 20.395 0.05 54059.294112 20.257 0.169 21.868707 -0.343891
54061.304372 20.868 0.142 54061.306039 20.886 0.048 54061.302705 20.634 0.05 54061.303539 20.458 0.074 54061.305205 20.493 0.236 21.868707 -0.343891
54062.298182 21.03 0.099 54062.299849 20.935 0.036 54062.296515 20.527 0.033 54062.297349 20.389 0.04 54062.299015 20.387 0.161 21.868707 -0.343891
54068.278738 20.939 0.182 54068.280404 21.115 0.11 54068.277071 20.489 0.057 54068.277904 20.259 0.052 54068.279571 20.676 0.183 21.868707 -0.343891
54357.336471 21.059 0.082 54357.338138 20.929 0.027 54357.334805 20.488 0.028 54357.335638 20.389 0.035 54357.337305 20.464 0.115 21.868707 -0.343891
54359.368212 20.961 0.109 54359.369878 20.841 0.039 54359.366545 20.374 0.037 54359.367378 20.408 0.052 54359.369045 20.45 0.175 21.868707 -0.343891
54362.386339 21.066 0.083 54362.388006 20.954 0.03 54362.384672 20.461 0.027 54362.385506 20.404 0.043 54362.387172 20.453 0.127 21.868707 -0.343891
54376.381426 20.921 0.097 54376.383093 20.963 0.037 54376.379759 20.478 0.033 54376.380593 20.404 0.038 54376.382259 20.299 0.473 21.868707 -0.343891
54382.366513 21.073 0.141 54382.368179 20.811 0.04 54382.364846 20.581 0.05 54382.365679 20.359 0.059 54382.367346 20.203 0.23 21.868707 -0.343891
54385.384299 21.095 0.097 54385.385966 20.917 0.03 54385.382633 20.491 0.026 54385.383466 20.399 0.033 54385.385133 20.088 0.113 21.868707 -0.343891
54387.3848 20.956 0.128 54387.386467 -99.99 0.047 54387.383134 20.544 0.048 54387.383967 20.362 0.048 54387.385634 20.49 0.164 21.868707 -0.343891
54390.3772 -99.99 0.243 54390.378866 20.883 0.04 54390.375533 -99.99 0.183 54390.376366 -99.99 0.471 54390.378033 20.574 0.269 21.868707 -0.343891
54391.385646 20.913 0.156 54391.387313 20.982 0.057 54391.38398 20.537 0.062 54391.384813 20.428 0.081 54391.38648 20.24 0.268 21.868707 -0.343891
