51075.301598 19.055 0.023 51075.303264 18.65 0.008 51075.299931 18.157 0.008 51075.300764 18.02 0.01 51075.302431 17.982 0.026 0.627963 0.833096
51819.356459 -99.99 0.025 51819.358125 18.56 0.008 51819.354792 18.083 0.007 51819.355625 17.954 0.009 51819.357292 17.952 0.022 0.627963 0.833096
52196.302101 19.045 0.023 52196.303767 18.624 0.008 52196.300434 18.124 0.007 52196.301267 17.981 0.009 52196.302934 17.962 0.021 0.627963 0.833096
52197.315209 19.09 0.024 52197.316875 18.647 0.008 52197.313542 18.127 0.007 52197.314375 17.969 0.009 52197.316042 17.964 0.021 0.627963 0.833096
52225.165401 19.128 0.025 52225.167067 18.682 0.008 52225.163734 18.12 0.007 52225.164567 18.002 0.009 52225.166234 17.979 0.024 0.627963 0.833096
52231.201185 19.114 0.023 52231.202851 18.668 0.008 52231.199518 18.129 0.007 52231.200351 17.96 0.009 52231.202018 17.984 0.02 0.627963 0.833096
52253.187357 19.103 0.035 52253.189023 18.703 0.01 52253.18569 18.142 0.008 52253.186523 17.94 0.01 52253.18819 17.969 0.025 0.627963 0.833096
52557.309189 18.938 0.023 52557.310855 18.497 0.008 52557.307522 18.025 0.007 52557.308355 17.868 0.008 52557.310022 17.85 0.021 0.627963 0.833096
52577.209218 18.904 0.021 52577.210884 18.499 0.007 52577.207551 18.033 0.007 52577.208384 17.883 0.008 52577.210051 17.874 0.021 0.627963 0.833096
52578.205272 18.921 0.022 52578.206938 18.489 0.007 52578.203605 18.024 0.007 52578.204438 17.877 0.008 52578.206105 17.849 0.018 0.627963 0.833096
52908.283755 18.882 0.022 52908.285421 18.546 0.008 52908.282088 18.039 0.007 52908.282921 17.908 0.009 52908.284588 17.883 0.021 0.627963 0.833096
52911.297541 18.917 0.026 52911.299207 18.545 0.008 52911.295874 18.058 0.008 52911.296707 17.897 0.01 52911.298374 17.892 0.026 0.627963 0.833096
52930.174914 18.92 0.023 52930.17658 18.544 0.008 52930.173247 18.065 0.007 52930.17408 17.961 0.008 52930.175747 17.904 0.023 0.627963 0.833096
52931.223379 18.942 0.024 52931.225045 18.574 0.008 52931.221712 18.083 0.007 52931.222545 17.879 0.008 52931.224212 17.949 0.023 0.627963 0.833096
52934.215656 19.003 0.025 52934.217322 18.578 0.008 52934.213989 18.066 0.007 52934.214822 17.921 0.009 52934.216489 17.914 0.026 0.627963 0.833096
52935.220343 18.898 0.022 52935.222009 18.56 0.008 52935.218676 18.077 0.007 52935.219509 17.913 0.008 52935.221176 17.985 0.023 0.627963 0.833096
52936.211582 18.961 0.021 52936.213248 18.571 0.008 52936.209915 18.065 0.007 52936.210748 17.938 0.009 52936.212415 17.983 0.019 0.627963 0.833096
52959.163671 18.94 0.021 52959.165337 18.581 0.008 52959.162004 18.087 0.007 52959.162837 17.923 0.008 52959.164504 17.887 0.018 0.627963 0.833096
52962.137104 -99.99 0.021 52962.13877 18.55 0.008 52962.135437 18.064 0.007 52962.13627 17.932 0.009 52962.137937 17.912 0.021 0.627963 0.833096
52963.143415 18.9 0.021 52963.145081 18.567 0.008 52963.141748 18.087 0.007 52963.142581 17.929 0.008 52963.144248 -99.99 0.019 0.627963 0.833096
53270.275669 18.925 0.034 53270.277335 -99.99 0.04 53270.274002 18.076 0.015 53270.274835 17.944 0.014 53270.276502 17.918 0.023 0.627963 0.833096
53272.325587 18.867 0.023 53272.327253 18.539 0.01 53272.32392 18.053 0.008 53272.324753 17.924 0.009 53272.32642 17.922 0.021 0.627963 0.833096
53286.294304 18.876 0.024 53286.29597 18.525 0.009 53286.292637 18.052 0.007 53286.29347 17.907 0.009 53286.295137 17.907 0.022 0.627963 0.833096
53288.252796 18.85 0.021 53288.254462 18.529 0.008 53288.251129 18.047 0.007 53288.251962 17.916 0.008 53288.253629 17.889 0.019 0.627963 0.833096
53294.300469 18.899 0.022 53294.302135 18.534 0.008 53294.298802 18.052 0.007 53294.299635 17.915 0.009 53294.301302 17.904 0.02 0.627963 0.833096
53302.248464 18.914 0.033 53302.25013 18.463 0.012 53302.246797 18.044 0.009 53302.24763 17.908 0.01 53302.249297 17.84 0.021 0.627963 0.833096
53312.204028 -99.99 0.024 53312.205695 18.468 0.015 53312.202361 18.043 0.011 53312.203195 17.897 0.013 53312.204861 17.899 0.024 0.627963 0.833096
53314.205192 18.857 0.02 53314.206858 18.505 0.007 53314.203525 18.018 0.007 53314.204358 17.936 0.008 53314.206025 17.867 0.02 0.627963 0.833096
53616.309556 18.527 0.064 53616.311222 -99.99 0.016 53616.307889 -99.99 0.056 53616.308722 -99.99 0.044 53616.310389 17.696 0.045 0.627963 0.833096
53623.299767 18.807 0.024 53623.301433 18.526 0.01 53623.2981 17.973 0.007 53623.298933 17.826 0.009 53623.3006 -99.99 0.038 0.627963 0.833096
53626.28598 18.767 0.022 53626.287646 18.407 0.008 53626.284313 17.954 0.007 53626.285146 17.853 0.008 53626.286813 17.791 0.019 0.627963 0.833096
53628.270846 18.767 0.034 53628.272512 18.4 0.014 53628.269179 17.943 0.011 53628.270012 17.815 0.013 53628.271679 17.818 0.024 0.627963 0.833096
53637.272462 18.781 0.029 53637.274128 18.425 0.01 53637.270795 17.96 0.008 53637.271628 17.798 0.01 53637.273295 17.743 0.025 0.627963 0.833096
53639.317838 18.727 0.021 53639.319504 18.385 0.008 53639.316171 17.957 0.007 53639.317004 17.823 0.008 53639.318671 17.827 0.018 0.627963 0.833096
53644.264967 18.771 0.026 53644.266633 18.371 0.015 53644.2633 17.954 0.014 53644.264133 17.804 0.034 53644.2658 17.801 0.021 0.627963 0.833096
53654.299531 18.786 0.022 53654.301197 18.392 0.007 53654.297864 17.934 0.007 53654.298697 17.809 0.008 53654.300364 17.757 0.019 0.627963 0.833096
53656.247125 18.828 0.036 53656.248791 18.407 0.014 53656.245458 17.955 0.009 53656.246291 17.808 0.01 53656.247958 17.769 0.023 0.627963 0.833096
53663.260434 18.85 0.028 53663.2621 18.385 0.01 53663.258767 17.957 0.008 53663.2596 17.823 0.009 53663.261267 17.83 0.017 0.627963 0.833096
53666.238355 18.726 0.023 53666.240021 18.4 0.008 53666.236688 17.966 0.007 53666.237521 17.817 0.008 53666.239188 17.843 0.02 0.627963 0.833096
53668.250034 18.737 0.025 53668.2517 18.393 0.008 53668.248367 17.973 0.008 53668.2492 17.838 0.01 53668.250867 17.711 0.026 0.627963 0.833096
53670.254887 18.71 0.02 53670.256553 18.404 0.007 53670.25322 17.947 0.007 53670.254053 17.81 0.008 53670.25572 17.8 0.018 0.627963 0.833096
53673.222871 18.804 0.022 53673.224537 18.387 0.007 53673.221204 17.944 0.007 53673.222037 17.822 0.008 53673.223704 17.793 0.019 0.627963 0.833096
53675.21976 18.826 0.022 53675.221426 18.378 0.007 53675.218093 17.974 0.007 53675.218926 17.82 0.008 53675.220593 17.8 0.019 0.627963 0.833096
53676.307708 18.832 0.027 53676.309374 18.428 0.011 53676.306041 17.955 0.01 53676.306874 17.834 0.011 53676.308541 17.801 0.022 0.627963 0.833096
53677.24079 18.739 0.02 53677.242456 18.408 0.007 53677.239123 17.94 0.007 53677.239956 17.82 0.008 53677.241623 17.781 0.015 0.627963 0.833096
53680.227457 18.801 0.021 53680.229123 18.397 0.008 53680.22579 17.957 0.007 53680.226623 17.828 0.008 53680.22829 17.808 0.017 0.627963 0.833096
53693.229354 18.789 0.033 53693.23102 18.388 0.011 53693.227687 17.953 0.008 53693.22852 17.826 0.009 53693.230187 17.814 0.018 0.627963 0.833096
53698.226745 18.806 0.038 53698.228411 -99.99 0.023 53698.225078 17.913 0.01 53698.225911 17.871 0.013 53698.227578 -99.99 0.026 0.627963 0.833096
53704.212677 18.761 0.022 53704.214343 18.395 0.007 53704.21101 17.941 0.007 53704.211843 17.811 0.008 53704.21351 17.753 0.02 0.627963 0.833096
53974.305336 18.747 0.02 53974.307003 18.314 0.018 53974.303669 17.925 0.014 53974.304503 17.794 0.013 53974.306169 17.737 0.022 0.627963 0.833096
53989.308723 18.776 0.035 53989.31039 18.306 0.026 53989.307057 17.914 0.014 53989.30789 17.754 0.021 53989.309557 17.753 0.023 0.627963 0.833096
53997.404514 18.776 0.025 53997.406181 -99.99 0.018 53997.402848 -99.99 0.013 53997.403681 17.803 0.015 53997.405348 -99.99 0.023 0.627963 0.833096
54000.284174 18.652 0.042 54000.285841 18.281 0.014 54000.282507 17.931 0.016 54000.283341 17.784 0.014 54000.285007 17.762 0.025 0.627963 0.833096
54007.334304 18.649 0.019 54007.33597 18.293 0.021 54007.332637 17.873 0.019 54007.33347 17.758 0.013 54007.335137 17.778 0.02 0.627963 0.833096
54009.258089 18.715 0.031 54009.259755 18.275 0.015 54009.256422 17.864 0.014 54009.257255 17.767 0.023 54009.258922 17.742 0.018 0.627963 0.833096
54010.25963 18.585 0.025 54010.261297 18.316 0.015 54010.257963 17.859 0.012 54010.258797 17.765 0.012 54010.260463 17.766 0.023 0.627963 0.833096
54011.322592 -99.99 0.022 54011.324258 18.313 0.03 54011.320925 17.879 0.015 54011.321758 17.77 0.019 54011.323425 17.734 0.019 0.627963 0.833096
54019.27277 18.652 0.023 54019.274437 18.289 0.018 54019.271104 17.872 0.013 54019.271937 17.802 0.012 54019.273604 17.747 0.017 0.627963 0.833096
54025.321575 18.657 0.026 54025.323242 18.282 0.013 54025.319908 17.878 0.013 54025.320742 17.756 0.013 54025.322408 17.722 0.021 0.627963 0.833096
54029.251925 18.722 0.036 54029.253592 18.285 0.019 54029.250259 17.861 0.013 54029.251092 17.755 0.015 54029.252759 17.734 0.025 0.627963 0.833096
54030.251992 18.697 0.031 54030.253658 18.318 0.012 54030.250325 17.861 0.01 54030.251158 17.754 0.011 54030.252825 17.726 0.022 0.627963 0.833096
54037.233229 18.634 0.027 54037.234896 18.298 0.013 54037.231562 17.862 0.012 54037.232396 17.745 0.014 54037.234062 17.734 0.025 0.627963 0.833096
54047.27836 18.646 0.067 54047.280027 18.345 0.021 54047.276694 17.873 0.016 54047.277527 17.767 0.03 54047.279194 17.737 0.04 0.627963 0.833096
54049.274178 18.575 0.032 54049.275845 18.262 0.017 54049.272512 17.882 0.013 54049.273345 17.737 0.013 54049.275012 17.777 0.035 0.627963 0.833096
54056.240187 18.704 0.033 54056.241854 18.303 0.013 54056.23852 17.826 0.016 54056.239354 17.759 0.021 54056.24102 17.79 0.028 0.627963 0.833096
54348.319324 18.582 0.022 54348.32099 18.186 0.016 54348.317657 17.802 0.012 54348.31849 17.704 0.017 54348.320157 17.657 0.017 0.627963 0.833096
54358.275128 18.585 0.025 54358.276795 18.186 0.014 54358.273461 17.808 0.018 54358.274295 17.689 0.023 54358.275961 17.69 0.02 0.627963 0.833096
54359.269206 18.482 0.028 54359.270873 18.178 0.019 54359.26754 17.791 0.034 54359.268373 17.656 0.02 54359.27004 17.617 0.03 0.627963 0.833096
54365.308318 18.482 0.037 54365.309985 18.17 0.019 54365.306651 17.791 0.02 54365.307485 17.694 0.013 54365.309151 17.67 0.028 0.627963 0.833096
54373.382382 18.591 0.041 54373.384049 18.227 0.036 54373.380715 17.794 0.016 54373.381549 17.661 0.015 54373.383215 17.61 0.024 0.627963 0.833096
54381.327789 18.534 0.023 54381.329456 18.198 0.018 54381.326122 17.78 0.014 54381.326956 17.662 0.014 54381.328622 17.656 0.022 0.627963 0.833096
54385.325513 18.429 0.029 54385.32718 18.195 0.019 54385.323847 17.799 0.013 54385.32468 17.641 0.021 54385.326347 17.639 0.024 0.627963 0.833096
54386.320092 18.44 0.025 54386.321759 18.153 0.018 54386.318426 17.783 0.015 54386.319259 17.719 0.017 54386.320926 17.659 0.021 0.627963 0.833096
54388.324345 18.442 0.032 54388.326012 18.173 0.02 54388.322679 17.79 0.015 54388.323512 17.672 0.013 54388.325179 17.668 0.017 0.627963 0.833096
54403.238192 18.446 0.025 54403.239859 18.144 0.021 54403.236525 17.768 0.012 54403.237359 17.681 0.021 54403.239025 17.673 0.022 0.627963 0.833096
54404.295682 18.461 0.024 54404.297349 18.143 0.018 54404.294015 17.779 0.015 54404.294849 17.669 0.011 54404.296515 17.674 0.018 0.627963 0.833096
54405.293648 18.536 0.023 54405.295315 18.146 0.014 54405.291982 17.793 0.015 54405.292815 17.663 0.016 54405.294482 17.648 0.021 0.627963 0.833096
54406.23197 18.49 0.018 54406.233637 18.18 0.016 54406.230304 17.788 0.01 54406.231137 17.685 0.017 54406.232804 17.627 0.018 0.627963 0.833096
54412.234924 18.505 0.028 54412.236591 18.13 0.017 54412.233257 17.791 0.013 54412.234091 17.655 0.024 54412.235757 17.682 0.025 0.627963 0.833096
