51081.349953 19.682 0.038 51081.351619 19.51 0.014 51081.348286 19.504 0.017 51081.349119 19.338 0.021 51081.350786 19.286 0.079 23.951737 0.105965
51819.421032 20.08 0.058 51819.422698 19.869 0.018 51819.419365 19.773 0.02 51819.420198 19.465 0.022 51819.421865 19.541 0.104 23.951737 0.105965
52225.245724 20.2 0.052 52225.24739 19.883 0.016 52225.244057 19.75 0.019 52225.24489 19.599 0.022 52225.246557 19.856 0.112 23.951737 0.105965
52288.080144 19.901 0.042 52288.08181 19.708 0.015 52288.078477 19.696 0.018 52288.07931 19.451 0.019 52288.080977 19.554 0.078 23.951737 0.105965
52551.353437 20.327 0.072 52551.355103 20.048 0.021 52551.35177 19.851 0.024 52551.352603 19.631 0.027 52551.35427 19.513 0.09 23.951737 0.105965
52576.219362 20.279 0.055 52576.221028 19.979 0.016 52576.217695 19.806 0.02 52576.218528 19.587 0.022 52576.220195 19.59 0.087 23.951737 0.105965
52577.273819 20.28 0.056 52577.275485 20.024 0.018 52577.272152 19.827 0.019 52577.272985 19.567 0.021 52577.274652 19.63 0.086 23.951737 0.105965
52585.220896 20.363 0.062 52585.222562 20.031 0.018 52585.219229 19.809 0.022 52585.220062 19.649 0.031 52585.221729 19.778 0.143 23.951737 0.105965
52910.357775 19.966 0.046 52910.359441 19.753 0.014 52910.356108 19.631 0.018 52910.356941 19.431 0.02 52910.358608 19.545 0.081 23.951737 0.105965
52935.284943 20.09 0.052 52935.286609 19.796 0.016 52935.283276 19.632 0.018 52935.284109 19.454 0.022 52935.285776 19.418 0.086 23.951737 0.105965
52963.208018 20.024 0.042 52963.209684 19.767 0.014 52963.206351 19.626 0.016 52963.207184 19.457 0.018 52963.208851 19.508 0.064 23.951737 0.105965
52971.198933 19.974 0.046 52971.200599 19.757 0.014 52971.197266 19.673 0.019 52971.198099 19.465 0.02 52971.199766 19.498 0.079 23.951737 0.105965
53351.130322 20.021 0.047 53351.131988 19.818 0.015 53351.128655 19.663 0.017 53351.129488 19.467 0.021 53351.131155 19.486 0.096 23.951737 0.105965
53352.179084 20.147 0.052 53352.18075 19.842 0.015 53352.177417 19.682 0.018 53352.17825 19.497 0.022 53352.179917 19.562 0.082 23.951737 0.105965
53622.387377 20.124 0.07 53622.389043 19.767 0.017 53622.38571 19.617 0.021 53622.386543 19.408 0.026 53622.38821 19.326 0.097 23.951737 0.105965
53634.336848 20.529 0.249 53634.338514 -99.99 0.073 53634.335181 19.638 0.047 53634.336014 19.413 0.04 53634.337681 19.457 0.153 23.951737 0.105965
53638.378184 20.197 0.065 53638.37985 19.839 0.018 53638.376517 19.643 0.019 53638.37735 19.416 0.02 53638.379017 19.492 0.076 23.951737 0.105965
53640.34222 20.239 0.07 53640.343886 19.863 0.018 53640.340553 19.71 0.021 53640.341386 19.463 0.021 53640.343053 19.647 0.1 23.951737 0.105965
53646.403629 -99.99 0.097 53646.405295 -99.99 0.034 53646.401962 19.584 0.024 53646.402795 19.421 0.038 53646.404462 -99.99 0.318 23.951737 0.105965
53655.314392 20.13 0.068 53655.316058 19.857 0.016 53655.312725 19.672 0.023 53655.313558 19.408 0.026 53655.315225 19.42 0.094 23.951737 0.105965
53664.339348 20.096 0.125 53664.341014 19.759 0.044 53664.337681 19.632 0.035 53664.338514 19.411 0.033 53664.340181 19.6 0.145 23.951737 0.105965
53669.298593 20.079 0.053 53669.300259 19.797 0.015 53669.296926 19.613 0.017 53669.297759 19.455 0.02 53669.299426 19.471 0.074 23.951737 0.105965
53671.383353 20.051 0.083 53671.385019 19.765 0.019 53671.381686 19.571 0.023 53671.382519 19.382 0.024 53671.384186 19.443 0.104 23.951737 0.105965
53674.282829 20.193 0.09 53674.284495 19.825 0.018 53674.281162 19.67 0.024 53674.281995 19.427 0.027 53674.283662 19.51 0.109 23.951737 0.105965
53676.372296 20.108 0.063 53676.373962 19.87 0.018 53676.370629 19.644 0.018 53676.371462 19.429 0.02 53676.373129 19.512 0.089 23.951737 0.105965
53681.335705 20.087 0.069 53681.337371 19.813 0.017 53681.334038 19.637 0.018 53681.334871 19.421 0.02 53681.336538 19.561 0.086 23.951737 0.105965
53685.294761 20.14 0.085 53685.296427 19.834 0.029 53685.293094 19.631 0.025 53685.293927 19.462 0.025 53685.295594 19.411 0.071 23.951737 0.105965
53694.308641 -99.99 0.237 53694.310307 19.79 0.057 53694.306974 19.486 0.038 53694.307807 -99.99 0.041 53694.309474 19.322 0.148 23.951737 0.105965
53697.29273 20.075 0.08 53697.294396 19.759 0.023 53697.291063 19.604 0.022 53697.291896 19.402 0.023 53697.293563 19.308 0.078 23.951737 0.105965
53700.291686 20.085 0.075 53700.293352 19.783 0.018 53700.290019 19.6 0.022 53700.290852 19.435 0.026 53700.292519 19.605 0.123 23.951737 0.105965
53705.278357 20.134 0.062 53705.280023 19.719 0.015 53705.27669 19.597 0.017 53705.277523 19.401 0.018 53705.27919 19.339 0.07 23.951737 0.105965
53975.363367 20.077 0.055 53975.365034 19.783 0.019 53975.3617 19.599 0.018 53975.362534 19.47 0.023 53975.3642 19.622 0.081 23.951737 0.105965
53990.376195 20.014 0.068 53990.377861 19.758 0.027 53990.374528 19.614 0.025 53990.375361 19.421 0.022 53990.377028 19.294 0.061 23.951737 0.105965
53994.386362 19.959 0.05 53994.388029 19.744 0.026 53994.384695 19.611 0.023 53994.385529 19.398 0.023 53994.387195 19.322 0.078 23.951737 0.105965
53996.370107 20.087 0.049 53996.371774 19.708 0.022 53996.368441 19.592 0.026 53996.369274 19.411 0.044 53996.370941 19.557 0.094 23.951737 0.105965
54010.324201 19.946 0.038 54010.325867 19.723 0.016 54010.322534 19.581 0.017 54010.323367 19.397 0.016 54010.325034 19.53 0.058 23.951737 0.105965
54012.317057 19.855 0.068 54012.318724 19.699 0.026 54012.315391 19.602 0.024 54012.316224 19.395 0.024 54012.317891 19.464 0.076 23.951737 0.105965
54020.323041 19.98 0.069 54020.324707 19.716 0.026 54020.321374 19.543 0.021 54020.322207 19.392 0.024 54020.323874 19.319 0.071 23.951737 0.105965
54024.404627 19.941 0.083 54024.406294 19.708 0.021 54024.402961 19.533 0.026 54024.403794 19.379 0.03 54024.405461 19.255 0.107 23.951737 0.105965
54028.392917 20.438 0.1 54028.394583 19.676 0.026 54028.39125 19.526 0.028 54028.392083 -99.99 0.035 54028.39375 19.483 0.098 23.951737 0.105965
54030.316598 19.932 0.041 54030.318264 19.724 0.021 54030.314931 19.57 0.017 54030.315764 19.378 0.018 54030.317431 19.367 0.058 23.951737 0.105965
54035.392356 19.882 0.072 54035.394023 19.62 0.02 54035.390689 19.464 0.029 54035.391523 19.325 0.033 54035.393189 19.238 0.12 23.951737 0.105965
54037.297824 19.9 0.039 54037.29949 19.721 0.02 54037.296157 19.515 0.018 54037.29699 19.333 0.016 54037.298657 19.369 0.059 23.951737 0.105965
54040.312302 20.013 0.068 54040.313968 19.698 0.024 54040.310635 19.579 0.023 54040.311468 19.367 0.024 54040.313135 19.341 0.067 23.951737 0.105965
54047.34292 -99.99 0.338 54047.344587 -99.99 0.07 54047.341253 19.589 0.061 54047.342087 19.35 0.09 54047.343753 19.57 0.2 23.951737 0.105965
54049.338781 19.962 0.104 54049.340448 19.71 0.032 54049.337114 19.553 0.026 54049.337948 19.344 0.025 54049.339614 19.4 0.099 23.951737 0.105965
54053.303089 19.967 0.053 54053.304756 19.67 0.015 54053.301422 19.546 0.019 54053.302256 19.344 0.023 54053.303922 19.341 0.071 23.951737 0.105965
54056.304755 19.774 0.051 54056.306422 -99.99 0.037 54056.303089 19.559 0.027 54056.303922 19.275 0.022 54056.305589 19.412 0.093 23.951737 0.105965
54059.2991 19.947 0.062 54059.300766 19.676 0.028 54059.297433 19.505 0.022 54059.298266 19.278 0.026 54059.299933 19.439 0.087 23.951737 0.105965
54061.310136 19.971 0.073 54061.311803 19.651 0.024 54061.30847 19.52 0.023 54061.309303 19.349 0.027 54061.31097 19.54 0.141 23.951737 0.105965
54062.303975 19.862 0.05 54062.305642 19.728 0.017 54062.302309 19.513 0.019 54062.303142 19.333 0.019 54062.304809 19.325 0.066 23.951737 0.105965
54068.284542 19.893 0.072 54068.286209 19.641 0.026 54068.282875 19.512 0.025 54068.283709 19.305 0.022 54068.285375 19.325 0.08 23.951737 0.105965
54357.342248 19.906 0.047 54357.343914 19.596 0.025 54357.340581 19.495 0.019 54357.341414 19.289 0.016 54357.343081 19.278 0.054 23.951737 0.105965
54359.373961 19.814 0.059 54359.375628 19.627 0.03 54359.372294 19.476 0.027 54359.373128 19.272 0.03 54359.374794 19.257 0.11 23.951737 0.105965
54362.392064 19.852 0.043 54362.39373 19.585 0.019 54362.390397 19.459 0.021 54362.39123 19.263 0.018 54362.392897 19.379 0.062 23.951737 0.105965
54376.387175 19.887 0.047 54376.388842 19.557 0.02 54376.385508 19.519 0.019 54376.386342 19.291 0.019 54376.388008 19.292 0.059 23.951737 0.105965
54382.372261 19.974 0.06 54382.373928 19.603 0.036 54382.370594 19.474 0.02 54382.371428 19.267 0.024 54382.373094 19.245 0.096 23.951737 0.105965
54385.390079 19.91 0.044 54385.391746 19.65 0.022 54385.388413 19.519 0.019 54385.389246 19.323 0.022 54385.390913 19.394 0.061 23.951737 0.105965
54390.382976 19.929 0.058 54390.384642 19.672 0.017 54390.381309 19.518 0.026 54390.382142 19.315 0.025 54390.383809 19.266 0.09 23.951737 0.105965
54391.391389 20.038 0.087 54391.393056 19.684 0.028 54391.389722 19.493 0.062 54391.390556 19.3 0.035 54391.392222 19.539 0.147 23.951737 0.105965
54402.383723 19.823 0.136 54402.38539 19.691 0.04 54402.382056 19.51 0.028 54402.38289 -99.99 0.074 54402.384556 19.335 0.085 23.951737 0.105965
