51081.352056 20.544 0.072 51081.353722 20.455 0.027 51081.350389 20.166 0.029 51081.351222 20.063 0.035 51081.352889 20.015 0.12 24.726866 -0.356905
51819.423181 20.308 0.061 51819.424847 20.275 0.023 51819.421514 20.004 0.025 51819.422347 19.983 0.03 51819.424014 19.996 0.118 24.726866 -0.356905
52225.247871 20.517 0.063 52225.249537 20.359 0.022 52225.246204 20.079 0.023 52225.247037 20.111 0.032 52225.248704 20.002 0.107 24.726866 -0.356905
52288.082291 20.563 0.064 52288.083957 20.435 0.025 52288.080624 20.096 0.025 52288.081457 20.177 0.033 52288.083124 19.947 0.106 24.726866 -0.356905
52551.355584 20.676 0.085 52551.35725 20.561 0.028 52551.353917 20.178 0.03 52551.35475 20.164 0.061 52551.356417 19.956 0.118 24.726866 -0.356905
52558.388459 20.755 0.071 52558.390125 20.588 0.025 52558.386792 20.189 0.023 52558.387625 20.209 0.029 52558.389292 20.124 0.099 24.726866 -0.356905
52576.221509 20.646 0.07 52576.223175 20.483 0.024 52576.219842 20.109 0.024 52576.220675 20.164 0.033 52576.222342 20.035 0.106 24.726866 -0.356905
52577.275965 20.526 0.064 52577.277631 20.377 0.022 52577.274298 20.162 0.025 52577.275131 20.131 0.033 52577.276798 20.063 0.113 24.726866 -0.356905
52585.223044 20.679 0.076 52585.22471 20.431 0.024 52585.221377 20.138 0.029 52585.22221 20.073 0.044 52585.223877 19.932 0.161 24.726866 -0.356905
52910.359921 20.622 0.065 52910.361587 20.503 0.024 52910.358254 20.222 0.024 52910.359087 20.152 0.029 52910.360754 20.273 0.12 24.726866 -0.356905
52935.287089 20.72 0.075 52935.288755 20.509 0.026 52935.285422 20.137 0.027 52935.286255 20.212 0.04 52935.287922 20.242 0.16 24.726866 -0.356905
52963.210165 20.781 0.065 52963.211831 20.589 0.025 52963.208498 20.228 0.021 52963.209331 20.265 0.029 52963.210998 20.056 0.088 24.726866 -0.356905
52971.20108 20.834 0.078 52971.202746 20.686 0.028 52971.199413 20.263 0.027 52971.200246 20.291 0.036 52971.201913 20.197 0.115 24.726866 -0.356905
53351.132468 20.764 0.076 53351.134134 20.635 0.027 53351.130801 20.32 0.031 53351.131634 20.228 0.041 53351.133301 19.975 0.117 24.726866 -0.356905
53622.389525 20.698 0.094 53622.391191 20.596 0.032 53622.387858 20.279 0.036 53622.388691 20.274 0.044 53622.390358 20.246 0.162 24.726866 -0.356905
53634.338996 20.53 0.276 53634.340662 20.62 0.14 53634.337329 20.155 0.079 53634.338162 20.255 0.11 53634.339829 19.75 0.158 24.726866 -0.356905
53638.380332 20.576 0.079 53638.381998 20.448 0.028 53638.378665 20.157 0.027 53638.379498 20.159 0.034 53638.381165 20.33 0.129 24.726866 -0.356905
53640.344368 20.499 0.078 53640.346034 20.453 0.029 53640.342701 20.12 0.028 53640.343534 20.181 0.038 53640.345201 20.189 0.133 24.726866 -0.356905
53646.405765 -99.99 0.349 53646.407431 -99.99 0.043 53646.404098 -99.99 0.057 53646.404931 -99.99 0.088 53646.406598 -99.99 0.204 24.726866 -0.356905
53655.31654 20.572 0.075 53655.318206 20.463 0.026 53655.314873 20.159 0.03 53655.315706 20.098 0.038 53655.317373 19.956 0.128 24.726866 -0.356905
53664.341496 20.293 0.177 53664.343162 20.249 0.09 53664.339829 19.903 0.057 53664.340662 20.049 0.09 53664.342329 20.137 0.303 24.726866 -0.356905
53669.300741 20.565 0.062 53669.302407 20.43 0.023 53669.299074 20.079 0.023 53669.299907 20.133 0.03 53669.301574 19.965 0.093 24.726866 -0.356905
53671.385501 20.606 0.116 53671.387167 20.465 0.031 53671.383834 20.147 0.036 53671.384667 20.086 0.041 53671.386334 19.942 0.125 24.726866 -0.356905
53674.284976 20.683 0.101 53674.286642 20.427 0.03 53674.283309 20.125 0.037 53674.284142 20.028 0.043 53674.285809 19.953 0.137 24.726866 -0.356905
53676.374443 20.888 0.117 53676.376109 20.492 0.028 53676.372776 20.162 0.028 53676.373609 20.137 0.038 53676.375276 19.949 0.1 24.726866 -0.356905
53679.346341 20.671 0.114 53679.348007 20.527 0.033 53679.344674 20.193 0.042 53679.345507 20.159 0.055 53679.347174 19.883 0.178 24.726866 -0.356905
53681.337853 20.656 0.084 53681.339519 20.513 0.025 53681.336186 20.239 0.031 53681.337019 20.184 0.035 53681.338686 20.164 0.12 24.726866 -0.356905
53685.296908 20.549 0.114 53685.298574 20.549 0.053 53685.295241 20.2 0.039 53685.296074 20.145 0.042 53685.297741 19.883 0.096 24.726866 -0.356905
53697.294878 20.785 0.133 53697.296544 20.61 0.044 53697.293211 20.202 0.037 53697.294044 20.235 0.045 53697.295711 20.028 0.122 24.726866 -0.356905
53700.293835 20.817 0.136 53700.295501 20.451 0.031 53700.292168 20.19 0.034 53700.293001 20.147 0.047 53700.294668 20.23 0.208 24.726866 -0.356905
53705.280505 20.697 0.082 53705.282171 20.542 0.026 53705.278838 20.17 0.026 53705.279671 20.144 0.034 53705.281338 20.012 0.104 24.726866 -0.356905
53975.365561 20.492 0.062 53975.367228 20.355 0.024 53975.363894 20.028 0.021 53975.364728 20.047 0.03 53975.366394 19.862 0.081 24.726866 -0.356905
53990.378433 -99.99 0.124 53990.380099 20.373 0.049 53990.376766 20.095 0.03 53990.377599 20.081 0.034 53990.379266 20.167 0.116 24.726866 -0.356905
53994.388584 20.586 0.077 53994.390251 20.461 0.029 53994.386917 20.123 0.027 53994.387751 20.029 0.037 53994.389417 20.126 0.117 24.726866 -0.356905
53996.372258 20.462 0.072 53996.373925 20.48 0.029 53996.370591 20.091 0.028 53996.371425 20.035 0.035 53996.373091 20.127 0.124 24.726866 -0.356905
54010.326361 20.563 0.052 54010.328028 20.399 0.023 54010.324694 20.113 0.022 54010.325528 20.118 0.025 54010.327194 20.046 0.08 24.726866 -0.356905
54012.319221 20.545 0.112 54012.320888 20.331 0.044 54012.317555 20.178 0.037 54012.318388 20.018 0.04 54012.320055 20.093 0.117 24.726866 -0.356905
54020.32521 20.665 0.107 54020.326877 20.399 0.039 54020.323544 20.095 0.029 54020.324377 20.098 0.037 54020.326044 19.934 0.112 24.726866 -0.356905
54024.406801 20.536 0.106 54024.408468 20.352 0.035 54024.405135 20.116 0.04 54024.405968 20.061 0.046 54024.407635 20.339 0.242 24.726866 -0.356905
54028.39508 20.426 0.086 54028.396746 20.407 0.029 54028.393413 20.061 0.032 54028.394246 20.023 0.041 54028.395913 20.038 0.152 24.726866 -0.356905
54030.318738 20.47 0.052 54030.320405 20.344 0.023 54030.317072 20.059 0.021 54030.317905 20.095 0.027 54030.319572 19.904 0.079 24.726866 -0.356905
54035.394507 20.716 0.138 54035.396174 20.32 0.036 54035.39284 20.007 0.044 54035.393674 20.029 0.068 54035.39534 19.8 0.15 24.726866 -0.356905
54037.299996 20.45 0.054 54037.301662 20.297 0.023 54037.298329 20.022 0.022 54037.299162 20.031 0.029 54037.300829 19.956 0.076 24.726866 -0.356905
54040.314549 20.341 0.085 54040.316216 20.32 0.042 54040.312883 20.067 0.032 54040.313716 20.079 0.038 54040.315383 20.065 0.113 24.726866 -0.356905
54047.345007 -99.99 0.356 54047.346674 20.421 0.138 54047.34334 19.982 0.086 54047.344174 19.989 0.096 54047.34584 19.664 0.196 24.726866 -0.356905
54049.34091 20.509 0.154 54049.342577 20.188 0.043 54049.339243 20.046 0.039 54049.340077 19.975 0.044 54049.341743 20.018 0.147 24.726866 -0.356905
54053.305268 20.436 0.061 54053.306934 20.274 0.031 54053.303601 19.975 0.026 54053.304434 20.002 0.034 54053.306101 20.137 0.112 24.726866 -0.356905
54056.306926 20.496 0.085 54056.308593 20.285 0.03 54056.30526 20.011 0.03 54056.306093 20.013 0.041 54056.30776 20.102 0.135 24.726866 -0.356905
54059.301228 20.425 0.095 54059.302895 20.204 0.026 54059.299562 19.959 0.029 54059.300395 19.958 0.04 54059.302062 20 0.147 24.726866 -0.356905
54061.31232 20.282 0.09 54061.313986 20.234 0.031 54061.310653 19.962 0.048 54061.311486 20.01 0.048 54061.313153 19.731 0.157 24.726866 -0.356905
54062.306083 20.411 0.06 54062.30775 20.262 0.025 54062.304417 19.972 0.021 54062.30525 19.952 0.03 54062.306917 19.823 0.093 24.726866 -0.356905
54068.286671 20.33 0.106 54068.288338 20.184 0.039 54068.285004 19.941 0.032 54068.285838 20.046 0.041 54068.287504 19.98 0.124 24.726866 -0.356905
54357.344426 20.585 0.058 54357.346093 20.486 0.024 54357.342759 20.142 0.028 54357.343593 20.085 0.027 54357.345259 20.205 0.091 24.726866 -0.356905
54359.376181 20.52 0.091 54359.377848 20.483 0.034 54359.374515 20.149 0.044 54359.375348 20.085 0.046 54359.377015 19.996 0.143 24.726866 -0.356905
54362.394194 20.689 0.066 54362.39586 20.518 0.022 54362.392527 20.164 0.022 54362.39336 20.199 0.031 54362.395027 20.176 0.103 24.726866 -0.356905
54376.389281 20.773 0.096 54376.390947 20.6 0.033 54376.387614 20.219 0.025 54376.388447 20.195 0.032 54376.390114 20.266 0.127 24.726866 -0.356905
54382.374482 20.77 0.117 54382.376149 20.606 0.034 54382.372816 20.185 0.036 54382.373649 20.255 0.06 54382.375316 20.114 0.207 24.726866 -0.356905
54385.392209 20.918 0.081 54385.393875 20.623 0.029 54385.390542 20.205 0.023 54385.391375 20.186 0.03 54385.393042 20.184 0.091 24.726866 -0.356905
54390.385198 20.638 0.099 54390.386865 20.572 0.034 54390.383532 20.269 0.038 54390.384365 20.164 0.045 54390.386032 20.03 0.165 24.726866 -0.356905
54402.385875 20.651 0.245 54402.387541 20.846 0.113 54402.384208 20.229 0.054 54402.385041 20.225 0.056 54402.386708 20.009 0.143 24.726866 -0.356905
