51081.341971 20.414 0.076 51081.343637 19.996 0.021 51081.340304 19.746 0.023 51081.341137 19.429 0.023 51081.342804 19.1 0.059 21.084175 -0.683451
51819.413086 20.066 0.056 51819.414752 19.747 0.017 51819.411419 19.522 0.017 51819.412252 19.312 0.017 51819.413919 19.146 0.053 21.084175 -0.683451
52551.345495 20.319 0.079 52551.347161 20.004 0.021 52551.343828 19.756 0.021 52551.344661 19.477 0.023 52551.346328 19.26 0.067 21.084175 -0.683451
52558.378372 20.277 0.058 52558.380038 19.972 0.017 52558.376705 19.738 0.018 52558.377538 19.505 0.018 52558.379205 19.216 0.047 21.084175 -0.683451
52577.265876 20.227 0.059 52577.267542 19.91 0.017 52577.264209 19.671 0.019 52577.265042 19.423 0.018 52577.266709 19.182 0.051 21.084175 -0.683451
52910.349833 20.42 0.073 52910.351499 19.973 0.018 52910.348166 19.653 0.018 52910.348999 19.423 0.018 52910.350666 19.086 0.048 21.084175 -0.683451
52963.200075 20.616 0.069 52963.201741 20.201 0.019 52963.198408 19.874 0.018 52963.199241 19.608 0.02 52963.200908 19.358 0.046 21.084175 -0.683451
53622.379436 -99.99 0.088 53622.381102 20.014 0.023 53622.377769 19.704 0.024 53622.378602 19.446 0.026 53622.380269 -99.99 0.062 21.084175 -0.683451
53634.328907 20.384 0.212 53634.330573 20.081 0.072 53634.32724 19.755 0.044 53634.328073 19.408 0.034 53634.32974 19.217 0.074 21.084175 -0.683451
53638.370242 20.438 0.083 53638.371908 20.045 0.023 53638.368575 19.825 0.021 53638.369408 19.549 0.02 53638.371075 19.387 0.062 21.084175 -0.683451
53640.334278 20.496 0.091 53640.335944 20.087 0.023 53640.332611 19.826 0.024 53640.333444 19.496 0.022 53640.335111 19.274 0.057 21.084175 -0.683451
53655.306449 20.4 0.09 53655.308115 20.071 0.025 53655.304782 19.838 0.027 53655.305615 19.484 0.025 53655.307282 19.26 0.08 21.084175 -0.683451
53664.331406 20.754 0.288 53664.333072 20.173 0.093 53664.329739 19.972 0.092 53664.330572 19.692 0.067 53664.332239 19.43 0.151 21.084175 -0.683451
53669.29065 20.469 0.074 53669.292316 20.138 0.02 53669.288983 19.802 0.02 53669.289816 19.5 0.022 53669.291483 19.242 0.057 21.084175 -0.683451
53671.375413 20.52 0.129 53671.377079 20.092 0.025 53671.373746 19.842 0.031 53671.374579 19.527 0.027 53671.376246 19.353 0.076 21.084175 -0.683451
53674.274886 20.577 0.108 53674.276552 20.097 0.023 53674.273219 19.778 0.025 53674.274052 19.509 0.025 53674.275719 19.194 0.066 21.084175 -0.683451
53676.364355 20.523 0.11 53676.366021 20.187 0.027 53676.362688 19.865 0.026 53676.363521 19.595 0.021 53676.365188 19.348 0.062 21.084175 -0.683451
53679.336251 20.578 0.128 53679.337917 20.195 0.026 53679.334584 19.826 0.03 53679.335417 19.552 0.029 53679.337084 19.28 0.081 21.084175 -0.683451
53685.286818 20.281 0.129 53685.288484 20.052 0.047 53685.285151 19.831 0.04 53685.285984 19.474 0.029 53685.287651 19.248 0.066 21.084175 -0.683451
53694.300698 20.549 0.315 53694.302364 20.221 0.073 53694.299031 19.896 0.055 53694.299864 19.457 0.043 53694.301531 19.197 0.089 21.084175 -0.683451
53700.283746 20.536 0.125 53700.285412 20.117 0.026 53700.282079 19.888 0.031 53700.282912 19.5 0.03 53700.284579 19.19 0.083 21.084175 -0.683451
53705.270416 20.54 0.095 53705.272082 20.225 0.024 53705.268749 19.922 0.022 53705.269582 19.595 0.021 53705.271249 19.322 0.059 21.084175 -0.683451
53975.355413 20.729 0.078 53975.357079 20.448 0.023 53975.353746 20.114 0.038 53975.354579 19.809 0.026 53975.356246 19.61 0.068 21.084175 -0.683451
53990.368243 20.789 0.147 53990.36991 20.35 0.049 53990.366577 20.069 0.032 53990.36741 19.935 0.029 53990.369077 19.677 0.073 21.084175 -0.683451
54028.384974 -99.99 0.121 54028.386641 20.365 0.04 54028.383307 20.135 0.027 54028.384141 19.818 0.029 54028.385807 19.563 0.085 21.084175 -0.683451
54049.330854 21.045 0.303 54049.332521 20.464 0.061 54049.329187 20.132 0.045 54049.330021 19.736 0.036 54049.331687 19.338 0.081 21.084175 -0.683451
54059.291108 20.977 0.16 54059.292775 -99.99 0.049 54059.289442 20.176 0.041 54059.290275 19.673 0.03 54059.291942 19.392 0.076 21.084175 -0.683451
54061.302196 20.608 0.143 54061.303862 20.499 0.058 54061.300529 20.084 0.032 54061.301362 19.726 0.048 54061.303029 19.465 0.095 21.084175 -0.683451
54068.276615 21.173 0.284 54068.278282 20.496 0.065 54068.274949 20.07 0.044 54068.275782 19.675 0.039 54068.277449 19.667 0.094 21.084175 -0.683451
54382.364315 21.118 0.17 54382.365982 20.612 0.035 54382.362649 20.237 0.036 54382.363482 19.812 0.034 54382.365149 19.28 0.085 21.084175 -0.683451
54391.383481 21.459 0.308 54391.385147 20.922 0.087 54391.381814 20.275 0.052 54391.382647 19.835 0.047 54391.384314 19.345 0.107 21.084175 -0.683451
