211.16765.212
Time(days)     V    Verr    R    Rerr
  538.72     18.216    0.047  -99.000  -99.000
  539.65     18.183    0.067  -99.000  -99.000
  540.66     18.200    0.022  -99.000  -99.000
  541.65     18.155    0.030  -99.000  -99.000
  542.63     18.188    0.035  -99.000  -99.000
  546.61     18.212    0.054  -99.000  -99.000
  555.59     18.216    0.046  -99.000  -99.000
  557.58     18.162    0.033  -99.000  -99.000
  558.64     18.120    0.036  -99.000  -99.000
  560.59     18.210    0.043  -99.000  -99.000
  561.61     18.135    0.024  -99.000  -99.000
  562.62     18.186    0.022  -99.000  -99.000
  563.56     18.165    0.032  -99.000  -99.000
  565.59     18.119    0.038  -99.000  -99.000
  566.62     18.187    0.023  -99.000  -99.000
  571.56     18.171    0.038  -99.000  -99.000
  572.56     18.177    0.029  -99.000  -99.000
  573.56     18.168    0.037  -99.000  -99.000
  576.62     18.117    0.048  -99.000  -99.000
  580.58     18.262    0.055  -99.000  -99.000
  581.58     18.211    0.031  -99.000  -99.000
  585.56     18.156    0.027  -99.000  -99.000
  586.55     18.161    0.034  -99.000  -99.000
  587.56     18.111    0.076  -99.000  -99.000
  588.57     18.199    0.019  -99.000  -99.000
  592.52     18.166    0.043  -99.000  -99.000
  593.53     18.109    0.046  -99.000  -99.000
  594.49     18.218    0.034  -99.000  -99.000
  595.50     18.227    0.031  -99.000  -99.000
  596.54     18.190    0.033  -99.000  -99.000
  598.53     18.151    0.094  -99.000  -99.000
  599.51     18.170    0.024  -99.000  -99.000
  600.51     18.169    0.032  -99.000  -99.000
  601.52     18.175    0.031  -99.000  -99.000
  610.49     18.233    0.066  -99.000  -99.000
  632.45     18.224    0.045  -99.000  -99.000
  633.47     18.213    0.021  -99.000  -99.000
  634.46     18.234    0.028  -99.000  -99.000
  637.46     18.191    0.038  -99.000  -99.000
  642.44     18.196    0.028  -99.000  -99.000
  643.47     18.215    0.027  -99.000  -99.000
  644.52     18.200    0.014  -99.000  -99.000
  645.47     18.173    0.022  -99.000  -99.000
  664.47     18.217    0.021  -99.000  -99.000
  668.42     18.243    0.032  -99.000  -99.000
  679.50     18.238    0.025  -99.000  -99.000
  684.44     18.201    0.016  -99.000  -99.000
  686.55     18.227    0.016  -99.000  -99.000
  688.46     18.169    0.036  -99.000  -99.000
  689.44     18.115    0.052  -99.000  -99.000
  690.44     18.136    0.040  -99.000  -99.000
  692.44     18.124    0.043  -99.000  -99.000
  694.44     18.116    0.032  -99.000  -99.000
  749.60     18.277    0.033   17.936    0.030
  752.62     18.230    0.040   17.913    0.031
  753.65     18.168    0.069   17.898    0.045
  754.63     18.262    0.134   17.897    0.070
  761.64     18.187    0.040   17.849    0.031
  763.61     18.165    0.043   17.893    0.035
  767.58     18.194    0.031   17.938    0.030
  775.57     18.181    0.018   17.913    0.017
  776.56     18.158    0.031   17.887    0.028
  781.58     18.117    0.089   17.861    0.069
  782.56     18.163    0.045   17.839    0.032
  789.30    -99.000  -99.000   18.012    0.160
  791.59     18.091    0.162   17.735    0.095
  792.55     18.182    0.045   17.865    0.034
  793.54     18.184    0.055   17.833    0.039
  800.53     18.243    0.059   17.919    0.048
  803.50     18.169    0.026   17.875    0.022
  806.50     18.223    0.052   17.885    0.046
  810.49    -99.000  -99.000   17.371    0.127
  811.49     18.182    0.055   17.872    0.038
  813.48    -99.000  -99.000   17.924    0.057
  821.54     18.316    0.090   17.949    0.061
  823.48     18.252    0.032   17.926    0.023
  824.53     18.209    0.027   17.931    0.020
  826.45     18.181    0.031   17.879    0.027
  827.44     18.237    0.026   17.923    0.018
  828.44     18.169    0.025   17.834    0.020
  829.43    -99.000  -99.000   17.423    0.457
  833.79     18.194    0.030  -99.000  -99.000
  834.42     18.199    0.021   17.923    0.022
  835.48     18.221    0.041   17.925    0.029
  836.80     18.226    0.035  -99.000  -99.000
  837.42     18.418    0.069   17.906    0.032
  838.42     18.108    0.062   17.794    0.045
  839.40     18.469    0.114   17.930    0.052
  840.40     18.185    0.063   17.850    0.041
  841.40     18.197    0.048   17.883    0.037
  843.41     18.218    0.040   17.908    0.033
  845.80     18.185    0.070  -99.000  -99.000
  846.82     18.249    0.063  -99.000  -99.000
  847.81     18.169    0.052  -99.000  -99.000
  849.46     18.319    0.046  -99.000  -99.000
  850.44     18.182    0.097  -99.000  -99.000
  853.82     18.232    0.022  -99.000  -99.000
  854.38     18.210    0.020   17.900    0.018
  855.40     18.227    0.025   17.914    0.021
  860.43     18.291    0.053  -99.000  -99.000
  861.80     18.210    0.016  -99.000  -99.000
  862.38     18.286    0.044  -99.000  -99.000
  863.80     18.216    0.037  -99.000  -99.000
  864.39     18.136    0.091   17.916    9.999
  865.39     18.134    0.048   17.974    0.059
  868.77     18.211    0.032  -99.000  -99.000
  869.39     18.261    0.079   17.868    0.057
  870.74     18.136    0.128  -99.000  -99.000
  871.77     18.283    0.042  -99.000  -99.000
  873.37    -99.000  -99.000   17.802    0.115
  875.80     18.340    0.159  -99.000  -99.000
  877.76     18.226    0.045  -99.000  -99.000
  881.74     18.269    0.065  -99.000  -99.000
  888.73     18.263    0.043  -99.000  -99.000
  889.36     18.161    0.050   17.890    0.043
  890.35     18.234    0.045   17.956    0.036
  891.35     18.195    0.030   17.921    9.999
  893.82     18.158    0.062  -99.000  -99.000
  894.69     18.250    0.033  -99.000  -99.000
  895.71     18.211    0.029  -99.000  -99.000
  897.70     17.810    0.091  -99.000  -99.000
  899.71     18.245    0.022  -99.000  -99.000
  902.74     18.274    0.050  -99.000  -99.000
  907.65     18.194    0.044  -99.000  -99.000
  908.70     18.223    0.026  -99.000  -99.000
  909.68     18.189    0.073  -99.000  -99.000
  910.65     18.203    0.027  -99.000  -99.000
  911.65     18.257    0.072  -99.000  -99.000
  913.65     18.307    0.033  -99.000  -99.000
  915.66     18.279    0.031  -99.000  -99.000
  916.67     18.272    0.015  -99.000  -99.000
  917.67     18.247    0.023  -99.000  -99.000
  918.75     18.258    0.014  -99.000  -99.000
  919.63     18.249    0.019  -99.000  -99.000
  920.76     18.238    0.032  -99.000  -99.000
  922.63     18.257    0.022  -99.000  -99.000
  923.63     18.261    0.023  -99.000  -99.000
  924.59     18.270    0.042  -99.000  -99.000
  925.63     18.207    0.107  -99.000  -99.000
  925.65     18.173    0.070  -99.000  -99.000
  926.60     18.216    0.053  -99.000  -99.000
  927.65     18.278    0.020  -99.000  -99.000
  929.61     18.293    0.029  -99.000  -99.000
  929.77     18.314    0.016  -99.000  -99.000
  929.78     18.274    0.011  -99.000  -99.000
  929.79     18.283    0.010  -99.000  -99.000
  929.80     18.289    0.013  -99.000  -99.000
  930.60     18.253    0.092  -99.000  -99.000
  931.54     18.345    0.107  -99.000  -99.000
  931.57     18.271    0.093  -99.000  -99.000
  934.73     18.325    0.044  -99.000  -99.000
  935.60     18.187    0.049  -99.000  -99.000
  936.57     18.298    0.023  -99.000  -99.000
  937.61     18.213    0.110  -99.000  -99.000
  938.61     18.233    0.035  -99.000  -99.000
  939.60     18.274    0.013  -99.000  -99.000
  943.55     18.170    0.045  -99.000  -99.000
  944.60     18.271    0.017  -99.000  -99.000
  945.60     18.291    0.018  -99.000  -99.000
  946.56     18.320    0.093  -99.000  -99.000
  946.59     18.274    0.016  -99.000  -99.000
  948.56     18.288    0.015  -99.000  -99.000
  949.57     18.254    0.019  -99.000  -99.000
  950.57     18.285    0.022  -99.000  -99.000
  951.56     18.283    0.012  -99.000  -99.000
  954.54     18.310    0.029  -99.000  -99.000
  955.55     18.268    0.023  -99.000  -99.000
  956.55     18.297    0.021  -99.000  -99.000
  957.49     18.263    0.024  -99.000  -99.000
  958.60     18.278    0.025  -99.000  -99.000
  964.57     18.212    0.043  -99.000  -99.000
  965.54     18.233    0.026  -99.000  -99.000
  966.55     18.270    0.018  -99.000  -99.000
  967.53     18.290    0.011  -99.000  -99.000
  968.58     18.291    0.017  -99.000  -99.000
  969.55     18.251    0.029  -99.000  -99.000
  972.54     18.316    0.019  -99.000  -99.000
  973.55     18.299    0.013  -99.000  -99.000
  974.64     18.320    0.013  -99.000  -99.000
  975.60     18.324    0.017  -99.000  -99.000
  976.61     18.249    0.055  -99.000  -99.000
  979.56     18.284    0.014  -99.000  -99.000
  980.52     18.282    0.020  -99.000  -99.000
  981.59     18.293    0.013  -99.000  -99.000
  982.57     18.309    0.012  -99.000  -99.000
  983.58     18.311    0.013  -99.000  -99.000
  984.45     18.279    0.034  -99.000  -99.000
  985.53     18.206    0.077  -99.000  -99.000
  986.61     18.327    0.022  -99.000  -99.000
  987.57     18.307    0.041  -99.000  -99.000
  988.57     18.266    0.053  -99.000  -99.000
  993.55     18.295    0.023  -99.000  -99.000
  994.55     18.290    0.033  -99.000  -99.000
  995.55     18.316    0.028  -99.000  -99.000
  997.54     18.289    0.013  -99.000  -99.000
 1000.57     18.316    0.020  -99.000  -99.000
 1001.63     18.318    0.020  -99.000  -99.000
 1002.56     18.316    0.016  -99.000  -99.000
 1004.56     18.282    0.023  -99.000  -99.000
 1005.56     18.332    0.018  -99.000  -99.000
 1006.63     18.298    0.041  -99.000  -99.000
 1007.54     18.325    0.014  -99.000  -99.000
 1010.66     18.268    0.031  -99.000  -99.000
 1011.65     18.318    0.011  -99.000  -99.000
 1012.54     18.284    0.020  -99.000  -99.000
 1013.52     18.270    0.038  -99.000  -99.000
 1014.58     18.268    0.018  -99.000  -99.000
 1015.53     18.351    0.030  -99.000  -99.000
 1016.52     18.298    0.017  -99.000  -99.000
 1017.56     18.302    0.017  -99.000  -99.000
 1018.64     18.340    0.020  -99.000  -99.000
 1019.66     18.290    0.067  -99.000  -99.000
 1022.55     18.270    0.036  -99.000  -99.000
 1023.45     18.276    0.055  -99.000  -99.000
 1023.60     18.252    0.044  -99.000  -99.000
 1025.44     18.300    0.015  -99.000  -99.000
 1026.45     18.310    0.012  -99.000  -99.000
 1027.48     18.329    0.013  -99.000  -99.000
 1030.48     18.333    0.027  -99.000  -99.000
 1031.47     18.264    0.025  -99.000  -99.000
 1043.45     19.004    0.017  -99.000  -99.000
 1053.45     18.360    0.013  -99.000  -99.000
 1064.46     18.314    0.019  -99.000  -99.000
 1065.46     18.308    0.015  -99.000  -99.000
 1066.72     18.508    0.059   17.969    0.033
 1067.46     18.292    0.016  -99.000  -99.000
 1068.47     18.316    0.013  -99.000  -99.000
 1072.50     18.314    0.031  -99.000  -99.000
 1074.47     18.349    0.032  -99.000  -99.000
 1076.49     18.273    0.019  -99.000  -99.000
 1077.47     18.255    0.050  -99.000  -99.000
 1078.47     18.329    0.047  -99.000  -99.000
 1082.47     18.279    0.025  -99.000  -99.000
 1094.48     18.277    0.014   17.976    0.014
 1106.54     18.293    0.020   17.992    0.019
 1107.49    -99.000  -99.000   17.959    0.018
 1115.50     18.340    0.066   17.996    0.061
 1118.54     18.347    0.021   17.975    0.016
 1120.47     18.283    0.012   18.007    0.013
 1123.50     18.295    0.010   18.003    0.012
 1124.50     18.286    0.021   18.004    0.021
 1126.46     18.235    0.019   17.947    0.019
 1128.47     18.257    0.011   17.965    0.011
 1129.47     18.264    0.019   17.968    0.020
 1131.47     18.349    0.025   17.989    0.025
 1131.48     18.385    0.028   17.982    0.021
 1136.53     18.291    0.031   17.974    0.021
 1137.53    -99.000  -99.000   18.004    0.022
 1144.46    -99.000  -99.000   19.408    1.424
 1161.46     18.263    0.019   17.977    0.018
 1164.45     18.255    0.050   17.925    0.031
 1165.46     18.244    0.082   17.973    0.058
 1166.53    -99.000  -99.000   17.863    0.058
 1167.44    -99.000  -99.000   17.913    0.042
 1172.44     18.287    0.054   17.926    0.034
 1174.44     18.245    0.026   17.961    0.024
 1176.42     18.256    0.012   17.967    0.012
 1177.45     18.252    0.030   17.946    0.029
 1178.46     18.225    0.030   17.940    0.022
 1179.43     18.222    0.045   17.964    0.047
 1181.42     18.211    0.027   17.951    0.024
 1182.43    -99.000  -99.000   18.331    0.229
 1183.43     18.231    0.014   17.947    0.013
 1184.50     18.209    0.034   17.899    0.030
 1185.43     18.233    0.016   17.948    0.015
 1186.42     18.236    0.019   17.948    0.019
 1187.45     18.252    0.029   17.963    0.023
 1195.43    -99.000  -99.000   17.971    0.031
 1201.40     18.267    0.059   17.938    0.043
 1203.44     18.206    0.032   17.942    0.030
 1204.45     18.241    0.032   17.934    0.027
 1205.45     18.244    0.033   17.941    0.029
 1206.42     18.217    0.017   17.932    0.011
 1208.41     18.233    0.031   17.950    0.027
 1209.40     18.227    0.015   17.957    0.015
 1210.42     18.238    0.022   17.907    0.019
 1212.41     18.232    0.019   17.945    0.019
 1213.44     18.207    0.023   17.945    0.023
 1219.45     18.190    0.060   18.027    0.063
 1221.41     18.136    0.058   18.003    0.064
 1233.41     18.033    0.114   17.740    0.094
 1235.40    -99.000  -99.000   17.919    0.024
 1241.39     18.191    0.066   17.951    0.065
 1263.82     18.112    0.036  -99.000  -99.000
 1264.81     18.168    0.013  -99.000  -99.000
 1266.80     18.150    0.019  -99.000  -99.000
 1267.81     18.154    0.010  -99.000  -99.000
 1268.79     18.199    0.015  -99.000  -99.000
 1269.80     18.156    0.028  -99.000  -99.000
 1272.79     18.192    0.016  -99.000  -99.000
 1276.82     18.182    0.016  -99.000  -99.000
 1278.78     18.166    0.010  -99.000  -99.000
 1282.77     18.161    0.020  -99.000  -99.000
 1283.83     18.169    0.019  -99.000  -99.000
 1284.76     18.126    0.029  -99.000  -99.000
 1290.81     18.193    0.032  -99.000  -99.000
 1294.75     18.142    0.017  -99.000  -99.000
 1295.68     18.189    0.030  -99.000  -99.000
 1298.67     18.181    0.021  -99.000  -99.000
 1299.67     18.169    0.015  -99.000  -99.000
 1302.64     18.166    0.031  -99.000  -99.000
 1304.62     18.142    0.017  -99.000  -99.000
 1305.65     18.160    0.013  -99.000  -99.000
 1306.61     18.135    0.026  -99.000  -99.000
 1308.76     18.116    0.028  -99.000  -99.000
 1309.62     18.140    0.030  -99.000  -99.000
 1310.60     18.155    0.014  -99.000  -99.000
 1311.60     18.059    0.075  -99.000  -99.000
 1312.71     18.150    0.024  -99.000  -99.000
 1318.56     18.197    0.024  -99.000  -99.000
 1319.56     18.179    0.016  -99.000  -99.000
 1320.56     18.181    0.021  -99.000  -99.000
 1321.58     18.179    0.017  -99.000  -99.000
 1322.66     18.160    0.029  -99.000  -99.000
 1323.56     18.154    0.019  -99.000  -99.000
 1324.57     18.153    0.015  -99.000  -99.000
 1325.56     18.172    0.017  -99.000  -99.000
 1326.56     18.161    0.017  -99.000  -99.000
 1328.58     18.147    0.019  -99.000  -99.000
 1329.55     18.195    0.055  -99.000  -99.000
 1330.54     18.158    0.014  -99.000  -99.000
 1331.59     18.187    0.033  -99.000  -99.000
 1332.61     18.160    0.032  -99.000  -99.000
 1334.53     18.175    0.011  -99.000  -99.000
 1335.52     18.274    0.094  -99.000  -99.000
 1338.54     18.135    0.015  -99.000  -99.000
 1340.71     18.135    0.023  -99.000  -99.000
 1342.57     18.158    0.078  -99.000  -99.000
 1343.60     18.178    0.020  -99.000  -99.000
 1347.50     18.167    0.027  -99.000  -99.000
 1349.49     18.122    0.040  -99.000  -99.000
 1349.52     18.165    0.016  -99.000  -99.000
 1350.49     18.148    0.039  -99.000  -99.000
 1351.54     18.154    0.017  -99.000  -99.000
 1353.50     18.166    0.010  -99.000  -99.000
 1357.50     18.128    0.022  -99.000  -99.000
 1359.47     18.139    0.015  -99.000  -99.000
 1363.50     18.133    0.013  -99.000  -99.000
 1364.48     18.158    0.010  -99.000  -99.000
 1366.54     18.151    0.014  -99.000  -99.000
 1368.51     18.138    0.027  -99.000  -99.000
 1371.52     18.169    0.023  -99.000  -99.000
 1380.52     18.146    0.041  -99.000  -99.000
 1382.48     18.142    0.009  -99.000  -99.000
 1383.49     18.146    0.024  -99.000  -99.000
 1390.46     18.162    0.016  -99.000  -99.000
 1396.49     18.155    0.011  -99.000  -99.000
 1398.43     18.166    0.020  -99.000  -99.000
 1406.44     18.122    0.026  -99.000  -99.000
 1409.44     18.117    0.029  -99.000  -99.000
 1410.44     18.174    0.011  -99.000  -99.000
 1413.45     18.145    0.012  -99.000  -99.000
 1422.47     18.152    0.013  -99.000  -99.000
 1423.46     18.160    0.016  -99.000  -99.000
 1425.46     18.174    0.013  -99.000  -99.000
 1431.47     18.149    0.014  -99.000  -99.000
 1436.47     18.164    0.023  -99.000  -99.000
 1438.47     18.168    0.013  -99.000  -99.000
 1439.49     18.131    0.030  -99.000  -99.000
 1440.48     18.124    0.018  -99.000  -99.000
 1443.48     18.166    0.008  -99.000  -99.000
 1444.48     18.153    0.019  -99.000  -99.000
 1449.48     18.134    0.032  -99.000  -99.000
 1468.69    -99.000  -99.000   17.863    0.020
 1472.48     18.148    0.014   17.858    0.014
 1479.49     17.969    0.125   17.712    0.132
 1484.48     18.167    0.008   17.878    0.009
 1485.47     18.169    0.014   17.864    0.014
 1486.47     18.150    0.013   17.861    0.015
 1493.48    -99.000  -99.000   17.829    0.032
 1502.49     18.182    0.014   17.927    9.999
 1503.47     18.169    0.017   17.880    0.018
 1505.44     18.159    0.019   17.870    0.018
 1506.46     18.176    0.010   17.909    0.011
 1508.46     18.250    0.026   17.944    9.999
 1508.48     18.176    0.018   17.924    9.999
 1510.47     18.185    0.019   17.893    0.020
 1515.45     18.174    0.015   17.893    0.015
 1528.44     18.165    0.018   17.884    0.017
 1530.45     18.289    0.117   17.942    9.999
 1532.44     18.172    0.017   17.901    0.019
 1536.46     18.188    0.062   17.849    0.045
 1541.45     18.155    0.025   17.879    0.021
 1550.45    -99.000  -99.000   17.920    0.021
 1558.44     18.177    0.028   17.887    0.024
 1574.81     18.214    0.015  -99.000  -99.000
 1575.40     18.206    0.053   17.846    0.035
 1578.40     18.206    0.029   17.915    0.023
 1591.39    -99.000  -99.000   17.272    0.191
 1594.82     18.194    0.013  -99.000  -99.000
 1600.82     18.161    0.023  -99.000  -99.000
 1606.81     18.130    0.017  -99.000  -99.000
 1609.80     18.167    0.009  -99.000  -99.000
 1610.80     18.162    0.009  -99.000  -99.000
 1615.79     18.152    0.058  -99.000  -99.000
 1616.77     18.168    0.025  -99.000  -99.000
 1618.76     18.115    0.017  -99.000  -99.000
 1619.81     18.107    0.028  -99.000  -99.000
 1620.82     18.130    0.016  -99.000  -99.000
 1621.82     18.131    0.015  -99.000  -99.000
 1622.84     18.130    0.020  -99.000  -99.000
 1623.83     18.146    0.016  -99.000  -99.000
 1629.77     18.113    0.009  -99.000  -99.000
 1631.73     18.121    0.016  -99.000  -99.000
 1632.80     18.144    0.009  -99.000  -99.000
 1635.81     18.137    0.020  -99.000  -99.000
 1647.73     18.084    0.013  -99.000  -99.000
 1648.71     18.096    0.016  -99.000  -99.000
 1649.77     18.097    0.020  -99.000  -99.000
 1653.66     18.082    0.011  -99.000  -99.000
 1654.68     18.093    0.015  -99.000  -99.000
 1655.66     18.074    0.014  -99.000  -99.000
 1677.62     18.068    0.028  -99.000  -99.000
 1680.66     18.071    0.009  -99.000  -99.000
 1681.67     18.078    0.014  -99.000  -99.000
 1682.68     18.048    0.007  -99.000  -99.000
 1683.65     18.089    0.024  -99.000  -99.000
 1684.60     18.095    0.013  -99.000  -99.000
 1685.58     18.062    0.020  -99.000  -99.000
 1687.61     18.103    0.017  -99.000  -99.000
 1688.58     18.082    0.015  -99.000  -99.000
 1689.61     18.076    0.009  -99.000  -99.000
 1691.65     18.067    0.013  -99.000  -99.000
 1692.65     18.073    0.009  -99.000  -99.000
 1696.64     18.065    0.010  -99.000  -99.000
 1704.64     18.052    0.020  -99.000  -99.000
 1705.66     18.086    0.014  -99.000  -99.000
 1706.71     18.050    0.024  -99.000  -99.000
 1710.54     18.078    0.026  -99.000  -99.000
 1712.64     18.054    0.012  -99.000  -99.000
 1713.60     18.054    0.018  -99.000  -99.000
 1718.59     18.039    0.011  -99.000  -99.000
 1719.62     18.038    0.016  -99.000  -99.000
 1720.49     18.055    0.013  -99.000  -99.000
 1723.64     18.051    0.018  -99.000  -99.000
 1723.68     18.076    0.021  -99.000  -99.000
 1725.49     17.926    0.056  -99.000  -99.000
 1726.61     18.048    0.020  -99.000  -99.000
 1735.50     17.995    0.033  -99.000  -99.000
 1736.46     18.053    0.009  -99.000  -99.000
 1737.46     18.056    0.011  -99.000  -99.000
 1741.46     18.054    0.015  -99.000  -99.000
 1743.50     18.035    0.019  -99.000  -99.000
 1745.50     17.971    0.023  -99.000  -99.000
 1746.52     18.021    0.008  -99.000  -99.000
 1747.49     18.036    0.010  -99.000  -99.000
 1748.49     18.007    0.011  -99.000  -99.000
 1751.51     18.036    0.012  -99.000  -99.000
 1753.48     18.006    0.019  -99.000  -99.000
 1754.52     18.040    0.011  -99.000  -99.000
 1756.53     18.026    0.019  -99.000  -99.000
 1761.52     18.049    0.024  -99.000  -99.000
 1762.46     18.027    0.009  -99.000  -99.000
 1765.49     18.020    0.011  -99.000  -99.000
 1766.45     18.048    0.030  -99.000  -99.000
 1774.45     17.986    0.022  -99.000  -99.000
 1778.49     18.009    0.017  -99.000  -99.000
 1782.47     18.031    0.017  -99.000  -99.000
 1783.46     18.040    0.011  -99.000  -99.000
 1784.49     18.041    0.018  -99.000  -99.000
 1786.47     18.024    0.025  -99.000  -99.000
 1787.47     18.025    0.022  -99.000  -99.000
 1793.49     18.030    0.016  -99.000  -99.000
 1794.51     18.039    0.008  -99.000  -99.000
 1796.46     18.032    0.025  -99.000  -99.000
 1798.47     18.074    0.014  -99.000  -99.000
 1799.47     18.044    0.015  -99.000  -99.000
 1801.47     18.046    0.013  -99.000  -99.000
 1802.48     18.054    0.009  -99.000  -99.000
 1803.52     18.042    0.009  -99.000  -99.000
 1805.48     18.032    0.012  -99.000  -99.000
 1806.52     18.028    0.022  -99.000  -99.000
 1807.48     18.047    0.105  -99.000  -99.000
 1809.52     18.019    0.017   17.756    0.018
 1812.49     17.981    0.034  -99.000  -99.000
 1815.45     18.135    0.034  -99.000  -99.000
 1821.54     18.059    0.021   17.789    0.017
 1822.50     18.041    0.017   17.774    0.017
 1830.48     18.003    0.040   17.695    0.043
 1833.53     18.050    0.010   17.794    0.010
 1834.50     18.042    0.010   17.778    0.011
 1837.49     18.035    0.009   17.763    0.011
 1838.48     18.063    0.009   17.790    0.010
 1839.48     18.076    0.018   17.902    9.999
 1842.48     18.048    0.015   17.757    0.016
 1844.50     18.045    0.045   17.895    9.999
 1845.52    -99.000  -99.000   17.939    9.999
 1847.48    -99.000  -99.000   17.756    0.021
 1855.50     18.047    0.008   17.784    0.009
 1856.48     18.055    0.012   17.792    0.012
 1857.55     18.027    0.022   17.753    0.021
 1861.50     18.085    0.019   17.781    0.017
 1863.47     18.036    0.014   17.762    0.015
 1871.48     18.002    0.020   17.757    0.017
 1872.47     18.056    0.018   17.778    0.015
 1873.47     18.043    0.018   17.775    0.015
 1874.46    -99.000  -99.000   17.739    0.027
 1884.47     18.056    0.010   17.785    0.010
 1887.44     18.045    0.010  -99.000  -99.000
 1895.45     18.084    0.016   17.900    9.999
 1896.50    -99.000  -99.000   17.670    0.060
 1897.44     18.047    0.035   17.755    0.035
 1898.43     18.038    0.028   17.754    0.026
 1899.45     18.076    0.015   17.901    9.999
 1900.39    -99.000  -99.000   17.961    9.999
 1900.43     18.068    0.059   17.898    9.999
 1902.47     18.104    0.025   17.817    0.018
 1904.43    -99.000  -99.000   17.785    0.028
 1910.42     18.043    0.020   17.764    0.020
 1911.46     18.152    0.041   17.845    0.037
 1912.42     18.084    0.018   17.794    0.014
 1914.44     18.077    0.026   17.805    0.024
 1916.41     18.065    0.016   17.791    0.013
 1917.42     18.082    0.012   17.802    0.013
 1918.44     18.049    0.035   17.751    0.034
 1919.42     18.074    0.027   17.803    0.029
 1920.43     18.131    0.054   17.750    0.044
 1921.53     18.127    0.065   17.779    0.052
 1922.43     18.067    0.032   17.747    0.027
 1923.45     18.071    0.015   17.782    0.013
 1924.41     18.093    0.024   17.791    0.020
 1925.41     18.083    0.016   17.781    0.014
 1928.40     18.096    0.017   17.823    0.015
 1929.42     18.060    0.022   17.782    0.016
 1930.42     18.076    0.027   17.787    0.019
 1931.40     18.073    0.026   17.795    0.020
 1940.40     18.051    0.062   17.862    0.066
 1941.39     18.091    0.017   17.806    0.013
 1942.39     18.048    0.014   17.796    0.013
 1945.40     18.099    0.024   17.797    0.021
 1946.41     18.054    0.025   17.791    0.021
 1950.40     18.085    0.029   17.779    0.026
 1953.82     18.095    0.029  -99.000  -99.000
 1956.81     18.084    0.021  -99.000  -99.000
 1957.40     18.092    0.020   17.791    0.016
 1958.77     18.104    0.016  -99.000  -99.000
 1966.81     18.082    0.019  -99.000  -99.000
 1972.82     18.048    0.027  -99.000  -99.000
 1974.79     18.069    0.015  -99.000  -99.000
 1975.81     18.066    0.017  -99.000  -99.000
 1976.82     18.058    0.023  -99.000  -99.000
 1979.82     18.091    0.014  -99.000  -99.000
 1980.80     18.089    0.015  -99.000  -99.000
 1981.77     18.102    0.016  -99.000  -99.000
 1982.76     18.105    0.023  -99.000  -99.000
 1983.82     18.081    0.011  -99.000  -99.000
 1984.78     18.091    0.014  -99.000  -99.000
 1985.75     18.082    0.010  -99.000  -99.000
 1987.78     18.197    0.060  -99.000  -99.000
 1989.76     18.039    0.030  -99.000  -99.000
 1990.79     18.074    0.036  -99.000  -99.000
 1991.76     18.043    0.014  -99.000  -99.000
 1993.79     18.066    0.018  -99.000  -99.000
 1994.78     18.084    0.016  -99.000  -99.000
 1999.71     18.080    0.021  -99.000  -99.000
 2006.81     18.051    0.015  -99.000  -99.000
 2007.76     18.076    0.062  -99.000  -99.000
 2008.72     18.065    0.019  -99.000  -99.000
 2009.74     18.073    0.014  -99.000  -99.000
 2010.83     18.076    0.018  -99.000  -99.000
 2011.75     18.067    0.013  -99.000  -99.000
 2013.67     18.031    0.021  -99.000  -99.000
 2015.71     18.070    0.032  -99.000  -99.000
 2016.67     18.031    0.023  -99.000  -99.000
 2017.70     18.072    0.011  -99.000  -99.000
 2019.65     18.094    0.018  -99.000  -99.000
 2022.71     18.116    0.034  -99.000  -99.000
 2023.71     18.073    0.027  -99.000  -99.000
 2028.62     18.130    0.038  -99.000  -99.000
 2029.61     18.057    0.014  -99.000  -99.000
 2033.61     18.077    0.019  -99.000  -99.000
 2034.59     18.065    0.018  -99.000  -99.000
 2035.61     18.081    0.013  -99.000  -99.000
 2036.60     18.035    0.028  -99.000  -99.000
 2037.59     18.080    0.013  -99.000  -99.000
 2038.59     18.066    0.015  -99.000  -99.000
 2039.59     18.091    0.014  -99.000  -99.000
 2040.70     18.072    0.012  -99.000  -99.000
 2046.60     18.064    0.018  -99.000  -99.000
 2047.58     18.025    0.037  -99.000  -99.000
 2050.63     18.088    0.084  -99.000  -99.000
 2051.60     18.136    0.079  -99.000  -99.000
 2052.58     18.034    0.034  -99.000  -99.000
 2057.54     18.087    0.020  -99.000  -99.000
 2058.54     18.078    0.026  -99.000  -99.000
 2059.54     18.083    0.040  -99.000  -99.000
 2061.57     18.086    0.049  -99.000  -99.000
 2063.64     18.023    0.031  -99.000  -99.000
 2064.13     18.079    0.011  -99.000  -99.000
 2065.59     18.066    0.013  -99.000  -99.000
 2066.56     18.081    0.011  -99.000  -99.000
 2077.54     18.073    0.026  -99.000  -99.000
 2080.55     18.068    0.026  -99.000  -99.000
 2081.51     18.074    0.026  -99.000  -99.000
 2090.52     18.077    0.018  -99.000  -99.000
 2093.52     18.098    0.011  -99.000  -99.000
 2096.50     18.064    0.017  -99.000  -99.000
 2097.47     18.099    0.015  -99.000  -99.000
 2098.47     18.103    0.014  -99.000  -99.000
 2099.46     18.072    0.015  -99.000  -99.000
 2100.47     18.087    0.032  -99.000  -99.000
 2101.49     18.082    0.028  -99.000  -99.000
 2102.46     18.067    0.023  -99.000  -99.000
 2103.46     18.116    0.014  -99.000  -99.000
 2107.51     18.114    0.020  -99.000  -99.000
 2109.50     18.087    0.040  -99.000  -99.000
 2110.46     18.095    0.034  -99.000  -99.000
 2116.45     18.088    0.016  -99.000  -99.000
 2119.44     18.123    0.016  -99.000  -99.000
 2120.49     18.082    0.017  -99.000  -99.000
 2121.47     18.103    0.017  -99.000  -99.000
 2141.48     18.116    0.026  -99.000  -99.000
 2145.47     18.059    0.015  -99.000  -99.000
 2146.47     18.061    0.011  -99.000  -99.000
 2147.46     18.097    0.011  -99.000  -99.000
 2152.45     18.068    0.039  -99.000  -99.000
 2161.47     18.100    0.011  -99.000  -99.000
 2162.47     18.098    0.016  -99.000  -99.000
 2169.48     18.002    0.065  -99.000  -99.000
 2170.47     18.073    0.027  -99.000  -99.000
 2174.47     18.100    0.016  -99.000  -99.000
 2175.47     18.070    0.021  -99.000  -99.000
 2176.49     18.085    0.018  -99.000  -99.000
 2179.47     18.064    0.032  -99.000  -99.000
 2182.48     18.082    0.009  -99.000  -99.000
 2188.48     18.109    0.012   17.820    0.013
 2189.50     18.134    0.019   17.807    0.022
 2190.49     18.081    0.025   17.834    0.027
 2206.48     18.139    0.011   17.850    0.013
 2207.52     18.106    0.023   17.835    0.022
 2211.49     18.136    0.014   17.841    0.012
 2216.49     18.137    0.014   17.825    0.012
 2217.48     18.140    0.024   17.822    0.025
 2218.47     18.150    0.008   17.875    0.009
 2219.46     18.142    0.008   17.861    0.012
 2221.46     18.134    0.011   17.866    0.013
 2222.48     18.128    0.011   17.825    0.012
 2224.52     18.123    0.027   17.818    0.025
 2229.47    -99.000  -99.000   17.817    0.020
 2234.46     18.126    0.047   17.806    0.033
 2237.48     18.087    0.025   17.767    0.023
 2238.47     18.151    0.012   17.840    0.012
 2240.45     18.085    0.022   17.821    0.025
 2241.55     18.088    0.036   17.851    0.034
 2242.46     18.123    0.014   17.831    0.014
 2243.45     18.111    0.018   17.836    0.015
 2244.45    -99.000  -99.000   17.812    0.023
 2245.45     18.136    0.014   17.853    0.013
 2246.45     18.114    0.018   17.797    0.018
 2247.44     18.132    0.021   17.846    0.021
 2249.46    -99.000  -99.000   17.688    0.218
 2251.45     18.149    0.022   17.839    0.020
 2252.44     18.169    0.021   17.924    9.999
 2256.44     18.087    0.024   17.822    0.021
 2257.45     18.128    0.022   17.815    0.016
 2258.44    -99.000  -99.000   17.880    0.025
 2265.52     18.044    0.056   17.821    0.050
 2266.46     18.109    0.027   17.839    0.026
 2284.43     18.086    0.056  -99.000  -99.000
 2285.43     18.226    0.056   17.916    0.035
 2286.43     18.111    0.042   17.808    0.029
 2294.40     18.133    0.023   17.824    0.024
 2308.39     18.153    0.030   17.886    0.028
 2330.80     18.132    0.025  -99.000  -99.000
 2332.84     18.004    0.073  -99.000  -99.000
 2334.80     18.140    0.014  -99.000  -99.000
 2335.81     18.117    0.019  -99.000  -99.000
 2336.79     18.155    0.015  -99.000  -99.000
 2337.78     18.155    0.033  -99.000  -99.000
 2338.79     18.092    0.026  -99.000  -99.000
 2339.78     18.109    0.035  -99.000  -99.000
 2349.73     18.138    0.030  -99.000  -99.000
 2355.70     18.121    0.036  -99.000  -99.000
 2357.73     18.090    0.031  -99.000  -99.000
 2359.71     18.105    0.021  -99.000  -99.000
 2366.70     18.137    0.015  -99.000  -99.000
 2371.71     18.132    0.019  -99.000  -99.000
 2372.68     18.131    0.014  -99.000  -99.000
 2373.68     18.137    0.010  -99.000  -99.000
 2375.67     18.110    0.014  -99.000  -99.000
 2377.67     18.103    0.017  -99.000  -99.000
 2386.76     18.064    0.013  -99.000  -99.000
 2387.75     18.096    0.011  -99.000  -99.000
 2393.63     18.102    0.009  -99.000  -99.000
 2400.70     18.128    0.058  -99.000  -99.000
 2401.70     18.146    0.015  -99.000  -99.000
 2402.71     18.078    0.014  -99.000  -99.000
 2403.68     18.064    0.019  -99.000  -99.000
 2416.65     18.067    0.015  -99.000  -99.000
 2424.58     18.092    0.021  -99.000  -99.000
 2425.65     18.069    0.010  -99.000  -99.000
 2426.62     18.077    0.010  -99.000  -99.000
 2428.62     18.109    0.016  -99.000  -99.000
 2430.62     18.078    0.010  -99.000  -99.000
 2431.59     18.107    0.010  -99.000  -99.000
 2433.51     18.099    0.031  -99.000  -99.000
 2434.52     18.076    0.023  -99.000  -99.000
 2449.51     18.107    0.018  -99.000  -99.000
 2459.54     18.098    0.024  -99.000  -99.000
 2460.50     18.088    0.012  -99.000  -99.000
 2461.47     18.122    0.026  -99.000  -99.000
 2462.46     18.124    0.030  -99.000  -99.000
 2463.45     18.116    0.018  -99.000  -99.000
 2464.50     17.966    0.083  -99.000  -99.000
 2474.58     18.106    0.010  -99.000  -99.000
 2477.47     18.120    0.029  -99.000  -99.000
 2478.53     18.082    0.015  -99.000  -99.000
 2479.49     18.078    0.019  -99.000  -99.000
 2483.44     18.047    0.036  -99.000  -99.000
 2484.46     18.088    0.018  -99.000  -99.000
 2487.45     18.088    0.017  -99.000  -99.000
 2488.45     18.087    0.033  -99.000  -99.000
 2490.45     18.103    0.018  -99.000  -99.000
 2491.44     18.068    0.021  -99.000  -99.000
 2492.44     18.051    0.061  -99.000  -99.000
 2495.46     18.077    0.031  -99.000  -99.000
 2496.55     18.119    0.022  -99.000  -99.000
 2504.50     18.100    0.012  -99.000  -99.000
 2509.45     18.133    0.041  -99.000  -99.000
 2513.47     18.084    0.013  -99.000  -99.000
 2516.47     18.092    0.013  -99.000  -99.000
 2524.50     18.128    0.018  -99.000  -99.000
 2530.49     18.131    0.025  -99.000  -99.000
 2532.47     18.116    0.019  -99.000  -99.000
 2535.49     18.168    0.019  -99.000  -99.000
 2545.49     18.147    0.019   17.839    0.020
 2547.51     18.129    0.012   17.843    0.014
 2548.50     18.190    0.012   17.920    9.999
 2549.51     18.154    0.013   17.914    9.999
 2553.53     18.171    0.023   17.854    0.021
 2558.52    -99.000  -99.000   17.868    0.025
 2560.62     18.124    0.026   17.843    0.021
 2561.67     18.147    0.029   17.884    0.026
 2565.59     18.147    0.018   17.845    0.018
 2570.53     18.170    0.017   17.916    9.999
 2572.63     18.188    0.019   17.918    9.999
 2598.48     18.189    0.012   17.891    0.014
 2600.51     18.216    0.013   17.917    0.012
 2605.45     18.188    0.016   17.898    0.017
 2618.45     18.198    0.018   17.921    9.999
 2619.45     18.233    0.021   17.934    9.999
 2623.44     18.220    0.015   17.928    9.999
 2629.45     18.191    0.026   17.884    0.023
 2631.42     18.259    0.084   17.914    0.070
 2653.42     18.178    0.015   17.919    9.999
 2658.41     18.150    0.046   17.889    0.040
 2659.41     18.154    0.022   17.860    0.019
 2661.42     18.174    0.022   17.872    0.018
 2662.41     18.180    0.020   17.890    0.018
 2663.44     18.176    0.025   17.862    0.021
 2690.82     18.144    0.022  -99.000  -99.000
 2691.81     18.192    0.013  -99.000  -99.000
 2694.83     18.212    0.018  -99.000  -99.000
 2713.82     18.201    0.021  -99.000  -99.000
 2717.82     18.208    0.013  -99.000  -99.000
 2720.79     18.196    0.033  -99.000  -99.000
 2721.82     18.210    0.034  -99.000  -99.000
 2725.80     18.213    0.013  -99.000  -99.000
 2727.80     18.197    0.020  -99.000  -99.000
 2730.80     18.203    0.020  -99.000  -99.000
 2731.81     18.233    0.045  -99.000  -99.000
 2733.81     18.206    0.021  -99.000  -99.000
 2737.79     18.314    0.117  -99.000  -99.000
 2738.76     18.216    0.026  -99.000  -99.000
 2739.77     18.234    0.020  -99.000  -99.000
 2740.72     18.120    0.058  -99.000  -99.000
 2743.76     18.208    0.015  -99.000  -99.000
 2752.78     18.216    0.013  -99.000  -99.000
 2754.73     18.169    0.018  -99.000  -99.000
 2758.71     18.175    0.022  -99.000  -99.000
 2759.71     18.221    0.015  -99.000  -99.000
 2760.71     18.195    0.021  -99.000  -99.000
 2767.69     18.178    0.044  -99.000  -99.000
 2768.69     18.219    0.025  -99.000  -99.000
 2769.68     18.218    0.020  -99.000  -99.000
 2770.68     18.211    0.019  -99.000  -99.000
 2771.68     18.222    0.015  -99.000  -99.000
 2772.68     18.231    0.013  -99.000  -99.000
 2777.66     18.226    0.015  -99.000  -99.000
 2778.65     18.255    0.013  -99.000  -99.000
 2781.64     18.237    0.031  -99.000  -99.000
 2782.64     18.227    0.012  -99.000  -99.000
 2783.64     18.217    0.017  -99.000  -99.000
 2784.64     18.242    0.016  -99.000  -99.000
 2785.64     18.194    0.024  -99.000  -99.000
 2787.66     18.208    0.023  -99.000  -99.000
 2788.63     18.266    0.025  -99.000  -99.000
 2797.60     18.231    0.013  -99.000  -99.000
 2798.60     18.238    0.014  -99.000  -99.000
 2800.62     18.194    0.009  -99.000  -99.000
 2801.59     18.221    0.012  -99.000  -99.000
 2804.58     18.233    0.014  -99.000  -99.000
 2808.57     18.195    0.027  -99.000  -99.000
 2809.57     18.242    0.023  -99.000  -99.000
 2810.56     18.237    0.013  -99.000  -99.000
 2811.57     18.243    0.012  -99.000  -99.000
 2812.56     18.229    0.012  -99.000  -99.000
 2816.56     18.251    0.019  -99.000  -99.000
 2817.51     18.220    0.017  -99.000  -99.000
 2835.51     18.227    0.010  -99.000  -99.000
 2839.49     18.249    0.015  -99.000  -99.000
 2840.49     18.263    0.031  -99.000  -99.000
 2845.57     18.252    0.013  -99.000  -99.000
 2848.49     18.247    0.026  -99.000  -99.000
 2849.46     18.242    0.024  -99.000  -99.000
 2854.64     18.270    0.043  -99.000  -99.000
 2855.49     18.253    0.016  -99.000  -99.000
 2856.44     18.245    0.016  -99.000  -99.000
 2859.44     18.264    0.045  -99.000  -99.000
 2861.43     18.272    0.020  -99.000  -99.000
 2862.49     18.265    0.016  -99.000  -99.000
 2866.45     18.314    0.019  -99.000  -99.000
 2868.51     18.157    0.027  -99.000  -99.000
 2869.44     18.267    0.015  -99.000  -99.000
 2870.59     18.255    0.012  -99.000  -99.000
 2871.49     18.279    0.011  -99.000  -99.000
 2872.45     18.274    0.015  -99.000  -99.000
 2887.47     18.304    0.010  -99.000  -99.000
 2890.48     18.286    0.015  -99.000  -99.000
 2891.46     18.259    0.020  -99.000  -99.000
 2904.49     18.288    0.025  -99.000  -99.000
 2918.63     18.254    0.024   17.927    0.021
 2923.48     18.291    0.028   18.008    0.032
